1.671666834775789590e-01 5.805282085233412381e+00 9.356697609732503196e+00 2.891078375602942341e-01
1.722347013375330194e-01 5.738884391317579770e+00 8.746735486834294804e+00 2.934575789935685020e-01
1.773555707706446216e-01 5.662268238007237109e+00 7.909977730373978666e+00 2.977881552132695675e-01
1.825249593050899399e-01 5.569035172896970920e+00 7.091014660046536910e+00 3.020968051015187061e-01
1.877383230574953543e-01 5.471090621032031365e+00 6.638442672425401980e+00 3.063807460150648754e-01
1.929909110441340170e-01 5.372308219704510890e+00 6.332093110781649159e+00 3.106371766580217630e-01
1.982777702129643604e-01 5.274378107214872102e+00 6.101553174145291969e+00 3.148632800224284156e-01
2.035937511997061022e-01 5.178140609396587379e+00 5.916256044401333902e+00 3.190562263925483255e-01
2.089335148083227844e-01 5.084038007730686815e+00 5.760601851718076816e+00 3.232131764086380588e-01
2.142915392133691310e-01 4.992303528905254417e+00 5.625743500328121094e+00 3.273312841857383138e-01
2.196621278786879128e-01 4.903051880098658444e+00 5.506265083575606845e+00 3.314077004828704376e-01
2.250394181839065477e-01 4.816326953053965632e+00 5.398649111163215331e+00 3.354395759178592784e-01
2.304173907471164517e-01 4.732128796934080839e+00 5.300498920442654693e+00 3.394240642228512073e-01
2.357898794290194389e-01 4.650429715454069246e+00 5.210114709709794845e+00 3.433583255354524244e-01
2.411505820007191492e-01 4.571184287298882154e+00 5.126248787280042407e+00 3.472395297202776621e-01
2.464930714542381551e-01 4.494335814837453924e+00 5.047957534697562920e+00 3.510648597155788808e-01
2.518108079317588621e-01 4.419820584635478333e+00 4.974508310665783029e+00 3.548315148995075385e-01
2.570971512465505815e-01 4.347570740462259664e+00 4.905318932611169913e+00 3.585367144704643683e-01
2.623453739655581818e-01 4.277516250800777797e+00 4.839917192095905207e+00 3.621777008359005623e-01
2.675486750207158870e-01 4.209586270920445017e+00 4.777913083219338830e+00 3.657517430038549344e-01
2.727001938132261327e-01 4.143710091778835647e+00 4.718979322140359756e+00 3.692561399714472947e-01
2.777930247723215951e-01 4.079817802056604492e+00 4.662837405583569073e+00 3.726882241044929822e-01
2.828202323274325858e-01 4.017840748127689210e+00 4.609247449714723999e+00 3.760453645023646430e-01
2.877748662502189747e-01 3.957711849987451735e+00 4.558000658660119164e+00 3.793249703421981422e-01
2.926499773206162058e-01 3.899365813502677636e+00 4.508913653924915721e+00 3.825244941965260659e-01
2.974386332689048507e-01 3.842739267473350040e+00 4.461824141196869320e+00 3.856414353184217103e-01
3.021339349438482147e-01 3.787770845866932579e+00 4.416587551849860738e+00 3.886733428882460650e-01
3.067290326551800339e-01 3.734401229936946454e+00 4.373074403952855960e+00 3.916178192161204885e-01
3.112171426371622140e-01 3.682573160952839153e+00 4.331168200726594364e+00 3.944725228942835837e-01
3.155915635785911388e-01 3.632231431427987101e+00 4.290763734776704474e+00 3.972351718935466791e-01
3.198456931635218492e-01 3.583322860676620536e+00 4.251765701687635790e+00 3.999035465981277127e-01
3.239730445661003766e-01 3.535796259035601352e+00 4.214087551880086657e+00 4.024754927732248633e-01
3.279672628422705127e-01 3.489602383988707146e+00 4.177650527416716386e+00 4.049489244597832549e-01
3.318221411607450988e-01 3.444693890610799780e+00 4.142382843633816591e+00 4.073218267910185819e-01
3.355316368155137341e-01 3.401025278145892727e+00 4.108218985292626080e+00 4.095922587253778557e-01
3.390898869623067413e-01 3.358552834076445670e+00 4.075099093736680445e+00 4.117583556907538633e-01
3.424912240218444537e-01 3.317234576694095161e+00 4.042968427220849925e+00 4.138183321349142574e-01
3.457301906933765157e-01 3.277030196930255990e+00 4.011776880524210220e+00 4.157704839772639049e-01
3.488015545229613545e-01 3.237901000002036511e+00 3.981478552889091027e+00 4.176131909572309842e-01
3.517003219721374085e-01 3.199809847284852626e+00 3.952031356026651121e+00 4.193449188747476741e-01
3.544217519341073541e-01 3.162721098711607670e+00 3.923396655448886161e+00 4.209642217184896285e-01
3.569613686462748681e-01 3.126600555910621804e+00 3.895538939965535352e+00 4.224697436777424819e-01
3.593149739499449380e-01 3.091415406235666463e+00 3.868425515346262333e+00 4.238602210339777465e-01
3.614786588502088560e-01 3.057134167791820900e+00 3.842026218923692671e+00 4.251344839284439958e-01
3.634488143314753006e-01 3.023726635528479978e+00 3.816313152614968285e+00 4.262914580023128286e-01
3.652221413867736133e-01 2.991163828443215156e+00 3.791260432518262391e+00 4.273301659061606861e-01
3.667956602218236384e-01 2.959417937927768083e+00 3.766843953640571563e+00 4.282497286758181199e-01
3.681667185979327073e-01 2.928462277271463243e+00 3.743041168449045220e+00 4.290493669718746239e-01
3.693329992810279738e-01 2.898271232330042135e+00 3.719830878566365850e+00 4.297284021803934317e-01
3.702925265675384714e-01 2.868820213367361482e+00 3.697193039000535197e+00 4.302862573726579654e-01
3.710436718614062435e-01 2.840085608071817980e+00 3.675108574298974418e+00 4.307224581220523429e-01
3.715851582801875663e-01 2.812044735749170687e+00 3.653559206459054742e+00 4.310366331764549641e-01
3.719160642720121257e-01 2.784675802697651470e+00 3.632527294378683269e+00 4.312285149848117949e-01
3.720358262290580642e-01 2.757957858769318982e+00 3.611995684679907281e+00 4.312979400768441329e-01
3.719442400871684762e-01 2.731870755126726724e+00 3.591947573833575547e+00 4.312448492951356238e-01
3.716414619052548773e-01 2.706395103203440566e+00 3.572366381483107478e+00 4.310692878791383409e-01
3.711280074221850467e-01 2.681512234881047174e+00 3.553235635114611046e+00 4.307714054009301741e-01
3.704047505929154993e-01 2.657204163899610894e+00 3.534538865921466044e+00 4.303514555528513141e-01
3.694729211096858257e-01 2.633453548515465314e+00 3.516259515748824338e+00 4.298097957874423836e-01
3.683341009181146375e-01 2.610243655425313225e+00 3.498380855257420929e+00 4.291468868103989198e-01
3.669902197420142342e-01 2.587558324977476509e+00 3.480885913124961206e+00 4.283632919275496276e-01
3.654435496346434276e-01 2.565381937688957059e+00 3.463757416054248139e+00 4.274596762471539746e-01
3.636966985779340189e-01 2.543699382087808214e+00 3.446977739613085845e+00 4.264368057391000888e-01
3.617526031549299081e-01 2.522496023903419538e+00 3.430528869637226475e+00 4.252955461528664660e-01
3.596145203242557820e-01 2.501757676621648496e+00 3.414392373800950953e+00 4.240368617963866105e-01
3.572860183288628644e-01 2.481470573422395187e+00 3.398549383178905536e+00 4.226618141782285676e-01
3.547709667745683748e-01 2.461621340516153555e+00 3.382980583455812873e+00 4.211715605157643760e-01
3.520735259169956444e-01 2.442196971893197066e+00 3.367666215289942588e+00 4.195673521122655347e-01
3.491981351984190241e-01 2.423184805494958738e+00 3.352586083379102355e+00 4.178505326061096592e-01
3.461495010787091764e-01 2.404572500815413960e+00 3.337719573771842807e+00 4.160225360955276397e-01
3.429325842070448105e-01 2.386348017936045007e+00 3.323045678876642928e+00 4.140848851425543153e-01
3.395525859832991267e-01 2.368499597994527583e+00 3.308543029603906671e+00 4.120391886600709985e-01
3.360149345600130788e-01 2.351015745082752240e+00 3.294189933959251526e+00 4.098871396860440108e-01
3.323252703376209927e-01 2.333885209564073193e+00 3.279964421537874042e+00 4.076305130492692830e-01
3.284894310070915480e-01 2.317096972798005972e+00 3.265844293312724300e+00 4.052711629311241404e-01
3.245134361953942448e-01 2.300640233253609779e+00 3.251807175960230278e+00 4.028110203280157453e-01
3.204034717701733093e-01 2.284504393988248783e+00 3.237830580101352940e+00 4.002520904193838658e-01
3.161658738607247554e-01 2.268679051464172591e+00 3.223891961813243334e+00 3.975964498462761232e-01
3.118071126528184633e-01 2.253153985670386827e+00 3.209968786805580621e+00 3.948462439056616424e-01
3.073337760150899323e-01 2.237919151513777738e+00 3.196038596555034861e+00 3.920036836657851964e-01
3.027525530146391031e-01 2.222964671436422623e+00 3.182079075743766694e+00 3.890710430079827309e-01
2.980702173791393017e-01 2.208280829213723262e+00 3.168068120544126121e+00 3.860506556004919543e-01
2.932936109621591680e-01 2.193858064884725678e+00 3.153983907080543769e+00 3.829449118098836591e-01
2.884296272675641037e-01 2.179686970759492137e+00 3.139804959519576055e+00 3.797562555558263164e-01
2.834851950877744220e-01 2.165758288447631852e+00 3.125510217315477401e+00 3.764871811149580472e-01
2.784672623093569221e-01 2.152062906847041379e+00 3.111079101191846608e+00 3.731402298797041328e-01
2.733827799378871215e-01 2.138591861032245411e+00 3.096491577354811842e+00 3.697179870779125910e-01
2.682386863922818221e-01 2.125336331974996273e+00 3.081728219492969156e+00 3.662230784592103161e-01
2.630418921168671820e-01 2.112287647031589888e+00 3.066770268417098766e+00 3.626581669539976072e-01
2.577992645573294883e-01 2.099437281130243527e+00 3.051599688811410527e+00 3.590259493110000144e-01
2.525176135444029413e-01 2.086776858586504968e+00 3.036199222895930028e+00 3.553291527192800614e-01
2.472036771267117350e-01 2.074298155480144512e+00 3.020552440853046416e+00 3.515705314205897491e-01
2.418641078916009823e-01 2.061993102522485799e+00 3.004643787665486787e+00 3.477528633179035045e-01
2.365054598100867211e-01 2.049853788345079586e+00 2.988458626321261580e+00 3.438789465859219407e-01
2.311341756392399360e-01 2.037872463142021306e+00 2.971983277226190712e+00 3.399515962892658005e-01
2.257565749124267329e-01 2.026041542598150613e+00 2.955205053716952524e+00 3.359736410140137242e-01
2.203788425448420241e-01 2.014353612037949937e+00 2.938112293590608992e+00 3.319479195181391784e-01
2.150070180787444218e-01 2.002801430730452470e+00 2.920694386676963017e+00 3.278772774063067330e-01
2.096469855897257761e-01 1.991377936290271267e+00 2.902941798444276245e+00 3.237645638343746857e-01
2.043044642722529058e-01 1.980076249114704368e+00 2.884846089549881754e+00 3.196126282488325754e-01
1.989849997196070641e-01 1.968889676800502198e+00 2.866399931485402508e+00 3.154243171662634015e-01
1.936939559102529573e-01 1.957811718488065678e+00 2.847597118345174483e+00 3.112024709977838088e-01
1.884365079095947637e-01 1.946836069082323206e+00 2.828432574781951647e+00 3.069499209232629533e-01
1.832176352930331154e-01 1.935956623304443402e+00 2.808902360242091500e+00 3.026694858199560079e-01
1.780421162932599444e-01 1.925167479530488501e+00 2.789003669561588072e+00 2.983639692500251739e-01
1.729145226718055706e-01 1.914462943377898796e+00 2.768734830123528834e+00 2.940361565112405984e-01
1.678392153120145669e-01 1.903837531004590744e+00 2.748095295628596890e+00 2.896888117549714647e-01
1.628203405278770555e-01 1.893285972087577873e+00 2.727085636571243477e+00 2.853246751753842347e-01
1.578618270804997281e-01 1.882803212452632602e+00 2.705707527726968653e+00 2.809464602735721739e-01
1.529673838914670236e-01 1.872384416332039558e+00 2.683963732676628577e+00 2.765568512001348456e-01
1.481404984399311842e-01 1.862024968227119937e+00 2.661858085466820345e+00 2.721585001795196468e-01
1.433844358279926789e-01 1.851720474359018320e+00 2.639395469728420984e+00 2.677540250192260718e-01
1.387022384967929456e-01 1.841466763694210362e+00 2.616581795294497859e+00 2.633460067067592281e-01
1.340967265737411374e-01 1.831259888533115499e+00 2.593423972502074459e+00 2.589369870969973619e-01
1.295704988294556492e-01 1.821096124655375847e+00 2.569929884335693693e+00 2.545294666924201588e-01
1.251259342213094650e-01 1.810971971016514637e+00 2.546108356564458663e+00 2.501259025184211504e-01
1.207651939989352469e-01 1.800884148995562928e+00 2.521969126070295442e+00 2.457287060957014380e-01
1.164902243456758524e-01 1.790829601194746434e+00 2.497522807454300331e+00 2.413402415115181998e-01
1.123027595287570263e-01 1.780805489795238339e+00 2.472780858142137106e+00 2.369628235913357750e-01
1.082043255299155321e-01 1.770809194476276049e+00 2.447755542073040136e+00 2.325987161722045393e-01
1.041962441273277529e-01 1.760838309905393473e+00 2.422459892137220017e+00 2.282501304789635310e-01
1.002796373989670586e-01 1.750890642811851361e+00 2.396907671569330489e+00 2.239192236041459838e-01
9.645543261695346815e-02 1.740964208656039736e+00 2.371113334318569521e+00 2.196080970922446030e-01
9.272436750205191591e-02 1.731057227908898932e+00 2.345091984572833965e+00 2.153187956287744842e-01
8.908699580722211075e-02 1.721168121958226660e+00 2.318859335629794849e+00 2.110533058343579960e-01
8.554369319901855562e-02 1.711295508659852915e+00 2.292431668154711666e+00 2.068135551638462521e-01
8.209466340567415921e-02 1.701438197551999654e+00 2.265825787925538126e+00 2.026014109102823590e-01
7.873994460087638259e-02 1.691595184752962888e+00 2.239058983231815514e+00 1.984186793133100868e-01
7.547941599255077183e-02 1.681765647563241428e+00 2.212148982026300281e+00 1.942671047714341903e-01
7.231280458639756381e-02 1.671948938793848649e+00 2.185113908906612501e+00 1.901483691573471746e-01
6.923969209447174145e-02 1.662144580843005093e+00 2.157972241997470508e+00 1.860640912353479226e-01
6.625952195975676196e-02 1.652352259543762969e+00 2.130742769856032393e+00 1.820158261796989418e-01
6.337160646844115786e-02 1.642571817806105061e+00 2.103444548426145477e+00 1.780050651925966509e-01
6.057513392245788414e-02 1.632803249075880370e+00 2.076096858206068152e+00 1.740332352202559607e-01
5.786917584578740725e-02 1.623046690635666423e+00 2.048719161664190658e+00 1.701016987654553059e-01
5.525269419904209334e-02 1.613302416769477388e+00 2.021331060812007419e+00 1.662117537947333246e-01
5.272454857793119204e-02 1.603570831814371100e+00 1.993952255224453962e+00 1.623646337382793348e-01
5.028350337235594492e-02 1.593852463123571539e+00 1.966602500460440384e+00 1.585615075804275020e-01
4.792823486407721267e-02 1.584147953962266486e+00 1.939301566851686864e+00 1.548034800385269250e-01
4.565733824214405351e-02 1.574458056359098190e+00 1.912069198790879110e+00 1.510915918278447068e-01
4.346933451654438896e-02 1.564783623934775436e+00 1.884925074543720935e+00 1.474268200100381787e-01
4.136267731184613272e-02 1.555125604729641342e+00 1.857888766607180386e+00 1.438100784226302720e-01
3.933575952392163316e-02 1.545485034050344986e+00 1.830979702589004443e+00 1.402422181868242523e-01
3.738691982418181070e-02 1.535863027355576893e+00 1.804217126733477894e+00 1.367240282909003013e-01
3.551444899709211428e-02 1.526260773200805554e+00 1.777620062044606986e+00 1.332562362463613204e-01
3.371659609807825531e-02 1.516679526259611333e+00 1.751207273038276391e+00 1.298395088139165932e-01
3.199157442026299286e-02 1.507120600440146729e+00 1.724997229172479996e+00 1.264744527963315435e-01
3.033756725979123298e-02 1.497585362112966001e+00 1.699008068908960389e+00 1.231616158951140821e-01
2.875273347079517275e-02 1.488075223466295283e+00 1.673257564582676160e+00 1.199014876279589220e-01
2.723521280232294936e-02 1.478591636004901178e+00 1.647763087952464511e+00 1.166945003038338396e-01
2.578313101079152819e-02 1.469136084205092674e+00 1.622541576448886635e+00 1.135410300525575011e-01
2.439460474272849011e-02 1.459710079340124533e+00 1.597609500346809375e+00 1.104413979056958761e-01
2.306774618373129762e-02 1.450315153488656472e+00 1.572982830753389294e+00 1.073958709255884297e-01
2.180066747069172098e-02 1.440952853736998884e+00 1.548677008503720032e+00 1.044046633793043743e-01
2.059148486540820361e-02 1.431624736586375679e+00 1.524706914014437364e+00 1.014679379543316773e-01
1.943832268873142005e-02 1.422332362573918596e+00 1.501086838228889109e+00 9.858580701280336700e-02
1.833931701536143516e-02 1.413077291117365686e+00 1.477830454741306809e+00 9.575833388108169475e-02
1.729261913033320469e-02 1.403861075590259189e+00 1.454950793143164667e+00 9.298553417153983258e-02
1.629639874908867664e-02 1.394685258635253611e+00 1.432460213880380584e+00 9.026737713340483860e-02
1.534884700384169659e-02 1.385551367722124061e+00 1.410370384610648342e+00 8.760378702956196639e-02
1.444817919968872759e-02 1.376460910954905748e+00 1.388692258327082207e+00 8.499464453625513172e-02
1.359263734461008122e-02 1.367415373134127643e+00 1.367436053527609996e+00 8.243978816266475662e-02
1.278049245813903459e-02 1.358416212077802943e+00 1.346611236606296780e+00 7.993901568739458785e-02
1.201004666404979944e-02 1.349464855205316338e+00 1.326226506745261657e+00 7.749208560895040621e-02
1.127963507293449838e-02 1.340562696386867980e+00 1.306289783651346070e+00 7.509871860735874149e-02
1.058762746099870325e-02 1.331711093062062590e+00 1.286808198649697532e+00 7.275859901413270214e-02
9.932429751811555282e-03 1.322911363630987047e+00 1.267788089433295129e+00 7.047137628786440122e-02
9.312485308097922729e-03 1.314164785120087053e+00 1.249234998995447210e+00 6.823666649279522267e-02
8.726276040958201932e-03 1.305472591126773940e+00 1.231153679428187431e+00 6.605405377778944542e-02
8.172323344150534893e-03 1.296835970046770870e+00 1.213548101377697197e+00 6.392309185322052334e-02
7.649188861268370332e-03 1.288256063590512035e+00 1.196421469941379545e+00 6.184330546335783940e-02
7.155475093798965673e-03 1.279733965594691325e+00 1.179776247993887583e+00 5.981419185192994592e-02
6.689825858156226573e-03 1.271270721138910265e+00 1.163614188526750803e+00 5.783522221862827384e-02
6.250926599845723838e-03 1.262867325981505973e+00 1.147936377502333016e+00 5.590584316440332102e-02
5.837504572945623540e-03 1.254524726331367246e+00 1.132743289346971549e+00 5.402547812350032286e-02
5.448328893074283474e-03 1.246243818981136897e+00 1.118034858088970518e+00 5.219352878027257864e-02
5.082210471967861694e-03 1.238025451835847113e+00 1.103810567758562566e+00 5.040937646890636392e-02
4.738001841711576671e-03 1.229870424883233726e+00 1.090069567054908317e+00 4.867238355428864932e-02
4.414596876557384635e-03 1.221779491669689577e+00 1.076810815482765360e+00 4.698189479234200078e-02
4.110930420124172049e-03 1.213753361372326367e+00 1.064033270570558853e+00 4.533723866825246224e-02
3.825977825613267793e-03 1.205792701590154836e+00 1.051736129961518884e+00 4.373772871110974403e-02
3.558754416487480265e-03 1.197898142030539681e+00 1.039919148826231599e+00 4.218266478357833582e-02
3.308314874856829908e-03 1.190070279341949533e+00 1.028583061957706324e+00 4.067133434531518960e-02
3.073752564591088199e-03 1.182309683452818394e+00 1.017730155227047684e+00 3.920301368894417438e-02
2.854198795941731426e-03 1.174616905948366874e+00 1.007365055125322373e+00 3.777696914749601592e-02
2.648822038204249555e-03 1.166992491278096455e+00 9.974958442486402399e-01 3.639245827231412517e-02
2.456827086690069155e-03 1.159436992006851019e+00 9.881356773594196508e-01 3.504873098052245506e-02
2.277454190006310969e-03 1.151950990008409947e+00 9.793051890972206408e-01 3.374503067124336869e-02
2.109978143363514403e-03 1.144535126665176650e+00 9.710361962390908763e-01 3.248059530984241661e-02
1.953707353348919408e-03 1.137190147184602207e+00 9.633775987545408759e-01 3.125465847956844512e-02
1.807982879316495780e-03 1.129916967900551406e+00 9.564051859351436757e-01 3.006645040004303493e-02
1.672177456256936697e-03 1.122716782690483805e+00 9.502387573858342984e-01 2.891519891213733748e-02
1.545694503723261904e-03 1.115591239557886638e+00 9.450738656723803865e-01 2.780013042886005786e-02
1.427967125100743605e-03 1.108542751448919672e+00 9.412452763079038887e-01 2.672047085195864910e-02
1.318457101225843555e-03 1.101575085666844478e+00 9.393669913450801712e-01 2.567544645401364373e-02
1.216653882078989760e-03 1.094694596955599675e+00 9.406865565839926946e-01 2.466428472588440626e-02
1.122073580000423031e-03 1.087913187693832606e+00 9.481900721259709508e-01 2.368621518943479429e-02
1.034257967609183331e-03 1.081257094584004097e+00 9.716731582050518456e-01 2.274047017553928324e-02
9.527734833425998513e-04 1.074805637153597448e+00 9.970759552592619590e-01 2.182628556743679976e-02
8.772102472787258283e-04 1.068492444921313345e+00 1.013173700110842956e+00 2.094290150956554936e-02
