1.074642965213007811e-01 5.846759240546123948e+00 1.400584992334875700e+01 2.318019591389390843e-01
1.082724170763834370e-01 5.860696065985821157e+00 1.284674954404008673e+01 2.326718903051928911e-01
1.090827700014197210e-01 5.864457787155155088e+00 1.126681283610751017e+01 2.335409707111577859e-01
1.098953146709367723e-01 5.853986778895956533e+00 9.713728883876745712e+00 2.344091664919876472e-01
1.107100099235300839e-01 5.837369844894220172e+00 8.860983117090970751e+00 2.352764437034975398e-01
1.115268140636956895e-01 5.817370420105533846e+00 8.302893350967574193e+00 2.361427683242657560e-01
1.123456848637701677e-01 5.795283275205838081e+00 7.902961840550624117e+00 2.370081062577503450e-01
1.131665795659797663e-01 5.771821522971445795e+00 7.599202080659951619e+00 2.378724233344207684e-01
1.139894548845977879e-01 5.747419699846362917e+00 7.358726230006163327e+00 2.387356853139029345e-01
1.148142670082113598e-01 5.722361730552111503e+00 7.162270547238053453e+00 2.395978578871390541e-01
1.156409716020978529e-01 5.696842872932628588e+00 6.997737356106554785e+00 2.404589066785610407e-01
1.164695238107107123e-01 5.671002761400839809e+00 6.857121955592153206e+00 2.413187972482776777e-01
1.172998782602757278e-01 5.644944369471280865e+00 6.734906937423862594e+00 2.421774950942755522e-01
1.181319890614974666e-01 5.618745532607487547e+00 6.627161764035406577e+00 2.430349656546332004e-01
1.189658098123759361e-01 5.592466281023694918e+00 6.531008938339039283e+00 2.438911743097481877e-01
1.198012936011344926e-01 5.566153687240098513e+00 6.444292897698086442e+00 2.447460863845778434e-01
1.206383930092581325e-01 5.539845174897116031e+00 6.365366805632866942e+00 2.455996671508922646e-01
1.214770601146429041e-01 5.513570839747238495e+00 6.292950845569016849e+00 2.464518818295398095e-01
1.223172464948567434e-01 5.487355116534576638e+00 6.226035444447172829e+00 2.473026955927257464e-01
1.231589032305111381e-01 5.461218000959669361e+00 6.163813604809161184e+00 2.481520735663024224e-01
1.240019809087439390e-01 5.435175961836931968e+00 6.105632600115938224e+00 2.489999808320714769e-01
1.248464296268140955e-01 5.409242632992074640e+00 6.050958854973586654e+00 2.498463824300985181e-01
1.256921989958069141e-01 5.383429345661687293e+00 5.999351992653563670e+00 2.506912433610385404e-01
1.265392381444511716e-01 5.357745543473552807e+00 5.950445372306168323e+00 2.515345285884734716e-01
1.273874957230471672e-01 5.332199109678255944e+00 5.903931297913335818e+00 2.523762030412605717e-01
1.282369199075056587e-01 5.306796627924641463e+00 5.859549642756636700e+00 2.532162316158915183e-01
1.290874584034986117e-01 5.281543592085128580e+00 5.817079003236055534e+00 2.540545791788632601e-01
1.299390584507199853e-01 5.256444576571561278e+00 5.776329749809857361e+00 2.548912105690582242e-01
1.307916668272574856e-01 5.231503375702750702e+00 5.737138518207272497e+00 2.557260906001355694e-01
1.316452298540753407e-01 5.206723118599314581e+00 5.699363804228235075e+00 2.565591840629324882e-01
1.324996933996067661e-01 5.182106364551622768e+00 5.662882412964151513e+00 2.573904557278753891e-01
1.333550028844565638e-01 5.157655182685184414e+00 5.627586575850346051e+00 2.582198703474004042e-01
1.342111032862139675e-01 5.133371218900776078e+00 5.593381593738451230e+00 2.590473926583840014e-01
1.350679391443744826e-01 5.109255752431709041e+00 5.560183897840810019e+00 2.598729873845822547e-01
1.359254545653708623e-01 5.085309743873328792e+00 5.527919444090874990e+00 2.606966192390791637e-01
1.367835932277133570e-01 5.061533876160337009e+00 5.496522376765375029e+00 2.615182529267444655e-01
1.376422983872377104e-01 5.037928589688924319e+00 5.465933910344960900e+00 2.623378531466987185e-01
1.385015128824613473e-01 5.014494112541107107e+00 5.436101388792755174e+00 2.631553845947877668e-01
1.393611791400473365e-01 4.991230486598014160e+00 5.406977490460834090e+00 2.639708119660650332e-01
1.402212391803746849e-01 4.968137590179975582e+00 5.378519553369899953e+00 2.647840999572809162e-01
1.410816346232159624e-01 4.945215157747252732e+00 5.350689000814026208e+00 2.655952132693810142e-01
1.419423066935201205e-01 4.922462797098448917e+00 5.323450848154365644e+00 2.664041166100104552e-01
1.428031962273011990e-01 4.899880004418273316e+00 5.296773279799375622e+00 2.672107746960264429e-01
1.436642436776314757e-01 4.877466177496748934e+00 5.270627285699140963e+00 2.680151522560165755e-01
1.445253891207391173e-01 4.855220627365284258e+00 5.244986345133622052e+00 2.688172140328248250e-01
1.453865722622086631e-01 4.833142588561151420e+00 5.219826152583181056e+00 2.696169247860830120e-01
1.462477324432852333e-01 4.811231228209027044e+00 5.195124379423628369e+00 2.704142492947489429e-01
1.471088086472800427e-01 4.789485654070377407e+00 5.170860466124593380e+00 2.712091523596503184e-01
1.479697395060772802e-01 4.767904921698328025e+00 5.147015439267915049e+00 2.720015988060339174e-01
1.488304633067421834e-01 4.746488040797548713e+00 5.123571750869237107e+00 2.727915534861207747e-01
1.496909179982280069e-01 4.725233980900037878e+00 5.100513138331570495e+00 2.735789812816657451e-01
1.505510411981824115e-01 4.704141676436155883e+00 5.077824498982743684e+00 2.743638471065223960e-01
1.514107701998517741e-01 4.683210031263349116e+00 5.055491779701569044e+00 2.751461159092126740e-01
1.522700419790823378e-01 4.662437922729838036e+00 5.033501879587675809e+00 2.759257526754999579e-01
1.531287932014180064e-01 4.641824205316289920e+00 5.011842562657055744e+00 2.767027224309674405e-01
1.539869602292932016e-01 4.621367713908188790e+00 4.990502380158222451e+00 2.774769902435994529e-01
1.548444791293195621e-01 4.601067266735446637e+00 4.969470601228771933e+00 2.782485212263666186e-01
1.557012856796666789e-01 4.580921668020227600e+00 4.948737151471767071e+00 2.790172805398141165e-01
1.565573153775344784e-01 4.560929710363851974e+00 4.928292557156862763e+00 2.797832333946536632e-01
1.574125034467165618e-01 4.541090176896010355e+00 4.908127894834589000e+00 2.805463450543568826e-01
1.582667848452544712e-01 4.521401843213811667e+00 4.888234746818580057e+00 2.813065808377529509e-01
1.591200942731795798e-01 4.501863479135119306e+00 4.868605160944974308e+00 2.820639061216266286e-01
1.599723661803439390e-01 4.482473850281447625e+00 4.849231613461543411e+00 2.828182863433196803e-01
1.608235347743368626e-01 4.463231719506002726e+00 4.830106976353158110e+00 2.835696870033333483e-01
1.616735340284873312e-01 4.444135848189687543e+00 4.811224487423657159e+00 2.843180736679321030e-01
1.625222976899500515e-01 4.425184997408299736e+00 4.792577722490577230e+00 2.850634119717488923e-01
1.633697592878749771e-01 4.406377928988847614e+00 4.774160571098006400e+00 2.858056676203911128e-01
1.642158521416576811e-01 4.387713406466553501e+00 4.755967214479951188e+00 2.865448063930470801e-01
1.650605093692706637e-01 4.369190195951323297e+00 4.737992104429494589e+00 2.872807941450930547e-01
1.659036638956728760e-01 4.350807066905930220e+00 4.720229944384249698e+00 2.880135968106999345e-01
1.667452484612971797e-01 4.332562792852865385e+00 4.702675672867909107e+00 2.887431804054402251e-01
1.675851956306138868e-01 4.314456152012217771e+00 4.685324447693173688e+00 2.894695110288939555e-01
1.684234378007684885e-01 4.296485927876904753e+00 4.668171631721899750e+00 2.901925548672540378e-01
1.692599072102935753e-01 4.278650909732355956e+00 4.651212779393043562e+00 2.909122781959310733e-01
1.700945359478914509e-01 4.260949893121501297e+00 4.634443624452728727e+00 2.916286473821557146e-01
1.709272559612877163e-01 4.243381680264785238e+00 4.617860069322106575e+00 2.923416288875805291e-01
1.717579990661530498e-01 4.225945080438401114e+00 4.601458175079311985e+00 2.930511892708789756e-01
1.725866969550927943e-01 4.208638910313667658e+00 4.585234151193753327e+00 2.937572951903431595e-01
1.734132812067013529e-01 4.191461994255102574e+00 4.569184346989238144e+00 2.944599134064782575e-01
1.742376832946813392e-01 4.174413164592612802e+00 4.553305244489407322e+00 2.951590107845949995e-01
1.750598345970244274e-01 4.157491261862653609e+00 4.537593449926916378e+00 2.958545542973983200e-01
1.758796664052534597e-01 4.140695135016588146e+00 4.522045686647664375e+00 2.965465110275734562e-01
1.766971099337230344e-01 4.124023641608356883e+00 4.506658789990988012e+00 2.972348481703676604e-01
1.775120963289781306e-01 4.107475647962933074e+00 4.491429700686233595e+00 2.979195330361691374e-01
1.783245566791676895e-01 4.091050029315803194e+00 4.476355458724964542e+00 2.986005330530805413e-01
1.791344220235125961e-01 4.074745669937440695e+00 4.461433198940334854e+00 2.992778157694891417e-01
1.799416233618256755e-01 4.058561463240366152e+00 4.446660146344033393e+00 2.999513488566318276e-01
1.807460916640815651e-01 4.042496311870509729e+00 4.432033611131442896e+00 3.006211001111545045e-01
1.815477578800362146e-01 4.026549127779849968e+00 4.417550984639388112e+00 3.012870374576677723e-01
1.823465529488919046e-01 4.010718832290113944e+00 4.403209736074749969e+00 3.019491289512952759e-01
1.831424078090081731e-01 3.995004356143057489e+00 4.389007408218062345e+00 3.026073427802175586e-01
1.839352534076550971e-01 3.979404639536058497e+00 4.374941614171280690e+00 3.032616472682088671e-01
1.847250207108082354e-01 3.963918632151372190e+00 4.361010034573713057e+00 3.039120108771684037e-01
1.855116407129823730e-01 3.948545293173978621e+00 4.347210413991732914e+00 3.045584022096438082e-01
1.862950444471032085e-01 3.933283591298476711e+00 4.333540558765637485e+00 3.052007900113490879e-01
1.870751629944136796e-01 3.918132504733983001e+00 4.319998334348912117e+00 3.058391431736736110e-01
1.878519274944147333e-01 3.903091021195198351e+00 4.306581662064987270e+00 3.064734307361852705e-01
1.886252691548366833e-01 3.888158137888370725e+00 4.293288517645616587e+00 3.071036218891244896e-01
1.893951192616406820e-01 3.873332861494609869e+00 4.280116928889776240e+00 3.077296859758907877e-01
1.901614091890476144e-01 3.858614208142907120e+00 4.267064973659234539e+00 3.083515924955209653e-01
1.909240704095923336e-01 3.844001203382894083e+00 4.254130777529355534e+00 3.089693111051584062e-01
1.916830345042015993e-01 3.829492882145356880e+00 4.241312512075277930e+00 3.095828116225137205e-01
1.924382331722934159e-01 3.815088288706696584e+00 4.228608393908086960e+00 3.101920640283157282e-01
1.931895982418956326e-01 3.800786476645694467e+00 4.216016682245565583e+00 3.107970384687534504e-01
1.939370616797820579e-01 3.786586508795602324e+00 4.203535677327637998e+00 3.113977052579081639e-01
1.946805556016239502e-01 3.772487457193818283e+00 4.191163719555060396e+00 3.119940348801751862e-01
1.954200122821540819e-01 3.758488403031359226e+00 4.178899187917521907e+00 3.125859979926756682e-01
1.961553641653427105e-01 3.744588436595698067e+00 4.166740498276740645e+00 3.131735654276576186e-01
1.968865438745819318e-01 3.730786657212721735e+00 4.154686102729238328e+00 3.137567081948862135e-01
1.976134842228768340e-01 3.717082173188590133e+00 4.142734487991410752e+00 3.143353974840225051e-01
1.983361182230416742e-01 3.703474101744911984e+00 4.130884174350134330e+00 3.149096046669914162e-01
1.990543790978984984e-01 3.689961568957356608e+00 4.119133714936916491e+00 3.154793013003376889e-01
1.997682002904758447e-01 3.676543709689480632e+00 4.107481694367048242e+00 3.160444591275694548e-01
2.004775154742062526e-01 3.663219667526330880e+00 4.095926727720793359e+00 3.166050500814905355e-01
2.011822585631193872e-01 3.649988594705325440e+00 4.084467460016552032e+00 3.171610462865193658e-01
2.018823637220291400e-01 3.636849652049890746e+00 4.073102565167698863e+00 3.177124200609957039e-01
2.025777653767127096e-01 3.623802008897281102e+00 4.061830744637568991e+00 3.182591439194738525e-01
2.032683982240788001e-01 3.610844843027517737e+00 4.050650727398464213e+00 3.188011905750030017e-01
2.039541972423236649e-01 3.597977340594155748e+00 4.039561269049287695e+00 3.193385329413940821e-01
2.046350977010719385e-01 3.585198696051201672e+00 4.028561150651076339e+00 3.198711441354721297e-01
2.053110351715003445e-01 3.572508112080286402e+00 4.017649178165124013e+00 3.203989974793151063e-01
2.059819455364425012e-01 3.559904799517515706e+00 4.006824181915050076e+00 3.209220665024785091e-01
2.066477650004721611e-01 3.547387977280720417e+00 3.996085016080070940e+00 3.214403249442049915e-01
2.073084300999623875e-01 3.534956872296550756e+00 3.985430557907520654e+00 3.219537467556188859e-01
2.079638777131196936e-01 3.522610719426337855e+00 3.974859706850506491e+00 3.224623061019067927e-01
2.086140450699891791e-01 3.510348761391381966e+00 3.964371384342608717e+00 3.229659773644811827e-01
2.092588697624299665e-01 3.498170248700719576e+00 3.953964533394958458e+00 3.234647351431296225e-01
2.098982897540581094e-01 3.486074439577213635e+00 3.943638117710664748e+00 3.239585542581474575e-01
2.105322433901543888e-01 3.474060599883361800e+00 3.933391121093123388e+00 3.244474097524546186e-01
2.111606694075356949e-01 3.462128003047128644e+00 3.923222547108784930e+00 3.249312768936961637e-01
2.117835069443871621e-01 3.450275929988947166e+00 3.913131418978141873e+00 3.254101311763258342e-01
2.124006955500526428e-01 3.438503669050015255e+00 3.903116778795740593e+00 3.258839483236729007e-01
2.130121751947820774e-01 3.426810515917869449e+00 3.893177686873399157e+00 3.263527042899921349e-01
2.136178862794331779e-01 3.415195773554005942e+00 3.883313221355344513e+00 3.268163752624959617e-01
2.142177696451248170e-01 3.403658752120288344e+00 3.873522478140477787e+00 3.272749376633695140e-01
2.148117665828407907e-01 3.392198768909153284e+00 3.863804570421890183e+00 3.277283681517674241e-01
2.153998188429810667e-01 3.380815148270335690e+00 3.854158628030200706e+00 3.281766436257926856e-01
2.159818686448587988e-01 3.369507221540326114e+00 3.844583797204349285e+00 3.286197412244574734e-01
2.165578586861404697e-01 3.358274326970716483e+00 3.835079240175830684e+00 3.290576383296249241e-01
2.171277321522276094e-01 3.347115809658212982e+00 3.825644134839793598e+00 3.294903125679324307e-01
2.176914327255775883e-01 3.336031021473988112e+00 3.816277674255233343e+00 3.299177418126960637e-01
2.182489045949612683e-01 3.325019320993736649e+00 3.806979066921404087e+00 3.303399041857956187e-01
2.188000924646555378e-01 3.314080073431403317e+00 3.797747535647535422e+00 3.307567780595399576e-01
2.193449415635685962e-01 3.303212650565616748e+00 3.788582317424577184e+00 3.311683420585130322e-01
2.198833976542961255e-01 3.292416430675547456e+00 3.779482663511929630e+00 3.315745750614001452e-01
2.204154070421054656e-01 3.281690798470493498e+00 3.770447838512525074e+00 3.319754562027932843e-01
2.209409165838469302e-01 3.271035145023303059e+00 3.761477121110840649e+00 3.323709648749774148e-01
2.214598736967889614e-01 3.260448867706756459e+00 3.752569802614647454e+00 3.327610807296948470e-01
2.219722263673759854e-01 3.249931370121426522e+00 3.743725186760013202e+00 3.331457836798898953e-01
2.224779231599062768e-01 3.239482062033702370e+00 3.734942590599022338e+00 3.335250539014320004e-01
2.229769132251284425e-01 3.229100359311125601e+00 3.726221343321564294e+00 3.338988718348179785e-01
2.234691463087539742e-01 3.218785683856391078e+00 3.717560785799507439e+00 3.342672181868526771e-01
2.239545727598841185e-01 3.208537463542711077e+00 3.708960270492707156e+00 3.346300739323082030e-01
2.244331435393490115e-01 3.198355132149818036e+00 3.700419161778291333e+00 3.349874203155612795e-01
2.249048102279573025e-01 3.188238129303624824e+00 3.691936835344688639e+00 3.353392388522086764e-01
2.253695250346539614e-01 3.178185900411266029e+00 3.683512677353243170e+00 3.356855113306604910e-01
2.258272408045847168e-01 3.168197896598592411e+00 3.675146085112886762e+00 3.360262198137108913e-01
2.262779110270653482e-01 3.158273574651325966e+00 3.666836466496313118e+00 3.363613466400868779e-01
2.267214898434528614e-01 3.148412396951650205e+00 3.658583239185588809e+00 3.366908744259731745e-01
2.271579320549184655e-01 3.138613831417595978e+00 3.650385831257319413e+00 3.370147860665155259e-01
2.275871931301189088e-01 3.128877351445152666e+00 3.642243680862791599e+00 3.373330647373000146e-01
2.280092292127650910e-01 3.119202435848129173e+00 3.634156235384708111e+00 3.376456938958092846e-01
2.284239971290862592e-01 3.109588568797915453e+00 3.626122951203518241e+00 3.379526572828553954e-01
2.288314543951875668e-01 3.100035239764320050e+00 3.618143294692926393e+00 3.382539389239891392e-01
2.292315592242996081e-01 3.090541943462962848e+00 3.610216741303584165e+00 3.385495231308852659e-01
2.296242705339179291e-01 3.081108179793193180e+00 3.602342774159751126e+00 3.388393945027038390e-01
2.300095479528309894e-01 3.071733453780073120e+00 3.594520885655214215e+00 3.391235379274277206e-01
2.303873518280350197e-01 3.062417275523110494e+00 3.586750576634930354e+00 3.394019385831753000e-01
2.307576432315334991e-01 3.053159160135797467e+00 3.579031355876608256e+00 3.396745819394891841e-01
2.311203839670206428e-01 3.043958627693668983e+00 3.571362740460837237e+00 3.399414537585999097e-01
2.314755365764461226e-01 3.034815203177833265e+00 3.563744254482057006e+00 3.402025400966651736e-01
2.318230643464604390e-01 3.025728416418115518e+00 3.556175430237018542e+00 3.404578273049838621e-01
2.321629313147388629e-01 3.016697802045020360e+00 3.548655807852076016e+00 3.407073020311854328e-01
2.324951022761823360e-01 3.007722899432729857e+00 3.541184933621843278e+00 3.409509512203935389e-01
2.328195427889945546e-01 2.998803252644138606e+00 3.533762361327479340e+00 3.411887621163646744e-01
2.331362191806325423e-01 2.989938410382883216e+00 3.526387652006560902e+00 3.414207222626012284e-01
2.334450985536306311e-01 2.981127925938961809e+00 3.519060372908424217e+00 3.416468195034388367e-01
2.337461487912953773e-01 2.972371357137076675e+00 3.511780098108598036e+00 3.418670419851081443e-01
2.340393385632705825e-01 2.963668266287382558e+00 3.504546407876711456e+00 3.420813781567703105e-01
2.343246373309710862e-01 2.955018220132255902e+00 3.497358888560381907e+00 3.422898167715270334e-01
2.346020153528835805e-01 2.946420789798267492e+00 3.490217132798930866e+00 3.424923468874038757e-01
2.348714436897335334e-01 2.937875550745834730e+00 3.483120738939695649e+00 3.426889578683077198e-01
2.351328942095169960e-01 2.929382082719852676e+00 3.476069311000275164e+00 3.428796393849575241e-01
2.353863395923957991e-01 2.920939969700892203e+00 3.469062458467458310e+00 3.430643814157889326e-01
2.356317533354551352e-01 2.912548799856478965e+00 3.462099796594086065e+00 3.432431742478320169e-01
2.358691097573222817e-01 2.904208165495550276e+00 3.455180945535385906e+00 3.434160084775623178e-01
2.360983840026455727e-01 2.895917663016812860e+00 3.448305530343668934e+00 3.435828750117251862e-01
2.363195520464319299e-01 2.887676892864884604e+00 3.441473181358732258e+00 3.437437650681332002e-01
2.365325906982426729e-01 2.879485459482299614e+00 3.434683533708366099e+00 3.438986701764363274e-01
2.367374776062460273e-01 2.871342971264640997e+00 3.427936227095843336e+00 3.440475821788652189e-01
2.369341912611255263e-01 2.863249040512999333e+00 3.421230905305926662e+00 3.441904932309473031e-01
2.371227109998433891e-01 2.855203283388119129e+00 3.414567216939710548e+00 3.443273958021953463e-01
2.373030170092578772e-01 2.847205319868266749e+00 3.407944815081735523e+00 3.444582826767690342e-01
2.374750903295936577e-01 2.839254773703117518e+00 3.401363356078463962e+00 3.445831469541086323e-01
2.376389128577646170e-01 2.831351272366775529e+00 3.394822500568461354e+00 3.447019820495413334e-01
2.377944673505480722e-01 2.823494447018588982e+00 3.388321913518923978e+00 3.448147816948601285e-01
2.379417374276094899e-01 2.815683932457755834e+00 3.381861262687463565e+00 3.449215399388746994e-01
2.380807075743773815e-01 2.807919367077617689e+00 3.375440220082053688e+00 3.450222511479349441e-01
2.382113631447672353e-01 2.800200392829350626e+00 3.369058461015049133e+00 3.451169100064261364e-01
2.383336903637540971e-01 2.792526655172665517e+00 3.362715663161321533e+00 3.452055115172367183e-01
2.384476763297929958e-01 2.784897803036128217e+00 3.356411508759010065e+00 3.452880510021980043e-01
2.385533090170868231e-01 2.777313488780627004e+00 3.350145682801113356e+00 3.453645241024957957e-01
2.386505772777006706e-01 2.769773368151613457e+00 3.343917872159267723e+00 3.454349267790539080e-01
2.387394708435229274e-01 2.762277100239504346e+00 3.337727767434023551e+00 3.454992553128898858e-01
2.388199803280717237e-01 2.754824347442808019e+00 3.331575061977084751e+00 3.455575063054424079e-01
2.388920972281466382e-01 2.747414775424741329e+00 3.325459451194395122e+00 3.456096766788703811e-01
2.389558139253258051e-01 2.740048053074128021e+00 3.319380633291986626e+00 3.456557636763242236e-01
2.390111236873069256e-01 2.732723852467129344e+00 3.313338308874909099e+00 3.456957648621883927e-01
2.390580206690931520e-01 2.725441848827346636e+00 3.307332180572824853e+00 3.457296781222962689e-01
2.390964999140221536e-01 2.718201720486903561e+00 3.301361953272360150e+00 3.457575016641158405e-01
2.391265573546396128e-01 2.711003148848983635e+00 3.295427333986951535e+00 3.457792340169082435e-01
2.391481898134156514e-01 2.703845818349467134e+00 3.289528031417785048e+00 3.457948740318569913e-01
2.391613950033045222e-01 2.696729416418444103e+00 3.283663756388950361e+00 3.458044208821689502e-01
2.391661715281478973e-01 2.689653633445279191e+00 3.277834221417435856e+00 3.458078740631478909e-01
2.391625188829206439e-01 2.682618162739084156e+00 3.272039140154724191e+00 3.458052333922381760e-01
2.391504374538200028e-01 2.675622700492153783e+00 3.266278228696515296e+00 3.457964990090414692e-01
2.391299285181973100e-01 2.668666945748246810e+00 3.260551204186602714e+00 3.457816713753039117e-01
2.391009942443331482e-01 2.661750600359999552e+00 3.254857784368878626e+00 3.457607512748758771e-01
2.390636376910550975e-01 2.654873368956169877e+00 3.249197689408248380e+00 3.457337398136426376e-01
2.390178628071989164e-01 2.648034958909349701e+00 3.243570640378973469e+00 3.457006384194270532e-01
2.389636744309128757e-01 2.641235080296597815e+00 3.237976358873747795e+00 3.456614488418638387e-01
2.389010782888053019e-01 2.634473445866337915e+00 3.232414567868609367e+00 3.456161731522450764e-01
2.388300809949361336e-01 2.627749771004411983e+00 3.226884991331518737e+00 3.455648137433382505e-01
2.387506900496521312e-01 2.621063773700053279e+00 3.221387354375150114e+00 3.455073733291752491e-01
2.386629138382662940e-01 2.614415174513750273e+00 3.215921382539312035e+00 3.454438549448132223e-01
2.385667616295817084e-01 2.607803696540617722e+00 3.210486801511081012e+00 3.453742619460675178e-01
2.384622435742604074e-01 2.601229065377934191e+00 3.205083338381600200e+00 3.452985980092160845e-01
2.383493707030374109e-01 2.594691009095821066e+00 3.199710721076638897e+00 3.452168671306758418e-01
2.382281549247803054e-01 2.588189258202851839e+00 3.194368677213288876e+00 3.451290736266507952e-01
2.380986090243954467e-01 2.581723545612024218e+00 3.189056934843790714e+00 3.450352221327522839e-01
2.379607466605802857e-01 2.575293606611099406e+00 3.183775222873692634e+00 3.449353176035909185e-01
2.378145823634233991e-01 2.568899178831576702e+00 3.178523270408151191e+00 3.448293653123406521e-01
2.376601315318520591e-01 2.562540002216709301e+00 3.173300806731897072e+00 3.447173708502749845e-01
2.374974104309285905e-01 2.556215818991326660e+00 3.168107560981582971e+00 3.445993401262751887e-01
2.373264361889954044e-01 2.549926373629131326e+00 3.162943262544331446e+00 3.444752793663105606e-01
2.371472267946702905e-01 2.543671412825442069e+00 3.157807641271152654e+00 3.443451951128912447e-01
2.369598010936920796e-01 2.537450685466406064e+00 3.152700426481706675e+00 3.442090942244931950e-01
2.367641787856176738e-01 2.531263942597699490e+00 3.147621347543874126e+00 3.440669838749554343e-01
2.365603804203711413e-01 2.525110937397511801e+00 3.142570134034574192e+00 3.439188715528497808e-01
2.363484273946460934e-01 2.518991425146876573e+00 3.137546515189618912e+00 3.437647650608233185e-01
2.361283419481615686e-01 2.512905163200788383e+00 3.132550219918830869e+00 3.436046725149132786e-01
2.359001471597730049e-01 2.506851910959452479e+00 3.127580976805839352e+00 3.434386023438345537e-01
2.356638669434388267e-01 2.500831429840244535e+00 3.122638514413537347e+00 3.432665632882401785e-01
2.354195260440438142e-01 2.494843483251274030e+00 3.117722561230355183e+00 3.430885643999547763e-01
2.351671500330802522e-01 2.488887836563867140e+00 3.112832844765438978e+00 3.429046150411804161e-01
2.349067653041878034e-01 2.482964257082482362e+00 3.107969091957500929e+00 3.427147248836762694e-01
2.346383990685533827e-01 2.477072514020031591e+00 3.103131030052667771e+00 3.425189039079108988e-01
2.343620793501720589e-01 2.471212378472842364e+00 3.098318385889735627e+00 3.423171624021881243e-01
2.340778349809699288e-01 2.465383623393214041e+00 3.093530885024749377e+00 3.421095109617459107e-01
2.337856955957907934e-01 2.459586023560872636e+00 3.088768252597536179e+00 3.418959604878293868e-01
2.334856916272469995e-01 2.453819355560546978e+00 3.084030213797021691e+00 3.416765221867366087e-01
2.331778543004362214e-01 2.448083397756382507e+00 3.079316492718371379e+00 3.414512075688386217e-01
2.328622156275257093e-01 2.442377930264663544e+00 3.074626812878057613e+00 3.412200284475734868e-01
2.325388084022043389e-01 2.436702734931488035e+00 3.069960897403194000e+00 3.409829969384136072e-01
2.322076661940050968e-01 2.431057595307079211e+00 3.065318468575300326e+00 3.407401254578077410e-01
2.318688233424983369e-01 2.425442296621953098e+00 3.060699247960799507e+00 3.404914267220970348e-01
2.315223149513577217e-01 2.419856625762542901e+00 3.056102956361128609e+00 3.402369137464053561e-01
2.311681768823001526e-01 2.414300371247810606e+00 3.051529314099927781e+00 3.399765998435040348e-01
2.308064457489012455e-01 2.408773323206923056e+00 3.046978040840831792e+00 3.397104986226516798e-01
2.304371589102875983e-01 2.403275273355619746e+00 3.042448855030287280e+00 3.394386239884079615e-01
2.300603544647076837e-01 2.397806014971859412e+00 3.037941474781430617e+00 3.391609901394230797e-01
2.296760712429828100e-01 2.392365342877109224e+00 3.033455617424219319e+00 3.388776115672019751e-01
2.292843488018394826e-01 2.386953053410405534e+00 3.028990999056865085e+00 3.385885030548434482e-01
2.288852274171252199e-01 2.381568944408149147e+00 3.024547335826641703e+00 3.382936796757554099e-01
2.284787480769089885e-01 2.376212815184915339e+00 3.020124342499526993e+00 3.379931567923447067e-01
2.280649524744683132e-01 2.370884466506952393e+00 3.015721732889927953e+00 3.376869500546832992e-01
2.276438830011645043e-01 2.365583700575710768e+00 3.011339220642270664e+00 3.373750753991501816e-01
2.272155827392076111e-01 2.360310321005620438e+00 3.006976518411501598e+00 3.370575490470489322e-01
2.267800954543131298e-01 2.355064132804282284e+00 3.002633337967829164e+00 3.367343875032019485e-01
2.263374655882522402e-01 2.349844942351310362e+00 2.998309390017964482e+00 3.364056075545205915e-01
2.258877382512967102e-01 2.344652557378247071e+00 2.994004384980060607e+00 3.360712262685521257e-01
2.254309592145610497e-01 2.339486786951650910e+00 2.989718032611090592e+00 3.357312609920031221e-01
2.249671749022435496e-01 2.334347441451747329e+00 2.985450041382756492e+00 3.353857293492401581e-01
2.244964323837672360e-01 2.329234332553101083e+00 2.981200119099070900e+00 3.350346492407667576e-01
2.240187793658243443e-01 2.324147273206742526e+00 2.976967973458076067e+00 3.346780388416786822e-01
2.235342641843240108e-01 2.319086077624012976e+00 2.972753311014080246e+00 3.343159166000955196e-01
2.230429357962469550e-01 2.314050561254241245e+00 2.968555837241783735e+00 3.339483012355707325e-01
2.225448437714081240e-01 2.309040540769457195e+00 2.964375257271256725e+00 3.335752117374791714e-01
2.220400382841288267e-01 2.304055834046012219e+00 2.960211275765672667e+00 3.331966673633822706e-01
2.215285701048222144e-01 2.299096260149208870e+00 2.956063596749584743e+00 3.328126876373722620e-01
2.210104905914913875e-01 2.294161639314559853e+00 2.951931923075088893e+00 3.324232923483937951e-01
2.204858516811444291e-01 2.289251792930393048e+00 2.947815957496572103e+00 3.320285015485450741e-01
2.199547058811270328e-01 2.284366543524659399e+00 2.943715401990529834e+00 3.316283355513571229e-01
2.194171062603753053e-01 2.279505714744742395e+00 2.939629957611296973e+00 3.312228149300522895e-01
2.188731064405907423e-01 2.274669131344090989e+00 2.935559325558888322e+00 3.308119605157820997e-01
2.183227605873389598e-01 2.269856619167459844e+00 2.931503206275690498e+00 3.303957933958443505e-01
2.177661234010750679e-01 2.265068005133717310e+00 2.927461299286583607e+00 3.299743349118799962e-01
2.172032501080971567e-01 2.260303117220797020e+00 2.923433304021834100e+00 3.295476066580496077e-01
2.166341964514298113e-01 2.255561784452779772e+00 2.919418919543628643e+00 3.291156304791902354e-01
2.160590186816409020e-01 2.250843836883953841e+00 2.915417844154332361e+00 3.286784284689526769e-01
2.154777735475917055e-01 2.246149105584491767e+00 2.911429776150962656e+00 3.282360229679183727e-01
2.148905182871252706e-01 2.241477422628435967e+00 2.907454413284662476e+00 3.277884365616984819e-01
2.142973106176921383e-01 2.236828621077223911e+00 2.903491452805084805e+00 3.273356920790124747e-01
2.136982087269180819e-01 2.232202534968299901e+00 2.899540592265581473e+00 3.268778125897489617e-01
2.130932712631146697e-01 2.227598999302748961e+00 2.895601528517302459e+00 3.264148214030075934e-01
2.124825573257344558e-01 2.223017850029584075e+00 2.891673957987693555e+00 3.259467420651220859e-01
2.118661264557752666e-01 2.218458924035088931e+00 2.887757577203349690e+00 3.254735983576665381e-01
2.112440386261321412e-01 2.213922059129865616e+00 2.883852082792034643e+00 3.249954142954421532e-01
2.106163542319025306e-01 2.209407094038540631e+00 2.879957171129684301e+00 3.245122141244475289e-01
2.099831340806451729e-01 2.204913868385514064e+00 2.876072538131850376e+00 3.240240223198314062e-01
2.093444393825942829e-01 2.200442222684061644e+00 2.872197880049060181e+00 3.235308635838274327e-01
2.087003317408340219e-01 2.195991998326099370e+00 2.868332893166362751e+00 3.230327628436734932e-01
2.080508731414312806e-01 2.191563037570210870e+00 2.864477273839528326e+00 3.225297452495128336e-01
2.073961259435330995e-01 2.187155183531906744e+00 2.860630718363145419e+00 3.220218361722796963e-01
2.067361528694281469e-01 2.182768280171357489e+00 2.856792922804072710e+00 3.215090612015687466e-01
2.060710169945755565e-01 2.178402172283220750e+00 2.852963584064768021e+00 3.209914461434880129e-01
2.054007817376037326e-01 2.174056705489568309e+00 2.849142399441585205e+00 3.204690170184972264e-01
2.047255108502794574e-01 2.169731726227934754e+00 2.845329065514245581e+00 3.199418000592291200e-01
2.040452684074526846e-01 2.165427081739485171e+00 2.841523279657865331e+00 3.194098217082974034e-01
2.033601187969757418e-01 2.161142620064312236e+00 2.837724740072828489e+00 3.188731086160886408e-01
2.026701267096015502e-01 2.156878190029954734e+00 2.833933144731393572e+00 3.183316876385396399e-01
2.019753571288626093e-01 2.152633641242195583e+00 2.830148192228850501e+00 3.177855858349011298e-01
2.012758753209312468e-01 2.148408824077741031e+00 2.826369581639346595e+00 3.172348304654859508e-01
2.005717468244669621e-01 2.144203589674614996e+00 2.822597012396100169e+00 3.166794489894054765e-01
1.998630374404485044e-01 2.140017789924573144e+00 2.818830185076545813e+00 3.161194690622902148e-01
1.991498132219967632e-01 2.135851277467311959e+00 2.815068800455489573e+00 3.155549185339984186e-01
1.984321404641886111e-01 2.131703905678810518e+00 2.811312559633679875e+00 3.149858254463116514e-01
1.977100856938637519e-01 2.127575528666413973e+00 2.807561164964767375e+00 3.144122180306164194e-01
1.969837156594287930e-01 2.123466001261600233e+00 2.803814319579030379e+00 3.138341247055749794e-01
1.962530973206576268e-01 2.119375179013135213e+00 2.800071727291873369e+00 3.132515740747822686e-01
1.955182978384931158e-01 2.115302918179646774e+00 2.796333092277247356e+00 3.126645949244118428e-01
1.947793845648503885e-01 2.111249075721555180e+00 2.792598120079449853e+00 3.120732162208496585e-01
1.940364250324248807e-01 2.107213509298448084e+00 2.788866517645697485e+00 3.114774671083165858e-01
1.932894869445070940e-01 2.103196077261326291e+00 2.785137992252923578e+00 3.108773769064798742e-01
1.925386381648048484e-01 2.099196638645373092e+00 2.781412252135375685e+00 3.102729751080529064e-01
1.917839467072784132e-01 2.095215053165254915e+00 2.777689007132150945e+00 3.096642913763858473e-01
1.910254807259863241e-01 2.091251181210990850e+00 2.773967967953182789e+00 3.090513555430442483e-01
1.902633085049476036e-01 2.087304883840134018e+00 2.770248846227954420e+00 3.084341976053787127e-01
1.894974984480208846e-01 2.083376022774087843e+00 2.766531355387792157e+00 3.078128477240845151e-01
1.887281190688014643e-01 2.079464460394407688e+00 2.762815209954299966e+00 3.071873362207510061e-01
1.879552389805416723e-01 2.075570059736104422e+00 2.759100125389163161e+00 3.065576935754032450e-01
1.871789268860922784e-01 2.071692684483477098e+00 2.755385818891439076e+00 3.059239504240329199e-01
1.863992515678705719e-01 2.067832198967150426e+00 2.751672009311851408e+00 3.052861375561217172e-01
1.856162818778555046e-01 2.063988468159677403e+00 2.747958416310688712e+00 3.046442859121564761e-01
1.848300867276110038e-01 2.060161357668991666e+00 2.744244761472662830e+00 3.039984265811346287e-01
1.840407350783425100e-01 2.056350733739170877e+00 2.740530768196256517e+00 3.033485907980639773e-01
1.832482959309848225e-01 2.052556463243500495e+00 2.736816160788043462e+00 3.026948099414530913e-01
1.824528383163262213e-01 2.048778413681402899e+00 2.733100665966670118e+00 3.020371155307954858e-01
1.816544312851693099e-01 2.045016453178321036e+00 2.729384011770248808e+00 3.013755392240462516e-01
1.808531438985308826e-01 2.041270450477915332e+00 2.725665927618814877e+00 3.007101128150921343e-01
1.800490452178831469e-01 2.037540274942425622e+00 2.721946145511258131e+00 3.000408682312153963e-01
1.792422042954368022e-01 2.033825796550251752e+00 2.718224398778339879e+00 2.993678375305510175e-01
1.784326901644696650e-01 2.030126885890937150e+00 2.714500422713914229e+00 2.986910528995384007e-01
1.776205718297014513e-01 2.026443414165698620e+00 2.710773954863624269e+00 2.980105466503672473e-01
1.768059182577167709e-01 2.022775253183763944e+00 2.707044734157976862e+00 2.973263512184185497e-01
1.759887983674388867e-01 2.019122275359231278e+00 2.703312501526117462e+00 2.966384991597001974e-01
1.751692810206536832e-01 2.015484353710240484e+00 2.699577000714411756e+00 2.959470231482770886e-01
1.743474350125899797e-01 2.011861361859513142e+00 2.695837977292380838e+00 2.952519559736987986e-01
1.735233290625526614e-01 2.008253174029250410e+00 2.692095178287186030e+00 2.945533305384210321e-01
1.726970318046144037e-01 2.004659665040224859e+00 2.688348353455830342e+00 2.938511798552240206e-01
1.718686117783662093e-01 2.001080710312340027e+00 2.684597255191685683e+00 2.931455370446275355e-01
1.710381374197270099e-01 1.997516185863380977e+00 2.680841637571535596e+00 2.924364353323017363e-01
1.702056770518178552e-01 1.993965968305514425e+00 2.677081256506174345e+00 2.917239080464762435e-01
1.693712988758974691e-01 1.990429934844825333e+00 2.673315871396957810e+00 2.910079886153449369e-01
1.685350709623644472e-01 1.986907963285097223e+00 2.669545243683244085e+00 2.902887105644693100e-01
1.676970612418267059e-01 1.983399932021069123e+00 2.665769136417696750e+00 2.895661075141794938e-01
1.668573374962377676e-01 1.979905720040524342e+00 2.661987315932162090e+00 2.888402131769724490e-01
1.660159673501055699e-01 1.976425206924819822e+00 2.658199551158166418e+00 2.881110613549101029e-01
1.651730182617704434e-01 1.972958272848090111e+00 2.654405613198204339e+00 2.873786859370144886e-01
1.643285575147576394e-01 1.969504798575996141e+00 2.650605275358342894e+00 2.866431208966627731e-01
1.634826522092036882e-01 1.966064665465160788e+00 2.646798314123044449e+00 2.859044002889809533e-01
1.626353692533588358e-01 1.962637755466186018e+00 2.642984508734267823e+00 2.851625582482374410e-01
1.617867753551671950e-01 1.959223951121301210e+00 2.639163640643154007e+00 2.844176289852364259e-01
1.609369370139241973e-01 1.955823135565102566e+00 2.635335494448586058e+00 2.836696467847099612e-01
1.600859205120164774e-01 1.952435192526286389e+00 2.631499857134630638e+00 2.829186460027126593e-01
1.592337919067405849e-01 1.949060006325154859e+00 2.627656518210188530e+00 2.821646610640147212e-01
1.583806170222059884e-01 1.945697461876028322e+00 2.623805270764435704e+00 2.814077264594968542e-01
1.575264614413220410e-01 1.942347444689292102e+00 2.619945910614035256e+00 2.806478767435467980e-01
1.566713904978683514e-01 1.939009840870177692e+00 2.616078235791841955e+00 2.798851465314552422e-01
1.558154692686544718e-01 1.935684537118699922e+00 2.612202047537474314e+00 2.791195704968163493e-01
1.549587625657643797e-01 1.932371420732708733e+00 2.608317150452243105e+00 2.783511833689272796e-01
1.541013349288912204e-01 1.929070379608483599e+00 2.604423351555090971e+00 2.775800199301916571e-01
1.532432506177621445e-01 1.925781302239813364e+00 2.600520461040166431e+00 2.768061150135254223e-01
1.523845736046523791e-01 1.922504077721852278e+00 2.596608292331756385e+00 2.760295034997639063e-01
1.515253675669939737e-01 1.919238595750428100e+00 2.592686661314810070e+00 2.752502203150744009e-01
1.506656958800751955e-01 1.915984746622686696e+00 2.588755387546442410e+00 2.744683004283693384e-01
1.498056216098355986e-01 1.912742421241541146e+00 2.584814293709242872e+00 2.736837788487249679e-01
1.489452075057554337e-01 1.909511511113989757e+00 2.580863205042569941e+00 2.728966906228027511e-01
1.480845159938415367e-01 1.906291908353216824e+00 2.576901950213330572e+00 2.721070708322750886e-01
1.472236091697103622e-01 1.903083505680585930e+00 2.572930361237876884e+00 2.713149545912557636e-01
1.463625487917676882e-01 1.899886196427406970e+00 2.568948273199304744e+00 2.705203770437337174e-01
1.455013962744892975e-01 1.896699874535746622e+00 2.564955524192756631e+00 2.697233733610134299e-01
1.446402126817990241e-01 1.893524434559983538e+00 2.560951955977883276e+00 2.689239787391587422e-01
1.437790587205486081e-01 1.890359771670344635e+00 2.556937413087669864e+00 2.681222283964428965e-01
1.429179947340986911e-01 1.887205781650720171e+00 2.552911743228915675e+00 2.673181575708042934e-01
1.420570806960004817e-01 1.884062360903909328e+00 2.548874798365472927e+00 2.665118015173066346e-01
1.411963762037824199e-01 1.880929406453902386e+00 2.544826433005628719e+00 2.657031955056077255e-01
1.403359404728378446e-01 1.877806815943981800e+00 2.540766504683105609e+00 2.648923748174320525e-01
1.394758323304181591e-01 1.874694487641040297e+00 2.536694874942862388e+00 2.640793747440512984e-01
1.386161102097307474e-01 1.871592320437736046e+00 2.532611408463052438e+00 2.632642305837717966e-01
1.377568321441406674e-01 1.868500213853143910e+00 2.528515973185997634e+00 2.624469776394278142e-01
1.368980557614806193e-01 1.865418068035454846e+00 2.524408440379509067e+00 2.616276512158841050e-01
1.360398382784649141e-01 1.862345783762856755e+00 2.520288685070096513e+00 2.608062866175439032e-01
1.351822364952121602e-01 1.859283262448005125e+00 2.516156585522742795e+00 2.599829191458663535e-01
1.343253067898743103e-01 1.856230406136710975e+00 2.512012023132975447e+00 2.591575840968910471e-01
1.334691051133740924e-01 1.853187117511980508e+00 2.507854883256533718e+00 2.583303167587711613e-01
1.326136869842510502e-01 1.850153299896063253e+00 2.503685054249785047e+00 2.575011524093154813e-01
1.317591074836151344e-01 1.847128857250523337e+00 2.499502428128113962e+00 2.566701263135380273e-01
1.309054212502106240e-01 1.844113694180976148e+00 2.495306900583233123e+00 2.558372737212177839e-01
1.300526824755889321e-01 1.841107715937166711e+00 2.491098370330596445e+00 2.550026298644672007e-01
1.292009448993910459e-01 1.838110828415029152e+00 2.486876739638422151e+00 2.541662299553100191e-01
1.283502618047406285e-01 1.835122938158894490e+00 2.482641914579100995e+00 2.533281091832690901e-01
1.275006860137458120e-01 1.832143952364522654e+00 2.478393804884708729e+00 2.524883027129631308e-01
1.266522698831140936e-01 1.829173778880671675e+00 2.474132323133717115e+00 2.516468456817153032e-01
1.258050652998751739e-01 1.826212326208801917e+00 2.469857385540318528e+00 2.508037731971701767e-01
1.249591236772164965e-01 1.823259503507825841e+00 2.465568912735717433e+00 2.499591203349224577e-01
1.241144959504294626e-01 1.820315220596893768e+00 2.461266827880467467e+00 2.491129221361564339e-01
1.232712325729654057e-01 1.817379387952463343e+00 2.456951057353950585e+00 2.482652136052949099e-01
1.224293835126054886e-01 1.814451916713888391e+00 2.452621532368055135e+00 2.474160297076621329e-01
1.215889982477389303e-01 1.811532718686888366e+00 2.448278186942293821e+00 2.465654053671549883e-01
1.207501257637543235e-01 1.808621706340920454e+00 2.443920958343000382e+00 2.457133754639278245e-01
1.199128145495422376e-01 1.805718792814428264e+00 2.439549787833872330e+00 2.448599748320887115e-01
1.190771125941073594e-01 1.802823891915128041e+00 2.435164619729505819e+00 2.440052382574064427e-01
1.182430673832945839e-01 1.799936918121436635e+00 2.430765402412370602e+00 2.431492004750319680e-01
1.174107258966236023e-01 1.797057786586770289e+00 2.426352087686351577e+00 2.422918961672300697e-01
1.165801346042361214e-01 1.794186413138306513e+00 2.421924630364000297e+00 2.414333599611248049e-01
1.157513394639533844e-01 1.791322714279627082e+00 2.417482989408440197e+00 2.405736264264574098e-01
1.149243859184444772e-01 1.788466607193946345e+00 2.413027126908790176e+00 2.397127300733572497e-01
1.140993188925056440e-01 1.785618009742620638e+00 2.408557008295111324e+00 2.388507053501262301e-01
1.132761827904483626e-01 1.782776840469200375e+00 2.404072603313917700e+00 2.379875866410350871e-01
1.124550214936000797e-01 1.779943018601710003e+00 2.399573884516383426e+00 2.371234082641358321e-01
1.116358783579122910e-01 1.777116464050666034e+00 2.395060827758629607e+00 2.362582044690853533e-01
1.108187962116794073e-01 1.774297097413311208e+00 2.390533413168861365e+00 2.353920094349842285e-01
1.100038173533672142e-01 1.771484839975344450e+00 2.385991623782163007e+00 2.345248572682299137e-01
1.091909835495484121e-01 1.768679613709724485e+00 2.381435445879402479e+00 2.336567820003823681e-01
1.083803360329492760e-01 1.765881341279705641e+00 2.376864869961569759e+00 2.327878175860468857e-01
1.075719155006021055e-01 1.763089946041363820e+00 2.372279889587099344e+00 2.319179979007689185e-01
1.067657621121065187e-01 1.760305352042015103e+00 2.367680501539439764e+00 2.310473567389448868e-01
1.059619154879985203e-01 1.757527484023366782e+00 2.363066706344814971e+00 2.301759278117485041e-01
1.051604147082244173e-01 1.754756267421865301e+00 2.358438507688855434e+00 2.293037447450699817e-01
1.043612983107240488e-01 1.751991628369527598e+00 2.353795912873861695e+00 2.284308410774736620e-01
1.035646042901170738e-01 1.749233493695998121e+00 2.349138932849929251e+00 2.275572502581680867e-01
1.027703700964961581e-01 1.746481790929420352e+00 2.344467581473098861e+00 2.266830056449933295e-01
1.019786326343245925e-01 1.743736448295569286e+00 2.339781875725290838e+00 2.258081405024236488e-01
1.011894282614379803e-01 1.740997394719532299e+00 2.335081836828322377e+00 2.249326879995857675e-01
1.004027927881499527e-01 1.738264559829048927e+00 2.330367488950213950e+00 2.240566812082937509e-01
9.961876147645988555e-02 1.735537873951123133e+00 2.325638859010645376e+00 2.231801531010988993e-01
9.883736903936467255e-02 1.732817268114607012e+00 2.320895978113104441e+00 2.223031365493575995e-01
9.805864964027052877e-02 1.730102674052208078e+00 2.316138880487767615e+00 2.214256643213140807e-01
9.728263689250686574e-02 1.727394024198942724e+00 2.311367603039912400e+00 2.205477690802004620e-01
9.650936385894066938e-02 1.724691251692394234e+00 2.306582186358570041e+00 2.196694833823540915e-01
9.573886305168913258e-02 1.721994290374938563e+00 2.301782674536222206e+00 2.187908396753496798e-01
9.497116643193358188e-02 1.719303074793228303e+00 2.296969114411488544e+00 2.179118702961515830e-01
9.420630540982920242e-02 1.716617540197498792e+00 2.292141556364930999e+00 2.170326074692800755e-01
9.344431084451368386e-02 1.713937622544003059e+00 2.287300053965521496e+00 2.161530833049966904e-01
9.268521304421231677e-02 1.711263258492899952e+00 2.282444663447642075e+00 2.152733297975068794e-01
9.192904176643783287e-02 1.708594385408680250e+00 2.277575444793971116e+00 2.143933788231784932e-01
9.117582621828725087e-02 1.705930941362062025e+00 2.272692461148230869e+00 2.135132621387805518e-01
9.042559505683089860e-02 1.703272865128122815e+00 2.267795778237183590e+00 2.126330113797371968e-01
8.967837638959599844e-02 1.700620096185988084e+00 2.262885465071014846e+00 2.117526580584007667e-01
8.893419777514247060e-02 1.697972574719534000e+00 2.257961594170921682e+00 2.108722335623427480e-01
8.819308622372989959e-02 1.695330241617840406e+00 2.253024240634808439e+00 2.099917691526621555e-01
8.745506819807613574e-02 1.692693038472351752e+00 2.248073482582714444e+00 2.091112959623130096e-01
8.672016961420432601e-02 1.690060907578952110e+00 2.243109401482113796e+00 2.082308449944487994e-01
8.598841584238006708e-02 1.687433791936246985e+00 2.238132081351712710e+00 2.073504471207864019e-01
8.525983170813576650e-02 1.684811635244646721e+00 2.233141609453142440e+00 2.064701330799878221e-01
8.453444149338217029e-02 1.682194381907148539e+00 2.228138075954465780e+00 2.055899334760607489e-01
8.381226893760609920e-02 1.679581977027108763e+00 2.223121573853727106e+00 2.047098787767777650e-01
8.309333723915224290e-02 1.676974366408698680e+00 2.218092199240227824e+00 2.038299993121133191e-01
8.237766905659067718e-02 1.674371496555568717e+00 2.213050050705699157e+00 2.029503252727014873e-01
8.166528651016559393e-02 1.671773314669101840e+00 2.207995229705566942e+00 2.020708867083103599e-01
8.095621118332710364e-02 1.669179768648353823e+00 2.202927840837593632e+00 2.011917135263367462e-01
8.025046412434408416e-02 1.666590807089259441e+00 2.197847991433625303e+00 2.003128354903200847e-01
7.954806584799570257e-02 1.664006379283023307e+00 2.192755791338571125e+00 1.994342822184737851e-01
7.884903633734385853e-02 1.661426435214483632e+00 2.187651353166512269e+00 1.985560831822382744e-01
7.815339504558134476e-02 1.658850925561389023e+00 2.182534792218032038e+00 1.976782677048508352e-01
7.746116089795809789e-02 1.656279801692407405e+00 2.177406226621516616e+00 1.968008649599362059e-01
7.677235229378299997e-02 1.653713015666870900e+00 2.172265777378797225e+00 1.959239039701166640e-01
7.608698710849912117e-02 1.651150520232880670e+00 2.167113567529999063e+00 1.950474136056399022e-01
7.540508269583437451e-02 1.648592268824016660e+00 2.161949722894632053e+00 1.941714225830289131e-01
7.472665589002258635e-02 1.646038215560080564e+00 2.156774372155522368e+00 1.932959594637490008e-01
7.405172300809717556e-02 1.643488315244027609e+00 2.151587646335356041e+00 1.924210526528960241e-01
7.338029985225433260e-02 1.640942523360810368e+00 2.146389678953718239e+00 1.915467303979035973e-01
7.271240171228533777e-02 1.638400796074827914e+00 2.141180605917305080e+00 1.906730207872699145e-01
7.204804336807710263e-02 1.635863090228346861e+00 2.135960565622922136e+00 1.897999517493051125e-01
7.138723909217842278e-02 1.633329363339272922e+00 2.130729699016535861e+00 1.889275510508967859e-01
7.073000265243341300e-02 1.630799573599745589e+00 2.125488149509037417e+00 1.880558462962975963e-01
7.007634731467779488e-02 1.628273679873565083e+00 2.120236062544816669e+00 1.871848649259306441e-01
6.942628584549936921e-02 1.625751641693239602e+00 2.114973586038601194e+00 1.863146342152158519e-01
6.877983051506066092e-02 1.623233419258925947e+00 2.109700870299711983e+00 1.854451812734165539e-01
6.813699309998144660e-02 1.620718973435161692e+00 2.104418067790951419e+00 1.845765330425044037e-01
6.749778488628274675e-02 1.618208265748943386e+00 2.099125333297293228e+00 1.837087162960467090e-01
6.686221667238781419e-02 1.615701258387012285e+00 2.093822823607749850e+00 1.828417576381115017e-01
6.623029877218139516e-02 1.613197914192798343e+00 2.088510697972993935e+00 1.819756835021940355e-01
6.560204101812533439e-02 1.610698196665278914e+00 2.083189117783247113e+00 1.811105201501631845e-01
6.497745276442813689e-02 1.608202069954754343e+00 2.077858246159788091e+00 1.802462936712266039e-01
6.435654289027015196e-02 1.605709498860298456e+00 2.072518248610890179e+00 1.793830299809184292e-01
6.373931980307971645e-02 1.603220448827772593e+00 2.067169292633617594e+00 1.785207548201044880e-01
6.312579144186179769e-02 1.600734885945868546e+00 2.061811547675066691e+00 1.776594937540093844e-01
6.251596528057656865e-02 1.598252776943988929e+00 2.056445185274196508e+00 1.767992721712628723e-01
6.190984833156710360e-02 1.595774089188746192e+00 2.051070378800057714e+00 1.759401152829665194e-01
6.130744714903524351e-02 1.593298790680938160e+00 2.045687303723970896e+00 1.750820481217809643e-01
6.070876783256335535e-02 1.590826850052957875e+00 2.040296137236259355e+00 1.742250955410318547e-01
6.011381603068289420e-02 1.588358236564449077e+00 2.034897058023909633e+00 1.733692822138381273e-01
5.952259694448595873e-02 1.585892920098969316e+00 2.029490247360595134e+00 1.725146326322581358e-01
5.893511533128087398e-02 1.583430871163317821e+00 2.024075888256416267e+00 1.716611711064573720e-01
5.835137550828952552e-02 1.580972060881286279e+00 2.018654164300582643e+00 1.708089217638960600e-01
5.777138135638468230e-02 1.578516460989122017e+00 2.013225261839145297e+00 1.699579085485354579e-01
5.719513632386843960e-02 1.576064043836612250e+00 2.007789369332623863e+00 1.691081552200668359e-01
5.662264343028724362e-02 1.573614782380321930e+00 2.002346675626936356e+00 1.682596853531576619e-01
5.605390527028532993e-02 1.571168650178931037e+00 1.996897371691634726e+00 1.674125223367196880e-01
5.548892401749403597e-02 1.568725621392304648e+00 1.991441650526921014e+00 1.665666893731967690e-01
5.492770142845487813e-02 1.566285670776472960e+00 1.985979706357595020e+00 1.657222094778712518e-01
5.437023884657803813e-02 1.563848773680041715e+00 1.980511734746467356e+00 1.648791054781927889e-01
5.381653720613162328e-02 1.561414906039561901e+00 1.975037932838563215e+00 1.640374000131244736e-01
5.326659703626331760e-02 1.558984044376757971e+00 1.969558499213790892e+00 1.631971155325107337e-01
5.272041846505175905e-02 1.556556165793413715e+00 1.964073633960211618e+00 1.623582742964641001e-01
5.217800122358689369e-02 1.554131247968856933e+00 1.958583538804985036e+00 1.615208983747720706e-01
5.163934465007852248e-02 1.551709269155271187e+00 1.953088416166198327e+00 1.606850096463240674e-01
5.110444769399077880e-02 1.549290208172100725e+00 1.947588470052197707e+00 1.598506297985572144e-01
5.057330892020298757e-02 1.546874044404334958e+00 1.942083906000210414e+00 1.590177803269228474e-01
5.004592651319433178e-02 1.544460757796701555e+00 1.936574930391381955e+00 1.581864825343719527e-01
4.952229828125208344e-02 1.542050328849758234e+00 1.931061751064348853e+00 1.573567575308605637e-01
4.900242166070199745e-02 1.539642738616099127e+00 1.925544577123484480e+00 1.565286262328747235e-01
4.848629372015910571e-02 1.537237968695832846e+00 1.920023618541071730e+00 1.557021093629741282e-01
4.797391116479964718e-02 1.534836001231538516e+00 1.914499086385029969e+00 1.548772274493568912e-01
4.746527034065043532e-02 1.532436818904516551e+00 1.908971192749989054e+00 1.540540008254417947e-01
4.696036723889675246e-02 1.530040404929539077e+00 1.903440150937778519e+00 1.532324496294710237e-01
4.645919750020685579e-02 1.527646743051717992e+00 1.897906175608563561e+00 1.524125938041323014e-01
4.596175641907120774e-02 1.525255817541740999e+00 1.892369481714815338e+00 1.515944530961987613e-01
4.546803894815742292e-02 1.522867613189392788e+00 1.886830285166594345e+00 1.507780470561902175e-01
4.497803970267724716e-02 1.520482115300966219e+00 1.881288803250329655e+00 1.499633950380512837e-01
4.449175296476678282e-02 1.518099309694111554e+00 1.875745253745220831e+00 1.491505161988499195e-01
4.400917268787777475e-02 1.515719182692505163e+00 1.870199855341209361e+00 1.483394294984947126e-01
4.353029250117836785e-02 1.513341721122060779e+00 1.864652827443453509e+00 1.475301536994698126e-01
4.305510571396454350e-02 1.510966912305019338e+00 1.859104390331612455e+00 1.467227073665909043e-01
4.258360532007800237e-02 1.508594744056711567e+00 1.853554765036580676e+00 1.459171088667775285e-01
4.211578400233242925e-02 1.506225204679288110e+00 1.848004173003051420e+00 1.451133763688455258e-01
4.165163413694525363e-02 1.503858282957496906e+00 1.842452836648476255e+00 1.443115278433175774e-01
4.119114779797468373e-02 1.501493968154190783e+00 1.836900978774489213e+00 1.435115810622520638e-01
4.073431676176116761e-02 1.499132250004327593e+00 1.831348822867023385e+00 1.427135535990908810e-01
4.028113251137108164e-02 1.496773118711463457e+00 1.825796592824042719e+00 1.419174628285241879e-01
3.983158624104406881e-02 1.494416564940960201e+00 1.820244513016943344e+00 1.411233259263756090e-01
3.938566886064009259e-02 1.492062579816738621e+00 1.814692808868584528e+00 1.403311598695031193e-01
3.894337100008776753e-02 1.489711154916287361e+00 1.809141705547112178e+00 1.395409814357197464e-01
3.850468301383157960e-02 1.487362282263486657e+00 1.803591428466021496e+00 1.387528072037311488e-01
3.806959498527785063e-02 1.485015954325233700e+00 1.798042204259605148e+00 1.379666535530920390e-01
3.763809673123760108e-02 1.482672164007266424e+00 1.792494259583702343e+00 1.371825366641789556e-01
3.721017780636669270e-02 1.480330904647194856e+00 1.786947820901298112e+00 1.364004725181820754e-01
3.678582750760116954e-02 1.477992170009777562e+00 1.781403115172322638e+00 1.356204768971138175e-01
3.636503487858756822e-02 1.475655954282097060e+00 1.775860369828591523e+00 1.348425653838348781e-01
3.594778871410742732e-02 1.473322252068817173e+00 1.770319812776167234e+00 1.340667533620983620e-01
3.553407756449419169e-02 1.470991058387420836e+00 1.764781671330798218e+00 1.332930560166098732e-01
3.512388974004302528e-02 1.468662368660362816e+00 1.759246172960475585e+00 1.325214883331058691e-01
3.471721331541170741e-02 1.466336178712628557e+00 1.753713546117726452e+00 1.317520650984486674e-01
3.431403613401203673e-02 1.464012484766392896e+00 1.748184018674748375e+00 1.309848009007381631e-01
3.391434581239109042e-02 1.461691283434014110e+00 1.742657818263109615e+00 1.302197101294406412e-01
3.351812974460156858e-02 1.459372571713804856e+00 1.737135173017420042e+00 1.294568069755344386e-01
3.312537510655978734e-02 1.457056346985283080e+00 1.731616311056350499e+00 1.286961054316714537e-01
3.273606886039165387e-02 1.454742607003481902e+00 1.726101460133342869e+00 1.279376192923560307e-01
3.235019775876479819e-02 1.452431349893267054e+00 1.720590847880690388e+00 1.271813621541395545e-01
3.196774834920685510e-02 1.450122574144453891e+00 1.715084701956355984e+00 1.264273474158317812e-01
3.158870697840864689e-02 1.447816278606627760e+00 1.709583249813622974e+00 1.256755882787278789e-01
3.121305979651194801e-02 1.445512462483675042e+00 1.704086718694484803e+00 1.249260977468518163e-01
3.084079276138063791e-02 1.443211125328672129e+00 1.698595335745623380e+00 1.241788886272152115e-01
3.047189164285509649e-02 1.440912267038836125e+00 1.693109327620097471e+00 1.234339735300923890e-01
3.010634202698874579e-02 1.438615887849355568e+00 1.687628920546019318e+00 1.226913648693108844e-01
2.974412932026611334e-02 1.436321988328641330e+00 1.682154340712216811e+00 1.219510748625573099e-01
2.938523875380213632e-02 1.434030569373349273e+00 1.676685814026989574e+00 1.212131155316992365e-01
2.902965538752115895e-02 1.431741632203021641e+00 1.671223565433137992e+00 1.204774987031212441e-01
2.867736411431614368e-02 1.429455178353263189e+00 1.665767819870882294e+00 1.197442360080771123e-01
2.832834966418655911e-02 1.427171209673231855e+00 1.660318802201963040e+00 1.190133388830566380e-01
2.798259660835478169e-02 1.424889728318657012e+00 1.654876735823382905e+00 1.182848185701672883e-01
2.764008936336010899e-02 1.422610736745534954e+00 1.649441844327357964e+00 1.175586861175304809e-01
2.730081219513040558e-02 1.420334237707938430e+00 1.644014350781184852e+00 1.168349523796933104e-01
2.696474922302966037e-02 1.418060234249749696e+00 1.638594476895193663e+00 1.161136280180532082e-01
2.663188442388221902e-02 1.415788729700279580e+00 1.633182444383447729e+00 1.153947235012983963e-01
2.630220163597225477e-02 1.413519727669898307e+00 1.627778474396084807e+00 1.146782491058619541e-01
2.597568456301818998e-02 1.411253232044157313e+00 1.622382787124862835e+00 1.139642149163898471e-01
2.565231677812170388e-02 1.408989246978440191e+00 1.616995602078622918e+00 1.132526308262234299e-01
2.533208172769039340e-02 1.406727776892956694e+00 1.611617138165242880e+00 1.125435065378949245e-01
2.501496273533409739e-02 1.404468826467722753e+00 1.606247613216251091e+00 1.118368515636373323e-01
2.470094300573408980e-02 1.402212400636355216e+00 1.600887244328711434e+00 1.111326752259075429e-01
2.439000562848465947e-02 1.399958504582113461e+00 1.595536248065407836e+00 1.104309866579228222e-01
2.408213358190675057e-02 1.397707143732332957e+00 1.590194839761708057e+00 1.097317948042105806e-01
2.377730973683321938e-02 1.395458323752693186e+00 1.584863234172420698e+00 1.090351084211714366e-01
2.347551686036496513e-02 1.393212050543527036e+00 1.579541644825759983e+00 1.083409360776547981e-01
2.317673761959798684e-02 1.390968330232436934e+00 1.574230284260520696e+00 1.076492861555476965e-01
2.288095458532059950e-02 1.388727169171387166e+00 1.568929364441630003e+00 1.069601668503761260e-01
2.258815023568053193e-02 1.386488573930527268e+00 1.563639095855951622e+00 1.062735861719188712e-01
2.229830695982152472e-02 1.384252551292979305e+00 1.558359688119349995e+00 1.055895519448338399e-01
2.201140706148910914e-02 1.382019108250413852e+00 1.553091349748095151e+00 1.049080718092967046e-01
2.172743276260490422e-02 1.379788251997333903e+00 1.547834288329790420e+00 1.042291532216512440e-01
2.144636620680958478e-02 1.377559989927225947e+00 1.542588709998240937e+00 1.035528034550721038e-01
2.116818946297372925e-02 1.375334329625564456e+00 1.537354819827362551e+00 1.028790296002390636e-01
2.089288452867648152e-02 1.373111278867143570e+00 1.532132821999372396e+00 1.022078385660231126e-01
2.062043333365172482e-02 1.370890845609621822e+00 1.526922919022278835e+00 1.015392370801842387e-01
2.035081774320105993e-02 1.368673037988927588e+00 1.521725312315772127e+00 1.008732316900798481e-01
2.008401956157396945e-02 1.366457864314468029e+00 1.516540201952563338e+00 1.002098287633852031e-01
1.982002053531434563e-02 1.364245333063977883e+00 1.511367787126928874e+00 9.954903448882451711e-02
1.955880235657337859e-02 1.362035452880068442e+00 1.506208265388410128e+00 9.889085487691311183e-02
1.930034666638833288e-02 1.359828232563194295e+00 1.501061832582947231e+00 9.823529576070999525e-02
1.904463505792748645e-02 1.357623681068203414e+00 1.495928683600011189e+00 9.758236279658195900e-02
1.879164907970003531e-02 1.355421807499346709e+00 1.490809011802185502e+00 9.693206146497668207e-02
1.854137023873193152e-02 1.353222621105480972e+00 1.485703009250866735e+00 9.628439707120757529e-02
1.829378000370650639e-02 1.351026131275784303e+00 1.480610866449617369e+00 9.563937474624796542e-02
1.804885980807006615e-02 1.348832347534421938e+00 1.475532772086451727e+00 9.499699944753535463e-02
1.780659105310249818e-02 1.346641279535743640e+00 1.470468913814535483e+00 9.435727595978621318e-02
1.756695511095199627e-02 1.344452937061062503e+00 1.465419477583374208e+00 9.372020889581925140e-02
1.732993332763462652e-02 1.342267330012265392e+00 1.460384647576518313e+00 9.308580269738943314e-02
1.709550702599794275e-02 1.340084468408581753e+00 1.455364606689761420e+00 9.245406163603074601e-02
1.686365750864873142e-02 1.337904362381517887e+00 1.450359535868108951e+00 9.182498981390831150e-02
1.663436606084481989e-02 1.335727022170087652e+00 1.445369614761931043e+00 9.119859116467977922e-02
1.640761395335072273e-02 1.333552458117527539e+00 1.440395021189724067e+00 9.057486945436554748e-02
1.618338244525699757e-02 1.331380680665296579e+00 1.435435931100534690e+00 8.995382828222764360e-02
1.596165278676328625e-02 1.329211700349844039e+00 1.430492518974253224e+00 8.933547108165738881e-02
1.574240622192501701e-02 1.327045527797727775e+00 1.425564957564183999e+00 8.871980112107166749e-02
1.552562399136344327e-02 1.324882173721870560e+00 1.420653417714356159e+00 8.810682150481721764e-02
1.531128733493922200e-02 1.322721648916353132e+00 1.415758068491365762e+00 8.749653517408338688e-02
1.509937749438935474e-02 1.320563964253135270e+00 1.410879077359374234e+00 8.688894490782286817e-02
1.488987571592733164e-02 1.318409130677398400e+00 1.406016609543719209e+00 8.628405332368006830e-02
1.468276325280664860e-02 1.316257159202841587e+00 1.401170828598631735e+00 8.568186287892744224e-02
1.447802136784759851e-02 1.314108060908550257e+00 1.396341896804232041e+00 8.508237587140946023e-02
1.427563133592714244e-02 1.311961846935369103e+00 1.391529973733045544e+00 8.448559444049365263e-02
1.407557444643222841e-02 1.309818528479415489e+00 1.386735217074116289e+00 8.389152056802948176e-02
1.387783200567600621e-02 1.307678116790611522e+00 1.381957783358706227e+00 8.330015607931358368e-02
1.368238533927756614e-02 1.305540623168045089e+00 1.377197826011966386e+00 8.271150264406265662e-02
1.348921579450469872e-02 1.303406058953949787e+00 1.372455497228547427e+00 8.212556177739273322e-02
1.329830474258006032e-02 1.301274435533724905e+00 1.367730947748457604e+00 8.154233484080541938e-02
1.310963358095047424e-02 1.299145764329451058e+00 1.363024325067091480e+00 8.096182304318028100e-02
1.292318373551977484e-02 1.297020056795799903e+00 1.358335775033920889e+00 8.038402744177407244e-02
1.273893666284478879e-02 1.294897324417499052e+00 1.353665441947031312e+00 7.980894894322562716e-02
1.255687385229494087e-02 1.292777578705567976e+00 1.349013467823215962e+00 7.923658830456717372e-02
1.237697682817532133e-02 1.290660831193180424e+00 1.344379992273678104e+00 7.866694613424154991e-02
1.219922715181327548e-02 1.288547093431745338e+00 1.339765152746352772e+00 7.810002289312492629e-02
1.202360642360878092e-02 1.286436376987475372e+00 1.335169085185797799e+00 7.753581889555555273e-02
1.185009628504843718e-02 1.284328693439128921e+00 1.330591923147115718e+00 7.697433431036750096e-02
1.167867842068339053e-02 1.282224054372618216e+00 1.326033797569137418e+00 7.641556916192991655e-02
1.150933456007123025e-02 1.280122471378372762e+00 1.321494837561820734e+00 7.585952333119168334e-02
1.134204647968192065e-02 1.278023956047897203e+00 1.316975170277875362e+00 7.530619655673070900e-02
1.117679600476787806e-02 1.275928519970955133e+00 1.312474920623995178e+00 7.475558843580819290e-02
1.101356501119855197e-02 1.273836174731572290e+00 1.307994210727753792e+00 7.420769842542804251e-02
1.085233542725915976e-02 1.271746931904131017e+00 1.303533160760003362e+00 7.366252584340005072e-02
1.069308923541427425e-02 1.269660803051394504e+00 1.299091889018328505e+00 7.312006986940820796e-02
1.053580847403601077e-02 1.267577799720893239e+00 1.294670511331567742e+00 7.258032954608296949e-02
1.038047523909719008e-02 1.265497933441712686e+00 1.290269141264378083e+00 7.204330378007796354e-02
1.022707168582942527e-02 1.263421215721465929e+00 1.285887889945415585e+00 7.150899134315007177e-02
1.007558003034663037e-02 1.261347658042814235e+00 1.281526866141658338e+00 7.097739087324438090e-02
9.925982551233640191e-03 1.259277271860733238e+00 1.277186176627652880e+00 7.044850087558159057e-02
9.778261591100692596e-03 1.257210068599976527e+00 1.272865925619646399e+00 6.992231972375019533e-02
9.632399558103419204e-03 1.255146059651182089e+00 1.268566215466796043e+00 6.939884566080123385e-02
9.488378927428915352e-03 1.253085256370008338e+00 1.264287145876273444e+00 6.887807680034670199e-02
9.346182242747941293e-03 1.251027670071601872e+00 1.260028813657512403e+00 6.836001112766125487e-02
9.205792117633381302e-03 1.248973312029307614e+00 1.255791313976204471e+00 6.784464650078655956e-02
9.067191236945276386e-03 1.246922193472030704e+00 1.251574739502643974e+00 6.733198065163863155e-02
8.930362358182652657e-03 1.244874325581158292e+00 1.247379180799456311e+00 6.682201118711803001e-02
8.795288312802284139e-03 1.242829719488889761e+00 1.243204725645285391e+00 6.631473559022264819e-02
8.661952007504608586e-03 1.240788386273771637e+00 1.239051459321208304e+00 6.581015122116271043e-02
8.530336425487171012e-03 1.238750336959789200e+00 1.234919464904148390e+00 6.530825531847857246e-02
8.400424627665525543e-03 1.236715582512636580e+00 1.230808823256843709e+00 6.480904500015999270e-02
8.272199753862209681e-03 1.234684133838900078e+00 1.226719613411121124e+00 6.431251726476817920e-02
8.145645023963697315e-03 1.232656001783246857e+00 1.222651910632667871e+00 6.381866899255929371e-02
8.020743739045764140e-03 1.230631197123511100e+00 1.218605788218499963e+00 6.332749694660987083e-02
7.897479282467523981e-03 1.228609730571923686e+00 1.214581318123894915e+00 6.283899777394418018e-02
7.775835120934131671e-03 1.226591612771606776e+00 1.210578569061848908e+00 6.235316800666238640e-02
7.655794805528831626e-03 1.224576854293806694e+00 1.206597607109053616e+00 6.187000406307095052e-02
7.537341972714184726e-03 1.222565465635812254e+00 1.202638496290511005e+00 6.138950224881362105e-02
7.420460345303044221e-03 1.220557457219537012e+00 1.198701298490612688e+00 6.091165875800397256e-02
7.305133733399369993e-03 1.218552839389329234e+00 1.194786072588083226e+00 6.043646967435874900e-02
7.191346035309255022e-03 1.216551622408808431e+00 1.190892875556227581e+00 5.996393097233225500e-02
7.079081238422308027e-03 1.214553816461119817e+00 1.187021762461240248e+00 5.949403851825117023e-02
6.968323420063829432e-03 1.212559431645830132e+00 1.183172784998854921e+00 5.902678807145036316e-02
6.859056748317928984e-03 1.210568477976187829e+00 1.179345992283855393e+00 5.856217528540896139e-02
6.751265482821932826e-03 1.208580965377796357e+00 1.175541432021318222e+00 5.810019570888695639e-02
6.644933975532317690e-03 1.206596903688418099e+00 1.171759149670172917e+00 5.764084478706188452e-02
6.540046671462540831e-03 1.204616302654946125e+00 1.167999187648292914e+00 5.718411786266594521e-02
6.436588109392875866e-03 1.202639171931643824e+00 1.164261586249655922e+00 5.673001017712263339e-02
6.334542922552793137e-03 1.200665521079124609e+00 1.160546383128661097e+00 5.627851687168378830e-02
6.233895839275975688e-03 1.198695359561589902e+00 1.156853613980720397e+00 5.582963298856609413e-02
6.134631683628336864e-03 1.196728696747313192e+00 1.153183312649923131e+00 5.538335347208733772e-02
6.036735376009390829e-03 1.194765541906153139e+00 1.149535510051767684e+00 5.493967316980230553e-02
5.940191933727119108e-03 1.192805904207892231e+00 1.145910234776819747e+00 5.449858683363779932e-02
5.844986471546823222e-03 1.190849792721080602e+00 1.142307513277394992e+00 5.406008912102727715e-02
5.751104202214138601e-03 1.188897216411827218e+00 1.138727370099274605e+00 5.362417459604454373e-02
5.658530436952548086e-03 1.186948184143182816e+00 1.135169827153302169e+00 5.319083773053658037e-02
5.567250585935685538e-03 1.185002704672504015e+00 1.131634904292007970e+00 5.276007290525518839e-02
5.477250158734804295e-03 1.183060786652093910e+00 1.128122619439679619e+00 5.233187441098782061e-02
5.388514764741573516e-03 1.181122438626876381e+00 1.124632987827003161e+00 5.190623644968672679e-02
5.301030113566680343e-03 1.179187669033555652e+00 1.121166022743141921e+00 5.148315313559708589e-02
5.214782015414405267e-03 1.177256486199879326e+00 1.117721735707257746e+00 5.106261849638346617e-02
5.129756381433587913e-03 1.175328898344194517e+00 1.114300135985802687e+00 5.064462647425483494e-02
5.045939224045253857e-03 1.173404913573786956e+00 1.110901230350088031e+00 5.022917092708804876e-02
4.963316657247095025e-03 1.171484539884017906e+00 1.107525024056213558e+00 4.981624562954887342e-02
4.881874896895378735e-03 1.169567785158681428e+00 1.104171520181186361e+00 4.940584427421202546e-02
4.801600260964351309e-03 1.167654657167849441e+00 1.100840719786082111e+00 4.899796047267861165e-02
4.722479169783564724e-03 1.165745163568617793e+00 1.097532622581443462e+00 4.859258775669168112e-02
4.644498146253398657e-03 1.163839311904306228e+00 1.094247225497220422e+00 4.818971957924946675e-02
4.567643816039195989e-03 1.161937109602413365e+00 1.090984523527530614e+00 4.778934931571676009e-02
4.491902907744072491e-03 1.160038563975553494e+00 1.087744510781527563e+00 4.739147026493308046e-02
4.417262253061051205e-03 1.158143682221509208e+00 1.084527179310197154e+00 4.699607565031920647e-02
4.343708786904561421e-03 1.156252471421883810e+00 1.081332519259282643e+00 4.660315862098062673e-02
4.271229547521746342e-03 1.154364938542500774e+00 1.078160518848489735e+00 4.621271225280845774e-02
4.199811676583843981e-03 1.152481090432048827e+00 1.075011164760411697e+00 4.582472954957751005e-02
4.129442419258042007e-03 1.150600933823286320e+00 1.071884443025741041e+00 4.543920344404180772e-02
4.060109124259925380e-03 1.148724475333420703e+00 1.068780336769261652e+00 4.505612679902659679e-02
3.991799243887062323e-03 1.146851721460948603e+00 1.065698828060691827e+00 4.467549240851779319e-02
3.924500334033869178e-03 1.144982678589693492e+00 1.062639898774756286e+00 4.429729299874806542e-02
3.858200054188148757e-03 1.143117352987288449e+00 1.059603527904106501e+00 4.392152122927978075e-02
3.792886167409591485e-03 1.141255750804050173e+00 1.056589693706959432e+00 4.354816969408468325e-02
3.728546540290499089e-03 1.139397878075643300e+00 1.053598373590301174e+00 4.317723092261996354e-02
3.665169142899128533e-03 1.137543740721718821e+00 1.050629543242999286e+00 4.280869738090104654e-02
3.602742048705904684e-03 1.135693344546941042e+00 1.047683177756515427e+00 4.244256147257081252e-02
3.541253434492827850e-03 1.133846695241780278e+00 1.044759251343730044e+00 4.207881553996516838e-02
3.480691580246323379e-03 1.132003798383000914e+00 1.041857737036861797e+00 4.171745186517462206e-02
3.421044869033988255e-03 1.130164659433888108e+00 1.038978607006743271e+00 4.135846267110268593e-02
3.362301786865309720e-03 1.128329283745349798e+00 1.036121833255004621e+00 4.100184012251956167e-02
3.304450922536882832e-03 1.126497676557452809e+00 1.033287386890309412e+00 4.064757632711255703e-02
3.247480967462283968e-03 1.124669842999143077e+00 1.030475238224206391e+00 4.029566333653215870e-02
3.191380715486931592e-03 1.122845788089969821e+00 1.027685357949788658e+00 3.994609314743390038e-02
3.136139062688302059e-03 1.121025516742016004e+00 1.024917716161840575e+00 3.959885770251651144e-02
3.081745007161625777e-03 1.119209033759753336e+00 1.022172282656494069e+00 3.925394889155501416e-02
3.028187648791581116e-03 1.117396343842536277e+00 1.019449027392576701e+00 3.891135855243029601e-02
2.975456189010097958e-03 1.115587451585297929e+00 1.016747920805383121e+00 3.857107847215383162e-02
2.923539930540636472e-03 1.113782361481613581e+00 1.014068933811382855e+00 3.823310038788795689e-02
2.872428277129232977e-03 1.111981077924363959e+00 1.011412036853629015e+00 3.789741598796171618e-02
2.822110733262600882e-03 1.110183605207006430e+00 1.008777202055594957e+00 3.756401691288220601e-02
2.772576903873504375e-03 1.108389947528221509e+00 1.006164402349258191e+00 3.723289475634082579e-02
2.723816494033803014e-03 1.106600108991500075e+00 1.003573610662179760e+00 3.690404106621524710e-02
2.675819308635359745e-03 1.104814093608273762e+00 1.001004802385228043e+00 3.657744734556636623e-02
2.628575252059122454e-03 1.103031905302018556e+00 9.984579545446055082e-01 3.625310505363038560e-02
2.582074327832653126e-03 1.101253547909786246e+00 9.959330449281151854e-01 3.593100560680603101e-02
2.536306638276395169e-03 1.099479025184665115e+00 9.934300535475255600e-01 3.561114037963678675e-02
2.491262384138905311e-03 1.097708340799953275e+00 9.909489633785119045e-01 3.529350070578792659e-02
2.446931864221395247e-03 1.095941498352902554e+00 9.884897599295232595e-01 3.497807787901870136e-02
2.403305474991773889e-03 1.094178501368032075e+00 9.860524307781379783e-01 3.466486315414914199e-02
2.360373710188516314e-03 1.092419353299962648e+00 9.836369672287741395e-01 3.435384774802173469e-02
2.318127160414606633e-03 1.090664057539691534e+00 9.812433647321593400e-01 3.404502284045794747e-02
2.276556512721775085e-03 1.088912617418087203e+00 9.788716217062911618e-01 3.373837957520911535e-02
2.235652550185360677e-03 1.087165036209945868e+00 9.765217418667019311e-01 3.343390906090223241e-02
2.195406151470011887e-03 1.085421317141630482e+00 9.741937342698155922e-01 3.313160237198022745e-02
2.155808290386487802e-03 1.083681463395078204e+00 9.718876123680846302e-01 3.283145054963675785e-02
2.116850035439804718e-03 1.081945478113642389e+00 9.696033957406566817e-01 3.253344460274537608e-02
2.078522549369027882e-03 1.080213364409118526e+00 9.673411112870288209e-01 3.223757550878344341e-02
2.040817088678851480e-03 1.078485125369603059e+00 9.651007928992678675e-01 3.194383421474988882e-02
2.003725003163342889e-03 1.076760764065791465e+00 9.628824821743087181e-01 3.165221163807786092e-02
1.967237735421984747e-03 1.075040283559990595e+00 9.606862297331690836e-01 3.136269866754123198e-02
1.931346820368325589e-03 1.073323686914623432e+00 9.585120956281892868e-01 3.107528616415563757e-02
1.896043884731444607e-03 1.071610977201814974e+00 9.563601506500454263e-01 3.078996496207363903e-02
1.861320646550449973e-03 1.069902157514059038e+00 9.542304769293598055e-01 3.050672586947384898e-02
1.827168914662300435e-03 1.068197230974690548e+00 9.521231694309675309e-01 3.022555966944450584e-02
1.793580588183116492e-03 1.066496200751025025e+00 9.500383373684750943e-01 2.994645712086086223e-02
1.760547655983255456e-03 1.064799070067124154e+00 9.479761045359149652e-01 2.966940895925680027e-02
1.728062196156336010e-03 1.063105842217302976e+00 9.459366120963014213e-01 2.939440589769026085e-02
1.696116375482496124e-03 1.061416520583603917e+00 9.439200195927557324e-01 2.912143862760300031e-02
1.664702448885996625e-03 1.059731108650815656e+00 9.419265061649192416e-01 2.885049781967372398e-02
1.633812758887516091e-03 1.058049610025834975e+00 9.399562743637940310e-01 2.858157412466566863e-02
1.603439735051253494e-03 1.056372028459108492e+00 9.380095511638824046e-01 2.831465817426773515e-02
1.573575893427085802e-03 1.054698367865440911e+00 9.360865904221108424e-01 2.804974058192950467e-02
1.544213835988025125e-03 1.053028632349425120e+00 9.341876759705732836e-01 2.778681194369034615e-02
1.515346250063081884e-03 1.051362826231302838e+00 9.323131249063161263e-01 2.752586283900181410e-02
1.486965907765836706e-03 1.049700954077763537e+00 9.304632915000661253e-01 2.726688383154405107e-02
1.459065665418902763e-03 1.048043020734200415e+00 9.286385705366358989e-01 2.700986547003615332e-02
1.431638462974404525e-03 1.046389031360881683e+00 9.268394025680233295e-01 2.675479828903971208e-02
1.404677323430773058e-03 1.044738991473862288e+00 9.250662781503646848e-01 2.650167280975649145e-02
1.378175352245978626e-03 1.043092906987985513e+00 9.233197445480478827e-01 2.625047954081961843e-02
1.352125736747371038e-03 1.041450784268877383e+00 9.216004119907124092e-01 2.600120897907798323e-02
1.326521745538450413e-03 1.039812630186155218e+00 9.199089606808628083e-01 2.575385161037519952e-02
1.301356727902525622e-03 1.038178452176904853e+00 9.182461510593487031e-01 2.550839791032088327e-02
1.276624113203707984e-03 1.036548258315909798e+00 9.166128317683960303e-01 2.526483834505683160e-02
1.252317410285148924e-03 1.034922057392080097e+00 9.150099519731678122e-01 2.502316337201542645e-02
1.228430206864951357e-03 1.033299858999110921e+00 9.134385750310164420e-01 2.478336344067277180e-02
1.204956168929723808e-03 1.031681673634524454e+00 9.118998922042704791e-01 2.454542899329449288e-02
1.181889040126039197e-03 1.030067512812937291e+00 9.103952416018883387e-01 2.430935046567512733e-02
1.159222641150026416e-03 1.028457389196604677e+00 9.089261288471273126e-01 2.407511828787167740e-02
1.136950869135082117e-03 1.026851316743014442e+00 9.074942504912117958e-01 2.384272288492950490e-02
1.115067697038080868e-03 1.025249310874361219e+00 9.061015229742472865e-01 2.361215467760281392e-02
1.093567173024058339e-03 1.023651388673459950e+00 9.047501158748095795e-01 2.338340408306774365e-02
1.072443419849618577e-03 1.022057569108750785e+00 9.034424915016115998e-01 2.315646151562904959e-02
1.051690634245253195e-03 1.020467873296487138e+00 9.021814537646364318e-01 2.293131738742077916e-02
1.031303086296576563e-03 1.018882324807768525e+00 9.009702044776145557e-01 2.270796210909927296e-02
1.011275118824827863e-03 1.017300950025352924e+00 8.998124106739781025e-01 2.248638609053072931e-02
9.916011467665972971e-04 1.015723778564100455e+00 8.987122902111797096e-01 2.226657974147126795e-02
9.722756565530379404e-04 1.014150843772441357e+00 8.976747132683304820e-01 2.204853347224071045e-02
9.532932054886762274e-04 1.012582183324684415e+00 8.967053252150377629e-01 2.183223769438987633e-02
9.346484211299218962e-04 1.011017839931128481e+00 8.958107038572397096e-01 2.161768282136087085e-02
9.163360006634745005e-04 1.009457862198181122e+00 8.949985515390177504e-01 2.140485926914113823e-02
8.983507102847126816e-04 1.007902305666612319e+00 8.942779370102230674e-01 2.119375745691066265e-02
8.806873845761826461e-04 1.006351234086228619e+00 8.936596050477714215e-01 2.098436780768225471e-02
8.633409258864113613e-04 1.004804720986599564e+00 8.931563689275475726e-01 2.077668074893595021e-02
8.463063037090140040e-04 1.003262851629334929e+00 8.927836222570254554e-01 2.057068671324579351e-02
8.295785540623826487e-04 1.001725725466012129e+00 8.925600083880523838e-01 2.036637613890088586e-02
8.131527788699326707e-04 1.000193459255920514e+00 8.925083052444853227e-01 2.016373947051901261e-02
7.970241453411394238e-04 9.986661910720694424e-01 8.926566206578051554e-01 1.996276715965423706e-02
7.811878853534007542e-04 9.971440855209773302e-01 8.930400202102503071e-01 1.976344966539749642e-02
7.656392948348603351e-04 9.956273406280503613e-01 8.937027895752908124e-01 1.956577745497045662e-02
7.503737331483492472e-04 9.941161970845083795e-01 8.947016417080900785e-01 1.936974100431326437e-02
7.353866224764594658e-04 9.926109508817659854e-01 8.961103503571790085e-01 1.917533079866497875e-02
7.206734472079514599e-04 9.911119709302431691e-01 8.980266285525529968e-01 1.898253733313794156e-02
7.062297533255328715e-04 9.896197242313397036e-01 9.005826222406700943e-01 1.879135111328524010e-02
6.920511477951200602e-04 9.881348128152764865e-01 9.039614515839203834e-01 1.860176265566142531e-02
6.781332979567290939e-04 9.866580297160150170e-01 9.084243335839030653e-01 1.841376248837712712e-02
6.644719309170048606e-04 9.851904470841577055e-01 9.143571729314233787e-01 1.822734115164640484e-02
6.510628329435722917e-04 9.837335614282136653e-01 9.223553267760439267e-01 1.804248919832809883e-02
6.379018488612377743e-04 9.822895471027389691e-01 9.333894315827101495e-01 1.785919719446030576e-02
6.249848814501389850e-04 9.808617321867795225e-01 9.491623070100798643e-01 1.767745571978811270e-02
6.123078908459779089e-04 9.794555827703592676e-01 9.729864747420055027e-01 1.749725536828530478e-02
5.998668939423386706e-04 9.780810365411067853e-01 1.012430385068620486e+00 1.731858674866888076e-02
5.876579637952641932e-04 9.767593365470508271e-01 1.090979971039574670e+00 1.714144048490768082e-02
5.756772290300750947e-04 9.755527276027836647e-01 1.177402709327060037e+00 1.696580721672380498e-02
5.639208732506096082e-04 9.744281403738733749e-01 1.244340349206143337e+00 1.679167760008823049e-02
