1.983960718156370026e-02 2.445384100829355489e+01 2.447326031856979256e+01 9.959821078102683301e-02
2.112775976935761524e-02 2.288460815707635376e+01 2.289346532755227770e+01 1.027807369339158172e-01
2.248114922569878840e-02 2.147584155158327590e+01 2.146407111312041849e+01 1.060215761665963680e-01
2.390166987823977990e-02 2.020476126922364912e+01 2.017136371577300480e+01 1.093198744013177542e-01
2.539116667256614487e-02 1.905372342297921406e+01 1.901029920720009159e+01 1.126746792153546506e-01
2.695142582997012148e-02 1.800758059213852391e+01 1.795839569706103589e+01 1.160849383640490257e-01
2.858416516668585081e-02 1.705348536238130563e+01 1.700072000881969814e+01 1.195494984654595916e-01
3.029102410244311275e-02 1.618052137240997013e+01 1.612552948152002230e+01 1.230671038548545593e-01
3.207355338974999387e-02 1.537937338602349513e+01 1.532312173870930749e+01 1.266363956170381277e-01
3.393320459887814305e-02 1.464205441885570735e+01 1.458530938758498330e+01 1.302559108042282698e-01
3.587131939706499073e-02 1.396168362213927772e+01 1.390510127410112418e+01 1.339240818468900029e-01
3.788911866394134575e-02 1.333230575382990857e+01 1.327647927631091562e+01 1.376392361645859819e-01
3.998769148861013728e-02 1.274874401308129812e+01 1.269423023710785614e+01 1.413995959835284144e-01
4.216798409711060985e-02 1.220647952723845009e+01 1.215381436651962055e+01 1.452032783671061145e-01
4.443078876217321921e-02 1.170155216519222385e+01 1.165125978624322478e+01 1.490482954652169456e-01
4.677673275017064924e-02 1.123047848226730316e+01 1.118307673261977264e+01 1.529325549877635637e-01
4.920626736296677267e-02 1.079018349338513083e+01 1.074618698933030991e+01 1.568538609071621903e-01
5.171965713492902850e-02 1.037794366555076309e+01 1.033786535426821551e+01 1.608099143941831566e-01
5.431696924766353518e-02 9.991339060096287028e+00 9.955690750171344305e+00 1.647983149908753275e-01
5.699806322702981320e-02 9.628212974864966966e+00 9.597505146460999725e+00 1.688165620237389586e-01
5.976258098865908086e-02 9.286637764376497017e+00 9.261378862710296644e+00 1.728620562596937804e-01
6.260993729950820041e-02 8.964885773265894642e+00 8.945581123836181092e+00 1.769321018067498696e-01
6.553931072390431489e-02 8.661404521144996593e+00 8.648554964734749717e+00 1.810239082606276972e-01
6.854963512304260154e-02 8.374795437815551580e+00 8.368895757712421002e+00 1.851345930978900156e-01
7.163959177697203085e-02 8.103795575840575083e+00 8.105332773328916218e+00 1.892611843154480833e-01
7.480760219771732944e-02 7.847261830022143947e+00 7.856713293535647402e+00 1.934006233155898258e-01
7.805182170132035635e-02 7.604157275823275164e+00 7.621988882075268812e+00 1.975497680349439789e-01
8.137013380522799266e-02 7.373539305448191250e+00 7.400203486135337627e+00 2.017053963150564622e-01
8.476014551559069021e-02 7.154549294432263729e+00 7.190483098827452402e+00 2.058642095115014170e-01
8.821918356666021144e-02 6.946403575742107428e+00 6.992026757116261315e+00 2.100228363376947238e-01
9.174429167158119902e-02 6.748385534541652575e+00 6.804098686479868263e+00 2.141778369388172565e-01
9.533222884045763901e-02 6.559838666508190030e+00 6.626021433602118371e+00 2.183257071904928515e-01
9.897946881764786708e-02 6.380160467123483947e+00 6.457169852991673231e+00 2.224628832161085201e-01
1.026822006858065239e-01 6.208797039695252984e+00 6.296965833744891050e+00 2.265857461159092034e-01
1.064363306792636826e-01 6.045238326773629822e+00 6.144873669497115110e+00 2.306906269002532428e-01
1.102374852439261810e-01 5.889013883733013266e+00 6.000395988471923125e+00 2.347738116186792456e-01
1.140810153750256989e-01 5.739689125099560307e+00 5.863070172252189849e+00 2.388315466757121031e-01
1.179620022577526905e-01 5.596861984125470535e+00 5.732465201619246997e+00 2.428600443236316742e-01
1.218752642291299759e-01 5.460159934466622289e+00 5.608178875932498642e+00 2.468554883217405627e-01
1.258153650724357642e-01 5.329237329881243213e+00 5.489835359489484645e+00 2.508140397510033592e-01
1.297766236481224245e-01 5.203773023851995916e+00 5.377083014172430175e+00 2.547318429722935096e-01
1.337531248575330456e-01 5.083468236118725336e+00 5.269592482628059571e+00 2.586050317158707368e-01
1.377387319278496891e-01 4.968044637440889311e+00 5.167054990576189333e+00 2.624297352891338253e-01
1.417270999986582070e-01 4.857242627612340158e+00 5.069180840550448153e+00 2.662020848891478719e-01
1.457116909823434614e-01 4.750819784920556899e+00 4.975698072543746520e+00 2.699182200059339065e-01
1.496857896622927619e-01 4.648549467965484183e+00 4.886351269917716067e+00 2.735742949020363857e-01
1.536425209846417339e-01 4.550219553097860192e+00 4.800900491365221789e+00 2.771664851534558771e-01
1.575748684911087993e-01 4.455631292758126527e+00 4.719120311904694276e+00 2.806909942366416777e-01
1.614756938323948787e-01 4.364598281747499975e+00 4.640798957896745236e+00 2.841440601459010451e-01
1.653377572937338724e-01 4.276945519980293930e+00 4.565737522783011038e+00 2.875219620252806862e-01
1.691537392565371223e-01 4.192508561584857851e+00 4.493749251813304646e+00 2.908210267987316189e-01
1.729162625127370900e-01 4.111132741369901922e+00 4.424658885465351688e+00 2.940376357821708475e-01
1.766179153414687564e-01 4.032672470676902599e+00 4.358302052523816528e+00 2.971682312609044141e-01
1.802512752511945815e-01 3.956990595517941411e+00 4.294524704961568240e+00 3.002093230157872328e-01
1.838089332843316770e-01 3.883957810670691568e+00 4.233182587807799102e+00 3.031574947814515975e-01
1.872835187759423481e-01 3.813452124080852101e+00 4.174140738115920790e+00 3.060094106199532926e-01
1.906677244531486404e-01 3.745358366521734705e+00 4.117273008019436631e+00 3.087618211932529610e-01
1.939543317576800929e-01 3.679567741990749319e+00 4.062461607636063121e+00 3.114115699180748931e-01
1.971362362704029425e-01 3.615977414792884481e+00 4.009596664285741241e+00 3.139555989868654251e-01
2.002064731138529508e-01 3.554490129679460431e+00 3.958575795093886018e+00 3.163909552388096680e-01
2.031582422067329252e-01 3.495013861782674258e+00 3.909303690616945381e+00 3.187147958651534996e-01
2.059849332430701008e-01 3.437461493419790237e+00 3.861691707655690919e+00 3.209243939334232576e-01
2.086801502682835707e-01 3.381750515139411384e+00 3.815657469867022478e+00 3.230171437155337499e-01
2.112377357247974818e-01 3.327802748650253051e+00 3.771124475175990032e+00 3.249905658052226198e-01
2.136517938410714412e-01 3.275544089513833246e+00 3.728021709337156597e+00 3.268423120107549762e-01
2.159167132399961442e-01 3.224904267699735705e+00 3.686283265351753879e+00 3.285701700093879296e-01
2.180271886455283081e-01 3.175816624299464763e+00 3.645847968721241283e+00 3.301720677506868595e-01
2.199782415701934113e-01 3.128217902872202139e+00 3.606659008714210302e+00 3.316460775964291674e-01
2.217652398706561334e-01 3.082048054056484965e+00 3.568663576103894286e+00 3.329904201855183321e-01
2.233839160639186916e-01 3.037250052229184760e+00 3.531812508006352935e+00 3.342034680130643864e-01
2.248303843028254534e-01 2.993769723125006887e+00 3.496059940574316460e+00 3.352837487135526540e-01
2.261011559163913776e-01 2.951555581450587162e+00 3.461362970465666322e+00 3.362299480388320494e-01
2.271931534279860720e-01 2.910558677636684521e+00 3.427681326102501203e+00 3.370409125224904101e-01
2.281037229725449700e-01 2.870732452971429982e+00 3.394977049828979521e+00 3.377156518230573501e-01
2.288306450426889349e-01 2.832032602447926095e+00 3.363214192098576305e+00 3.382533407393701896e-01
2.293721435028521216e-01 2.794416944740378383e+00 3.332358518882992726e+00 3.386533208923633853e-01
2.297268928201796068e-01 2.757845298797747979e+00 3.302377233501838649e+00 3.389151020684823545e-01
2.298940234709934971e-01 2.722279366609608786e+00 3.273238713995234139e+00 3.390383632208849862e-01
2.298731254919635925e-01 2.687682621758286761e+00 3.244912267207347156e+00 3.390229531255690709e-01
2.296642501556838967e-01 2.654020203426248781e+00 3.217367900614376719e+00 3.388688906905470977e-01
2.292679097610701433e-01 2.621258815573096701e+00 3.190576112808841014e+00 3.385763649171853462e-01
2.286850755397771551e-01 2.589366631039432320e+00 3.164507703556691531e+00 3.381457345138166315e-01
2.279171736906114576e-01 2.558313200372338780e+00 3.139133604077133821e+00 3.375775271627329821e-01
2.269660795646005758e-01 2.528069365196797591e+00 3.114424728068603265e+00 3.368724384426548535e-01
2.258341100339028018e-01 2.498607175986222728e+00 3.090351843947598098e+00 3.360313304097571896e-01
2.245240140880176982e-01 2.469899814108528435e+00 3.066885468433219408e+00 3.350552298413037033e-01
2.230389617107178812e-01 2.441921518041048955e+00 3.043995781460004935e+00 3.339453261468993128e-01
2.213825311006914209e-01 2.414647513664224032e+00 3.021652562283091203e+00 3.327029689533078094e-01
2.195586943079951558e-01 2.388053948555319383e+00 2.999825146375720397e+00 3.313296653697003213e-01
2.175718013670078776e-01 2.362117830211786451e+00 2.978482402492764525e+00 3.298270769410903691e-01
2.154265630145767718e-01 2.336816968138327066e+00 2.957592729141911736e+00 3.281970162985769490e-01
2.131280320894199942e-01 2.312129919735771644e+00 2.937124069559136963e+00 3.264414435158470851e-01
2.106815837155299742e-01 2.288035939929859985e+00 2.917043943990575094e+00 3.245624621821892042e-01
2.080928943782751339e-01 2.264514934474509023e+00 2.897319498067947752e+00 3.225623152030279717e-01
2.053679200070854249e-01 2.241547416863184150e+00 2.877917565900419472e+00 3.204433803397141456e-01
2.025128731829984319e-01 2.219114468773931037e+00 2.858804746330154689e+00 3.182081655009801890e-01
1.995341995929150458e-01 2.197197703968301497e+00 2.839947490827021692e+00 3.158593037991084818e-01
1.964385538551503829e-01 2.175779235556289493e+00 2.821312201365968164e+00 3.133995483844467800e-01
1.932327748427574710e-01 2.154841646530547994e+00 2.802865336650344208e+00 3.108317670724450310e-01
1.899238606321457801e-01 2.134367963464860463e+00 2.784573524981464931e+00 3.081589367778790889e-01
1.865189432047172358e-01 2.114341633260948150e+00 2.766403682084510596e+00 3.053841377713626959e-01
1.830252630286131887e-01 2.094746502819060829e+00 2.748323132353276410e+00 3.025105477736381165e-01
1.794501436462215549e-01 2.075566801499530989e+00 2.730299731904377580e+00 2.995414359034669349e-01
1.758009663908584042e-01 2.056787126231607310e+00 2.712301991900447184e+00 2.964801564952184165e-01
1.720851453530468089e-01 2.038392429118676130e+00 2.694299200813636386e+00 2.933301428024801538e-01
1.683101027130972371e-01 2.020368007382092213e+00 2.676261544294728179e+00 2.900949006041791955e-01
1.644832445522942388e-01 2.002699495478016622e+00 2.658160221435159620e+00 2.867780017298173223e-01
1.606119372499563991e-01 1.985372859217138686e+00 2.639967556358693734e+00 2.833830775204796981e-01
1.567034845680123356e-01 1.968374391712185423e+00 2.621657104187401277e+00 2.799138122422796249e-01
1.527651055185757223e-01 1.951690710975781062e+00 2.603203750547965711e+00 2.763739364688498901e-01
1.488039131033680462e-01 1.935308758988716349e+00 2.584583803885131204e+00 2.727672204493861718e-01
1.448268940067820587e-01 1.919215802058570564e+00 2.565775080021780230e+00 2.690974674785904242e-01
1.408408893169696141e-01 1.903399432289836435e+00 2.546756978462564991e+00 2.653685072846527770e-01
1.368525763416342800e-01 1.887847569987998630e+00 2.527510550072770368e+00 2.615841894511538590e-01
1.328684515772705910e-01 1.872548466824348390e+00 2.508018555917405745e+00 2.577483768884593629e-01
1.288948148824935469e-01 1.857490709593001776e+00 2.488265517059748078e+00 2.538649393698286238e-01
1.249377548978942432e-01 1.842663224396605459e+00 2.468237755243617659e+00 2.499377471470588530e-01
1.210031357466111457e-01 1.828055281104824736e+00 2.447923424518907431e+00 2.459706646600475777e-01
1.170965850415793541e-01 1.813656497937712775e+00 2.427312533858765331e+00 2.419675443541750570e-01
1.132234832172718808e-01 1.799456846033761437e+00 2.406396960919139794e+00 2.379322206188895783e-01
1.093889541957337175e-01 1.785446653872747147e+00 2.385170457184713655e+00 2.338685038603250110e-01
1.055978573888854688e-01 1.771616611433138422e+00 2.363628644750796148e+00 2.297801747201936862e-01
1.018547810314895941e-01 1.757957773974334836e+00 2.341769005021979932e+00 2.256709784525799400e-01
9.816403683187374662e-02 1.744461565344269216e+00 2.319590859684516282e+00 2.215446194696158166e-01
9.452965592054062005e-02 1.731119780724770241e+00 2.297095344365941649e+00 2.174047560663526779e-01
9.095538607019160171e-02 1.717924588738102942e+00 2.274285375300010514e+00 2.132549953344488602e-01
8.744469015450047344e-02 1.704868532847889417e+00 2.251165609430050729e+00 2.090988882735875243e-01
8.400074580721014761e-02 1.691944532000398072e+00 2.227742398425162751e+00 2.049399251088110385e-01
8.062644623782572184e-02 1.679145880462060036e+00 2.204023736975890824e+00 2.007815308212208549e-01
7.732440215535632544e-02 1.666466246819304997e+00 2.180019205821662087e+00 1.966270608987434332e-01
7.409694474723524382e-02 1.653899672117524089e+00 2.155739909953379829e+00 1.924797973129066531e-01
7.094612965673401106e-02 1.641440567125189265e+00 2.131198412415246768e+00 1.883429447268121226e-01
6.787374189888782661e-02 1.629083708718666701e+00 2.106408664129408415e+00 1.842196269387274543e-01
6.488130165217118051e-02 1.616824235391524311e+00 2.081385930145328356e+00 1.801128835649620785e-01
6.197007086090142863e-02 1.604657641900324672e+00 2.056146712735265947e+00 1.760256669649364336e-01
5.914106058159867424e-02 1.592579773066449045e+00 2.030708671722500469e+00 1.719608394106034166e-01
5.639503900528387154e-02 1.580586816760066515e+00 2.005090542409090570e+00 1.679211705016432354e-01
5.373254008694144240e-02 1.568675296098561489e+00 1.979312051466888045e+00 1.639093348271254413e-01
5.115387271308773770e-02 1.556842060897194235e+00 1.953393831151703175e+00 1.599279098736173244e-01
4.865913033855889108e-02 1.545084278414878165e+00 1.927357332157265013e+00 1.559793741790223010e-01
4.624820102423383983e-02 1.533399423441682341e+00 1.901224735405963928e+00 1.520661057307542141e-01
4.392077780841817380e-02 1.521785267778503759e+00 1.875018863109946698e+00 1.481903806061955209e-01
4.167636934600540966e-02 1.510239869162671722e+00 1.848763089345363930e+00 1.443543718527523778e-01
3.951431075127553871e-02 1.498761559694713030e+00 1.822481250400168173e+00 1.405601486042106218e-01
3.743377458225607968e-02 1.487348933824266028e+00 1.796197555189984474e+00 1.368096754295106132e-01
3.543378190692871021e-02 1.476000835954195178e+00 1.769936495897313389e+00 1.331048119095036841e-01
3.351321339418101425e-02 1.464716347721827683e+00 1.743722759087087626e+00 1.294473124367227224e-01
3.167082037524894533e-02 1.453494775018045360e+00 1.717581137549362591e+00 1.258388262327032048e-01
2.990523582443541800e-02 1.442335634803955546e+00 1.691536442957224828e+00 1.222808975769220791e-01
2.821498521109492424e-02 1.431238641783678212e+00 1.665613419593413802e+00 1.187749662409864071e-01
2.659849717821049023e-02 1.420203694992562493e+00 1.639836659351962656e+00 1.153223681213026708e-01
2.505411400632419350e-02 1.409230864357506441e+00 1.614230518076812171e+00 1.119243360630836903e-01
2.358010182509125488e-02 1.398320377284342664e+00 1.588819033510151302e+00 1.085820008682176901e-01
2.217466053827520794e-02 1.387472605326966812e+00 1.563625844973745460e+00 1.052963924792184175e-01
2.083593343156448646e-02 1.376688050988482237e+00 1.538674114946873894e+00 1.020684413312079736e-01
1.956201643614042737e-02 1.365967334704524028e+00 1.513986452770212487e+00 9.889897986364780402e-02
1.835096702443995281e-02 1.355311182054762531e+00 1.489584840592232506e+00 9.578874418333281626e-02
1.720081271800897108e-02 1.344720411246621117e+00 1.465490561833858063e+00 9.273837586999507387e-02
1.610955919071487344e-02 1.334195920912637279e+00 1.441724132322195207e+00 8.974842391572922240e-02
1.507519795385836234e-02 1.323738678258896906e+00 1.418305234401114001e+00 8.681934678934863370e-02
1.409571361287972890e-02 1.313349707600955485e+00 1.395252654261809333e+00 8.395151461671114534e-02
1.316909068837743627e-02 1.303030079318353351e+00 1.372584222697139422e+00 8.114521146801403906e-02
1.229331999703311452e-02 1.292780899257125915e+00 1.350316759733126704e+00 7.840063774304745214e-02
1.146640459075817450e-02 1.282603298606970199e+00 1.328466023434512477e+00 7.571791264541757882e-02
1.068636525493027803e-02 1.272498424275799289e+00 1.307046663218680127e+00 7.309707673679666229e-02
9.951245568969598054e-03 1.262467429781950479e+00 1.286072178157133594e+00 7.053809456233417485e-02
9.259116534706558072e-03 1.252511466681807573e+00 1.265554880718642083e+00 6.804085733846450268e-02
8.608080780012256766e-03 1.242631676547639730e+00 1.245505866462135680e+00 6.560518569447180981e-02
7.996276346998039755e-03 1.232829183508468374e+00 1.225934990229636146e+00 6.323083245932335783e-02
7.421880075740733620e-03 1.223105087364224186e+00 1.206850849423785732e+00 6.091748548545291436e-02
6.883110595956666404e-03 1.213460457281881677e+00 1.188260775128583413e+00 5.866477050136933297e-02
6.378230940332309772e-03 1.203896326081631329e+00 1.170170831776748077e+00 5.647225398517536493e-02
5.905550794327003340e-03 1.194413685119080970e+00 1.152585826206488306e+00 5.433944605131250244e-02
5.463428398197436170e-03 1.185013479770565814e+00 1.135509327271143398e+00 5.226580334309153392e-02
5.050272117761221528e-03 1.175696605529987337e+00 1.118943697102378509e+00 5.025073192382983195e-02
4.664541701024243342e-03 1.166463904726174450e+00 1.102890135582301978e+00 4.829359015969015428e-02
4.304749238250599012e-03 1.157316163875859116e+00 1.087348740088665000e+00 4.639369158759949069e-02
3.969459843364390311e-03 1.148254111692765145e+00 1.072318582947883181e+00 4.455030776192455549e-02
3.657292074746263787e-03 1.139278417782728647e+00 1.057797810194750943e+00 4.276267107388325578e-02
3.366918113535059820e-03 1.130389692070698393e+00 1.043783766534552848e+00 4.102997753798470759e-02
3.097063717474628046e-03 1.121588485025770243e+00 1.030273153436931155e+00 3.935138954010791029e-02
2.846507968167886864e-03 1.112875288783209182e+00 1.017262230494426767e+00 3.772603854215206970e-02
2.614082829324076637e-03 1.104250539308809120e+00 1.004747075066153794e+00 3.615302773851781365e-02
2.398672533220552478e-03 1.095714619822985680e+00 9.927239231011928400e-01 3.463143466000616344e-02
2.199212812157084508e-03 1.087267865811194500e+00 9.811896263856044742e-01 3.316031372105128494e-02
2.014689991167897820e-03 1.078910572117030231e+00 9.701422821241332262e-01 3.173869870653094061e-02
1.844139957683876710e-03 1.070643002887185835e+00 9.595821259022589977e-01 3.036560519472546876e-02
1.686647023213358638e-03 1.062465405585428790e+00 9.495128406132534726e-01 2.904003291331948983e-02
1.541342691443594020e-03 1.054378031053567089e+00 9.399435459967683260e-01 2.776096802566144217e-02
1.407404346464078250e-03 1.046381162936385723e+00 9.308919469366339072e-01 2.652738534480997626e-02
1.284053874085938022e-03 1.038475162252100237e+00 9.223895468900609185e-01 2.533825047320688653e-02
1.170556228485239957e-03 1.030660537660517573e+00 9.144907456980537752e-01 2.419252186611846323e-02
1.066217955639704902e-03 1.022938061796944798e+00 9.072897399212211944e-01 2.308915281728310745e-02
9.703856842640187514e-04 1.015308975809902758e+00 9.009544440879341254e-01 2.202709336548990329e-02
8.824445941848040303e-04 1.007775377275516249e+00 8.958017714179589142e-01 2.100529212109181892e-02
8.018168713375699221e-04 1.000341032733387037e+00 8.924895946870817776e-01 2.002269801172621572e-02
7.279601578194886411e-04 9.930133325104661957e-01 8.926215675828688134e-01 1.907826194677450862e-02
6.603660046980289796e-04 9.858091099785025735e-01 9.015624529476459204e-01 1.817093840034175387e-02
5.985583345600452602e-04 9.787803944133495193e-01 9.108935002501181710e-01 1.729968691277453813e-02
5.420919200923581763e-04 9.718738028006328467e-01 9.144556020379384087e-01 1.646347351096296222e-02
