6.690415327055575234e-02 8.511714134921575692e+00 9.510119864095569753e+00 1.828990886671605920e-01
6.962605340608991888e-02 8.280344743355122716e+00 9.112385325468478570e+00 1.865824930239838031e-01
7.241186450799537433e-02 8.056343556264099703e+00 8.647114873792906664e+00 1.902785648831672449e-01
7.526047108695545218e-02 7.836655626031180155e+00 8.203324144480015789e+00 1.939851425843683586e-01
7.817058926890341208e-02 7.624616212755690015e+00 7.890411713755639767e+00 1.977000117209194996e-01
8.114076355545628283e-02 7.420921661417482440e+00 7.631663042357656579e+00 2.014209070025456405e-01
8.416936402317293231e-02 7.225584873906144345e+00 7.403777552167300158e+00 2.051455142370567919e-01
8.725458398966294549e-02 7.038378213650022808e+00 7.196823260880085726e+00 2.088714724294140346e-01
9.039443817349580856e-02 6.858980931646844859e+00 7.005684879795222031e+00 2.125963759962711808e-01
9.358676137359998870e-02 6.687038802291208839e+00 6.827361651396126163e+00 2.163177770937931843e-01
9.682920769239941605e-02 6.522191096619684991e+00 6.659911164132292782e+00 2.200331880562559905e-01
1.001192503253120897e-01 6.364083531510884129e+00 6.501974524213999018e+00 2.237400839426320620e-01
1.034541819374357324e-01 6.212374578056533814e+00 6.352540088152458075e+00 2.274359051880724125e-01
1.068311156462729283e-01 6.066738403110787381e+00 6.210816323207194678e+00 2.311180603569017167e-01
1.102469866272072913e-01 5.926866023368466685e+00 6.076158929957695243e+00 2.347839289934548490e-01
1.136985543561413736e-01 5.792465484501696515e+00 5.948026807441030073e+00 2.384308645667978233e-01
1.171824055012545274e-01 5.663261504627865150e+00 5.825954217197926610e+00 2.420561975050985193e-01
1.206949574732426311e-01 5.538994828717079599e+00 5.709532479229522117e+00 2.456572383151396366e-01
1.242324626406730581e-01 5.419421436237894518e+00 5.598397507413131358e+00 2.492312807822014420e-01
1.277910132142407174e-01 5.304311685618690930e+00 5.492221051300788304e+00 2.527756052452854174e-01
1.313665468007562120e-01 5.193449444976981688e+00 5.390704365939036791e+00 2.562874819424040829e-01
1.349548526246465985e-01 5.086631238228456198e+00 5.293573518288502200e+00 2.597641744204217673e-01
1.385515784116263804e-01 4.983665423323091481e+00 5.200575825697381305e+00 2.632029430037080564e-01
1.421522379260068969e-01 4.884371411732415069e+00 5.111477096149538824e+00 2.666010483156497912e-01
1.457522191498808184e-01 4.788578933576919106e+00 5.026059448787037809e+00 2.699557548468645152e-01
1.493467930891607676e-01 4.696127349836353382e+00 4.944119562665592049e+00 2.732643345637706389e-01
1.529311231881834432e-01 4.606865011265456999e+00 4.865467247221451075e+00 2.765240705509950936e-01
1.565002753313350370e-01 4.520648662538286899e+00 4.789924258337715735e+00 2.797322606809367063e-01
1.600492284069297833e-01 4.437342889504797050e+00 4.717323304517726967e+00 2.828862213036628104e-01
1.635728854053946080e-01 4.356819607101127367e+00 4.647507202078297261e+00 2.859832909501834886e-01
1.670660850207115189e-01 4.278957585306478073e+00 4.580328148443954639e+00 2.890208340420388211e-01
1.705236137210503766e-01 4.203642010512430360e+00 4.515647089822211413e+00 2.919962446000379241e-01
1.739402182516204820e-01 4.130764079719694948e+00 4.453333164919456522e+00 2.949069499449110121e-01
1.773106185299919701e-01 4.060220625076561340e+00 4.393263210325256019e+00 2.977504143825764338e-01
1.806295208915093820e-01 3.991913766397440000e+00 4.335321316094806754e+00 3.005241428666833303e-01
1.838916316399585582e-01 3.925750589438943727e+00 4.279398422383544620e+00 3.032256846310669718e-01
1.870916708563703235e-01 3.861642847856193494e+00 4.225391949772644651e+00 3.058526367847515526e-01
1.902243864167694476e-01 3.799506686907166308e+00 4.173205457269234309e+00 3.084026478621490486e-01
1.932845681678198591e-01 3.739262387113443165e+00 4.122748323053133213e+00 3.108734213211382658e-01
1.962670622076918558e-01 3.680834126221200542e+00 4.073935444030539088e+00 3.132627189817612789e-01
1.991667852180981912e-01 3.624149757936725891e+00 4.026686950928471731e+00 3.155683643983488440e-01
2.019787387923258626e-01 3.569140606030154927e+00 3.980927936186516192e+00 3.177882461579769058e-01
2.046980237032398897e-01 3.515741272514604887e+00 3.936588192542445075e+00 3.199203210982696222e-01
2.073198540546620228e-01 3.463889458715486924e+00 3.893601960577223853e+00 3.219626174376941652e-01
2.098395712592421858e-01 3.413525798141773926e+00 3.851907683756964129e+00 3.239132378116416078e-01
2.122526577859457919e-01 3.364593700162337608e+00 3.811447769928432372e+00 3.257703622077565697e-01
2.145547506205815469e-01 3.317039203576654938e+00 3.772168358428172663e+00 3.275322507941634265e-01
2.167416543833943221e-01 3.270810839246190316e+00 3.734019092174515553e+00 3.291972466344412762e-01
2.188093540486458488e-01 3.225859501026729692e+00 3.696952894323560557e+00 3.307637782834192408e-01
2.207540272122998082e-01 3.182138324308173338e+00 3.660925749214509306e+00 3.322303622581023186e-01
2.225720558554157291e-01 3.139602571531401320e+00 3.625896487531734547e+00 3.335956053782901387e-01
2.242600375526312140e-01 3.098209524109714508e+00 3.591826575639665009e+00 3.348582069717205290e-01
2.258147960771650919e-01 3.057918380234257771e+00 3.558679909191720725e+00 3.360169609388528045e-01
2.272333913560996010e-01 3.018690158093403131e+00 3.526422611249566241e+00 3.370707576727026145e-01
2.285131287322837157e-01 2.980487604081152764e+00 3.495022835189900423e+00 3.380185858294508794e-01
2.296515674920282801e-01 2.943275105612176201e+00 3.464450572700083164e+00 3.388595339458728151e-01
2.306465286208256027e-01 2.907018608198496334e+00 3.434677467252233551e+00 3.395927918999648298e-01
2.314961017526016573e-01 2.871685536480060197e+00 3.405676633525029029e+00 3.402176522114936374e-01
2.321986512814823989e-01 2.837244718933717547e+00 3.377422483196022895e+00 3.407335111795451454e-01
2.327528216087064727e-01 2.803666316015139603e+00 3.349890557614481956e+00 3.411398698545117791e-01
2.331575415011255537e-01 2.770921751516858489e+00 3.323057367803195383e+00 3.414363348423286593e-01
2.334120275416779189e-01 2.738983646949074036e+00 3.296900242275090598e+00 3.416226189391430856e-01
2.335157866562787843e-01 2.707825758774904390e+00 3.271397183202299885e+00 3.416985415949845839e-01
2.334686177057195555e-01 2.677422918352062808e+00 3.246526731303454039e+00 3.416640292053873540e-01
2.332706121353821938e-01 2.647750974450578720e+00 3.222267839942307255e+00 3.415191152303060917e-01
2.329221536798309622e-01 2.618786738236030587e+00 3.198599758818995831e+00 3.412639401400556216e-01
2.324239171236174017e-01 2.590507930619884824e+00 3.175501927524687407e+00 3.408987511883971311e-01
2.317768661239000549e-01 2.562893131893653642e+00 3.152953879343825427e+00 3.404239020132840410e-01
2.309822501047125720e-01 2.535921733575830395e+00 3.130935155530481406e+00 3.398398520661699562e-01
2.300416002368906032e-01 2.509573892410314588e+00 3.109425230115983485e+00 3.391471658711676662e-01
2.289567245217619951e-01 2.483830486462156095e+00 3.088403445454537266e+00 3.383465121157317457e-01
2.277297020006949502e-01 2.458673073268065945e+00 3.067848958541107507e+00 3.374386625749151714e-01
2.263628761164603598e-01 2.434083850001178995e+00 3.047740697903174478e+00 3.364244908716221838e-01
2.248588472560777984e-01 2.410045615615656445e+00 3.028057331108259920e+00 3.353049710756446644e-01
2.232204645083569472e-01 2.386541734942889015e+00 3.008777242590614520e+00 3.340811761446287886e-01
2.214508166726972538e-01 2.363556104709333194e+00 2.989878521498513297e+00 3.327542762104622742e-01
2.195532225588532060e-01 2.341073121451942463e+00 2.971338959272658009e+00 3.313255367149151587e-01
2.175312206202909271e-01 2.319077651304946919e+00 2.953136056453801839e+00 3.297963163986909474e-01
2.153885579664381045e-01 2.297555001633132754e+00 2.935247038313210766e+00 3.281680651483612210e-01
2.131291788015544642e-01 2.276490894486177474e+00 2.917648878666716072e+00 3.264423217059596039e-01
2.107572123401045272e-01 2.255871441845020531e+00 2.900318331319583276e+00 3.246207112462978217e-01
2.082769602503969364e-01 2.235683122632316167e+00 2.883231968546989599e+00 3.227049428273426335e-01
2.056928836798500582e-01 2.215912761454196467e+00 2.866366225812174040e+00 3.206968067192516036e-01
2.030095899165457185e-01 2.196547509037523493e+00 2.849697452099988482e+00 3.185981716179062673e-01
2.002318187427488405e-01 2.177574824325338998e+00 2.833201965112655429e+00 3.164109817490132759e-01
1.973644285367732731e-01 2.158982458187230336e+00 2.816856110585510553e+00 3.141372538690478944e-01
1.944123821799974283e-01 2.140758438700025135e+00 2.800636325003573290e+00 3.117790741695130596e-01
1.913807328259395646e-01 2.122891057948358196e+00 2.784519200930842153e+00 3.093385950911554105e-01
1.882746095881357162e-01 2.105368860291886079e+00 2.768481554283114043e+00 3.068180320549427353e-01
1.850992032030863987e-01 2.088180632042122120e+00 2.752500492794743625e+00 3.042196601167373449e-01
1.818597517238022820e-01 2.071315392487318885e+00 2.736553485044983081e+00 3.015458105527270560e-01
1.785615262984470430e-01 2.054762386202108715e+00 2.720618429395829097e+00 2.987988673827655650e-01
1.752098170873036265e-01 2.038511076573524594e+00 2.704673722158452698e+00 2.959812638388649719e-01
1.718099193697460725e-01 2.022551140472610864e+00 2.688698324516006988e+00 2.930954787861338451e-01
1.683671198911340094e-01 2.006872463999567646e+00 2.672671827667091993e+00 2.901440331035036180e-01
1.648866834975480644e-01 1.991465139226603842e+00 2.656574515634765543e+00 2.871294860316056519e-01
1.613738401040817616e-01 1.976319461861051341e+00 2.640387425371676589e+00 2.840544314951641280e-01
1.578337720400109223e-01 1.961425929750977959e+00 2.624092403782602556e+00 2.809214944072551123e-01
1.542716018115941057e-01 1.946775242153664376e+00 2.607672161307822201e+00 2.777333269627486612e-01
1.506923803205330592e-01 1.932358299687497949e+00 2.591110321818022921e+00 2.744926049281957159e-01
1.471010755732634623e-01 1.918166204887954418e+00 2.574391468510966785e+00 2.712020239353529205e-01
1.435025619132682950e-01 1.904190263287528051e+00 2.557501185634029284e+00 2.678642957854483475e-01
1.399016098055329005e-01 1.890421984942204814e+00 2.540426095990254929e+00 2.644821447711857565e-01
1.363028761991096349e-01 1.876853086328686304e+00 2.523153894011687992e+00 2.610583040233633856e-01
1.327108954905474314e-01 1.863475492536300848e+00 2.505673374285083188e+00 2.575955118888403894e-01
1.291300711077029706e-01 1.850281339681257631e+00 2.487974455605046042e+00 2.540965083464380991e-01
1.255646677301731629e-01 1.837262977474056314e+00 2.470048200520628345e+00 2.505640314671812030e-01
1.220188041593389533e-01 1.824412971872739320e+00 2.451886830384844007e+00 2.470008139251153867e-01
1.184964468477528593e-01 1.811724107758776459e+00 2.433483735964307115e+00 2.434095795647255034e-01
1.150014040944087740e-01 1.799189391575157559e+00 2.414833483669639236e+00 2.397930400307823617e-01
1.115373209092704737e-01 1.786802053870549578e+00 2.395931817549808329e+00 2.361538914662115740e-01
1.081076745473672496e-01 1.774555551697606148e+00 2.376775657158395116e+00 2.324948112833566671e-01
1.047157707097612495e-01 1.762443570817201932e+00 2.357363091433563707e+00 2.288184550137523920e-01
1.013647404058139884e-01 1.750460027665166729e+00 2.337693368699077734e+00 2.251274532412850804e-01
9.805753746839196427e-02 1.738599071041175392e+00 2.317766882972433162e+00 2.214244086233403130e-01
9.479693671101570296e-02 1.726855083485528963e+00 2.297585156795906247e+00 2.177118930042818146e-01
9.158553271344122004e-02 1.715222682312946834e+00 2.277150820720714730e+00 2.139924446253199108e-01
8.842573921980738383e-02 1.703696720277029453e+00 2.256467589626150794e+00 2.102685654345501365e-01
8.531978913128017428e-02 1.692272285843143154e+00 2.235540236075692633e+00 2.065427185006532551e-01
8.226973507308915634e-02 1.680944703052116074e+00 2.214374560913318302e+00 2.028173255334577707e-01
7.927745051398502052e-02 1.669709530960983956e+00 2.192977361280428639e+00 1.990947645142697175e-01
7.634463141445867185e-02 1.658562562651047401e+00 2.171356396229027652e+00 1.953773674385785586e-01
7.347279837855172357e-02 1.647499823796976237e+00 2.149520350131867374e+00 1.916674181734492333e-01
7.066329928275984218e-02 1.636517570794832288e+00 2.127478794103042414e+00 1.879671504316111075e-01
6.791731235438525083e-02 1.625612288450190013e+00 2.105242145568466228e+00 1.842787458639564002e-01
6.523584967072973417e-02 1.614780687230174649e+00 2.082821626187358888e+00 1.806043322718612620e-01
6.261976104974206758e-02 1.604019700087202294e+00 2.060229218313198718e+00 1.769459819404527456e-01
6.006973830212287979e-02 1.593326478864217410e+00 2.037477620143177681e+00 1.733057100936418737e-01
5.758631981447235454e-02 1.582698390294267510e+00 2.014580199719196330e+00 1.696854734714677293e-01
5.516989543279863378e-02 1.572133011609112119e+00 1.991550947949516370e+00 1.660871690299985659e-01
5.282071161562384987e-02 1.561628125774334075e+00 1.968404430819302942e+00 1.625126327637698709e-01
5.053887682598318110e-02 1.551181716369864905e+00 1.945155740887638762e+00 1.589636386504523491e-01
4.832436713184260629e-02 1.540791962136273341e+00 1.921820448246352120e+00 1.554418977171898308e-01
4.617703198481725585e-02 1.530457231209380264e+00 1.898414551086031077e+00 1.519490572277716611e-01
4.409660014758354230e-02 1.520176075066384191e+00 1.874954425928233137e+00 1.484866999895673167e-01
4.208268574100024889e-02 1.509947222207404183e+00 1.851456777709144186e+00 1.450563437788920940e-01
4.013479438271048971e-02 1.499769571598423390e+00 1.827938589827282634e+00 1.416594408832508589e-01
3.825232938984778064e-02 1.489642185900950322e+00 1.804417074177704361e+00 1.382973777586686270e-01
3.643459801943439019e-02 1.479564284514358175e+00 1.780909621370046825e+00 1.349714748001117348e-01
3.468081772110091082e-02 1.469535236458268557e+00 1.757433751188974602e+00 1.316829862227860415e-01
3.299012237788986196e-02 1.459554553120797404e+00 1.734007063343149246e+00 1.284331000519139121e-01
3.136156851209682961e-02 1.449621880899569781e+00 1.710647188657132833e+00 1.252229382183967787e-01
2.979414143436247622e-02 1.439736993761971728e+00 1.687371740750625904e+00 1.220535567576022662e-01
2.828676131553363102e-02 1.429899785750561980e+00 1.664198268275073778e+00 1.189259461083527203e-01
2.683828916215405189e-02 1.420110263459234190e+00 1.641144207783248099e+00 1.158410315090340759e-01
2.544753267782477735e-02 1.410368538505065938e+00 1.618226837342961355e+00 1.127996734876142715e-01
2.411325199406525246e-02 1.400674820020661571e+00 1.595463230928797715e+00 1.098026684422224175e-01
2.283416525571880726e-02 1.391029407189997569e+00 1.572870213644042447e+00 1.068507493088345361e-01
2.160895404735176800e-02 1.381432681850750521e+00 1.550464317914949763e+00 1.039445863124957709e-01
2.043626864850698818e-02 1.371885101185134959e+00 1.528261740692685500e+00 1.010847877984293597e-01
1.931473310706057628e-02 1.362387190519799729e+00 1.506278301734243152e+00 9.827190113928949144e-02
1.824295012130909555e-02 1.352939536254689434e+00 1.484529403073266307e+00 9.550641371475816765e-02
1.721950572275702737e-02 1.343542778939559534e+00 1.463029989740155967e+00 9.278875395961794226e-02
1.624297375289266224e-02 1.334197606515465706e+00 1.441794511868940143e+00 9.011929247639670348e-02
1.531192012851271059e-02 1.324904747738061106e+00 1.420836888305727852e+00 8.749834320863655868e-02
1.442490689139200484e-02 1.315664965797720187e+00 1.400170471762244517e+00 8.492616467082451936e-02
1.358049603927549004e-02 1.306479052150172793e+00 1.379808015721366354e+00 8.240296123100034065e-02
1.277725313630582310e-02 1.297347820571137289e+00 1.359761643205105841e+00 7.992888444206457110e-02
1.201375070207337872e-02 1.288272101445906204e+00 1.340042817547911103e+00 7.750403441780749636e-02
1.128857137949765624e-02 1.279252736304943516e+00 1.320662315385499941e+00 7.512846124970767869e-02
1.060031088270392725e-02 1.270290572614551916e+00 1.301630201973267953e+00 7.280216646056601737e-02
9.947580726957599290e-03 1.261386458830739077e+00 1.282955809086805621e+00 7.052510449108742585e-02
9.329010743548110662e-03 1.252541239723753419e+00 1.264647715734694255e+00 6.829718421555940056e-02
8.743251383282716824e-03 1.243755751979497726e+00 1.246713731853922535e+00 6.611827048283520913e-02
8.188975812952515448e-03 1.235030820082790637e+00 1.229160885273017367e+00 6.398818567889121012e-02
7.664881809768922180e-03 1.226367252487289283e+00 1.211995412296890118e+00 6.190671130729253485e-02
7.169693459342960790e-03 1.217765838076277918e+00 1.195222752119787568e+00 5.987358958398502490e-02
6.702162663286285495e-03 1.209227342916971093e+00 1.178847545422954335e+00 5.788852504290589035e-02
6.261070462960966095e-03 1.200752507311907635e+00 1.162873637641252289e+00 5.595118614900387172e-02
5.845228186287663302e-03 1.192342043150604658e+00 1.147304087254629179e+00 5.406120691534579276e-02
5.453478424849272400e-03 1.183996631564440571e+00 1.132141179635801631e+00 5.221818852109517961e-02
5.084695848793360437e-03 1.175716920889034123e+00 1.117386447111516690e+00 5.042170092724639757e-02
4.737787867251182575e-03 1.167503524939295323e+00 1.103040695972309138e+00 4.867128448711407346e-02
4.411695142149909231e-03 1.159357021604320304e+00 1.089104041418720970e+00 4.696645154868477751e-02
4.105391963406227092e-03 1.151277951772367247e+00 1.075575951658965579e+00 4.530668804606129835e-02
3.817886493551104002e-03 1.143266818599921963e+00 1.062455302732836282e+00 4.369145507734380901e-02
3.548220889855083649e-03 1.135324087144758964e+00 1.049740446297446672e+00 4.212019046642051512e-02
3.295471311999341631e-03 1.127450184391753485e+00 1.037429293331188607e+00 4.059231030625962133e-02
3.058747823277191760e-03 1.119645499711302117e+00 1.025519417769294561e+00 3.910721048142651313e-02
2.837194193212657593e-03 1.111910385806665680e+00 1.014008185922844474e+00 3.766426816767224489e-02
2.629987609354170284e-03 1.104245160230982181e+00 1.002892920038858771e+00 3.626284330657326277e-02
2.436338305841619090e-03 1.096650107588853063e+00 9.921711080016734075e-01 3.490228005332616373e-02
2.255489116160541967e-03 1.089125482587360638e+00 9.818406770646762594e-01 3.358190819593596249e-02
2.086714957287576829e-03 1.081671514177042104e+00 9.719003587852799164e-01 3.230104454415969051e-02
1.929322252202461197e-03 1.074288411138551558e+00 9.623501869094739369e-01 3.105899428669947615e-02
1.782648297494443968e-03 1.066976369648660050e+00 9.531921940189034270e-01 2.985505231526519934e-02
1.646060582528412197e-03 1.059735583643698131e+00 9.444314138643546963e-01 2.868850451425110706e-02
1.518956066361590827e-03 1.052566259266503934e+00 9.360773679931420066e-01 2.755862901489831637e-02
1.400760418316296775e-03 1.045468635474294361e+00 9.281463456976699611e-01 2.646469741293386302e-02
1.290927227822085722e-03 1.038443014278497945e+00 9.206650345022325821e-01 2.540597594880076443e-02
1.188937188842131105e-03 1.031489806647762020e+00 9.136765550387492274e-01 2.438172664970767595e-02
1.094297263897649111e-03 1.024609605054883854e+00 9.072510119990402355e-01 2.339120843284554427e-02
1.006539832400881167e-03 1.017803303823755279e+00 9.015051004558386483e-01 2.243367816922674229e-02
9.252218277050532026e-04 1.011072310967306320e+00 8.966414265299349484e-01 2.150839170771554065e-02
8.499238669788313242e-04 1.004418950042594627e+00 8.930356255068383486e-01 2.061460485892018316e-02
7.802493777162135616e-04 9.978473013828135230e-01 8.914579801996975750e-01 1.975157433872314766e-02
7.158237244004372933e-04 9.913652233618102105e-01 8.937695384118220510e-01 1.891855867132109792e-02
6.562933385548837392e-04 9.849903585313563026e-01 9.061493013689772003e-01 1.811481905174440118e-02
6.013248551350637572e-04 9.787766537609661199e-01 9.196180587586623156e-01 1.733962016791405769e-02
5.506042579455394962e-04 9.726755641329415392e-01 9.270605040693059573e-01 1.659223098238358368e-02
