9.359001614974856234e-03 6.926619602178853086e+01 6.928615311203496674e+01 6.840687690201496807e-02
9.599048119507546870e-03 6.609705923496139235e+01 6.610954040835906653e+01 6.927859741474111377e-02
9.844261002772407287e-03 6.316221151977362780e+01 6.316275371161022889e+01 7.015789692818766299e-02
1.009472227183143972e-02 6.043786295157692479e+01 6.042657799382686079e+01 7.104478260868787864e-02
1.035051442019801517e-02 5.790366097891453734e+01 5.788637047542012226e+01 7.193926056124713697e-02
1.061172040659516362e-02 5.554158850268391490e+01 5.552038772782505305e+01 7.284133581489003750e-02
1.087842363293777502e-02 5.333573379544363036e+01 5.331162879099427698e+01 7.375101230809573416e-02
1.115070792153216410e-02 5.127201611024739236e+01 5.124556825967101759e+01 7.466829287432572015e-02
1.142865749148739424e-02 4.933794046962877644e+01 4.930949494228426744e+01 7.559317922765053377e-02
1.171235693433286644e-02 4.752238702019062089e+01 4.749217148528754961e+01 7.652567194848035326e-02
1.200189118883726765e-02 4.581543151575894512e+01 4.578360463388036550e+01 7.746577046940560096e-02
1.229734551502430565e-02 4.420819238158637887e+01 4.417486990150199233e+01 7.841347306115291349e-02
1.259880546738126154e-02 4.269270015738219115e+01 4.265796996196495883e+01 7.936877681866233436e-02
1.290635686725657982e-02 4.126178572355620844e+01 4.122571698658106243e+01 8.033167764729111371e-02
1.322008577444374125e-02 3.990898430584380208e+01 3.987163331394140897e+01 8.130217024915060986e-02
1.354007845794842277e-02 3.862845276549852969e+01 3.858986675625727969e+01 8.228024810958102508e-02
1.386642136593717496e-02 3.741489810951781436e+01 3.737511788011165947e+01 8.326590348377052586e-02
1.419920109486600378e-02 3.626351550706773708e+01 3.622257723402515239e+01 8.425912738352446529e-02
1.453850435778778101e-02 3.516993438652378501e+01 3.512787092416387225e+01 8.525990956419018940e-02
1.488441795183810881e-02 3.413017142372026314e+01 3.408701324905536012e+01 8.626823851174343638e-02
1.523702872489982908e-02 3.314058942582237677e+01 3.309636533822320104e+01 8.728410143004231014e-02
1.559642354144690456e-02 3.219786127471951431e+01 3.215259892206941572e+01 8.830748422825469846e-02
1.596268924756883908e-02 3.129893822545538384e+01 3.125266450527505313e+01 8.933837150846449249e-02
1.633591263517784539e-02 3.044102196418738160e+01 3.039376333325793311e+01 9.037674655346319974e-02
1.671618040540116812e-02 2.962153992069944408e+01 2.957332263674061323e+01 9.142259131473240430e-02
1.710357913116191536e-02 2.883812340593983592e+01 2.878897371812189121e+01 9.247588640062315291e-02
1.749819521895202082e-02 2.808858820814792168e+01 2.803853250861734736e+01 9.353661106473769304e-02
1.790011486980220765e-02 2.737091733405473093e+01 2.731998227942021629e+01 9.460474319452014114e-02
1.830942403945400726e-02 2.668324562617510765e+01 2.663145823563748138e+01 9.568025930006149316e-02
1.872620839773958892e-02 2.602384602479203934e+01 2.597123375985875171e+01 9.676313450312466757e-02
1.915055328717642572e-02 2.539111727504484506e+01 2.533770810461539824e+01 9.785334252639617258e-02
1.958254368078356233e-02 2.478357290654210132e+01 2.472939536031994123e+01 9.895085568296911605e-02
2.002226413912812711e-02 2.419983133590534408e+01 2.414491454833076745e+01 1.000556448660647191e-01
2.046979876661030040e-02 2.363860696226733182e+01 2.358298070872946184e+01 1.011676795389967881e-01
2.092523116699657876e-02 2.309870214254031140e+01 2.304239686926275255e+01 1.022869277253857512e-01
2.138864439821168070e-02 2.257899994766770391e+01 2.252204679630472839e+01 1.034133559996282120e-01
2.186012092639963433e-02 2.207845761345793179e+01 2.202088844129216838e+01 1.045469294776265462e-01
2.233974257926643961e-02 2.159610061027515471e+01 2.153794800670896237e+01 1.056876118077857835e-01
2.282759049871639981e-02 2.113101726508066491e+01 2.107231456496364785e+01 1.068353651622822864e-01
2.332374509279575361e-02 2.068235387730621255e+01 2.062313517153524955e+01 1.079901502286105541e-01
2.382828598695748215e-02 2.024931027696591812e+01 2.018961042071954637e+01 1.091519262014131464e-01
2.434129197466237959e-02 1.983113577944068950e+01 1.977099039835910688e+01 1.103206507745997239e-01
2.486284096733217333e-02 1.942712549661554178e+01 1.936657099115624803e+01 1.114962801337609083e-01
2.539300994367089254e-02 1.903661696863362707e+01 1.897569051681477958e+01 1.126787689488816108e-01
2.593187489837216544e-02 1.865898708453823573e+01 1.859772664319389790e+01 1.138680703673601441e-01
2.647951079023033380e-02 1.829364926358497812e+01 1.823209356828207106e+01 1.150641360073379610e-01
2.703599148967451848e-02 1.794005087209225735e+01 1.787823943586626640e+01 1.162669159513455841e-01
2.760138972574513808e-02 1.759767085340772041e+01 1.753564396433547401e+01 1.174763587402698206e-01
2.817577703253366928e-02 1.726601755095547830e+01 1.720381626865748714e+01 1.186924113676474102e-01
2.875922369510709037e-02 1.694462670644103142e+01 1.688229285764429122e+01 1.199150192742908516e-01
2.935179869493885485e-02 1.663305961715042258e+01 1.657063579029128420e+01 1.211441263432504467e-01
2.995356965486984172e-02 1.633090143792911064e+01 1.626843097681861039e+01 1.223796748951185981e-01
3.056460278362277752e-02 1.603775961489001034e+01 1.597528661155062757e+01 1.236216056836805105e-01
3.118496281989510330e-02 1.575326243919904101e+01 1.569083172588693209e+01 1.248698578919170271e-01
3.181471297605521775e-02 1.547705771043840528e+01 1.541471485083069481e+01 1.261243691283631674e-01
3.245391488146894682e-02 1.520881150007800287e+01 1.514660277970713054e+01 1.273850754238284866e-01
3.310262852548292306e-02 1.494820700650299550e+01 1.488617942239518932e+01 1.286519112284829625e-01
3.376091220009262706e-02 1.469494349386092225e+01 1.463314474341428628e+01 1.299248094093130301e-01
3.442882244232409877e-02 1.444873530772927950e+01 1.438721377690288072e+01 1.312037012479528031e-01
3.510641397635828886e-02 1.420931096125548621e+01 1.414811571199182794e+01 1.324885164388942271e-01
3.579373965542863301e-02 1.397641228601033347e+01 1.391559304294408328e+01 1.337791830880810662e-01
3.649085040352224169e-02 1.374979364232503620e+01 1.368940077880244210e+01 1.350756277118900506e-01
3.719779515691706145e-02 1.352922118435394516e+01 1.346930570772770430e+01 1.363777752365044615e-01
3.791462080558670455e-02 1.331447217553261275e+01 1.325508571178574968e+01 1.376855489976829550e-01
3.864137213450676706e-02 1.310533435048605355e+01 1.304652912815990895e+01 1.389988707409286206e-01
3.937809176489586588e-02 1.290160531978602876e+01 1.284343415317990278e+01 1.403176606220611633e-01
4.012482009542649164e-02 1.270309201427160062e+01 1.264560828605237219e+01 1.416418372081965360e-01
4.088159524344060769e-02 1.250961016593105590e+01 1.245286780907789925e+01 1.429713174791374108e-01
4.164845298620577924e-02 1.232098382259358615e+01 1.226503730155887695e+01 1.443060168291775969e-01
4.242542670224901807e-02 1.213704489391573027e+01 1.208194918524052675e+01 1.456458490693247065e-01
4.321254731280458478e-02 1.195763272636018293e+01 1.190344329866406170e+01 1.469907264299428196e-01
4.400984322341463389e-02 1.178259370504610359e+01 1.172936649826585054e+01 1.483405595638203067e-01
4.481734026572022078e-02 1.161178088053186208e+01 1.155957228462319364e+01 1.496952575496635907e-01
4.563506163948222172e-02 1.144505361874677085e+01 1.139392045176397872e+01 1.510547278960215623e-01
4.646302785487155945e-02 1.128227727242772538e+01 1.123227675793185298e+01 1.524188765456424011e-01
4.730125667506860504e-02 1.112332287255220287e+01 1.107451261645459084e+01 1.537876078802655200e-01
4.814976305921292443e-02 1.096806683837611907e+01 1.092050480521688094e+01 1.551608247258516593e-01
4.900855910574373336e-02 1.081639070479389630e+01 1.077013519339145198e+01 1.565384283582528790e-01
4.987765399617336004e-02 1.066818086583602287e+01 1.062329048438359536e+01 1.579203185093250861e-01
5.075705393933501591e-02 1.052332833321423244e+01 1.047986197389148266e+01 1.593063933734848725e-01
5.164676211614805529e-02 1.038172850890313903e+01 1.033974532181797734e+01 1.606965496147133576e-01
5.254677862494266244e-02 1.024328097082316624e+01 1.020284033753471675e+01 1.620906823740073388e-01
5.345710042738794493e-02 1.010788927076732513e+01 1.006905077736309551e+01 1.634886852772814148e-01
5.437772129506626695e-02 9.975460743764955396e+00 9.938284153231318641e+00 1.648904504437207763e-01
5.530863175673837728e-02 9.845906328144041098e+00 9.810451552431297628e+00 1.662958684945876342e-01
5.624981904634222124e-02 9.719140395609331406e+00 9.685467467257030449e+00 1.677048285624808954e-01
5.720126705177110832e-02 9.595080590691686950e+00 9.563249633924016280e+00 1.691172183010516417e-01
5.816295626447485351e-02 9.473647678982256792e+00 9.443718880487482537e+00 1.705329238951746318e-01
5.913486372992862727e-02 9.354765403599609286e+00 9.326798982812608330e+00 1.719518300715764669e-01
6.011696299901490154e-02 9.238360349377270353e+00 9.212416528483064582e+00 1.733738201099215837e-01
6.110922408036272013e-02 9.124361814301062523e+00 9.100500787899038713e+00 1.747987758543559089e-01
6.211161339368995171e-02 9.012701687747389556e+00 8.990983592104342392e+00 1.762265777255093147e-01
6.312409372419300335e-02 8.903314335115252831e+00 8.883799217249050528e+00 1.776571047329560116e-01
6.414662417802939609e-02 8.796136488466528291e+00 8.778884274850259573e+00 1.790902344881336594e-01
6.517916013893836069e-02 8.691107142813953246e+00 8.676177607889407284e+00 1.805258432177209993e-01
6.622165322604364746e-02 8.588167457728031806e+00 8.575620192250299922e+00 1.819638057774727591e-01
6.727405125288445087e-02 8.487260663945413341e+00 8.477155043055203620e+00 1.834039956665127480e-01
6.833629818771828901e-02 8.388331974691093151e+00 8.380727125909656294e+00 1.848462850420833914e-01
6.940833411514066298e-02 8.291328501441302734e+00 8.286283272528605082e+00 1.862905447347511789e-01
7.049009519906583587e-02 8.196199173872074084e+00 8.193772100546441450e+00 1.877366442640671929e-01
7.158151364711244635e-02 8.102894663755435545e+00 8.103143937372738748e+00 1.891844518546813014e-01
7.268251767643836569e-02 8.011367312581516131e+00 8.014350747873306702e+00 1.906338344529091844e-01
7.379303148106686194e-02 7.921571062697736032e+00 7.927346065390681318e+00 1.920846577437496094e-01
7.491297520074859106e-02 7.833461391766507020e+00 7.842084926286379876e+00 1.935367861683517099e-01
7.604226489140097911e-02 7.746995250363950092e+00 7.758523807723120669e+00 1.949900829419293491e-01
7.718081249716697567e-02 7.662131002542828639e+00 7.676620568120209320e+00 1.964444100721206288e-01
7.832852582413563081e-02 7.578828369198577164e+00 7.596334390786976698e+00 1.978996283777910981e-01
7.948530851576462997e-02 7.497048374092020850e+00 7.517625730274074769e+00 1.993555975082774434e-01
8.065106003004580970e-02 7.416753292381821794e+00 7.440456260871791017e+00 2.008121759630698000e-01
8.182567561845295601e-02 7.337906601532088402e+00 7.364788827800303750e+00 2.022692211119291317e-01
8.300904630671140927e-02 7.260472934474777595e+00 7.290587400847999611e+00 2.037265892154377089e-01
8.420105887742795892e-02 7.184418034905643680e+00 7.217817029865276623e+00 2.051841354459792988e-01
8.540159585461797043e-02 7.109708714601288726e+00 7.146443802423488201e+00 2.066417139091451249e-01
8.661053549016754782e-02 7.036312812655659776e+00 7.076434803479834557e+00 2.080991776655635173e-01
8.782775175226605058e-02 6.964199156535184621e+00 7.007758076883663811e+00 2.095563787531485034e-01
8.905311431584454762e-02 6.893337524861922638e+00 6.940382588660689578e+00 2.110131682097642902e-01
9.028648855505373716e-02 6.823698611835244066e+00 6.874278191829101381e+00 2.124693960963010553e-01
9.152773553781552718e-02 6.755253993209669794e+00 6.809415593018836255e+00 2.139249115201587725e-01
9.277671202247987636e-02 6.687976093753935203e+00 6.745766320544895223e+00 2.153795626591342438e-01
9.403327045661791228e-02 6.621838156114094431e+00 6.683302693741361544e+00 2.168331967857065889e-01
9.529725897798208001e-02 6.556814211012815363e+00 6.621997793906641228e+00 2.182856602917173650e-01
9.656852141766185393e-02 6.492879048721239776e+00 6.561825436485897889e+00 2.197367987134401790e-01
9.784689730546308750e-02 6.430008191738801671e+00 6.502760144373390006e+00 2.211864567570346052e-01
9.913222187753696624e-02 6.368177868623802418e+00 6.444777122570338967e+00 2.226344783243792147e-01
1.004243260862850429e-01 6.307364988920545201e+00 6.387852233855360495e+00 2.240807065392791120e-01
1.017230366125637109e-01 6.247547119128170401e+00 6.331961975549551980e+00 2.255249837740418983e-01
1.030281758802106262e-01 6.188702459664738420e+00 6.277083457368940245e+00 2.269671516764161789e-01
1.043395620729155593e-01 6.130809822777537832e+00 6.223194380154996708e+00 2.284070511968879225e-01
1.056570091534547590e-01 6.073848611356299720e+00 6.170273015631425828e+00 2.298445226163272626e-01
1.069803268853080080e-01 6.017798798607597810e+00 6.118298186993814447e+00 2.312794055739810228e-01
1.083093208566752313e-01 5.962640908549708740e+00 6.067249250270544181e+00 2.327115390958033603e-01
1.096437925069086300e-01 5.908355997290262174e+00 6.017106076680665439e+00 2.341407616231191702e-01
1.109835391553746914e-01 5.854925635053341182e+00 5.967849035679122061e+00 2.355669110416132861e-01
1.123283540327578711e-01 5.802331888918608627e+00 5.919458978570878216e+00 2.369898247106380085e-01
1.136780263148182424e-01 5.750557306241775635e+00 5.871917223111583262e+00 2.384093394928334664e-01
1.150323411586115369e-01 5.699584898727977134e+00 5.825205538565287000e+00 2.398252917840521803e-01
1.163910797411804449e-01 5.649398127124239721e+00 5.779306131461201979e+00 2.412375175435823860e-01
1.177540193007219071e-01 5.599980886509208666e+00 5.734201632107268409e+00 2.426458523246605159e-01
1.191209331802364629e-01 5.551317492149922650e+00 5.689875081337112839e+00 2.440501313052673427e-01
1.204915908736618607e-01 5.503392665900604719e+00 5.646309918199682976e+00 2.454501893191995965e-01
1.218657580744912372e-01 5.456191523124810594e+00 5.603489968003427357e+00 2.468458608874080640e-01
1.232431967268765166e-01 5.409699560111127070e+00 5.561399430683040990e+00 2.482369802495958955e-01
1.246236650792139355e-01 5.363902641966316942e+00 5.520022870082645916e+00 2.496233813960682668e-01
1.260069177402070029e-01 5.318786990965435280e+00 5.479345203372850470e+00 2.510048980998249579e-01
1.273927057374019400e-01 5.274339175335637897e+00 5.439351690917480830e+00 2.523813639488878269e-01
1.287807765781869007e-01 5.230546098459369020e+00 5.400027926658986566e+00 2.537526123788550469e-01
1.301708743132457269e-01 5.187394988476333957e+00 5.361359828956970830e+00 2.551184767056727254e-01
1.315627396024542095e-01 5.144873388271183678e+00 5.323333631765141405e+00 2.564787901586154661e-01
1.329561097832064331e-01 5.102969145826675046e+00 5.285935875920801941e+00 2.578333859134678274e-01
1.343507189411550506e-01 5.061670404928483080e+00 5.249153401238796590e+00 2.591820971258962381e-01
1.357462979833484462e-01 5.020965596211140358e+00 5.212973338626242459e+00 2.605247569650036565e-01
1.371425747137466344e-01 4.980843428523508365e+00 5.177383102433205764e+00 2.618611986470567587e-01
1.385392739110938853e-01 4.941292880607576876e+00 5.142370383597717698e+00 2.631912554693771611e-01
1.399361174091263704e-01 4.902303193076546606e+00 5.107923142493694613e+00 2.645147608443868537e-01
1.413328241790889617e-01 4.863863860674850770e+00 5.074029602176806542e+00 2.658315483337981844e-01
1.427291104145360923e-01 4.825964624815549442e+00 5.040678242350039362e+00 2.671414516829390129e-01
1.441246896183872861e-01 4.788595466382237653e+00 5.007857793078562381e+00 2.684443048552038746e-01
1.455192726922066859e-01 4.751746598781205755e+00 4.975557228794858844e+00 2.697399420666196646e-01
1.469125680276759383e-01 4.715408461238315141e+00 4.943765762759372961e+00 2.710281978205182352e-01
1.483042816002250186e-01 4.679571712329024358e+00 4.912472841583856997e+00 2.723089069423042519e-01
1.496941170647850261e-01 4.644227223732716681e+00 4.881668140057131566e+00 2.735819046143083688e-01
1.510817758536264765e-01 4.609366074203311570e+00 4.851341555918205373e+00 2.748470264107167882e-01
1.524669572762425707e-01 4.574979543744287724e+00 4.821483204958258995e+00 2.761041083325658785e-01
1.538493586212354436e-01 4.541059107985299548e+00 4.792083416627929360e+00 2.773529868427915823e-01
1.552286752601638176e-01 4.507596432750982984e+00 4.763132729246393637e+00 2.785934989013237884e-01
1.566046007533057061e-01 4.474583368810111317e+00 4.734621885548676801e+00 2.798254820002153420e-01
1.579768269572899564e-01 4.442011946804677258e+00 4.706541828697418772e+00 2.810487741987944821e-01
1.593450441345478363e-01 4.409874372348816074e+00 4.678883698018831971e+00 2.822632141588307109e-01
1.607089410645349825e-01 4.378163021289926071e+00 4.651638825050495640e+00 2.834686411797034955e-01
1.620682051566711968e-01 4.346870435128937338e+00 4.624798729723307744e+00 2.846648952335633642e-01
1.634225225649447166e-01 4.315989316590655989e+00 4.598355116654619046e+00 2.858518170004737957e-01
1.647715783041259208e-01 4.285512525341558465e+00 4.572299871596415599e+00 2.870292479035245758e-01
1.661150563675332925e-01 4.255433073846878855e+00 4.546625057778465262e+00 2.881970301439045756e-01
1.674526398462937160e-01 4.225744123362198401e+00 4.521322912605955757e+00 2.893550067359244027e-01
1.687840110500364588e-01 4.196438980056782064e+00 4.496385844350389682e+00 2.905030215419767692e-01
1.701088516289599728e-01 4.167511091260388767e+00 4.471806428842284298e+00 2.916409193074250283e-01
1.714268426972086201e-01 4.138954041831475195e+00 4.447577406470577976e+00 2.927685456954081666e-01
1.727376649574942358e-01 4.110761550642111573e+00 4.423691679013196598e+00 2.938857473215520377e-01
1.740409988268978025e-01 4.082927467172896563e+00 4.400142306694035277e+00 2.949923717885750696e-01
1.753365245637832359e-01 4.055445768217849078e+00 4.376922505226253257e+00 2.960882677207788416e-01
1.766239223957556670e-01 4.028310554690294865e+00 4.354025642939504337e+00 2.971732847984115966e-01
1.779028726485938072e-01 4.001516048531237324e+00 4.331445238107947127e+00 2.982472737918938632e-01
1.791730558760861181e-01 3.975056589712639976e+00 4.309174956046901706e+00 2.993100865958964740e-01
1.804341529906988428e-01 3.948926633333089686e+00 4.287208606610592554e+00 3.003615762632587671e-01
1.816858453950017382e-01 3.923120746805046632e+00 4.265540141411595876e+00 3.014015970387364796e-01
1.829278151137788411e-01 3.897633607124432409e+00 4.244163651185076880e+00 3.024300043925691739e-01
1.841597449267478315e-01 3.872459998226558842e+00 4.223073363484852294e+00 3.034466550538560958e-01
1.853813185018125254e-01 3.847594808421051837e+00 4.202263639978947474e+00 3.044514070437288611e-01
1.865922205287708358e-01 3.823033027902789094e+00 4.181728974080354710e+00 3.054441197083116455e-01
1.877921368534009317e-01 3.798769746339200726e+00 4.161463988475038178e+00 3.064246537514572766e-01
1.889807546118466575e-01 3.774800150526646636e+00 4.141463432634473030e+00 3.073928712672486796e-01
1.901577623652224158e-01 3.751119522117515537e+00 4.121722180661613777e+00 3.083486357722556859e-01
1.913228502343579385e-01 3.727723235414290404e+00 4.102235228903512443e+00 3.092918122375356016e-01
1.924757100346021488e-01 3.704606755226828696e+00 4.082997693473022771e+00 3.102222671203682114e-01
1.936160354106043757e-01 3.681765634790810093e+00 4.064004808106619571e+00 3.111398683957139477e-01
1.947435219709919840e-01 3.659195513747976580e+00 4.045251921880770318e+00 3.120444855873854006e-01
1.958578674228614591e-01 3.636892116181487999e+00 4.026734496974238908e+00 3.129359897989215655e-01
1.969587717060010956e-01 3.614851248709204601e+00 4.008448106563991864e+00 3.138142537441544477e-01
1.980459371267617730e-01 3.593068798629085236e+00 3.990388432383570105e+00 3.146791517774586988e-01
1.991190684914935227e-01 3.571540732115188188e+00 3.972551262665643623e+00 3.155305599236732372e-01
2.001778732394642601e-01 3.550263092465659298e+00 3.954932490078248986e+00 3.163683559076857499e-01
2.012220615751771358e-01 3.529231998397426295e+00 3.937528109507439478e+00 3.171924191836693052e-01
2.022513466000036841e-01 3.508443642387799155e+00 3.920334215823737534e+00 3.180026309639620852e-01
2.032654444430492258e-01 3.487894289059138231e+00 3.903347001894496238e+00 3.187988742475804660e-01
2.042640743911672829e-01 3.467580273609484287e+00 3.886562756517226713e+00 3.195810338483553448e-01
2.052469590180399373e-01 3.447498000282186670e+00 3.869977862114074796e+00 3.203489964226827191e-01
2.062138243122415560e-01 3.427643940876189621e+00 3.853588792887866266e+00 3.211026504968789164e-01
2.071643998042032031e-01 3.408014633296700957e+00 3.837392112719212989e+00 3.218418864941317570e-01
2.080984186919955792e-01 3.388606680141137861e+00 3.821384472941612653e+00 3.225665967610375495e-01
2.090156179658491375e-01 3.369416747321591021e+00 3.805562610474169549e+00 3.232766755937158121e-01
2.099157385313296931e-01 3.350441562723263544e+00 3.789923345761080142e+00 3.239720192634926166e-01
2.107985253310898088e-01 3.331677914894997539e+00 3.774463580644500826e+00 3.246525260421438963e-01
2.116637274651148592e-01 3.313122651772721028e+00 3.759180296519404774e+00 3.253180962266892240e-01
2.125110983093853601e-01 3.294772679435231222e+00 3.744070552281597575e+00 3.259686321637293438e-01
2.133403956328774331e-01 3.276624960888618432e+00 3.729131482167659772e+00 3.266040382733176317e-01
2.141513817128225527e-01 3.258676514879860875e+00 3.714360294002492680e+00 3.272242210723577682e-01
2.149438234481512167e-01 3.240924414740722792e+00 3.699754267257399309e+00 3.278290891975201293e-01
2.157174924710439645e-01 3.223365787256928350e+00 3.685310750886420905e+00 3.284185534276679586e-01
2.164721652565158860e-01 3.205997811563650490e+00 3.671027161424571972e+00 3.289925267057869362e-01
2.172076232299599008e-01 3.188817718066806250e+00 3.656900981188056843e+00 3.295509241604094863e-01
2.179236528725779221e-01 3.171822787389734444e+00 3.642929756380821171e+00 3.300936631265268262e-01
2.186200458246272404e-01 3.155010349342989517e+00 3.629111095035777002e+00 3.306206631659818207e-01
2.192965989864137377e-01 3.138377781916319886e+00 3.615442665095248920e+00 3.311318460873355352e-01
2.199531146169619866e-01 3.121922510293399178e+00 3.601922192680298007e+00 3.316271359651996042e-01
2.205894004302965672e-01 3.105642005888839652e+00 3.588547460218532770e+00 3.321064591590297543e-01
2.212052696892679859e-01 3.089533785405086164e+00 3.575316304504823517e+00 3.325697443313717638e-01
2.218005412968594159e-01 3.073595409909520182e+00 3.562226614835175109e+00 3.330169224655553650e-01
2.223750398849119736e-01 3.057824483930668080e+00 3.549276331273639506e+00 3.334479268828282605e-01
2.229285959002077211e-01 3.042218654574416092e+00 3.536463442935740886e+00 3.338626932589262020e-01
2.234610456878507179e-01 3.026775610658098081e+00 3.523785985900131035e+00 3.342611596400714702e-01
2.239722315718891965e-01 3.011493081859959453e+00 3.511242041651541523e+00 3.346432664583953720e-01
2.244620019331235172e-01 2.996368837890052372e+00 3.498829735449124012e+00 3.350089565467791464e-01
2.249302112840454726e-01 2.981400687674495842e+00 3.486547234259003147e+00 3.353581751531081179e-01
2.253767203408574282e-01 2.966586478556185735e+00 3.474392745262881554e+00 3.356908699539335461e-01
2.258013960925215058e-01 2.951924095512846513e+00 3.462364514214785416e+00 3.360069910675382854e-01
2.262041118667909856e-01 2.937411460389018458e+00 3.450460823547499167e+00 3.363064910664013696e-01
2.265847473931773548e-01 2.923046531142130533e+00 3.438679990816333909e+00 3.365893249890564709e-01
2.269431888628101746e-01 2.908827301104475183e+00 3.427020367189137495e+00 3.368554503513414566e-01
2.272793289851472720e-01 2.894751798258611952e+00 3.415480335743400264e+00 3.371048271570338262e-01
2.275930670414960666e-01 2.880818084526010292e+00 3.404058309737795440e+00 3.373374179078686419e-01
2.278843089353086160e-01 2.867024255067956773e+00 3.392752731214890627e+00 3.375531876129365116e-01
2.281529672392149655e-01 2.853368437601706109e+00 3.381562069659357572e+00 3.377521037974559603e-01
2.283989612387625490e-01 2.839848791728413868e+00 3.370484820083335720e+00 3.379341365109202466e-01
2.286222169728300557e-01 2.826463508270459890e+00 3.359519501689227639e+00 3.380992583346124625e-01
2.288226672706882847e-01 2.813210808624827752e+00 3.348664656603823619e+00 3.382474443884892490e-01
2.290002517856814523e-01 2.800088944125540547e+00 3.337918848203171418e+00 3.383786723374284100e-01
2.291549170255057222e-01 2.787096195417876121e+00 3.327280659811676866e+00 3.384929223968395906e-01
2.292866163790631406e-01 2.774230871844094892e+00 3.316748693489957489e+00 3.385901773376356894e-01
2.293953101398728267e-01 2.761491310840926694e+00 3.306321568454175797e+00 3.386704224905629501e-01
2.294809655260221792e-01 2.748875877344636898e+00 3.295997919743888005e+00 3.387336457498886788e-01
2.295435566966447793e-01 2.736382963209354813e+00 3.285776397344407407e+00 3.387798375764449199e-01
2.295830647649128031e-01 2.724010986636095311e+00 3.275655664518735133e+00 3.388089910000270377e-01
2.295994778075352571e-01 2.711758391607570928e+00 3.265634396691121655e+00 3.388211016211470361e-01
2.295927908707550702e-01 2.699623647337861421e+00 3.255711280514012262e+00 3.388161676121396737e-01
2.295630059728407946e-01 2.687605247728646063e+00 3.245885012447338624e+00 3.387941897176225403e-01
2.295101321030714736e-01 2.675701710835583391e+00 3.236154297823962800e+00 3.387551712543082627e-01
2.294341852172150920e-01 2.663911578344742015e+00 3.226517849674085170e+00 3.386991181101709492e-01
2.293351882295038557e-01 2.652233415056505894e+00 3.216974387675844316e+00 3.386260387429648189e-01
2.292131710011119372e-01 2.640665808380050716e+00 3.207522637345699756e+00 3.385359441780975143e-01
2.290681703251440382e-01 2.629207367836684295e+00 3.198161329018485155e+00 3.384288480058578186e-01
2.289002299081449865e-01 2.617856724571414606e+00 3.188889196693322603e+00 3.383047663779990000e-01
2.287094003481434379e-01 2.606612530871718736e+00 3.179704977271109012e+00 3.381637180036790036e-01
2.284957391092454770e-01 2.595473459697308360e+00 3.170607409980379821e+00 3.380057241447587124e-01
2.282593104927954364e-01 2.584438204218070023e+00 3.161595235297333772e+00 3.378308086104606645e-01
2.280001856051247500e-01 2.573505477358248861e+00 3.152667194087626079e+00 3.376389977513888918e-01
2.277184423219109632e-01 2.562674011350205117e+00 3.143822027077399106e+00 3.374303204529128797e-01
2.274141652491722398e-01 2.551942557296611458e+00 3.135058474209405865e+00 3.372048081279181986e-01
2.270874456809246766e-01 2.541309884740754477e+00 3.126375273719246284e+00 3.369624947089250311e-01
2.267383815535321256e-01 2.530774781242473903e+00 3.117771161712421080e+00 3.367034166395792005e-01
2.263670773967801364e-01 2.520336051965932356e+00 3.109244871815334488e+00 3.364276128655168119e-01
2.259736442817086299e-01 2.509992519273056111e+00 3.100795134075805759e+00 3.361351248246072787e-01
2.255581997652398307e-01 2.499743022322217012e+00 3.092420674748192599e+00 3.358259964365771233e-01
2.251208678316396483e-01 2.489586416679482550e+00 3.084120216226357680e+00 3.355002740920189352e-01
2.246617788308534480e-01 2.479521573935735912e+00 3.075892476059577163e+00 3.351580066407883196e-01
2.241810694137596482e-01 2.469547381328461633e+00 3.067736166704316148e+00 3.347992453797944412e-01
2.236788824643854701e-01 2.459662741375065576e+00 3.059649995433234793e+00 3.344240440401867187e-01
2.231553670291322178e-01 2.449866571511624347e+00 3.051632663827025471e+00 3.340324587739432749e-01
2.226106782430591902e-01 2.440157803739394282e+00 3.043682867520655755e+00 3.336245481398657509e-01
2.220449772532775146e-01 2.430535384278409428e+00 3.035799295989813906e+00 3.332003730889849247e-01
2.214584311395059735e-01 2.420998273228772923e+00 3.027980632521128701e+00 3.327599969493824084e-01
2.208512128318446954e-01 2.411545444240115188e+00 3.020225553922415873e+00 3.323034854104337521e-01
2.202235010258226655e-01 2.402175884186232846e+00 3.012532730247147406e+00 3.318309065064785623e-01
2.195754800947779806e-01 2.392888592847687956e+00 3.004900824958380845e+00 3.313423305999234625e-01
2.189073399996300795e-01 2.383682582602729028e+00 2.997328495072654420e+00 3.308378303637826701e-01
2.182192761961070926e-01 2.374556878125604786e+00 2.989814390587773207e+00 3.303174807636640176e-01
2.175114895394904546e-01 2.365510516087097947e+00 2.982357154834319068e+00 3.297813590392053018e-01
2.167841861869424513e-01 2.356542544869602018e+00 2.974955424894451639e+00 3.292295446849678453e-01
2.160375774974827578e-01 2.347652024284423433e+00 2.967607830913763678e+00 3.286621194307938199e-01
2.152718799296826357e-01 2.338838025294569523e+00 2.960312996730530166e+00 3.280791672216346599e-01
2.144873149371448462e-01 2.330099629749950108e+00 2.953069540120350389e+00 3.274807741968563390e-01
2.136841088618410267e-01 2.321435930124540192e+00 2.945876072712176885e+00 3.268670286690300575e-01
2.128624928253776138e-01 2.312846029263126990e+00 2.938731200338314142e+00 3.262380211022142817e-01
2.120227026182640029e-01 2.304329040133086259e+00 2.931633523182862078e+00 3.255938440897370723e-01
2.111649785872565799e-01 2.295884085583866696e+00 2.924581636107174809e+00 3.249345923314849172e-01
2.102895655208539827e-01 2.287510298112561014e+00 2.917574129073744249e+00 3.242603626107066761e-01
2.093967125330206680e-01 2.279206819637680237e+00 2.910609587352044780e+00 3.235712537703408498e-01
2.084866729452146961e-01 2.270972801276951003e+00 2.903686591733601663e+00 3.228673666888732807e-01
2.075597041667985865e-01 2.262807403133157980e+00 2.896803719277253997e+00 3.221488042557341114e-01
2.066160675739122932e-01 2.254709794087840447e+00 2.889959543420823174e+00 3.214156713462431036e-01
2.056560283868874572e-01 2.246679151597757773e+00 2.883152634395925507e+00 3.206680747961102029e-01
2.046798555462836233e-01 2.238714661501381542e+00 2.876381559828026013e+00 3.199061233755018385e-01
2.036878215876267717e-01 2.230815517829242367e+00 2.869644885155061775e+00 3.191299277626800657e-01
2.026802025149327668e-01 2.222980922622674438e+00 2.862941174044338677e+00 3.183396005172249854e-01
2.016572776730962413e-01 2.215210085756093683e+00 2.856268988868769565e+00 3.175352560528486023e-01
2.006193296192282927e-01 2.207502224767921462e+00 2.849626891452735844e+00 3.167170106098094462e-01
1.995666439930252056e-01 2.199856564696821781e+00 2.843013443313541000e+00 3.158849822269374497e-01
1.984995093862512439e-01 2.192272337922456238e+00 2.836427206305033089e+00 3.150392907132785192e-01
1.974182172114187506e-01 2.184748784014433731e+00 2.829866743297501319e+00 3.141800576193679584e-01
1.963230615697484083e-01 2.177285149585761470e+00 2.823330618689369409e+00 3.133074062081427913e-01
1.952143391184938126e-01 2.169880688152995063e+00 2.816817398947908391e+00 3.124214614255027556e-01
1.940923489377127942e-01 2.162534660000849485e+00 2.810325653182115246e+00 3.115223498705291805e-01
1.929573923965692550e-01 2.155246332053557978e+00 2.803853953729371185e+00 3.106101997653725189e-01
1.918097730192485362e-01 2.148014977750555055e+00 2.797400876949239112e+00 3.096851409248178033e-01
1.906497963505692506e-01 2.140839876930268559e+00 2.790965003848814963e+00 3.087473047255386849e-01
1.894777698213743755e-01 2.133720315716688187e+00 2.784544920304704352e+00 3.077968240750498241e-01
1.882940026137831790e-01 2.126655586410825638e+00 2.778139218063075067e+00 3.068338333803682372e-01
1.870988055263874961e-01 2.119644987390647106e+00 2.771746495471093752e+00 3.058584685163936445e-01
1.858924908394719577e-01 2.112687823013577049e+00 2.765365357852376249e+00 3.048708667940182027e-01
1.846753721803404136e-01 2.105783403524633890e+00 2.758994418148106309e+00 3.038711669279765548e-01
1.834477643888283438e-01 2.098931044968941784e+00 2.752632297654943105e+00 3.028595090044460814e-01
1.822099833830812809e-01 2.092130069110409440e+00 2.746277626827384299e+00 3.018360344484081748e-01
1.809623460256777339e-01 2.085379803355039474e+00 2.739929045646006589e+00 3.008008859907810861e-01
1.797051699901758282e-01 2.078679580676969785e+00 2.733585204352617648e+00 2.997542076353356677e-01
1.784387736281596581e-01 2.072028739551736720e+00 2.727244764200675853e+00 2.986961446254032815e-01
1.771634758368635376e-01 2.065426623892150815e+00 2.720906397880352490e+00 2.976268434103882532e-01
1.758795959274486176e-01 2.058872582988826139e+00 2.714568790370123885e+00 2.965464516120945304e-01
1.745874534940066169e-01 2.052365971456298954e+00 2.708230639440099896e+00 2.954551179908774250e-01
1.732873682833646900e-01 2.045906149181021760e+00 2.701890656268103541e+00 2.943529924116320973e-01
1.719796600657638730e-01 2.039492481275650526e+00 2.695547566185596544e+00 2.932402258096285519e-01
1.706646485064821361e-01 2.033124338035952050e+00 2.689200109014188378e+00 2.921169701562048582e-01
1.693426530384719297e-01 2.026801094900843037e+00 2.682847039990691407e+00 2.909833784243284760e-01
1.680139927360827790e-01 2.020522132419233508e+00 2.676487130254661118e+00 2.898396045540384547e-01
1.666789861899341252e-01 2.014286836216558019e+00 2.670119167134956673e+00 2.886858034177764432e-01
1.653379513830068315e-01 2.008094596966561340e+00 2.663741955182093779e+00 2.875221307856204445e-01
1.639912055680169678e-01 2.001944810368042837e+00 2.657354316570915920e+00 2.863487432904298080e-01
1.626390651461362136e-01 1.995836877122054709e+00 2.650955091422711352e+00 2.851657983929140605e-01
1.612818455471206613e-01 1.989770202913390351e+00 2.644543138613705935e+00 2.839734543466349015e-01
1.599198611109080015e-01 1.983744198395894331e+00 2.638117336300120019e+00 2.827718701629530762e-01
1.585534249707439280e-01 1.977758279179833822e+00 2.631676582197498337e+00 2.815612055759315058e-01
1.571828489378928884e-01 1.971811865821193166e+00 2.625219794298062848e+00 2.803416210072033343e-01
1.558084433879907971e-01 1.965904383816072132e+00 2.618745911416135996e+00 2.791132775308179381e-01
1.544305171490937267e-01 1.960035263595576671e+00 2.612253893399273608e+00 2.778763368380741672e-01
1.530493773914743394e-01 1.954203940523316696e+00 2.605742721765455183e+00 2.766309612023519771e-01
1.516653295192182671e-01 1.948409854896324678e+00 2.599211400243952141e+00 2.753773134439529979e-01
1.502786770636682090e-01 1.942652451947729952e+00 2.592658955016651223e+00 2.741155568949600885e-01
1.488897215787651496e-01 1.936931181850602757e+00 2.586084435179944130e+00 2.728458553641278650e-01
1.474987625383303302e-01 1.931245499725017023e+00 2.579486913238113299e+00 2.715683731018123659e-01
1.461060972353335208e-01 1.925594865646365061e+00 2.572865485337603175e+00 2.702832747649523970e-01
1.447120206831888911e-01 1.919978744654942560e+00 2.566219271882550945e+00 2.689907253821113287e-01
1.433168255191194229e-01 1.914396606769376730e+00 2.559547417727007002e+00 2.676908903185906130e-01
1.419208019096280804e-01 1.908847926998177291e+00 2.552849092345783166e+00 2.663839352416245698e-01
1.405242374581117393e-01 1.903332185354937200e+00 2.546123490483414020e+00 2.650700260856664325e-01
1.391274171146548722e-01 1.897848866874879414e+00 2.539369832434605456e+00 2.637493290177767014e-01
1.377306230880329940e-01 1.892397461632338906e+00 2.532587364055974621e+00 2.624220104031224077e-01
1.363341347599593967e-01 1.886977464757622291e+00 2.525775357104128371e+00 2.610882367705977258e-01
1.349382286016032328e-01 1.881588376457029588e+00 2.518933109896896561e+00 2.597481747785759243e-01
1.335431780924061784e-01 1.876229702034352798e+00 2.512059947150061756e+00 2.584019911808016490e-01
1.321492536412242347e-01 1.870900951909693299e+00 2.505155220041225483e+00 2.570498527924342524e-01
1.307567225098162367e-01 1.865601641641326358e+00 2.498218306913225994e+00 2.556919264562495520e-01
1.293658487387034095e-01 1.860331291949176791e+00 2.491248613306467963e+00 2.543283790090121177e-01
1.279768930754171530e-01 1.855089428736582891e+00 2.484245571866321889e+00 2.529593772480249192e-01
1.265901129051546226e-01 1.849875583112786215e+00 2.477208642859961785e+00 2.515850878978667104e-01
1.252057621838573720e-01 1.844689291417815458e+00 2.470137314060270484e+00 2.502056775773257580e-01
1.238240913737277821e-01 1.839530095243636643e+00 2.463031100760320058e+00 2.488213127665391267e-01
1.224453473811950716e-01 1.834397541458604897e+00 2.455889546408514867e+00 2.474321597743460999e-01
1.210697734973410766e-01 1.829291182232272384e+00 2.448712222264257221e+00 2.460383847058636164e-01
1.196976093407960406e-01 1.824210575056761430e+00 2.441498727460019502e+00 2.446401534302944658e-01
1.183290908031087163e-01 1.819155282771262705e+00 2.434248689332854987e+00 2.432376315489738483e-01
1.169644499965979828e-01 1.814124873584800568e+00 2.426961763135531136e+00 2.418309843636645973e-01
1.156039152046876711e-01 1.809118921097903065e+00 2.419637632380900794e+00 2.404203768451081968e-01
1.142477108347269565e-01 1.804137004326768601e+00 2.412276008818745598e+00 2.390059736018400882e-01
1.128960573732955275e-01 1.799178707723756432e+00 2.404876632020722660e+00 2.375879388492769528e-01
1.115491713439911020e-01 1.794243621197773697e+00 2.397439269807145390e+00 2.361664363790831889e-01
1.102072652676968911e-01 1.789331340136566029e+00 2.389963718254157321e+00 2.347416295288256849e-01
1.088705476253213761e-01 1.784441465425997020e+00 2.382449801223831098e+00 2.333136811519219145e-01
1.075392228230054037e-01 1.779573603468088239e+00 2.374897370542454311e+00 2.318827535878912605e-01
1.062134911597860387e-01 1.774727366200322232e+00 2.367306306126901294e+00 2.304490086329143150e-01
1.048935487977082220e-01 1.769902371113277750e+00 2.359676515623592152e+00 2.290126075107091486e-01
1.035795877343712035e-01 1.765098241266310097e+00 2.352007934185946780e+00 2.275737108437299316e-01
1.022717957778963155e-01 1.760314605302482516e+00 2.344300524655252627e+00 2.261324786246950436e-01
1.009703565243021267e-01 1.755551097464154831e+00 2.336554277424846671e+00 2.246890701884519115e-01
9.967544933726865675e-02 1.750807357605692616e+00 2.328769210034770332e+00 2.232436441841834929e-01
9.838724933027391539e-02 1.746083031205108105e+00 2.320945367175813789e+00 2.217963585479638955e-01
9.710592735108276863e-02 1.741377769375474172e+00 2.313082820511699556e+00 2.203473704756682139e-01
9.583164996856760598e-02 1.736691228874060355e+00 2.305181668463287536e+00 2.188968363962435215e-01
9.456457946183771668e-02 1.732023072111009254e+00 2.297242036146713851e+00 2.174449119453450430e-01
9.330487381165547545e-02 1.727372967156711292e+00 2.289264074991744113e+00 2.159917519393454444e-01
9.205268669411255378e-02 1.722740587746668162e+00 2.281247962395906548e+00 2.145375103497201286e-01
9.080816747654146814e-02 1.718125613285323317e+00 2.273193901834682507e+00 2.130823402778154463e-01
8.957146121563436258e-02 1.713527728850279042e+00 2.265102122612665081e+00 2.116263939300038754e-01
8.834270865774114523e-02 1.708946625193161539e+00 2.256972879196541992e+00 2.101698225932319142e-01
8.712204624131687780e-02 1.704381998738295767e+00 2.248806451306751164e+00 2.087127766109646565e-01
8.590960610148735965e-02 1.699833551582841329e+00 2.240603143673238318e+00 2.072554053595314083e-01
8.470551607670262495e-02 1.695300991492582510e+00 2.232363285405241982e+00 2.057978572248781168e-01
8.350989971744351981e-02 1.690784031896839679e+00 2.224087230102448132e+00 2.043402795797288618e-01
8.232287629694877429e-02 1.686282391883678233e+00 2.215775355407159086e+00 2.028828187611617095e-01
8.114456082392777769e-02 1.681795796190742376e+00 2.207428062421796788e+00 2.014256200486022885e-01
7.997506405722297484e-02 1.677323975195647021e+00 2.199045775773508016e+00 1.999688276422389999e-01
7.881449252238578729e-02 1.672866664906005996e+00 2.190628943273221552e+00 1.985125846418631934e-01
7.766294853012813137e-02 1.668423606946509929e+00 2.182178035231632229e+00 1.970570330261370573e-01
7.652053019661267386e-02 1.663994548543614949e+00 2.173693544329091676e+00 1.956023136322940781e-01
7.538733146554134346e-02 1.659579242510728525e+00 2.165175985427330474e+00 1.941485661362727377e-01
7.426344213200396227e-02 1.655177447230635313e+00 2.156625894929034448e+00 1.926959290332880548e-01
7.314894786804598814e-02 1.650788926635747167e+00 2.148043830483324257e+00 1.912445396188424407e-01
7.204393024991516403e-02 1.646413450187748317e+00 2.139430370687414484e+00 1.897945339701793965e-01
7.094846678694521902e-02 1.642050792855065389e+00 2.130786114721591407e+00 1.883460469281811323e-01
6.986263095203491813e-02 1.637700735089387294e+00 2.122111681848112941e+00 1.868992120797128009e-01
6.878649221368064726e-02 1.633363062799243037e+00 2.113407711017730950e+00 1.854541617404158460e-01
6.772011606951863771e-02 1.629037567323347924e+00 2.104674860656270852e+00 1.840110269379509611e-01
6.666356408133464195e-02 1.624724045402103689e+00 2.095913808061702799e+00 1.825699373956931604e-01
6.561689391149687356e-02 1.620422299146623502e+00 2.087125249016379858e+00 1.811310215168799864e-01
6.458015936076876018e-02 1.616132136007260911e+00 2.078309897465584477e+00 1.796944063692144655e-01
6.355341040745686454e-02 1.611853368740091774e+00 2.069468485097874844e+00 1.782602176699232821e-01
6.253669324784986994e-02 1.607585815372384763e+00 2.060601760801565874e+00 1.768285797712715324e-01
6.153005033790433231e-02 1.603329299165373589e+00 2.051710490247865781e+00 1.753996156465348899e-01
6.053352043613158956e-02 1.599083648576831385e+00 2.042795455615335154e+00 1.739734468764293773e-01
5.954713864764148157e-02 1.594848697221806999e+00 2.033857455037592299e+00 1.725501936359989663e-01
5.857093646929812519e-02 1.590624283831638897e+00 2.024897302110139297e+00 1.711299746819623102e-01
5.760494183594198209e-02 1.586410252211545746e+00 2.015915825551723994e+00 1.697129073405172495e-01
5.664917916763389377e-02 1.582206451197450958e+00 2.006913868724558014e+00 1.682991074956042277e-01
5.570366941787525256e-02 1.578012734610632073e+00 1.997892289098784468e+00 1.668886895776272306e-01
5.476843012276060019e-02 1.573828961211378941e+00 1.988851957963553296e+00 1.654817665526335246e-01
5.384347545101621224e-02 1.569654994651932034e+00 1.979793759797447539e+00 1.640784499119494477e-01
5.292881625488113362e-02 1.565490703426572150e+00 1.970718591853631185e+00 1.626788496622734448e-01
5.202446012178535417e-02 1.561335960822304969e+00 1.961627363931416568e+00 1.612830743162241287e-01
5.113041142678135392e-02 1.557190644867760820e+00 1.952520997587365637e+00 1.598912308833435603e-01
5.024667138568426200e-02 1.553054638279663946e+00 1.943400425692349609e+00 1.585034248615534713e-01
4.937323810887668529e-02 1.548927828409541796e+00 1.934266592170129639e+00 1.571197602290632933e-01
4.851010665573569219e-02 1.544810107189050985e+00 1.925120451502619678e+00 1.557403394367299077e-01
4.765726908963692499e-02 1.540701371074322701e+00 1.915962968150346279e+00 1.543652634008650937e-01
4.681471453349424217e-02 1.536601520988546410e+00 1.906795115966761323e+00 1.529946314964911458e-01
4.598242922579166836e-02 1.532510462263641404e+00 1.897617878003928338e+00 1.516285415510412182e-01
4.516039657706570620e-02 1.528428104582348901e+00 1.888432246036980899e+00 1.502670898385033982e-01
4.434859722679619642e-02 1.524354361917938716e+00 1.879239219765935998e+00 1.489103710740057873e-01
4.354700910066415520e-02 1.520289152472709793e+00 1.870039806597769472e+00 1.475584784088399271e-01
4.275560746813655832e-02 1.516232398617304078e+00 1.860835021219180652e+00 1.462115034259215962e-01
4.197436500033678575e-02 1.512184026827730232e+00 1.851625884922026621e+00 1.448695361356844846e-01
4.120325182816145931e-02 1.508143967621986548e+00 1.842413425232513724e+00 1.435326649724052439e-01
4.044223560060460076e-02 1.504112155496086345e+00 1.833198675550300250e+00 1.422009767909570288e-01
3.969128154324993996e-02 1.500088528859786052e+00 1.823982674516854585e+00 1.408745568639879209e-01
3.895035251689375755e-02 1.496073029970370394e+00 1.814766465488339087e+00 1.395534888795220418e-01
3.821940907626039663e-02 1.492065604866792627e+00 1.805551096333519956e+00 1.382378549389789990e-01
3.749840952877415978e-02 1.488066203303606061e+00 1.796337618735976083e+00 1.369277355556100528e-01
3.678730999335073915e-02 1.484074778682752394e+00 1.787127087762382383e+00 1.356232096533457332e-01
3.608606445917311722e-02 1.480091287986616377e+00 1.777920561459538140e+00 1.343243545660523786e-01
3.539462484441693868e-02 1.476115691709126265e+00 1.768719100250774279e+00 1.330312460371941008e-01
3.471294105489121373e-02 1.472147953787196650e+00 1.759523766767326691e+00 1.317439582198956238e-01
3.404096104256093547e-02 1.468188041532470178e+00 1.750335625097827030e+00 1.304625636774031372e-01
3.337863086391863743e-02 1.464235925560521512e+00 1.741155740237535277e+00 1.291871333839377245e-01
3.272589473817364564e-02 1.460291579721492372e+00 1.731985178053915719e+00 1.279177367259397013e-01
3.208269510522670370e-02 1.456354981030791862e+00 1.722825004497205992e+00 1.266544415036967852e-01
3.144897268340031415e-02 1.452426109597523052e+00 1.713676285126943366e+00 1.253973139333540709e-01
3.082466652689484776e-02 1.448504948554657945e+00 1.704540084923388044e+00 1.241464186493006494e-01
3.020971408294125318e-02 1.444591483988370673e+00 1.695417467557485569e+00 1.229018187069281232e-01
2.960405124862255238e-02 1.440685704866529582e+00 1.686309495045238416e+00 1.216635755857572859e-01
2.900761242733628995e-02 1.436787602968310873e+00 1.677217227353461571e+00 1.204317491929273037e-01
2.842033058487210620e-02 1.432897172812773956e+00 1.668141721837669955e+00 1.192063978670442614e-01
2.784213730507767090e-02 1.429014411587822053e+00 1.659084032961906097e+00 1.179875783823824270e-01
2.727296284508875027e-02 1.425139319079531175e+00 1.650045211693668135e+00 1.167753459534347782e-01
2.671273619009898251e-02 1.421271897600364431e+00 1.641026305097507576e+00 1.155697542398074484e-01
2.616138510764597774e-02 1.417412151918784113e+00 1.632028356090799326e+00 1.143708553514530130e-01
2.561883620139122214e-02 1.413560089188541813e+00 1.623052402729174393e+00 1.131786998542376327e-01
2.508501496437194264e-02 1.409715718877207591e+00 1.614099477934395788e+00 1.119933367758366716e-01
2.455984583170451457e-02 1.405879052696540565e+00 1.605170609117692937e+00 1.108148136119546795e-01
2.404325223271846709e-02 1.402050104531617158e+00 1.596266817490831880e+00 1.096431763328627462e-01
2.353515664250258044e-02 1.398228890370430522e+00 1.587389118075006600e+00 1.084784693902494657e-01
2.303548063284416650e-02 1.394415428235527665e+00 1.578538519031538412e+00 1.073207357243793902e-01
2.254414492254404670e-02 1.390609738112989824e+00 1.569716021061487110e+00 1.061700167715538407e-01
2.206106942709028934e-02 1.386811841883888619e+00 1.560922617483569308e+00 1.050263524718684366e-01
2.158617330767457002e-02 1.383021763256180314e+00 1.552159293460004807e+00 1.038897812772617418e-01
2.111937501953638913e-02 1.379239527695234058e+00 1.543427025551075804e+00 1.027603401598505550e-01
2.066059235961983584e-02 1.375465162356379833e+00 1.534726781678976471e+00 1.016380646205441995e-01
2.020974251353011356e-02 1.371698696017927599e+00 1.526059520541080294e+00 1.005229886979344539e-01
1.976674210177623014e-02 1.367940159013772305e+00 1.517426190975118327e+00 9.941514497745358725e-02
1.933150722528835172e-02 1.364189583166325992e+00 1.508827732023432011e+00 9.831456460079643356e-02
1.890395351019783649e-02 1.360447001722163929e+00 1.500265072451946402e+00 9.722127727559908006e-02
1.848399615187010583e-02 1.356712449285575772e+00 1.491739129940056197e+00 9.613531128537033954e-02
1.807154995817984028e-02 1.352985961753477406e+00 1.483250811267597724e+00 9.505669349966849868e-02
1.766652939201983352e-02 1.349267576252605627e+00 1.474801011905585657e+00 9.398544938451865172e-02
1.726884861303502189e-02 1.345557331075448948e+00 1.466390615157031396e+00 9.292160301306424952e-02
1.687842151857409101e-02 1.341855265616597626e+00 1.458020492251835165e+00 9.186517707644745179e-02
1.649516178385177639e-02 1.338161420311971606e+00 1.449691502131030374e+00 9.081619289491213443e-02
1.611898290131549491e-02 1.334475836577090790e+00 1.441404490633416913e+00 8.977467042912352924e-02
1.574979821921120363e-02 1.330798556745737216e+00 1.433160290422692773e+00 8.874062829169963862e-02
1.538752097934311704e-02 1.327129624010837228e+00 1.424959720815675235e+00 8.771408375894693132e-02
1.503206435402354955e-02 1.323469082365287708e+00 1.416803587149465082e+00 8.669505278279594773e-02
1.468334148220916922e-02 1.319816976543096487e+00 1.408692680657231078e+00 8.568355000292987578e-02
1.434126550482100679e-02 1.316173351962620641e+00 1.400627778185399519e+00 8.467958875910122640e-02
1.400574959924574467e-02 1.312538254669438187e+00 1.392609641696475054e+00 8.368318110362961415e-02
1.367670701301684603e-02 1.308911731280459234e+00 1.384639018256171639e+00 8.269433781407541095e-02
1.335405109667467394e-02 1.305293828929664057e+00 1.376716639567596934e+00 8.171306840608383304e-02
1.303769533580490317e-02 1.301684595213207674e+00 1.368843221721746772e+00 8.073938114639256369e-02
1.272755338225560647e-02 1.298084078137064390e+00 1.361019465015908647e+00 7.977328306599774932e-02
1.242353908453374192e-02 1.294492326064283549e+00 1.353246053538854854e+00 7.881477997347242914e-02
1.212556651738239816e-02 1.290909387663856212e+00 1.345523655071193758e+00 7.786387646843175026e-02
1.183355001054051635e-02 1.287335311860452691e+00 1.337852920763746178e+00 7.692057595513868140e-02
1.154740417668751601e-02 1.283770147784863092e+00 1.330234484957037999e+00 7.598488065624475762e-02
1.126704393857587243e-02 1.280213944725866915e+00 1.322668964863332075e+00 7.505679162666051285e-02
1.099238455535474050e-02 1.276666752082245893e+00 1.315156960462323887e+00 7.413630876754905008e-02
1.072334164808866688e-02 1.273128619317059895e+00 1.307699054392865046e+00 7.322343084043750339e-02
1.045983122447572723e-02 1.269599595912008771e+00 1.300295811434166726e+00 7.231815548144092387e-02
1.020176970276973245e-02 1.266079731322450552e+00 1.292947778565641803e+00 7.142047921559240009e-02
9.949073934911902353e-03 1.262569074934751345e+00 1.285655484794977932e+00 7.053039747127440307e-02
9.701661228877406923e-03 1.259067676023334581e+00 1.278419440863727718e+00 6.964790459474501372e-02
9.459449370243169439e-03 1.255575583709588106e+00 1.271240139348460252e+00 6.877299386475467513e-02
9.222356642982943928e-03 1.252092846921944114e+00 1.264118054302982408e+00 6.790565750724657235e-02
8.990301849496824468e-03 1.248619514356028359e+00 1.257053641132410471e+00 6.704588671013615719e-02
8.763204329882175528e-03 1.245155634436856618e+00 1.250047336589569902e+00 6.619367163816408661e-02
8.540983980453617855e-03 1.241701255281506766e+00 1.243099558709294117e+00 6.534900144781716214e-02
8.323561271519827609e-03 1.238256424663568778e+00 1.236210706621492239e+00 6.451186430231196922e-02
8.110857264425362645e-03 1.234821189977570510e+00 1.229381160473306256e+00 6.368224738663579021e-02
7.902793627866108034e-03 1.231395598205567765e+00 1.222611281548734441e+00 6.286013692264004471e-02
7.699292653486913829e-03 1.227979695884373612e+00 1.215901412109335000e+00 6.204551818418036629e-02
7.500277270770588749e-03 1.224573529073880840e+00 1.209251875198220638e+00 6.123837551229861093e-02
7.305671061227567847e-03 1.221177143325856473e+00 1.202662974968886189e+00 6.043869233044162764e-02
7.115398271895725761e-03 1.217790583655695702e+00 1.196134996710135123e+00 5.964645115971161510e-02
6.929383828160271160e-03 1.214413894513453274e+00 1.189668206354656199e+00 5.886163363414351896e-02
6.747553345903455069e-03 1.211047119755951806e+00 1.183262851039978969e+00 5.808422051600355129e-02
6.569833142994705236e-03 1.207690302621912348e+00 1.176919159228242862e+00 5.731419171110548744e-02
6.396150250131185482e-03 1.204343485706468764e+00 1.170637340316190045e+00 5.655152628413837035e-02
6.226432421039603850e-03 1.201006710936859845e+00 1.164417585015675716e+00 5.579620247400177840e-02
6.060608142049964987e-03 1.197680019550199093e+00 1.158260065829578300e+00 5.504819770914377852e-02
5.898606641052155618e-03 1.194363452072656928e+00 1.152164936586957733e+00 5.430748862289691559e-02
5.740357895846386407e-03 1.191057048297339716e+00 1.146132332753507566e+00 5.357405106880749196e-02
5.585792641898673118e-03 1.187760847266293274e+00 1.140162372078746156e+00 5.284786013595381415e-02
5.434842379512702139e-03 1.184474887252253028e+00 1.134255154418263523e+00 5.212889016424914618e-02
5.287439380429359570e-03 1.181199205741584324e+00 1.128410762085081176e+00 5.141711475972450540e-02
5.143516693865452828e-03 1.177933839418746853e+00 1.122629260057073530e+00 5.071250680978733189e-02
5.003008152003221402e-03 1.174678824151374812e+00 1.116910696374185719e+00 5.001503849845174987e-02
4.865848374942210834e-03 1.171434194977464704e+00 1.111255102529713046e+00 4.932468132153623036e-02
4.731972775125205428e-03 1.168199986093061193e+00 1.105662493770163790e+00 4.864140610182442898e-02
4.601317561249955966e-03 1.164976230841672900e+00 1.100132869562945315e+00 4.796518300418520925e-02
4.473819741678515885e-03 1.161762961704671415e+00 1.094666213886956951e+00 4.729598155064822923e-02
4.349417127355884038e-03 1.158560210292743031e+00 1.089262495856209600e+00 4.663377063543051870e-02
4.228048334249842090e-03 1.155368007339365954e+00 1.083921670328208409e+00 4.597851853991079957e-02
4.109652785323768785e-03 1.152186382695188582e+00 1.078643678306396625e+00 4.533019294754749018e-02
3.994170712054243705e-03 1.149015365323665216e+00 1.073428447523713025e+00 4.468876095873684090e-02
3.881543155505277811e-03 1.145854983298113305e+00 1.068275893528870979e+00 4.405418910560764123e-02
3.771711966970846350e-03 1.142705263801593318e+00 1.063185920060274237e+00 4.342644336674859884e-02
3.664619808197613470e-03 1.139566233125745454e+00 1.058158419624233737e+00 4.280548918186552476e-02
3.560210151199445176e-03 1.136437916673074700e+00 1.053193275101225179e+00 4.219129146636450833e-02
3.458427277675374042e-03 1.133320338961424145e+00 1.048290360112967168e+00 4.158381462585758470e-02
3.359216278042716827e-03 1.130213523627738637e+00 1.043449540182494362e+00 4.098302257058840381e-02
3.262523050096751212e-03 1.127117493436534446e+00 1.038670673978554282e+00 4.038887872977381388e-02
3.168294297308563070e-03 1.124032270287784296e+00 1.033953614296123646e+00 3.980134606585914586e-02
3.076477526772289622e-03 1.120957875228577150e+00 1.029298209986050816e+00 3.922038708868316043e-02
2.987021046813290951e-03 1.117894328467102349e+00 1.024704306835596768e+00 3.864596386955105461e-02
2.899873964268230228e-03 1.114841649386922429e+00 1.020171749271227668e+00 3.807803805521123297e-02
2.814986181448359166e-03 1.111799856566111355e+00 1.015700382567752635e+00 3.751657088173410842e-02
2.732308392796954817e-03 1.108768967798119842e+00 1.011290054462547827e+00 3.696152318828970634e-02
2.651792081251807837e-03 1.105749000115490821e+00 1.006940617476276723e+00 3.641285543082146275e-02
2.573389514323628103e-03 1.102739969817396970e+00 1.002651931430532661e+00 3.587052769561404481e-02
2.497053739900931268e-03 1.099741892500479823e+00 9.984238659824768991e-01 3.533449971275191837e-02
2.422738581792101276e-03 1.096754783093407237e+00 9.942563037769723833e-01 3.480473086946730965e-02
2.350398635014900109e-03 1.093778655896490370e+00 9.901491440192596860e-01 3.428118022337402204e-02
2.279989260843849185e-03 1.090813524626124575e+00 9.861023060932914142e-01 3.376380651558595625e-02
2.211466581625542906e-03 1.087859402464227854e+00 9.821157338175363627e-01 3.325256818371735007e-02
2.144787475371947964e-03 1.084916302114266262e+00 9.781894007319792417e-01 3.274742337476299614e-02
2.079909570141526016e-03 1.081984235865207866e+00 9.743233154429058462e-01 3.224832995785616163e-02
2.016791238217956195e-03 1.079063215661954622e+00 9.705175278177359255e-01 3.175524553690269036e-02
1.955391590095928618e-03 1.076153253186043157e+00 9.667721368809530924e-01 3.126812746308874069e-02
1.895670468283503244e-03 1.073254359947680259e+00 9.630872989200028877e-01 3.078693284726089288e-02
1.837588440930222698e-03 1.070366547388299061e+00 9.594632369625836210e-01 3.031161857217643321e-02
1.781106795290125821e-03 1.067489826998243574e+00 9.559002526511805042e-01 2.984214130462261097e-02
1.726187531028542874e-03 1.064624210451764474e+00 9.523987394073666346e-01 2.937845750740279011e-02
1.672793353381446827e-03 1.061769709760493452e+00 9.489591977918356847e-01 2.892052345118814594e-02
1.620887666176000757e-03 1.058926337450269095e+00 9.455822539260043680e-01 2.846829522623369954e-02
1.570434564720660318e-03 1.056094106764960072e+00 9.422686814018219614e-01 2.802172875395681634e-02
1.521398828573131525e-03 1.053273031903307233e+00 9.390194272662216735e-01 2.758077979837708985e-02
1.473745914194285857e-03 1.050463128294038206e+00 9.358356427084818518e-01 2.714540397741656286e-02
1.427441947495885783e-03 1.047664412916988086e+00 9.327187208980978195e-01 2.671555677405849927e-02
1.382453716289946694e-03 1.044876904682568552e+00 9.296703427290614608e-01 2.629119354736435960e-02
1.338748662647211473e-03 1.042100624879264803e+00 9.266925319188275001e-01 2.587226954334709630e-02
1.296294875172233864e-03 1.039335597705543179e+00 9.237877237442202460e-01 2.545873990570069259e-02
1.255061081202193648e-03 1.036581850908156577e+00 9.209588499024501385e-01 2.505055968638419256e-02
1.215016638936536894e-03 1.033839416550099477e+00 9.182094443194246391e-01 2.464768385605975096e-02
1.176131529504314491e-03 1.031108331943940914e+00 9.155437770846424073e-01 2.425006731438404325e-02
1.138376348975881584e-03 1.028388640794248632e+00 9.129670242503308275e-01 2.385766490015191893e-02
1.101722300325512147e-03 1.025680394606822698e+00 9.104854861880995465e-01 2.347043140129205507e-02
1.066141185351246554e-03 1.022983654444817647e+00 9.081068715517313095e-01 2.308832156471369093e-02
1.031605396558151009e-03 1.020298493138364737e+00 9.058406698596592754e-01 2.271129010600400622e-02
9.980879090110011693e-04 1.017624998093969557e+00 9.036986477887199998e-01 2.233929171897579627e-02
9.655622721621919761e-04 1.014963274911677704e+00 9.016955195587945671e-01 2.197228108506479177e-02
9.340026016605428591e-04 1.012313452102292954e+00 8.998498655930813328e-01 2.161021288257641143e-02
9.033835711464796190e-04 1.009675687328605687e+00 8.981854150873296305e-01 2.125304179578160410e-02
8.736804040389160907e-04 1.007050175801039726e+00 8.967328708291339989e-01 2.090072252386165896e-02
8.448688653189517219e-04 1.004437161775799225e+00 8.955325635932580575e-01 2.055320978970135923e-02
8.169252533154284504e-04 1.001836954635119126e+00 8.946384115431753603e-01 2.021045834853119408e-02
7.898263914970871189e-04 9.992499519115307649e-01 8.941239976043560134e-01 1.987242299641751170e-02
7.635496202760385168e-04 9.966766731706333537e-01 8.940922174656450450e-01 1.953905857860145992e-02
7.380727888270051168e-04 9.941178114996493953e-01 8.946912135027710322e-01 1.921031999768620449e-02
7.133742469266819188e-04 9.915743147890301312e-01 8.961419717848471134e-01 1.888616222167280312e-02
6.894328368173875416e-04 9.890475201117469028e-01 8.987889934863364516e-01 1.856654029184472837e-02
6.662278850990203645e-04 9.865393889650965198e-01 9.032004596513529826e-01 1.825140933050130657e-02
6.437391946531857657e-04 9.840529502758192937e-01 9.103863957059770140e-01 1.794072454854019755e-02
6.219470366032115371e-04 9.815932196299731460e-01 9.223425420999732394e-01 1.763444125288935252e-02
6.008321423136063575e-04 9.791693858165606557e-01 9.437174004297063101e-01 1.733251485378861992e-02
5.803756954323892455e-04 9.768012359419642188e-01 9.893039449898014537e-01 1.703490087192158220e-02
5.605593239795425998e-04 9.745471773910557856e-01 1.040718596532708817e+00 1.674155494539773456e-02
5.413650924847369147e-04 9.723744672038555636e-01 1.080641394070193106e+00 1.645243283658585562e-02
