1.074642965213007811e-01 5.948059112025950057e+00 8.366301928577060565e+00 2.318019591389390843e-01
1.107223080026998319e-01 5.855309608089671158e+00 7.892674709911598363e+00 2.352895110313035498e-01
1.140142954954144333e-01 5.758109837007468812e+00 7.264098603961888223e+00 2.387616965673246827e-01
1.173374738389864336e-01 5.652225518553110284e+00 6.658411284898378746e+00 2.422163019276225571e-01
1.206889219655327555e-01 5.545042265846763740e+00 6.311495798509502819e+00 2.456510960341239391e-01
1.240655856712290506e-01 5.438915661648923816e+00 6.066586578774503025e+00 2.490638328533762158e-01
1.274642808511914083e-01 5.334834409150969847e+00 5.874493260177966469e+00 2.524522537542410183e-01
1.308816971998111034e-01 5.233257095485028820e+00 5.714131769405359051e+00 2.558140899166923554e-01
1.343144023767789963e-01 5.134395836597374085e+00 5.574829334773676592e+00 2.591470647882964107e-01
1.377588466371659215e-01 5.038334905654918927e+00 5.450560386410700175e+00 2.624488965848074673e-01
1.412113679220136919e-01 4.945087481125175266e+00 5.337641263628550625e+00 2.657173008311781714e-01
1.446681974039399632e-01 4.854625461375410289e+00 5.233675977634775656e+00 2.689499929391521160e-01
1.481254654802892090e-01 4.766896242200616918e+00 5.137025332038445136e+00 2.721446908174851576e-01
1.515792082043696809e-01 4.681832658326336549e+00 5.046519219914470611e+00 2.752991175107265542e-01
1.550253741433194887e-01 4.599359109717386040e+00 4.961291354420497512e+00 2.784110038623828220e-01
1.584598316491531433e-01 4.519395449841209000e+00 4.880679701994736774e+00 2.814780911981900058e-01
1.618783765275593201e-01 4.441859506876815189e+00 4.804164062083273734e+00 2.844981340251279134e-01
1.652767400870682746e-01 4.366668741745390214e+00 4.731325584322550348e+00 2.874689027417298703e-01
1.686505975492874343e-01 4.293741346043738361e+00 4.661819730603014023e+00 2.903881863551678877e-01
1.719955767990316853e-01 4.222996968312441979e+00 4.595357744876347184e+00 2.932537952005324633e-01
1.753072674513597162e-01 4.154357189146899110e+00 4.531693658733698449e+00 2.960635636576710583e-01
1.785812302107782357e-01 4.087745824111801873e+00 4.470614988629942665e+00 2.988153528609082676e-01
1.818130064962067416e-01 4.023089107291139221e+00 4.411935949309353511e+00 3.015070533969368971e-01
1.849981283037122615e-01 3.960315791461499035e+00 4.355492416023382773e+00 3.041365879861482879e-01
1.881321282775390569e-01 3.899357189783670297e+00 4.301138123706433447e+00 3.067019141426566287e-01
1.912105499585817492e-01 3.840147176458000189e+00 4.248741755079143090e+00 3.092010268082738267e-01
1.942289581781882213e-01 3.782622158704011195e+00 4.198184676894499923e+00 3.116319609556986725e-01
1.971829495640443908e-01 3.726721028898494659e+00 4.149359154895651436e+00 3.139927941562070113e-01
2.000681631238900304e-01 3.672385103226903258e+00 4.102166926713858075e+00 3.162816491071605007e-01
2.028802908719515019e-01 3.619558051445409319e+00 4.056518045379956305e+00 3.184966961146940001e-01
2.056150884622641173e-01 3.568185821083467157e+00 4.012329929430924480e+00 3.206361555269961472e-01
2.082683857924931548e-01 3.518216558501667812e+00 3.969526572354702409e+00 3.226983001136612406e-01
2.108360975414596827e-01 3.469600528551492591e+00 3.928037875928135136e+00 3.246814573866666498e-01
2.133142336033362063e-01 3.422290034090611943e+00 3.887799080762290416e+00 3.265840118586151863e-01
2.156989093814017378e-01 3.376239336247751854e+00 3.848750273748928308e+00 3.284044072339786235e-01
2.179863559043401233e-01 3.331404576060944756e+00 3.810835956768390709e+00 3.301411485291860237e-01
2.201729297283286646e-01 3.287743697915413765e+00 3.774004664666231079e+00 3.317928041175159937e-01
2.222551225885992521e-01 3.245216375060124392e+00 3.738208623138123521e+00 3.333580076948799431e-01
2.242295707647609382e-01 3.203783937373036128e+00 3.703403439260788410e+00 3.348354601627200333e-01
2.260930641249455364e-01 3.163409301466181045e+00 3.669547818995014143e+00 3.362239314243897770e-01
2.278425548147833823e-01 3.124056903163276111e+00 3.636603307130090279e+00 3.375222620915421801e-01
2.294751655583196492e-01 3.085692632339950947e+00 3.604534046235536415e+00 3.387293650972112435e-01
2.309881975392504005e-01 3.048283770090231659e+00 3.573306551836465506e+00 3.398442272124468366e-01
2.323791378322772050e-01 3.011798928159539646e+00 3.542889501670243302e+00 3.408659104635408110e-01
2.336456663559484948e-01 2.976207990575788553e+00 3.513253537429599227e+00 3.417935534470687431e-01
2.347856623200688386e-01 2.941482057400508054e+00 3.484371077535918904e+00 3.426263725401686444e-01
2.357972101426009937e-01 2.907593390517553278e+00 3.456216140126403324e+00 3.433636630036738246e-01
2.366786048129568276e-01 2.874515361381634104e+00 3.428764175462836405e+00 3.440047999759282549e-01
2.374283566806608958e-01 2.842222400644535796e+00 3.401991907137875693e+00 3.445492393553212240e-01
2.380451956505605371e-01 2.810689949585207792e+00 3.375877181847195097e+00 3.449965185697969616e-01
2.385280747680469382e-01 2.779894413272791187e+00 3.350398827331340534e+00 3.453462572318157786e-01
2.388761731801206656e-01 2.749813115395712160e+00 3.325536518342970371e+00 3.455981576774684316e-01
2.390888984605792911e-01 2.720424254697325406e+00 3.301270650628953085e+00 3.457520053886740108e-01
2.391658882901088190e-01 2.691706862964267089e+00 3.277582222838221870e+00 3.458076692976232991e-01
2.391070114846083616e-01 2.663640764518417026e+00 3.254452726297849985e+00 3.457651019728627539e-01
2.389123683676639132e-01 2.636206537168787722e+00 3.231864042764600597e+00 3.456243396866487405e-01
2.385822904856904625e-01 2.609385474586889853e+00 3.209798350200923966e+00 3.453855023634391785e-01
2.381173396668743447e-01 2.583159550072335886e+00 3.188238036573427081e+00 3.450487934096236886e-01
2.375183064276552569e-01 2.557511381680941387e+00 3.167165621691724109e+00 3.446144994248321325e-01
2.367862077330737947e-01 2.532424198690498063e+00 3.146563687124646513e+00 3.440829897953935346e-01
2.359222841198663767e-01 2.507881809384681748e+00 3.126414814274997678e+00 3.434547161707540153e-01
2.349279961936994177e-01 2.483868570138711096e+00 3.106701530461393190e+00 3.427302118238917394e-01
2.338050205143862303e-01 2.460369355790592572e+00 3.087406262958028336e+00 3.419100908969975317e-01
2.325552448853121512e-01 2.437369531286708746e+00 3.068511301011578762e+00 3.409950475339137421e-01
2.311807630655930701e-01 2.414854924591627316e+00 3.049998765607671025e+00 3.399858549010481013e-01
2.296838689256976151e-01 2.392811800851819104e+00 3.031850586787654400e+00 3.388833640986951834e-01
2.280670500693654512e-01 2.371226837804549348e+00 3.014048488381437796e+00 3.376885029649110415e-01
2.263329809466401166e-01 2.350087102424105900e+00 2.996573979900773566e+00 3.364022747742946851e-01
2.244845154846979995e-01 2.329380028796549595e+00 2.979408355255876106e+00 3.350257568342305814e-01
2.225246792648845617e-01 2.309093397213489496e+00 2.962532697973823570e+00 3.335600989813414241e-01
2.204566612759574495e-01 2.289215314474636109e+00 2.945927892578906082e+00 3.320065219810880985e-01
2.182838052749780655e-01 2.269734195387802078e+00 2.929574641791133693e+00 3.303663158336349603e-01
2.160096007885798919e-01 2.250638745454135226e+00 2.913453489068880131e+00 3.286408379892705178e-01
2.136376737884707333e-01 2.231917944722705105e+00 2.897544845995013052e+00 3.268315114768393648e-01
2.111717770759874990e-01 2.213561032797258576e+00 2.881829024174843212e+00 3.249398229487942547e-01
2.086157804113249470e-01 2.195557494977412372e+00 2.866286271137628905e+00 3.229673206466290303e-01
2.059736604236828972e-01 2.177897049511725580e+00 2.850896809646340291e+00 3.209156122905855724e-01
2.032494903390374141e-01 2.160569635938007771e+00 2.835640880068266867e+00 3.187863628976602137e-01
2.004474295625262303e-01 2.143565404485932469e+00 2.820498785278160891e+00 3.165812925320495297e-01
1.975717131525578651e-01 2.126874706511357349e+00 2.805450937501630548e+00 3.143021739922887137e-01
1.946266412236966337e-01 2.110488085930371849e+00 2.790477906793491503e+00 3.119508304394272846e-01
1.916165683151610510e-01 2.094396271620531991e+00 2.775560470534629509e+00 3.095291329706794103e-01
1.885458927613880842e-01 2.078590170749511135e+00 2.760679663549901353e+00 3.070389981430600712e-01
1.854190461005769952e-01 2.063060862994941402e+00 2.745816828527002151e+00 3.044823854515865125e-01
1.822404825564264697e-01 2.047799595613016166e+00 2.730953666036015193e+00 3.018612947666746149e-01
1.790146686274437793e-01 2.032797779310271391e+00 2.716072284063614894e+00 2.991777637354118280e-01
1.757460728172131892e-01 2.018046984877764682e+00 2.701155246626226081e+00 2.964338651514138445e-01
1.724391555378954888e-01 2.003538940537072044e+00 2.686185620924009143e+00 2.936317042979993963e-01
1.690983592179861050e-01 1.989265529950884570e+00 2.671147023017741429e+00 2.907734162694262658e-01
1.657280986439975679e-01 1.975218790850197248e+00 2.656023661607236797e+00 2.878611632749349947e-01
1.623327515642590813e-01 1.961390914226230686e+00 2.640800379622375793e+00 2.848971319303329475e-01
1.589166495814575975e-01 1.947774244036977187e+00 2.625462693524923452e+00 2.818835305418335158e-01
1.554840693588863954e-01 1.934361277377609989e+00 2.609996830084654995e+00 2.788225863868334375e-01
1.520392241636272235e-01 1.921144665063417190e+00 2.594389760428951863e+00 2.757165429962692982e-01
1.485862557680828477e-01 1.908117212573997135e+00 2.578629231281123868e+00 2.725676574431409316e-01
1.451292267294172211e-01 1.895271881308970618e+00 2.562703793312915757e+00 2.693781976417330970e-01
1.416721130645413329e-01 1.882601790105721040e+00 2.546602826456964230e+00 2.661504396619901458e-01
1.382187973363357414e-01 1.870100216969924567e+00 2.530316562157140847e+00 2.628866650634221203e-01
1.347730621648237648e-01 1.857760600972299558e+00 2.513836102562104990e+00 2.595891582528281893e-01
1.313385841750197847e-01 1.845576544265711716e+00 2.497153436603710031e+00 2.562602038700310669e-01
1.279189283911760233e-01 1.833541814178464069e+00 2.480261452966538549e+00 2.529020842057020380e-01
1.245175430851626630e-01 1.821650345341505606e+00 2.463153950000910974e+00 2.495170766552488595e-01
1.211377550847395346e-01 1.809896241809802131e+00 2.445825642621703988e+00 2.461074512126151803e-01
1.177827655455213202e-01 1.798273779139865525e+00 2.428272166213492511e+00 2.426754680077091442e-01
1.144556461885242876e-01 1.786777406387674905e+00 2.410490077633174799e+00 2.392233748910464197e-01
1.111593360033036187e-01 1.775401747994157953e+00 2.392476853401233505e+00 2.357534050690505145e-01
1.078966384148665331e-01 1.764141605527619561e+00 2.374230885167937899e+00 2.322677747933045989e-01
1.046702189107781428e-01 1.752991959255345122e+00 2.355751472499233667e+00 2.287686811068968540e-01
1.014826031231784303e-01 1.741947969518171435e+00 2.337038813148929695e+00 2.252582996508435409e-01
9.833617535880026517e-02 1.731004977886568597e+00 2.318093990931545445e+00 2.217387825334128093e-01
9.523317756852721361e-02 1.720158508077348047e+00 2.298918961231824820e+00 2.182122562650035957e-01
9.217570874656674795e-02 1.709404266613662182e+00 2.279516534390420013e+00 2.146808197610661495e-01
8.916572474793835190e-02 1.698738143214551188e+00 2.259890356951210322e+00 2.111465424153783632e-01
8.620503851169075693e-02 1.688156210899769194e+00 2.240044890972797909e+00 2.076114622458147818e-01
8.329532067607865742e-02 1.677654725802530278e+00 2.219985391565851618e+00 2.040775841145698322e-01
8.043810057084181675e-02 1.667230126681330526e+00 2.199717882663096091e+00 2.005468780246177363e-01
7.763476757074411205e-02 1.656879034126576000e+00 2.179249131249157312e+00 1.970212774940109379e-01
7.488657279364878405e-02 1.646598249459303664e+00 2.158586620102939779e+00 1.935026780094383780e-01
7.219463112562954366e-02 1.636384753321112662e+00 2.137738519221154654e+00 1.899929355602854308e-01
6.955992355494572399e-02 1.626235703957502388e+00 2.116713656019376888e+00 1.864938652542567077e-01
6.698329979613928953e-02 1.616148435197336974e+00 2.095521484411749125e+00 1.830072400154421353e-01
6.446548118505027181e-02 1.606120454134179143e+00 2.074172052917881981e+00 1.795347893655297455e-01
6.200706382518439419e-02 1.596149438516172303e+00 2.052675971857718107e+00 1.760781982886927277e-01
5.960852196560481597e-02 1.586233233852748947e+00 2.031044379804075817e+00 1.726391061805013227e-01
5.727021159035709102e-02 1.576369850248689364e+00 2.009288909334719708e+00 1.692191058810397497e-01
5.499237419936908733e-02 1.566557458975650130e+00 1.987421652167452812e+00 1.658197427922397382e-01
5.277514076079054678e-02 1.556794388793973916e+00 1.965455123881517885e+00 1.624425140792744304e-01
5.061853581484912490e-02 1.547079122038525600e+00 1.943402228224411887e+00 1.590888679556950180e-01
4.852248170949694656e-02 1.537410290482033703e+00 1.921276221051335220e+00 1.557602030518337177e-01
4.648680294839845073e-02 1.527786670990904705e+00 1.899090674087566377e+00 1.524578678658442543e-01
4.451123063216042008e-02 1.518207180989849414e+00 1.876859438541015779e+00 1.491831602965971726e-01
4.259540697412936283e-02 1.508670873750788344e+00 1.854596608606476682e+00 1.459373272575069380e-01
4.073888987256932964e-02 1.499176933522976096e+00 1.832316484993684824e+00 1.427215643702263448e-01
3.894115752158008176e-02 1.489724670521344496e+00 1.810033538477475723e+00 1.395370157370080799e-01
3.720161304372048700e-02 1.480313515789702272e+00 1.787762373572377328e+00 1.363847737904061164e-01
3.551958912795564333e-02 1.470943015956670541e+00 1.765517692420746521e+00 1.332658792188676500e-01
3.389435265724149299e-02 1.461612827901488165e+00 1.743314258877509015e+00 1.301813209666453919e-01
3.232510931080025823e-02 1.452322713346665850e+00 1.721166862862138380e+00 1.271320363063540571e-01
3.081100812690678800e-02 1.443072533394686108e+00 1.699090285106650944e+00 1.241189109823857273e-01
2.935114601280689947e-02 1.433862243026304384e+00 1.677099262233613830e+00 1.211427794233046751e-01
2.794457218920711611e-02 1.424691885575786188e+00 1.655208452255954255e+00 1.182044250212468117e-01
2.659029255761537897e-02 1.415561587200608429e+00 1.633432400617344404e+00 1.153045804762659471e-01
2.528727397966391496e-02 1.406471551361000216e+00 1.611785506693653280e+00 1.124439282034915277e-01
2.403444845840260052e-02 1.397422053324580027e+00 1.590281990853370075e+00 1.096231008008864000e-01
2.283071721241636612e-02 1.388413434711139649e+00 1.568935862166393580e+00 1.068426815753338449e-01
2.167495463447888585e-02 1.379446098092245387e+00 1.547760886749486531e+00 1.041032051247195861e-01
2.056601212731193340e-02 1.370520501658912593e+00 1.526770556805939982e+00 1.014051579736256203e-01
1.950272180986579659e-02 1.361637153970945091e+00 1.505978060444706390e+00 9.874897926020753669e-02
1.848390008836833104e-02 1.352796608800265865e+00 1.485396252272996209e+00 9.613506147178647876e-02
1.750835108720761452e-02 1.343999460079883246e+00 1.465037624903392066e+00 9.356375122665726296e-02
1.657486993550884649e-02 1.335246336970316028e+00 1.444914281342808637e+00 9.103535009958726998e-02
1.568224590603974761e-02 1.326537899052704361e+00 1.425037908398735675e+00 8.855011548846151992e-02
1.482926540382726623e-02 1.317874831659747947e+00 1.405419751215556623e+00 8.610826151951758711e-02
1.401471480258754086e-02 1.309257841352563734e+00 1.386070588857495789e+00 8.370995998860451814e-02
1.323738312776242057e-02 1.300687651551549529e+00 1.367000711198204987e+00 8.135534133590252570e-02
1.249606458561305922e-02 1.292164998329627057e+00 1.348219897206169193e+00 7.904449565154128554e-02
1.178956093844664085e-02 1.283690626374371924e+00 1.329737394586275157e+00 7.677747370956744533e-02
1.111668372664277767e-02 1.275265285124617565e+00 1.311561901008548192e+00 7.455428802772774699e-02
1.047625633869986826e-02 1.266889725087813945e+00 1.293701547080163383e+00 7.237491395055288546e-02
9.867115931041094135e-03 1.258564694342659607e+00 1.276163881116676224e+00 7.023929075325680005e-02
9.288115199799898414e-03 1.250290935231275657e+00 1.258955855873277407e+00 6.814732276399380895e-02
8.738124007249339908e-03 1.242069181244392029e+00 1.242083817454118000e+00 6.609888050205291188e-02
8.216030865946523723e-03 1.233900154103269031e+00 1.225553496535433773e+00 6.409380182960956740e-02
7.720744284032016527e-03 1.225784561040464293e+00 1.209370002077962747e+00 6.213189311469600323e-02
7.251193975457893674e-03 1.217723092282247288e+00 1.193537817820352842e+00 6.021293040310317368e-02
6.806331939213454071e-03 1.209716418734824828e+00 1.178060801703032512e+00 5.833666059697561329e-02
6.385133411878858578e-03 1.201765189876006446e+00 1.162942188576083780e+00 5.650280263791725849e-02
5.986597698062951813e-03 1.193870031855130964e+00 1.148184596407678892e+00 5.471104869248510222e-02
5.609748883473131796e-03 1.186031545802326503e+00 1.133790036388643285e+00 5.296106533800623573e-02
5.253636435525345719e-03 1.178250306350994814e+00 1.119759927463115590e+00 5.125249474672109035e-02
4.917335696529668253e-03 1.170526860376689848e+00 1.106095115622791614e+00 4.958495586631931490e-02
4.599948274585051282e-03 1.162861725956806147e+00 1.092795898651932385e+00 4.795804559500444625e-02
4.300602337386146522e-03 1.155255391557668210e+00 1.079862057195264402e+00 4.637133994929490410e-02
4.018452814186538116e-03 1.147708315458188633e+00 1.067292893153809930e+00 4.482439522283897249e-02
3.752681511179330534e-03 1.140220925422324783e+00 1.055087276618009717e+00 4.331674913459764020e-02
3.502497145547754653e-03 1.132793618636542599e+00 1.043243703275694489e+00 4.184792196482254450e-02
3.267135303407912514e-03 1.125426761936896281e+00 1.031760364683699915e+00 4.041741767733258300e-02
3.045858326814586056e-03 1.118120692357114088e+00 1.020635234572668359e+00 3.902472502667114068e-02
2.837955134929748009e-03 1.110875718042707350e+00 1.009866175992098380e+00 3.766931864880056213e-02
2.642740984365540228e-03 1.103692119594099852e+00 9.994510756117758188e-01 3.635066013407143443e-02
2.459557173608530132e-03 1.096570151924964209e+00 9.893880144534031862e-01 3.506819908127967872e-02
2.287770696313380821e-03 1.089510046759641915e+00 9.796754887213523499e-01 3.382137413170391294e-02
2.126773848122248418e-03 1.082512015945665373e+00 9.703127005367789826e-01 3.260961398209313855e-02
1.975983791522843095e-03 1.075576255835069883e+00 9.612999487622676531e-01 3.143233837565098665e-02
1.834842083105399455e-03 1.068702953108799258e+00 9.526391662341974209e-01 3.028895907014137953e-02
1.702814167417017943e-03 1.061892292602181875e+00 9.443346764705331520e-01 2.917888078231426971e-02
1.579388841443616536e-03 1.055144467986586676e+00 9.363942882310744009e-01 2.810150210792669231e-02
1.464077693575486150e-03 1.048459696645754669e+00 9.288309252192911147e-01 2.705621641670806488e-02
1.356414520733688171e-03 1.041838240906092006e+00 9.216651323743716429e-01 2.604241272169005583e-02
1.255954727152877072e-03 1.035280439224248505e+00 9.149290734447265150e-01 2.505947652239444781e-02
1.162274708132033296e-03 1.028786753584564728e+00 9.086731814237015703e-01 2.410679062144143250e-02
1.074971221879459770e-03 1.022357844481183831e+00 9.029777867714672279e-01 2.318373591420782795e-02
9.936607523935258972e-04 1.015994695377961277e+00 8.979747162543211259e-01 2.228969215123356024e-02
9.179788661361925652e-04 1.009698831828711896e+00 8.938905725398818003e-01 2.142403867313761798e-02
8.475795650737567724e-04 1.003472737063142883e+00 8.911425071274849952e-01 2.058615511786691943e-02
7.821346384793507458e-04 9.973207215037162010e-01 8.905814768026149020e-01 1.977542210016451987e-02
7.213330157145578020e-04 9.912510103437693898e-01 8.942548253551327875e-01 1.899122186319982322e-02
6.648801220344751533e-04 9.852819405611842329e-01 9.089323968982800928e-01 1.823293890236123149e-02
6.124972392916715885e-04 9.794692917010476840e-01 9.251108440716916403e-01 1.749996056126515431e-02
5.639208732506096082e-04 9.737660669382440792e-01 9.349823726012759240e-01 1.679167760008823049e-02
