1.983960718156370026e-02 2.444484236702350088e+01 2.471379123009630518e+01 9.959821078102683301e-02
2.026043988136004906e-02 2.390764454290251351e+01 2.411832425631956767e+01 1.006489937390336042e-01
2.068833092112895219e-02 2.338907038900770985e+01 2.352012307204378061e+01 1.017062705075969103e-01
2.112335127944389365e-02 2.288763973827208176e+01 2.294665574587737211e+01 1.027700133293848878e-01
2.156557147908169658e-02 2.240329953653640160e+01 2.242815164364485625e+01 1.038401932757294505e-01
2.201506155170053144e-02 2.193548074691844363e+01 2.194012625496053204e+01 1.049167802396273746e-01
2.247189100200078574e-02 2.148350975657174544e+01 2.147477547647621421e+01 1.059997429289354087e-01
2.293612877137771178e-02 2.104669999096644162e+01 2.102845453866341074e+01 1.070890488597636969e-01
2.340784320107512986e-02 2.062438090136366498e+01 2.059903275649136489e+01 1.081846643500711941e-01
2.388710199485011634e-02 2.021590839296147024e+01 2.018506047592670072e+01 1.092865545134672906e-01
2.437397218115880046e-02 1.982066842672591989e+01 1.978544289355284747e+01 1.103946832532228389e-01
2.486852007487424382e-02 1.943807776742752225e+01 1.939929244788012852e+01 1.115090132564947462e-01
2.537081123854771983e-02 1.906758344938909033e+01 1.902585447945454433e+01 1.126295059887676975e-01
2.588091044322545289e-02 1.870866165274041393e+01 1.866446647307648377e+01 1.137561216885171755e-01
2.639888162883299513e-02 1.836081632006340314e+01 1.831453406622172864e+01 1.148888193620967585e-01
2.692478786414019207e-02 1.802357767910865505e+01 1.797551602676753291e+01 1.160275567788535966e-01
2.745869130632065322e-02 1.769650075752096541e+01 1.764691431489344353e+01 1.171722904664764392e-01
2.800065316011905378e-02 1.737916393460091768e+01 1.732826717477557921e+01 1.183229757065783344e-01
2.855073363664128311e-02 1.707116755321766988e+01 1.701914411366784918e+01 1.194795665305186938e-01
2.910899191178246276e-02 1.677213260288740670e+01 1.671914210501283193e+01 1.206420157154680095e-01
2.967548608430818982e-02 1.648169947820293402e+01 1.642788261534296979e+01 1.218102747807182917e-01
3.025027313360528769e-02 1.619952681291933416e+01 1.614500920509017234e+01 1.229842939842427374e-01
3.083340887711888759e-02 1.592529038780428152e+01 1.587018554221298672e+01 1.241640223195086545e-01
3.142494792749257748e-02 1.565868210915734338e+01 1.560309372205134615e+01 1.253494075125458629e-01
3.202494364942963523e-02 1.539940905429307172e+01 1.534343282048666701e+01 1.265403960192744703e-01
3.263344811629368541e-02 1.514719258001502666e+01 1.509091762953394067e+01 1.277369330230957167e-01
3.325051206646707086e-02 1.490176749007052592e+01 1.484527753915322279e+01 1.289389624327477446e-01
3.387618485948652031e-02 1.466288125765302652e+01 1.460625553841198077e+01 1.301464268804305713e-01
3.451051443197587082e-02 1.443029329917346892e+01 1.437360731598629116e+01 1.313592677202028713e-01
3.515354725339596420e-02 1.420377429571600558e+01 1.414710044474967177e+01 1.325774250266537058e-01
3.580532828163242309e-02 1.398310555880824424e+01 1.392651363847791401e+01 1.338008375938514460e-01
3.646590091844285897e-02 1.376807843735283576e+01 1.371163607118227468e+01 1.350294429345741953e-01
3.713530696478495319e-02 1.355849376278628604e+01 1.350226675135397159e+01 1.362631772798230112e-01
3.781358657604760171e-02 1.335416132973701764e+01 1.329821394474486418e+01 1.375019755786214271e-01
3.850077821720841037e-02 1.315489940965601612e+01 1.309929464056092918e+01 1.387457714981044088e-01
3.919691861793948157e-02 1.296053429508205213e+01 1.290533405657068222e+01 1.399944974238978568e-01
3.990204272768661103e-02 1.277089987237687119e+01 1.271616517924005585e+01 1.412480844607929831e-01
4.061618367074473074e-02 1.258583722092975421e+01 1.253162833568164380e+01 1.425064624337168961e-01
4.133937270135464720e-02 1.240519423698317603e+01 1.235157079469680141e+01 1.437695598890019744e-01
4.207163915884607613e-02 1.222882528037309591e+01 1.217584639415156467e+01 1.450373040959567761e-01
4.281301042285205055e-02 1.205659084260021530e+01 1.200431519260378188e+01 1.463096210487404292e-01
4.356351186862036928e-02 1.188835723477719242e+01 1.183684314334712617e+01 1.475864354685422486e-01
4.432316682244886313e-02 1.172399629409951061e+01 1.167330178885583614e+01 1.488676708060700238e-01
4.509199651727014563e-02 1.156338510759146310e+01 1.151356797423284206e+01 1.501532492443472533e-01
4.587002004841334024e-02 1.140640575197252993e+01 1.135752357812690683e+01 1.514430917018226574e-01
4.665725432956998459e-02 1.125294504857239275e+01 1.120505525992270179e+01 1.527371178357932457e-01
4.745371404899139528e-02 1.110289433230636824e+01 1.105605422201344190e+01 1.540352460461426320e-01
4.825941162594566541e-02 1.095614923379025285e+01 1.091041598593047368e+01 1.553373934793964295e-01
4.907435716746268856e-02 1.081260947374318881e+01 1.076804018164092547e+01 1.566434760330967235e-01
4.989855842539542286e-02 1.067217866889106404e+01 1.062883034886266920e+01 1.579534083604963168e-01
5.073202075382618470e-02 1.053476414863248678e+01 1.049269374963307833e+01 1.592671038755746615e-01
5.157474706684780225e-02 1.040027678179009207e+01 1.035954119155340614e+01 1.605844747583772547e-01
5.242673779674784235e-02 1.026863081281245726e+01 1.022928686077213456e+01 1.619054319606785808e-01
5.328799085262642815e-02 1.013974370683794746e+01 1.010184816421381626e+01 1.632298852119709598e-01
5.415850157947705440e-02 1.001353600307371750e+01 9.977145580386682866e+00 1.645577430257796347e-01
5.503826271776054296e-02 9.889931175978750488e+00 9.855102518297590208e+00 1.658889127063055691e-01
5.592726436350182323e-02 9.768855503778473448e+00 9.735645183910685674e+00 1.672233003553957875e-01
5.682549392894089418e-02 9.650237943865999313e+00 9.618702453655398443e+00 1.685608108798437310e-01
5.773293610376745849e-02 9.534010014679596523e+00 9.504205754710216780e+00 1.699013479990189035e-01
5.864957281697013441e-02 9.420105683671607721e+00 9.392088951430194399e+00 1.712448142528265604e-01
5.957538319933143589e-02 9.308461261007991538e+00 9.282288237629538585e+00 1.725911110099987711e-01
6.051034354659854536e-02 9.199015298664685147e+00 9.174742034460223294e+00 1.739401384767163827e-01
6.145442728336121541e-02 9.091708494607088298e+00 9.069390893509194029e+00 1.752917957055623588e-01
6.240760492766740664e-02 8.986483601760541617e+00 8.966177404762403214e+00 1.766459806048065739e-01
6.336984405640812279e-02 8.883285341496538479e+00 8.865046109085554349e+00 1.780025899480231211e-01
6.434110927150141213e-02 8.782060321378288847e+00 8.765943415179753728e+00 1.793615193840381872e-01
6.532136216690723196e-02 8.682756956927786263e+00 8.668817520624038764e+00 1.807226634472102189e-01
6.631056129650327036e-02 8.585325397187073548e+00 8.573618336743493273e+00 1.820859155680406571e-01
6.730866214285363691e-02 8.489717453864972896e+00 8.480297417146083205e+00 1.834511680841166559e-01
6.831561708689931622e-02 8.395886533870063673e+00 8.388807889670472306e+00 1.848183122513828713e-01
6.933137537860248334e-02 8.303787575045779690e+00 8.299104391743785669e+00 1.861872382557441530e-01
7.035588310857439354e-02 8.213376984934763314e+00 8.211143008583064784e+00 1.875578352249971936e-01
7.138908318071668369e-02 8.124612582404608929e+00 8.124881214575013999e+00 1.889299912410900006e-01
7.243091528590699102e-02 8.037453541990254635e+00 8.040277817343318034e+00 1.903035933527096879e-01
7.348131587675786613e-02 7.951860340798885041e+00 7.957292904125682576e+00 1.916785275881963124e-01
7.454021814347884523e-02 7.867794707847768798e+00 7.875887791171173546e+00 1.930546789687818676e-01
7.560755199087097755e-02 7.785219575709406037e+00 7.796024975087808784e+00 1.944319315221537670e-01
7.668324401648293764e-02 7.704099034336331364e+00 7.717668086530299121e+00 1.958101682963412082e-01
7.776721748995679695e-02 7.624398286962319915e+00 7.640781846101423191e+00 1.971892713739223646e-01
7.885939233359236245e-02 7.546083607965189621e+00 7.565332021987656752e+00 1.985691218865515972e-01
7.995968510415780994e-02 7.469122302595879503e+00 7.491285389875773859e+00 1.999496000298047749e-01
8.106800897597415956e-02 7.393482668479719244e+00 7.418609694430166712e+00 2.013305850783409512e-01
8.218427372530050234e-02 7.319133958796999906e+00 7.347273612427039247e+00 2.027119554013779579e-01
8.330838571604713694e-02 7.246046347061981585e+00 7.277246717746604254e+00 2.040935884784810528e-01
8.444024788684217908e-02 7.174190893420965942e+00 7.208499447833077944e+00 2.054753609156608485e-01
8.557975973947803960e-02 7.103539512393519217e+00 7.141003071554403725e+00 2.068571484617802991e-01
8.672681732876225125e-02 7.034064941986193809e+00 7.074729658546548450e+00 2.082388260252663048e-01
8.788131325379772152e-02 6.965740714113032084e+00 7.009652049873160706e+00 2.096202676911249063e-01
8.904313665071630912e-02 6.898541126258352030e+00 6.945743829978113126e+00 2.110013467382569896e-01
9.021217318688930231e-02 6.832441214323766943e+00 6.882979299801605499e+00 2.123819356570719463e-01
9.138830505663717019e-02 6.767416726600690602e+00 6.821333451130745296e+00 2.137619061673959320e-01
9.257141097846138811e-02 6.703444098818291508e+00 6.760781942087039198e+00 2.151411292366726680e-01
9.376136619381936210e-02 6.640500430213281291e+00 6.701301073463243441e+00 2.165194750984531791e-01
9.495804246746333832e-02 6.578563460574216037e+00 6.642867766271215224e+00 2.178968132711712469e-01
9.616130808936355912e-02 6.517611548217096207e+00 6.585459540191635597e+00 2.192730125772019978e-01
9.737102787823462280e-02 6.457623648846385400e+00 6.529054492878613836e+00 2.206479411621991849e-01
9.858706318668389312e-02 6.398579295263004951e+00 6.473631280233217211e+00 2.220214665147087763e-01
9.980927190799973592e-02 6.340458577879526381e+00 6.419169097419069381e+00 2.233934554860546318e-01
1.010375084845960142e-01 6.283242126006028272e+00 6.365647660769597316e+00 2.247637743104924923e-01
1.022716239181297171e-01 6.226911089872976923e+00 6.313047190320890678e+00 2.261322886256291742e-01
1.035114657813061001e-01 6.171447123355308761e+00 6.261348393193543416e+00 2.274988634931019715e-01
1.047568782313862412e-01 6.116832367370889756e+00 6.210532447707214132e+00 2.288633634195152700e-01
1.060077020254107383e-01 6.063049433919429632e+00 6.160580987920130980e+00 2.302256523776300967e-01
1.072637745371505524e-01 6.010081390734976381e+00 6.111476089116092858e+00 2.315855938278011117e-01
1.085249297757984455e-01 5.957911746527583041e+00 6.063200253688011188e+00 2.329430507396587358e-01
1.097909984064109057e-01 5.906524436783489485e+00 6.015736397619900977e+00 2.342978856140307820e-01
1.110618077721088476e-01 5.855903810105092866e+00 5.969067837666187870e+00 2.356499605050983714e-01
1.123371819180481596e-01 5.806034615063626170e+00 5.923178278819414722e+00 2.369991370427835253e-01
1.136169416171655400e-01 5.756901987543739274e+00 5.878051802543625470e+00 2.383452764553616321e-01
1.149009043977070182e-01 5.708491438561011933e+00 5.833672855421385250e+00 2.396882395922952103e-01
1.161888845725449898e-01 5.660788842529555609e+00 5.790026238081377841e+00 2.410278869472835261e-01
1.174806932702872897e-01 5.613780425961614640e+00 5.747097094778039761e+00 2.423640786815233483e-01
1.187761384681821214e-01 5.567452756582683904e+00 5.704870903363364221e+00 2.436966746471749823e-01
1.200750250268212832e-01 5.521792732842858875e+00 5.663333465594571514e+00 2.450255344110295885e-01
1.213771547266420947e-01 5.476787573809325238e+00 5.622470897907160925e+00 2.463505172783711505e-01
1.226823263062284258e-01 5.432424809423882728e+00 5.582269622513749141e+00 2.476714823170285962e-01
1.239903355024099263e-01 5.388692271110476106e+00 5.542716358865013682e+00 2.489882883816123549e-01
1.253009750921563192e-01 5.345578082718696500e+00 5.503798115457411377e+00 2.503007941379294943e-01
1.266140349362637196e-01 5.303070651789532519e+00 5.465502181946347626e+00 2.516088580875718295e-01
1.279293020248285229e-01 5.261158661130274972e+00 5.427816121659246207e+00 2.529123385926718148e-01
1.292465605245025628e-01 5.219831060687345037e+00 5.390727764370336850e+00 2.542110939008195292e-01
1.305655918275223926e-01 5.179077059703608654e+00 5.354225199193172635e+00 2.555049821701353974e-01
1.318861746025051518e-01 5.138886119148622811e+00 5.318296767947779280e+00 2.567938614944924591e-01
1.332080848470005019e-01 5.099247944413579425e+00 5.282931058862240903e+00 2.580775899288821340e-01
1.345310959417888308e-01 5.060152478258815201e+00 5.248116900267051577e+00 2.593560255149172655e-01
1.358549787069134041e-01 5.021589894002960186e+00 5.213843354566581212e+00 2.606290263064662827e-01
1.371795014594334450e-01 4.983550588945869997e+00 5.180099712720518390e+00 2.618964503954124279e-01
1.385044300728832112e-01 4.946025178017818824e+00 5.146875488699419243e+00 2.631581559375304469e-01
1.398295280384233841e-01 4.909004487642013359e+00 5.114160414027058899e+00 2.644140011784771316e-01
1.411545565276646208e-01 4.872479549805309951e+00 5.081944432866113637e+00 2.656638444798846144e-01
1.424792744571490577e-01 4.836441596329779102e+00 5.050217697182378451e+00 2.669075443455552477e-01
1.438034385544678107e-01 4.800882053335667088e+00 5.018970561822584386e+00 2.681449594477470222e-01
1.451268034259947659e-01 4.765792535887589665e+00 4.988193579988678295e+00 2.693759486535451386e-01
1.464491216262154005e-01 4.731164842820355432e+00 4.957877499081571493e+00 2.706003710513119609e-01
1.477701437286273733e-01 4.696990951736483844e+00 4.928013256289992761e+00 2.718180859772095781e-01
1.490896183981883782e-01 4.663263014165939246e+00 4.898591974410899219e+00 2.730289530417867594e-01
1.504072924652868348e-01 4.629973350886004368e+00 4.869604958225103530e+00 2.742328321566245841e-01
1.517229110012080773e-01 4.597114447395662218e+00 4.841043690508402442e+00 2.754295835610329757e-01
1.530362173950684801e-01 4.564678949533298002e+00 4.812899828277397596e+00 2.766190678487913668e-01
1.543469534321893211e-01 4.532659659239113736e+00 4.785165199502151800e+00 2.778011459949268347e-01
1.556548593738793784e-01 4.501049530453744119e+00 4.757831799425376040e+00 2.789756793825219350e-01
1.569596740385952316e-01 4.469841665146160992e+00 4.730891787358022071e+00 2.801425298295451838e-01
1.582611348844480403e-01 4.439029309471840712e+00 4.704337483531416453e+00 2.813015596156978604e-01
1.595589780930213586e-01 4.408605850050231645e+00 4.678161365814589523e+00 2.824526315092686368e-01
1.608529386544670647e-01 4.378564810361215365e+00 4.652356066883279517e+00 2.835956087939894843e-01
1.621427504538429931e-01 4.348899847255760953e+00 4.626914371143322491e+00 2.847303552958860284e-01
1.634281463586556016e-01 4.319604747573870362e+00 4.601829211916322215e+00 2.858567354101138047e-01
1.647088583075694002e-01 4.290673424870605324e+00 4.577093668887327382e+00 2.869746141277738638e-01
1.659846174002454211e-01 4.262099916243430542e+00 4.552700965101477593e+00 2.880838570627009543e-01
1.672551539882672633e-01 4.233878379254997881e+00 4.528644464396548663e+00 2.891843304782152901e-01
1.685201977671150209e-01 4.206003088953901070e+00 4.504917669145644510e+00 2.902759013138319633e-01
1.697794778691446294e-01 4.178468434986331914e+00 4.481514217578875581e+00 2.913584372119199517e-01
1.710327229575299424e-01 4.151268918794293938e+00 4.458427881278155702e+00 2.924318065443035630e-01
1.722796613211232120e-01 4.124399150899613176e+00 4.435652562927761444e+00 2.934958784387978747e-01
1.735200209701907026e-01 4.097853848270327504e+00 4.413182294074294632e+00 2.945505228056731206e-01
1.747535297329755599e-01 4.071627831766573280e+00 4.391011232779631790e+00 2.955956103640373644e-01
1.759799153530435534e-01 4.045716023661663385e+00 4.369133661328437945e+00 2.966310126681324655e-01
1.771989055873639252e-01 4.020113445237304184e+00 4.347543984270887840e+00 2.976566021335356749e-01
1.784102283050755522e-01 3.994815214451638230e+00 4.326236726269383936e+00 2.986722520632570932e-01
1.796136115868922634e-01 3.969816543673989617e+00 4.305206529840554630e+00 2.996778366737288812e-01
1.808087838250960755e-01 3.945112737486233367e+00 4.284448153427849348e+00 3.006732311206770092e-01
1.819954738240671943e-01 3.920699190549066238e+00 4.263956469450362441e+00 3.016583115248668290e-01
1.831734109013023748e-01 3.896571385529765230e+00 4.243726462333184735e+00 3.026329549977186395e-01
1.843423249888674620e-01 3.872724891090018939e+00 4.223753226511647085e+00 3.035970396667821980e-01
1.855019467352328477e-01 3.849155359930526377e+00 4.204031964444000735e+00 3.045504447010649596e-01
1.866520076074393852e-01 3.825858526891451117e+00 4.184557984923316987e+00 3.054930503362059957e-01
1.877922399935405273e-01 3.802830207108352845e+00 4.165326701091008665e+00 3.064247378994885418e-01
1.889223773052669808e-01 3.780066294217088618e+00 4.146333628567424157e+00 3.073453898346833468e-01
1.900421540808599208e-01 3.757562758611550979e+00 4.127574383831002613e+00 3.082548897267162191e-01
1.911513060880176973e-01 3.735315645748940927e+00 4.109044682263814252e+00 3.091531223261522188e-01
1.922495704268997463e-01 3.713321074501207075e+00 4.090740336399746546e+00 3.100399735734891693e-01
1.933366856331345529e-01 3.691575235552516876e+00 4.072657254223774004e+00 3.109153306232538827e-01
1.944123917807724089e-01 3.670074389840050078e+00 4.054791437454158931e+00 3.117790818678928266e-01
1.954764305851297568e-01 3.648814867037492249e+00 4.037138979740182876e+00 3.126311169614516827e-01
1.965285455054670838e-01 3.627793064077974972e+00 4.019696065100734295e+00 3.134713268430360800e-01
1.975684818474432447e-01 3.607005443719066839e+00 4.002458966176503097e+00 3.142996037600455095e-01
1.985959868652909521e-01 3.586448533142549966e+00 3.985424042368131747e+00 3.151158412911757578e-01
1.996108098636549533e-01 3.566118922592549367e+00 3.968587738539113285e+00 3.159199343691807549e-01
2.006127022990361886e-01 3.546013264050978275e+00 3.951946583128226997e+00 3.167117793033882300e-01
2.016014178807853663e-01 3.526128269943306304e+00 3.935497186458541741e+00 3.174912738019624592e-01
2.025767126715882771e-01 3.506460711881105752e+00 3.919236239407845268e+00 3.182583169939068868e-01
2.035383451873852834e-01 3.487007419435765865e+00 3.903160511564295110e+00 3.190128094508003498e-01
2.044860764966690558e-01 3.467765278942034346e+00 3.887266849524402268e+00 3.197546532082598536e-01
2.054196703191028817e-01 3.448731232331854191e+00 3.871552175548954811e+00 3.204837517871248487e-01
2.063388931234024781e-01 3.429902275999156647e+00 3.856013485955669395e+00 3.212000102143541813e-01
2.072435142244256345e-01 3.411275459690454426e+00 3.840647849249534840e+00 3.219033350436320551e-01
2.081333058794128943e-01 3.392847885422108689e+00 3.825452404879644774e+00 3.225936343756746205e-01
2.090080433833226004e-01 3.374616706427164381e+00 3.810424361655726511e+00 3.232708178782324193e-01
2.098675051632057920e-01 3.356579126123855339e+00 3.795560995897085732e+00 3.239347968057814109e-01
2.107114728715648033e-01 3.338732397109601013e+00 3.780859650207363476e+00 3.245854840188981960e-01
2.115397314786404415e-01 3.321073820180553859e+00 3.766317731872189878e+00 3.252227940033112219e-01
2.123520693635739809e-01 3.303600743371550408e+00 3.751932711047178959e+00 3.258466428886248045e-01
2.131482784043895184e-01 3.286310561018228160e+00 3.737702119715701432e+00 3.264569484667078636e-01
2.139281540667428705e-01 3.269200712844837931e+00 3.723623549958360535e+00 3.270536302097431514e-01
2.146914954913848872e-01 3.252268683066510846e+00 3.709694652115372193e+00 3.276366092879311465e-01
2.154381055802863099e-01 3.235511999515029213e+00 3.695913133814982654e+00 3.282058085868425623e-01
2.161677910813726011e-01 3.218928232785196908e+00 3.682276758265884631e+00 3.287611527244152509e-01
2.168803626718182609e-01 3.202514995396850583e+00 3.668783342709654338e+00 3.293025680675890632e-01
2.175756350398494743e-01 3.186269940977679127e+00 3.655430757030224242e+00 3.298299827485741686e-01
2.182534269650066583e-01 3.170190763461735894e+00 3.642216922213936670e+00 3.303433266807478952e-01
2.189135613968180571e-01 3.154275196306282059e+00 3.629139809074454881e+00 3.308425315741750916e-01
2.195558655318356478e-01 3.138521011725432075e+00 3.616197436596524817e+00 3.313275309507464073e-01
2.201801708889877807e-01 3.122926019937676934e+00 3.603387870526520764e+00 3.317982601589313241e-01
2.207863133832021207e-01 3.107488068431304207e+00 3.590709222178226412e+00 3.322546563881401127e-01
2.213741333972530367e-01 3.092205041244437513e+00 3.578159646741837285e+00 3.326966586826902716e-01
2.219434758517908612e-01 3.077074858257670797e+00 3.565737341970610874e+00 3.331242079553742297e-01
2.224941902735090016e-01 3.062095474503619297e+00 3.553440546877402628e+00 3.335372470006228718e-01
2.230261308614070737e-01 3.047264879488134959e+00 3.541267540168004491e+00 3.339357205072610024e-01
2.235391565511096745e-01 3.032581096525297060e+00 3.529216639094493235e+00 3.343195750708516933e-01
2.240331310772008533e-01 3.018042182086723813e+00 3.517286197970934225e+00 3.346887592056244087e-01
2.245079230335352005e-01 3.003646225160892858e+00 3.505474606753817834e+00 3.350432233559837436e-01
2.249634059314891688e-01 2.989391346626544266e+00 3.493780289890760393e+00 3.353829199075954448e-01
2.253994582561159588e-01 2.975275698637483757e+00 3.482201704886447757e+00 3.357078031980459953e-01
2.258159635201685278e-01 2.961297464018306069e+00 3.470737341022808398e+00 3.360178295270717652e-01
2.262128103159585235e-01 2.947454855672059448e+00 3.459385718025288270e+00 3.363129571663560635e-01
2.265898923650171704e-01 2.933746115997589055e+00 3.448145384859709228e+00 3.365931463688893732e-01
2.269471085655284381e-01 2.920169516319244263e+00 3.437014918555922449e+00 3.368583593778907703e-01
2.272843630375040447e-01 2.906723356325723540e+00 3.425992922728828827e+00 3.371085604352876963e-01
2.276015651656725924e-01 2.893405963518082658e+00 3.415078026470831141e+00 3.373437157897509753e-01
2.278986296400554445e-01 2.880215692669366945e+00 3.404268883276449387e+00 3.375637937042829662e-01
2.281754764942043046e-01 2.867150925292953456e+00 3.393564169682668386e+00 3.377687644633561304e-01
2.284320311410763804e-01 2.854210069119541338e+00 3.382962584160262853e+00 3.379586003796000160e-01
2.286682244065245950e-01 2.841391557584352245e+00 3.372462845912226559e+00 3.381332758000346606e-01
2.288839925603817493e-01 2.828693849321579634e+00 3.362063693745362514e+00 3.382927671118477475e-01
2.290792773451192366e-01 2.816115427669103166e+00 3.351763885133291598e+00 3.384370527477150170e-01
2.292540260020620446e-01 2.803654800181428985e+00 3.341562194879242220e+00 3.385661131906603227e-01
2.294081912951436153e-01 2.791310498149055963e+00 3.331457414155006180e+00 3.386799309784561118e-01
2.295417315321858220e-01 2.779081076128658179e+00 3.321448349491548324e+00 3.387784907075608865e-01
2.296546105836902441e-01 2.766965111478718597e+00 3.311533821668195543e+00 3.388617790365934801e-01
2.297467978991291071e-01 2.754961203904682243e+00 3.301712664783855722e+00 3.389297846893432054e-01
2.298182685207257603e-01 2.743067975010511361e+00 3.291983725120729787e+00 3.389824984573139854e-01
2.298690030947153906e-01 2.731284067857623121e+00 3.282345860355428080e+00 3.390199132018024697e-01
2.298989878800798692e-01 2.719608146532558557e+00 3.272797938681434538e+00 3.390420238555095778e-01
2.299082147547500121e-01 2.708038895720823458e+00 3.263338837704872653e+00 3.390488274236839183e-01
2.298966812192724252e-01 2.696575020287200530e+00 3.253967443486614819e+00 3.390403229847980815e-01
2.298643903979377401e-01 2.685215244862981354e+00 3.244682649980927813e+00 3.390165116907565279e-01
2.298113510373702706e-01 2.673958313442434065e+00 3.235483358070736504e+00 3.389773967666356858e-01
2.297375775025793654e-01 2.662802988982461372e+00 3.226368474611803538e+00 3.389229835099556443e-01
2.296430897704753171e-01 2.651748053011225625e+00 3.217336911910131381e+00 3.388532792894848877e-01
2.295279134208539351e-01 2.640792305242988025e+00 3.208387586728062235e+00 3.387682935435767373e-01
2.293920796248550276e-01 2.629934563197742214e+00 3.199519419585250546e+00 3.386680377780393880e-01
2.292356251309028981e-01 2.619173661829062638e+00 3.190731334230352712e+00 3.385525255635400410e-01
2.290585922481368775e-01 2.608508453157692308e+00 3.182022256862842902e+00 3.384217725325432413e-01
2.288610288273429105e-01 2.597937805910975673e+00 3.173391115338944246e+00 3.382757963757848652e-01
2.286429882393979651e-01 2.587460605167553496e+00 3.164836838798140928e+00 3.381146168382830886e-01
2.284045293512410313e-01 2.577075752010896448e+00 3.156358356967574164e+00 3.379382557148872257e-01
2.281457164993856979e-01 2.566782163185125309e+00 3.147954599389003238e+00 3.377467368453658803e-01
2.278666194609911266e-01 2.556578770758795915e+00 3.139624495262167692e+00 3.375400861090361859e-01
2.275673134225094374e-01 2.546464521795445801e+00 3.131366972756048916e+00 3.373183314189353577e-01
2.272478789459295712e-01 2.536438378027551455e+00 3.123180958461210466e+00 3.370815027155373289e-01
2.269084019326383928e-01 2.526499315538075940e+00 3.115065376900861605e+00 3.368296319600150301e-01
2.265489735849221531e-01 2.516646324445543481e+00 3.107019150293395704e+00 3.365627531270521944e-01
2.261696903651322088e-01 2.506878408598379959e+00 3.099041198164190547e+00 3.362809021972049117e-01
2.257706539525406175e-01 2.497194585271204748e+00 3.091130436626867706e+00 3.359841171488174849e-01
2.253519711979128648e-01 2.487593884867606242e+00 3.083285778509847752e+00 3.356724379494933075e-01
2.249137540758255893e-01 2.478075350631100182e+00 3.075506132805132520e+00 3.353459065471245393e-01
2.244561196347598653e-01 2.468638038356958386e+00 3.067790404299700402e+00 3.350045668604831883e-01
2.239791899450004897e-01 2.459281016113447293e+00 3.060137493588902746e+00 3.346484647693759307e-01
2.234830920443738600e-01 2.450003363966506864e+00 3.052546296540295856e+00 3.342776481043668868e-01
2.229679578818589969e-01 2.440804173709364200e+00 3.045015704338045026e+00 3.338921666360705198e-01
2.224339242591053811e-01 2.431682548599789939e+00 3.037544603221990602e+00 3.334920720640187630e-01
2.218811327698947677e-01 2.422637603099605741e+00 3.030131874267816716e+00 3.330774180051049305e-01
2.213097297375848649e-01 2.413668462621956667e+00 3.022776393526409588e+00 3.326482599816094621e-01
2.207198661505723192e-01 2.404774263283265157e+00 3.015477031616687231e+00 3.322046554088099457e-01
2.201116975958158917e-01 2.395954151658506337e+00 3.008232653760035902e+00 3.317466635821797460e-01
2.194853841904604308e-01 2.387207284544337060e+00 3.001042119873353009e+00 3.312743456641794038e-01
2.188410905116036920e-01 2.378532828725683945e+00 2.993904284424174111e+00 3.307877646706447461e-01
2.181789855242489418e-01 2.369929960748137443e+00 2.986817996510739537e+00 3.302869854567758723e-01
2.174992425074880331e-01 2.361397866695270853e+00 2.979782099740814427e+00 3.297720747027316213e-01
2.168020389789594993e-01 2.352935741970008543e+00 2.972795432518025915e+00 3.292431008988339625e-01
2.160875566176277685e-01 2.344542791083766176e+00 2.965856828214637364e+00 3.287001343303861400e-01
2.153559811849312389e-01 2.336218227448502383e+00 2.958965114805319097e+00 3.281432470621110098e-01
2.146075024443461488e-01 2.327961273172285850e+00 2.952119115170596331e+00 3.275725129222125109e-01
2.138423140794152855e-01 2.319771158862632632e+00 2.945317647741627187e+00 3.269880074860661567e-01
2.130606136102916048e-01 2.311647123435630835e+00 2.938559526156503843e+00 3.263898080595437623e-01
2.122626023088461655e-01 2.303588413925174105e+00 2.931843559321250403e+00 3.257779936619769057e-01
2.114484851123919484e-01 2.295594285300911697e+00 2.925168552145795076e+00 3.251526450087650622e-01
2.106184705360754639e-01 2.287664000291063093e+00 2.918533305506252340e+00 3.245138444936328526e-01
2.097727705839875778e-01 2.279796829207950459e+00 2.911936616480685469e+00 3.238616761705431779e-01
2.089116006590480135e-01 2.271992049780273248e+00 2.905377278583384459e+00 3.231962257352706258e-01
2.080351794717154590e-01 2.264248946987859501e+00 2.898854082003298416e+00 3.225175805066410883e-01
2.071437289475784871e-01 2.256566812903030073e+00 2.892365814251373735e+00 3.218258294074439751e-01
2.062374741338814099e-01 2.248944946537232425e+00 2.885911260276144752e+00 3.211210629450219067e-01
2.053166431050402752e-01 2.241382653690144444e+00 2.879489202530581604e+00 3.204033731915444938e-01
2.043814668672037094e-01 2.233879246803549545e+00 2.873098421582784390e+00 3.196728537639720313e-01
2.034321792619158131e-01 2.226434044821508973e+00 2.866737696641267874e+00 3.189295998037151580e-01
2.024690168689356473e-01 2.219046373054443411e+00 2.860405805599530282e+00 3.181737079559965875e-01
2.014922189082701820e-01 2.211715563045813404e+00 2.854101525653378602e+00 3.174052763489212947e-01
2.005020271414784117e-01 2.204440952446780067e+00 2.847823633704325008e+00 3.166244045722615974e-01
1.994986857723015095e-01 2.197221884891638943e+00 2.841570906354219606e+00 3.158311936559635713e-01
1.984824413466772797e-01 2.190057709878162395e+00 2.835342120999403193e+00 3.150257460483803507e-01
1.974535426521959458e-01 2.182947782656550650e+00 2.829136055932531146e+00 3.142081655942409735e-01
1.964122406170537849e-01 2.175891464115803586e+00 2.822951490446130585e+00 3.133785575123589906e-01
1.953587882085618954e-01 2.168888120678695852e+00 2.816787205914837333e+00 3.125370283730888321e-01
1.942934403312680247e-01 2.161937124201031679e+00 2.810641986031114925e+00 3.116836860755372030e-01
1.932164537247475222e-01 2.155037851873195187e+00 2.804514616962852092e+00 3.108186398245346149e-01
1.921280868611206505e-01 2.148189686125297371e+00 2.798403888075847501e+00 3.099420001073754372e-01
1.910285998423540965e-01 2.141392014538566979e+00 2.792308592472558360e+00 3.090538786703332375e-01
1.899182542974017784e-01 2.134644229758814848e+00 2.786227527279441230e+00 3.081543884949570211e-01
1.887973132792423736e-01 2.127945729414205456e+00 2.780159494400367581e+00 3.072436437741571935e-01
1.876660411618701618e-01 2.121295916038307805e+00 2.774103300761273871e+00 3.063217598880874082e-01
1.865247035372940010e-01 2.114694196993636588e+00 2.768057758755467557e+00 3.053888533798295168e-01
1.853735671126004458e-01 2.108139984401820044e+00 2.762021687059828867e+00 3.044450419308881162e-01
1.842128996071371871e-01 2.101632695076720569e+00 2.755993910792078783e+00 3.034904443365039617e-01
1.830429696498700465e-01 2.095171750459360105e+00 2.749973261953333026e+00 3.025251804807907452e-01
1.818640466769685105e-01 2.088756576557722511e+00 2.743958580486833387e+00 3.015493713117045615e-01
1.806764008296748159e-01 2.082386603892582677e+00 2.737948714330247224e+00 3.005631388158525041e-01
1.794803028525074895e-01 2.076061267440886482e+00 2.731942519511489031e+00 2.995666059931476055e-01
1.782760239918550205e-01 2.069780006585460796e+00 2.725938861424172632e+00 2.985598968313184498e-01
1.770638358950094859e-01 2.063542265070431814e+00 2.719936615018932358e+00 2.975431362802791191e-01
1.758440105096926720e-01 2.057347490955128588e+00 2.713934665026211501e+00 2.965164502263683000e-01
1.746168199841266200e-01 2.051195136573898292e+00 2.707931906785257414e+00 2.954799654664649333e-01
1.733825365676969765e-01 2.045084658498502961e+00 2.701927246596578680e+00 2.944338096819869022e-01
1.721414325122594124e-01 2.039015517502949848e+00 2.695919602036841667e+00 2.933781114127802514e-01
1.708937799741394037e-01 2.032987178530550665e+00 2.689907902500095815e+00 2.923130000309081544e-01
1.696398509168707269e-01 2.026999110664899906e+00 2.683891089903981175e+00 2.912386057143444007e-01
1.683799170147215196e-01 2.021050787104076374e+00 2.677868119004369607e+00 2.901550594205807854e-01
1.671142495570548669e-01 2.015141685135923844e+00 2.671837957532349872e+00 2.890624928601554511e-01
1.658431193535674641e-01 2.009271286115249744e+00 2.665799586897463325e+00 2.879610384701092318e-01
1.645667966404520954e-01 2.003439075445928808e+00 2.659752002851543562e+00 2.868508293873769377e-01
1.632855509875287270e-01 1.997644542564500192e+00 2.653694215463603623e+00 2.857319994221234616e-01
1.619996512063844596e-01 1.991887180923818335e+00 2.647625249730681585e+00 2.846046830310285380e-01
1.607093652595660005e-01 1.986166487982525153e+00 2.641544146159950035e+00 2.834690152905304794e-01
1.594149601708655384e-01 1.980481965194214489e+00 2.635449960859713503e+00 2.823251318700352175e-01
1.581167019367384352e-01 1.974833117998984866e+00 2.629341766079383191e+00 2.811731690050976451e-01
1.568148554388924809e-01 1.969219455817661224e+00 2.623218650557283205e+00 2.800132634705831958e-01
1.555096843580870414e-01 1.963640492046988317e+00 2.617079719924397363e+00 2.788455525538169888e-01
1.542014510891770995e-01 1.958095744057794851e+00 2.610924097115378206e+00 2.776701740277276453e-01
1.528904166574388823e-01 1.952584733194055344e+00 2.604750922580162609e+00 2.764872661239924923e-01
1.515768406362121290e-01 1.947106984773506522e+00 2.598559354697534740e+00 2.752969675061933130e-01
1.502609810658905309e-01 1.941662028090439973e+00 2.592348570105248218e+00 2.740994172429873643e-01
1.489430943742940661e-01 1.936249396419387203e+00 2.586117763915155798e+00 2.728947547813021512e-01
1.476234352984543141e-01 1.930868627020133399e+00 2.579866150193897312e+00 2.716831199195620661e-01
1.463022568078412855e-01 1.925519261145328009e+00 2.573592962350365720e+00 2.704646527809514978e-01
1.449798100290625724e-01 1.920200844048687738e+00 2.567297452945248804e+00 2.692394937867237936e-01
1.436563441720605239e-01 1.914912924991859944e+00 2.560978894249470450e+00 2.680077836295622351e-01
1.423321064578345063e-01 1.909655057256862687e+00 2.554636578832284677e+00 2.667696632469990226e-01
1.410073420477146733e-01 1.904426798157225598e+00 2.548269819233334843e+00 2.655252737949013730e-01
1.396822939742085878e-01 1.899227709048552315e+00 2.541877948456101155e+00 2.642747566210293386e-01
1.383572030734462333e-01 1.894057355343224280e+00 2.535460320271676782e+00 2.630182532386737271e-01
1.370323079192432847e-01 1.888915306523137216e+00 2.529016309402445373e+00 2.617559053003802871e-01
1.357078447588028758e-01 1.883801136155741851e+00 2.522545311662940382e+00 2.604878545717658755e-01
1.343840474500769266e-01 1.878714421907745180e+00 2.516046743797874630e+00 2.592142429054361541e-01
1.330611474008022155e-01 1.873654745560109358e+00 2.509520044435969321e+00 2.579352122150078142e-01
1.317393735092295681e-01 1.868621693027965325e+00 2.502964673894488623e+00 2.566509044492436553e-01
1.304189521065619861e-01 1.863614854374134433e+00 2.496380113890377839e+00 2.553614615663080123e-01
1.291001069011141200e-01 1.858633823827028797e+00 2.489765868299863349e+00 2.540670255081463047e-01
1.277830589242074377e-01 1.853678199798887150e+00 2.483121462972128324e+00 2.527677381749967589e-01
1.264680264778132723e-01 1.848747584902157293e+00 2.476446445922125594e+00 2.514637414000409077e-01
1.251552250839527425e-01 1.843841585968668761e+00 2.469740387436986317e+00 2.501551769241971424e-01
1.238448674358636203e-01 1.838959814066292831e+00 2.463002880155427121e+00 2.488421863710649218e-01
1.225371633509435149e-01 1.834101884518218650e+00 2.456233539322273174e+00 2.475249112220258008e-01
1.212323197254741858e-01 1.829267416920746125e+00 2.449432002459869029e+00 2.462034927915058846e-01
1.199305404911336220e-01 1.824456035159929934e+00 2.442597929526939993e+00 2.448780722024060941e-01
1.186320265733015189e-01 1.819667367429863569e+00 2.435731003390213534e+00 2.435487903617071237e-01
1.173369758511598610e-01 1.814901046251724992e+00 2.428830929578918774e+00 2.422157879362530908e-01
1.160455831195912058e-01 1.810156708489817357e+00 2.421897436076484667e+00 2.408792053287198975e-01
1.147580400528771388e-01 1.805433995368637801e+00 2.414930273551405548e+00 2.395391826537749680e-01
1.134745351701948318e-01 1.800732552489685556e+00 2.407929215404221335e+00 2.381958597144321066e-01
1.121952538029114682e-01 1.796052029848081322e+00 2.400894057778998558e+00 2.368493759786074182e-01
1.109203780636748432e-01 1.791392081848666162e+00 2.393824619378373875e+00 2.354998705558825067e-01
1.096500868172952114e-01 1.786752367320657564e+00 2.386720741420143010e+00 2.341474821744782275e-01
1.083845556534149129e-01 1.782132549532663202e+00 2.379582287696990317e+00 2.327923491584451832e-01
1.071239568609603093e-01 1.777532296206865592e+00 2.372409144706053130e+00 2.314346094050761249e-01
1.058684594043685923e-01 1.772951279533970803e+00 2.365201221370250462e+00 2.300744003625442291e-01
1.046182289015820388e-01 1.768389176184735012e+00 2.357958448627292203e+00 2.287118590077720781e-01
1.033734276038020400e-01 1.763845667321486399e+00 2.350680779862894365e+00 2.273471218245373404e-01
1.021342143769911476e-01 1.759320438611431836e+00 2.343368190951519825e+00 2.259803247818171767e-01
1.009007446851147433e-01 1.754813180237446701e+00 2.336020679612619944e+00 2.246116033123786992e-01
9.967317057510874379e-02 1.750323586906459283e+00 2.328638265328727641e+00 2.232410922916172602e-01
9.845164066356175414e-02 1.745851357858809516e+00 2.321220989709317006e+00 2.218689260166481214e-01
9.723630012509835996e-02 1.741396196877891711e+00 2.313768916110192198e+00 2.204952381856560284e-01
9.602729068244809929e-02 1.736957812296174852e+00 2.306282129195620811e+00 2.191201618775051319e-01
9.482475059818544494e-02 1.732535917001216896e+00 2.298760735251105025e+00 2.177438295316143357e-01
9.362881466812524034e-02 1.728130228442612326e+00 2.291204861816011018e+00 2.163663729281022630e-01
9.243961421635513154e-02 1.723740468634762601e+00 2.283614657440696138e+00 2.149879231682039482e-01
9.125727709188792558e-02 1.719366364161392546e+00 2.275990291643416263e+00 2.136086106549639207e-01
9.008192766691604236e-02 1.715007646177065359e+00 2.268331954575952825e+00 2.122285650742096186e-01
8.891368683664710448e-02 1.710664050408725156e+00 2.260639857159143506e+00 2.108479153758071878e-01
8.775267202070112516e-02 1.706335317157037235e+00 2.252914230540834062e+00 2.094667897552033586e-01
8.659899716604965714e-02 1.702021191293706659e+00 2.245155325863217310e+00 2.080853156352577005e-01
8.545277275147322715e-02 1.697721422260515256e+00 2.237363414436128739e+00 2.067036196483666155e-01
8.431410579351593382e-02 1.693435764066698601e+00 2.229538787152123280e+00 2.053218276188821800e-01
8.318309985391508787e-02 1.689163975283575647e+00 2.221681754370869566e+00 2.039400645458305794e-01
8.205985504848063716e-02 1.684905819040346975e+00 2.213792645735476405e+00 2.025584545859301366e-01
8.094446805740135309e-02 1.680661063016716028e+00 2.205871809836677855e+00 2.011771210369128482e-01
7.983703213695352019e-02 1.676429479435844083e+00 2.197919614173500680e+00 1.997961863211526745e-01
7.873763713258560837e-02 1.672210845055858153e+00 2.189936444543263860e+00 1.984157719696012512e-01
7.764636949335390614e-02 1.668004941158396814e+00 2.181922705059157419e+00 1.970359986060337965e-01
7.656331228768346875e-02 1.663811553539415566e+00 2.173878818004645996e+00 1.956569859316087123e-01
7.548854522042636184e-02 1.659630472496044007e+00 2.165805223003616664e+00 1.942788527097408513e-01
7.442214465119062483e-02 1.655461492811837854e+00 2.157702377333025279e+00 1.929017167512910302e-01
7.336418361391339182e-02 1.651304413744697053e+00 2.149570755562487001e+00 1.915256949000752051e-01
7.231473183764774992e-02 1.647159039009266968e+00 2.141410848872225881e+00 1.901509030186916416e-01
7.127385576853800808e-02 1.643025176760283701e+00 2.133223165073464767e+00 1.887774559746714098e-01
7.024161859295205423e-02 1.638902639574421505e+00 2.125008228294051449e+00 1.874054676269505948e-01
6.921808026174305906e-02 1.634791244431196056e+00 2.116766578715153724e+00 1.860350508126668301e-01
6.820329751561178544e-02 1.630690812692700442e+00 2.108498772060497295e+00 1.846663173342824038e-01
6.719732391153822315e-02 1.626601170081047654e+00 2.100205379485835966e+00 1.832993779470326323e-01
6.620020985025416860e-02 1.622522146656943276e+00 2.091886987279814036e+00 1.819343423467023324e-01
6.521200260472652388e-02 1.618453576794915305e+00 2.083544196278060756e+00 1.805713191577313081e-01
6.423274634962038154e-02 1.614395299158152941e+00 2.075177621804344508e+00 1.792104159216483528e-01
6.326248219171198839e-02 1.610347156672963909e+00 2.066787893438132073e+00 1.778517390858351810e-01
6.230124820122154294e-02 1.606308996501899289e+00 2.058375654425596668e+00 1.764953939926217075e-01
6.134907944403419217e-02 1.602280670014580854e+00 2.049941561336892093e+00 1.751414848687114778e-01
6.040600801477880033e-02 1.598262032758623441e+00 2.041486283966735371e+00 1.737901148149381958e-01
5.947206307073454185e-02 1.594252944429616736e+00 2.033010504906972660e+00 1.724413857963547902e-01
5.854727086653317703e-02 1.590253268839446621e+00 2.024514919083101550e+00 1.710953986326534393e-01
5.763165478962645888e-02 1.586262873883540925e+00 2.016000233581293433e+00 1.697522529889168574e-01
5.672523539648881979e-02 1.582281631508082320e+00 2.007467167363468086e+00 1.684120473667023998e-01
5.582803044952289184e-02 1.578309417675562099e+00 1.998916450600329631e+00 1.670748790954566243e-01
5.494005495463781530e-02 1.574346112328312453e+00 1.990348824443504139e+00 1.657408443242609497e-01
5.406132119947006098e-02 1.570391599352815915e+00 1.981765041051090082e+00 1.644100380139090767e-01
5.319183879221490302e-02 1.566445766543339335e+00 1.973165862870047915e+00 1.630825539293135062e-01
5.233161470103864232e-02 1.562508505562438588e+00 1.964552062097974172e+00 1.617584846322421555e-01
5.148065329404142437e-02 1.558579711901855624e+00 1.955924420881272274e+00 1.604379214743843207e-01
5.063895637973958586e-02 1.554659284844177591e+00 1.947283730647441757e+00 1.591209545907445733e-01
4.980652324803755415e-02 1.550747127420354143e+00 1.938630791545267407e+00 1.578076728933633932e-01
4.898335071166012855e-02 1.546843146368673372e+00 1.929966412469380499e+00 1.564981640653655137e-01
4.816943314801382103e-02 1.542947252092646382e+00 1.921291410555286294e+00 1.551925145553319230e-01
4.736476254144952880e-02 1.539059358617643536e+00 1.912606610876784963e+00 1.538908095719973834e-01
4.656932852589561189e-02 1.535179383547554011e+00 1.903912845885636917e+00 1.525931330792699991e-01
4.578311842783298197e-02 1.531307248018914935e+00 1.895210955120090857e+00 1.512995677915719983e-01
4.500611730958402334e-02 1.527442876656529114e+00 1.886501785154203636e+00 1.500101951695017588e-01
4.423830801288552994e-02 1.523586197527782682e+00 1.877786188831136238e+00 1.487250954158132743e-01
4.347967120271823555e-02 1.519737142094873761e+00 1.869065025029840177e+00 1.474443474717125890e-01
4.273018541136536924e-02 1.515895645168531924e+00 1.860339158550375238e+00 1.461680290134702576e-01
4.198982708267177955e-02 1.512061644860250187e+00 1.851609459296073013e+00 1.448962164493465543e-01
4.125857061647680152e-02 1.508235082532547011e+00 1.842876802231223632e+00 1.436289849168279897e-01
4.053638841319461006e-02 1.504415902751701672e+00 1.834142067079998162e+00 1.423664082801743835e-01
3.982325091851445648e-02 1.500604053237222235e+00 1.825406137651377714e+00 1.411085591282726925e-01
3.911912666819539197e-02 1.496799484812028735e+00 1.816669901784294217e+00 1.398555087727962887e-01
3.842398233292995680e-02 1.493002151352471607e+00 1.807934250768832518e+00 1.386073272466682438e-01
3.773778276325089054e-02 1.489212009736528675e+00 1.799200079155554688e+00 1.373640833028249852e-01
3.706049103445612641e-02 1.485429019793811367e+00 1.790468284360058782e+00 1.361258444132783518e-01
3.639206849152852585e-02 1.481653144252761178e+00 1.781739766118652035e+00 1.348926767684749672e-01
3.573247479402485299e-02 1.477884348689029403e+00 1.773015426442311471e+00 1.336646452769483240e-01
3.508166796091149314e-02 1.474122601473476735e+00 1.764296169011335236e+00 1.324418135652624950e-01
3.443960441532373934e-02 1.470367873718708029e+00 1.755582898897912303e+00 1.312242439782446146e-01
3.380623902922542945e-02 1.466620139226878061e+00 1.746876522354248396e+00 1.300119975795030747e-01
3.318152516794713874e-02 1.462879374436350188e+00 1.738177946136697294e+00 1.288051341522284676e-01
3.256541473458161168e-02 1.459145558367498374e+00 1.729488077477920216e+00 1.276037122002757762e-01
3.195785821421445044e-02 1.455418672570482963e+00 1.720807823674593173e+00 1.264077889495233142e-01
3.135880471796975710e-02 1.451698701070354147e+00 1.712138091411011143e+00 1.252174203495060034e-01
3.076820202685090488e-02 1.447985630312998317e+00 1.703479786895896630e+00 1.240326610753210157e-01
3.018599663535600705e-02 1.444279449112230163e+00 1.694833815367458918e+00 1.228535645298011042e-01
2.961213379484921651e-02 1.440580148594797549e+00 1.686201080451009915e+00 1.216801828459532220e-01
2.904655755666961728e-02 1.436887722145945290e+00 1.677582484067348334e+00 1.205125668896601387e-01
2.848921081495858418e-02 1.433202165355467628e+00 1.668978926255885842e+00 1.193507662626398513e-01
2.794003534918900952e-02 1.429523475963939250e+00 1.660391304584847738e+00 1.181948293056616917e-01
2.739897186637854989e-02 1.425851653807594266e+00 1.651820513716265815e+00 1.170448031020142055e-01
2.686596004297046869e-02 1.422186700764158873e+00 1.643267445345621525e+00 1.159007334812219153e-01
2.634093856636640987e-02 1.418528620699055720e+00 1.634732987870159304e+00 1.147626650230082618e-01
2.582384517609500468e-02 1.414877419411351811e+00 1.626218025832815162e+00 1.136306410615002260e-01
2.531461670460139271e-02 1.411233104579123987e+00 1.617723439666694185e+00 1.125047036896711095e-01
2.481318911764390442e-02 1.407595685705969490e+00 1.609250105521475183e+00 1.113848937640196934e-01
2.431949755428280957e-02 1.403965174067308919e+00 1.600798894903067815e+00 1.102712509094795901e-01
2.383347636644847500e-02 1.400341582657036232e+00 1.592370674087238092e+00 1.091638135245569241e-01
2.335505915807609481e-02 1.396724926133015909e+00 1.583966303922487828e+00 1.080626187866925991e-01
2.288417882379416290e-02 1.393115220764697959e+00 1.575586639944176914e+00 1.069677026578447210e-01
2.242076758715495430e-02 1.389512484380906354e+00 1.567232531610192492e+00 1.058790998902874869e-01
2.196475703839630145e-02 1.385916736315965681e+00 1.558904821900882087e+00 1.047968440326241396e-01
2.151607817172301179e-02 1.382327997357667204e+00 1.550604347296644869e+00 1.037209674360083517e-01
2.107466142209806978e-02 1.378746289695185645e+00 1.542331937418859322e+00 1.026515012605711263e-01
2.064043670153415180e-02 1.375171636867420943e+00 1.534088414798083111e+00 1.015884754820500085e-01
2.021333343487560080e-02 1.371604063711856947e+00 1.525874594311610322e+00 1.005319188986154855e-01
1.979328059506245407e-02 1.368043596312470411e+00 1.517691282972350342e+00 9.948185913789120427e-02
1.938020673786848211e-02 1.364490261949699912e+00 1.509539280011245044e+00 9.843832266416489840e-02
1.897404003610504361e-02 1.360944089050671657e+00 1.501419376103709569e+00 9.740133478578474890e-02
1.857470831328379354e-02 1.357405107137931388e+00 1.493332353254947620e+00 9.637091966273797494e-02
1.818213907673160018e-02 1.353873346781243825e+00 1.485278984734325958e+00 9.534710031440810085e-02
1.779625955015110700e-02 1.350348839548067170e+00 1.477260034370106112e+00 9.432989862750597310e-02
1.741699670562124949e-02 1.346831617954503679e+00 1.469276256650135837e+00 9.331933536417104380e-02
1.704427729503269623e-02 1.343321715418259732e+00 1.461328396451886169e+00 9.231543017023940978e-02
1.667802788095281222e-02 1.339819166210542534e+00 1.453417188421656903e+00 9.131820158367337514e-02
1.631817486691631777e-02 1.336324005408589644e+00 1.445543357008473917e+00 9.032766704314995621e-02
1.596464452713734425e-02 1.332836268849808548e+00 1.437707616180638581e+00 8.934384289680331881e-02
1.561736303563937209e-02 1.329355993085244325e+00 1.429910669148122704e+00 8.836674441111705414e-02
1.527625649480042480e-02 1.325883215334716425e+00 1.422153208204765651e+00 8.739638577996353130e-02
1.494125096331036691e-02 1.322417973441755379e+00 1.414435914251559456e+00 8.643278013378478952e-02
1.461227248353824844e-02 1.318960305828958735e+00 1.406759456680140463e+00 8.547593954891120893e-02
1.428924710830836546e-02 1.315510251454594659e+00 1.399124493193504071e+00 8.452587505701542048e-02
1.397210092708298275e-02 1.312067849769362970e+00 1.391531669646996372e+00 8.358259665469536248e-02
1.366076009155108364e-02 1.308633140674482220e+00 1.383981619799360407e+00 8.264611331318334753e-02
1.335515084062281060e-02 1.305206164479582265e+00 1.376474964696598136e+00 8.171643298817811429e-02
1.305519952482884875e-02 1.301786961860526670e+00 1.369012312929124953e+00 8.079356262979386916e-02
1.276083263012534399e-02 1.298375573820419016e+00 1.361594260622628116e+00 7.987750819262373625e-02
1.247197680110487782e-02 1.294972041649453010e+00 1.354221390577788231e+00 7.896827464591359147e-02
1.218855886361421177e-02 1.291576406884725747e+00 1.346894272414997484e+00 7.806586598384153419e-02
1.191050584678010268e-02 1.288188711272746811e+00 1.339613462508888242e+00 7.717028523589926359e-02
1.163774500444508808e-02 1.284808996731061637e+00 1.332379503701395906e+00 7.628153447737233417e-02
1.137020383601472853e-02 1.281437305311744268e+00 1.325192924996114741e+00 7.539961483991389213e-02
1.110781010671878580e-02 1.278073679163921117e+00 1.318054241579083685e+00 7.452452652220872831e-02
1.085049186728907072e-02 1.274718160499394015e+00 1.310963954787609076e+00 7.365626880072419225e-02
1.059817747305648490e-02 1.271370791557048685e+00 1.303922551538043040e+00 7.279484004054299906e-02
1.035079560247062144e-02 1.268031614568373211e+00 1.296930504408975837e+00 7.194023770627472336e-02
1.010827527504552098e-02 1.264700671724177994e+00 1.289988271624774585e+00 7.109245837304235816e-02
9.870545868735005474e-03 1.261378005142018255e+00 1.283096296981671935e+00 7.025149773753940063e-02
9.637537136741763585e-03 1.258063656834582211e+00 1.276255009254078532e+00 6.941735062915381504e-02
9.409179223764642386e-03 1.254757668676888649e+00 1.269464822496714884e+00 6.859001102115613868e-02
9.185402681688202911e-03 1.251460082377704008e+00 1.262726136169050273e+00 6.776947204194601337e-02
8.966138484719851295e-03 1.248170939449032124e+00 1.256039334318501233e+00 6.695572598635553263e-02
8.751318043979010655e-03 1.244890281176476154e+00 1.249404786050983374e+00 6.614876432700390885e-02
8.540873221543917801e-03 1.241618148592258386e+00 1.242822845451108993e+00 6.534857772570079604e-02
8.334736343961406807e-03 1.238354582447079189e+00 1.236293851277115774e+00 6.455515604489468762e-02
8.132840215225150757e-03 1.235099623183844031e+00 1.229818127054610022e+00 6.376848835916196223e-02
7.935118129228320438e-03 1.231853310911596555e+00 1.223395980888797974e+00 6.298856296673358002e-02
7.741503881696787902e-03 1.228615685380308742e+00 1.217027705822331107e+00 6.221536740105609864e-02
7.551931781608815439e-03 1.225386785957745195e+00 1.210713579449850696e+00 6.144888844238281106e-02
7.366336662107767289e-03 1.222166651604541965e+00 1.204453863775002631e+00 6.068911212939173683e-02
7.184653890914423011e-03 1.218955320852222135e+00 1.198248805854204235e+00 5.993602377082760113e-02
7.006819380245410747e-03 1.215752831782060284e+00 1.192098637152910534e+00 5.918960795716343704e-02
6.832769596244674982e-03 1.212559222002416170e+00 1.186003573816759360e+00 5.844984857227893127e-02
6.662441567935050400e-03 1.209374528630062784e+00 1.179963817058384379e+00 5.771672880515254372e-02
6.495772895696777516e-03 1.206198788270275379e+00 1.173979552652564928e+00 5.699023116156302221e-02
6.332701759280400314e-03 1.203032036997875309e+00 1.168050951372626933e+00 5.627033747579802958e-02
6.173166925361308309e-03 1.199874310340188766e+00 1.162178168873046369e+00 5.555702892236637908e-02
6.017107754643274790e-03 1.196725643259032967e+00 1.156361345884580505e+00 5.485028602771035294e-02
5.864464208518533825e-03 1.193586070135639776e+00 1.150600608657099011e+00 5.415008868191507202e-02
5.715176855292159776e-03 1.190455624755355046e+00 1.144896068578596937e+00 5.345641615041247380e-02
5.569186875978183494e-03 1.187334340292508950e+00 1.139247822401600940e+00 5.276924708567568706e-02
5.426436069675342512e-03 1.184222249297047114e+00 1.133655952849158322e+00 5.208855953890135365e-02
5.286866858530394654e-03 1.181119383682508017e+00 1.128120528479771734e+00 5.141433097167751043e-02
5.150422292296640003e-03 1.178025774713270968e+00 1.122641603791768583e+00 5.074653826763279862e-02
5.017046052495735022e-03 1.174941452993912616e+00 1.117219219836563804e+00 5.008515774406493287e-02
4.886682456190831469e-03 1.171866448459419008e+00 1.111853404235026987e+00 4.943016516354578616e-02
4.759276459378886277e-03 1.168800790365512654e+00 1.106544171398732290e+00 4.878153574549947552e-02
4.634773660010279954e-03 1.165744507280459086e+00 1.101291522969609860e+00 4.813924417775106851e-02
4.513120300643909746e-03 1.162697627077631690e+00 1.096095448254011284e+00 4.750326462804377314e-02
4.394263270745602835e-03 1.159660176929472764e+00 1.090955924517881925e+00 4.687357075552065627e-02
4.278150108638202262e-03 1.156632183301707695e+00 1.085872917045462627e+00 4.625013572216952334e-02
4.164729003111269749e-03 1.153613671948164443e+00 1.080846380049238942e+00 4.563293220422762891e-02
4.053948794698518723e-03 1.150604667908483814e+00 1.075876257138634884e+00 4.502193240354371295e-02
3.945758976631201856e-03 1.147605195504945330e+00 1.070962481344416961e+00 4.441710805889551722e-02
3.840109695475342651e-03 1.144615278340758380e+00 1.066104976115453740e+00 4.381843045725931918e-02
3.736951751461019353e-03 1.141634939300450124e+00 1.061303655676827606e+00 4.322587044502990139e-02
3.636236598511729916e-03 1.138664200549639460e+00 1.056558425811570334e+00 4.263939843918843065e-02
3.537916343981777414e-03 1.135703083538185387e+00 1.051869184605987773e+00 4.205898443841563777e-02
3.441943748109704652e-03 1.132751609002500937e+00 1.047235822822824236e+00 4.148459803414819569e-02
3.348272223195788034e-03 1.129809796970062452e+00 1.042658225181322562e+00 4.091620842157657478e-02
3.256855832511355332e-03 1.126877666765788488e+00 1.038136270898215807e+00 4.035378441058134341e-02
3.167649288947866314e-03 1.123955237018256614e+00 1.033669834940195154e+00 3.979729443660628280e-02
3.080607953413610177e-03 1.121042525669913914e+00 1.029258788981110007e+00 3.924670657146667185e-02
2.995687832985640450e-03 1.118139549986110204e+00 1.024903002221659643e+00 3.870198853408982759e-02
2.912845578824709795e-03 1.115246326567664648e+00 1.020602343201477025e+00 3.816310770118643003e-02
2.832038483860881313e-03 1.112362871365144557e+00 1.016356680717972250e+00 3.763003111785107740e-02
2.753224480257263507e-03 1.109489199693895367e+00 1.012165885554374922e+00 3.710272550808945552e-02
2.676362136659419296e-03 1.106625326253134256e+00 1.008029832194572872e+00 3.658115728527064348e-02
2.601410655237903179e-03 1.103771265145629732e+00 1.003948400431097898e+00 3.606529256250324417e-02
2.528329868531168159e-03 1.100927029901044962e+00 9.999214775498374008e-01 3.555509716293268896e-02
2.457080236096162527e-03 1.098092633501455140e+00 9.959489606511473525e-01 3.505053662995876590e-02
2.387622840973824701e-03 1.095268088410821683e+00 9.920307591902247646e-01 3.455157623737175471e-02
2.319919385976459709e-03 1.092453406607145627e+00 9.881667973632524138e-01 3.405818099940496890e-02
2.253932189804086668e-03 1.089648599617998537e+00 9.843570177136614641e-01 3.357031568070284466e-02
2.189624182996660184e-03 1.086853678562181624e+00 9.806013847108009385e-01 3.308794480620291106e-02
2.126958903728915894e-03 1.084068654194482395e+00 9.768998884425319496e-01 3.261103267092990698e-02
2.065900493454640718e-03 1.081293536956740020e+00 9.732525491638910342e-01 3.213954334970116344e-02
2.006413692406948477e-03 1.078528337034304840e+00 9.696594224832500997e-01 3.167344070674157214e-02
1.948463834961060683e-03 1.075773064420452618e+00 9.661206055904223433e-01 3.121268840520679058e-02
1.892016844866095974e-03 1.073027728988954710e+00 9.626362434250924638e-01 3.075724991661393792e-02
1.837039230352099971e-03 1.070292340574166667e+00 9.592065364280546458e-01 3.030708853017805016e-02
1.783498079118562294e-03 1.067566909063568215e+00 9.558317498676471846e-01 2.986216736205329556e-02
1.731361053210565566e-03 1.064851444501991873e+00 9.525122237414420656e-01 2.942244936447818704e-02
1.680596383788502844e-03 1.062145957209579050e+00 9.492483848612812691e-01 2.898789733482322328e-02
1.631172865797298182e-03 1.059450457917258559e+00 9.460407609359172687e-01 2.855847392454031325e-02
1.583059852540918229e-03 1.056764957921162429e+00 9.428899970369784000e-01 2.813414164801299189e-02
1.536227250167815752e-03 1.054089469260797607e+00 9.397968750222779333e-01 2.771486289130631678e-02
1.490645512072878969e-03 1.051424004923915412e+00 9.367623364845755196e-01 2.730059992081565121e-02
1.446285633221385111e-03 1.048768579084411234e+00 9.337875105106541174e-01 2.689131489181391041e-02
1.403119144400198810e-03 1.046123207379668241e+00 9.308737464113315818e-01 2.648696985689566116e-02
1.361118106401539626e-03 1.043487907233973333e+00 9.280226536095568246e-01 2.608752677431821695e-02
1.320255104144362184e-03 1.040862698240412332e+00 9.252361502131565274e-01 2.569294751623840342e-02
1.280503240738382464e-03 1.038247602611882092e+00 9.225165217254553962e-01 2.530319387684470261e-02
1.241836131495600501e-03 1.035642645717462340e+00 9.198664938499386823e-01 2.491822758038380811e-02
1.204227897894171763e-03 1.033047856725534119e+00 9.172893225695599728e-01 2.453801028908183385e-02
1.167653161499159799e-03 1.030463269378359303e+00 9.147889070871788597e-01 2.416250361095844540e-02
1.132087037844813375e-03 1.027888922934641291e+00 9.123699313541548950e-01 2.379166910753439945e-02
1.097505130282758461e-03 1.025324863320170365e+00 9.100380443721340917e-01 2.342546830143165532e-02
1.063883523800442316e-03 1.022771144550806088e+00 9.078000928399366787e-01 2.306386268386588154e-02
1.031198778813974780e-03 1.020227830504780497e+00 9.056644215920286456e-01 2.270681372203038617e-02
9.994279249395728471e-04 1.017694997150665914e+00 9.036412696205396999e-01 2.235428286637230685e-02
9.685484547474576371e-04 1.015172735384152203e+00 9.017432966075750178e-01 2.200623155775947165e-02
9.385383175021628447e-04 1.012661154675863262e+00 8.999862929285910029e-01 2.166262123453857255e-02
9.093759128929824803e-04 1.010160387829534434e+00 8.983901542459197254e-01 2.132341333948416587e-02
8.810400847581871574e-04 1.007670597277427804e+00 8.969802403501599963e-01 2.098856932663809710e-02
8.535101148066118410e-04 1.005191983545481671e+00 8.957893080685349618e-01 2.065805066803995393e-02
8.267657163399606867e-04 1.002724796846243827e+00 8.948603206496655860e-01 2.033181886034745103e-02
8.007870279792129835e-04 1.000269353283414819e+00 8.942506366548568231e-01 2.000983543134741624e-02
7.755546073983330410e-04 9.978260580512537947e-01 8.940384369747272908e-01 1.969206194635712837e-02
7.510494250683927547e-04 9.953954395634656560e-01 8.943329193815205969e-01 1.937846001451602393e-02
7.272528580151035827e-04 9.929782012973208394e-01 8.952911247724394395e-01 1.906899129496764447e-02
7.041466835927055572e-04 9.905753036108199128e-01 8.971470568476902496e-01 1.876361750293244549e-02
6.817130732769580929e-04 9.881880989561623307e-01 9.002651036620115121e-01 1.846230041567082161e-02
6.599345864799796395e-04 9.858185684966891404e-01 9.052455360686078034e-01 1.816500187833708369e-02
6.387941643895223226e-04 9.834697675263772698e-01 9.131540318975703840e-01 1.787168380972428694e-02
6.182751238351936714e-04 9.811467493417831420e-01 9.260931185245504516e-01 1.758230820790026086e-02
5.983611511840162059e-04 9.788587619193835909e-01 9.489509782790465087e-01 1.729683715573480593e-02
5.790362962676830249e-04 9.766257000151515877e-01 9.972452588725763123e-01 1.701523282631893508e-02
5.602849663436661968e-04 9.745062319040754817e-01 1.051608309600959190e+00 1.673745748827560470e-02
5.420919200923581763e-04 9.724677671171716442e-01 1.093871813305988816e+00 1.646347351096296222e-02
