1.983960718156370026e-02 2.444815979014369844e+01 2.458946058962278158e+01 9.959821078102683301e-02
2.047403486848890439e-02 2.364643673441108973e+01 2.375401086583352139e+01 1.011781470192276849e-01
2.112445057164288181e-02 2.288695288545963535e+01 2.294489837013201949e+01 1.027726874506132565e-01
2.179109327748560143e-02 2.216602569199527650e+01 2.217748870807504602e+01 1.043817351778691255e-01
2.247419947686801409e-02 2.148162419356749808e+01 2.147122601330875469e+01 1.060051873185176158e-01
2.317400289077058834e-02 2.083141477584439372e+01 2.080813689133030309e+01 1.076429349534157448e-01
2.389073419027811299e-02 2.021314226539039893e+01 2.018135618504140538e+01 1.092948630775438384e-01
2.462462071095775432e-02 1.962469895389038754e+01 1.958688192096379410e+01 1.109608505531517464e-01
2.537588616181999171e-02 1.906413475867417873e+01 1.902183737816887543e+01 1.126407700653275779e-01
2.614475032905563823e-02 1.852965150608757838e+01 1.848391771496630298e+01 1.143344880800531704e-01
2.693142877475598190e-02 1.801959253400495342e+01 1.797116670547808681e+01 1.160418648048108098e-01
2.773613253083605928e-02 1.753243122928367015e+01 1.748187002558843162e+01 1.177627541518031506e-01
2.855906778839516560e-02 1.706675980138484405e+01 1.701449687359777130e+01 1.194970037038484978e-01
2.940043558276242419e-02 1.662127876777219626e+01 1.656766425151529276e+01 1.212444546830130782e-01
3.026043147448841467e-02 1.619478730143323730e+01 1.614011299857078541e+01 1.230049419220390766e-01
3.113924522655791075e-02 1.578617445550773724e+01 1.573069047579595647e+01 1.247782938386278601e-01
3.203706047811247931e-02 1.539441122332086209e+01 1.533833731765652253e+01 1.265643324126360658e-01
3.295405441498455712e-02 1.501854337006102647e+01 1.496207684754944367e+01 1.283628731662402322e-01
3.389039743735874910e-02 1.465768496608433580e+01 1.460100634609699455e+01 1.301737251471254964e-01
3.484625282488913733e-02 1.431101255282990614e+01 1.425428967577344608e+01 1.319966909147519962e-01
3.582177639961416776e-02 1.397775987655042229e+01 1.392115094159551880e+01 1.338315665297506729e-01
3.681711618702399741e-02 1.365721313054025110e+01 1.360086897098508274e+01 1.356781415464996532e-01
3.783241207564806696e-02 1.334870665230616638e+01 1.329277245926253670e+01 1.375361990089301323e-01
3.886779547554233133e-02 1.305161902771361326e+01 1.299623566797240670e+01 1.394055154496089688e-01
3.992338897606866749e-02 1.276536955934417428e+01 1.271067459021734614e+01 1.412858608921442327e-01
4.099930600337040043e-02 1.248941506102812227e+01 1.243554351568398708e+01 1.431769988569574770e-01
4.209565047795941345e-02 1.222324694476213303e+01 1.217033194150524444e+01 1.450786863704648655e-01
4.321251647284136271e-02 1.196638857000805700e+01 1.191456178496173379e+01 1.469906739777074589e-01
4.434998787261709707e-02 1.171839282872270438e+01 1.166778486123370762e+01 1.489127057584695990e-01
4.550813803400732827e-02 1.147883994243060890e+01 1.142958059532455373e+01 1.508445193469211409e-01
4.668702944825873363e-02 1.124733545027490855e+01 1.119955394196532161e+01 1.527858459548179781e-01
4.788671340589830544e-02 1.102350836929069189e+01 1.097733349069392617e+01 1.547364103982936390e-01
4.910722966431213532e-02 1.080700951018035383e+01 1.076256973654347426e+01 1.566959311282717093e-01
5.034860611863251068e-02 1.059750993367548411e+01 1.055493349936192082e+01 1.586641202645268922e-01
5.161085847642551960e-02 1.039469953415711245e+01 1.035411447665022244e+01 1.606406836334207111e-01
5.289398993667791815e-02 1.019828573861055077e+01 1.015981991676492946e+01 1.626253208093344782e-01
5.419799087358934120e-02 1.000799231023723479e+01 9.971773400874115012e+00 1.646177251598219260e-01
5.552283852568048322e-02 9.823558247146870315e+00 9.789713723277973401e+00 1.666175838944984888e-01
5.686849669073385655e-02 9.644736767530520893e+00 9.613393860957017978e+00 1.686245781176840541e-01
5.823491542708841145e-02 9.471294373585120496e+00 9.442580024113139459e+00 1.706383828848134776e-01
5.962203076181170347e-02 9.303009987229192035e+00 9.277050780379582307e+00 1.726586672626249930e-01
6.102976440627695676e-02 9.139674151339592711e+00 9.116596246174140106e+00 1.746850943931349820e-01
6.245802347967509965e-02 8.981088290849800870e+00 8.961017339239788271e+00 1.767173215614065152e-01
6.390670024099126545e-02 8.827064028597501277e+00 8.810125087117443243e+00 1.787550002671131899e-01
6.537567182997691684e-02 8.677422551298366926e+00 8.663739986822577066e+00 1.807977762998993765e-01
6.686480001764889824e-02 8.531994021460565847e+00 8.521691411314334275e+00 1.828452898185360664e-01
6.837393096684320215e-02 8.390617031443008855e+00 8.383817058899097674e+00 1.848971754338654128e-01
6.990289500335075679e-02 8.253138096215817399e+00 8.249962442128499163e+00 1.869530622955274668e-01
7.145150639815925353e-02 8.119411181694157875e+00 8.119980412920106971e+00 1.890125741824591477e-01
7.301956316131977265e-02 7.989297265800870740e+00 7.993730720986337523e+00 1.910753295971509835e-01
7.460684684795301780e-02 7.862663929667441209e+00 7.871079602958458210e+00 1.931409418636465813e-01
7.621312237690328062e-02 7.739384976614100964e+00 7.751899399901782672e+00 1.952090192292652293e-01
7.783813786254178968e-02 7.619340076757638691e+00 7.636068200910891335e+00 1.972791649700263994e-01
7.948162446021254934e-02 7.502414435279446181e+00 7.523469510821364281e+00 1.993509774997511141e-01
8.114329622580482293e-02 7.388498482559482383e+00 7.413991940269463399e+00 2.014240504828120337e-01
8.282284998992768543e-02 7.277487584531813880e+00 7.307528916435446220e+00 2.034979729505034807e-01
8.451996524714897041e-02 7.169281771759287381e+00 7.203978412926837827e+00 2.055723294209959584e-01
8.623430406075062449e-02 7.063785485846682199e+00 7.103242697325597099e+00 2.076467000228400250e-01
8.796551098343946551e-02 6.960907341928209924e+00 7.005228095324553372e+00 2.097206606219800540e-01
8.971321299443756059e-02 6.860559906070557545e+00 6.909844770106870371e+00 2.117937829522358317e-01
9.147701945336191021e-02 6.762659486521573449e+00 6.817006515898686558e+00 2.138656347492063903e-01
9.325652207128778959e-02 6.667125937826249960e+00 6.726630564856460381e+00 2.159357798875487233e-01
9.505129489937262643e-02 6.573882476906852013e+00 6.638637406134474617e+00 2.180037785215804824e-01
9.686089433539919746e-02 6.482855510273596522e+00 6.552950616518562477e+00 2.200691872291520856e-01
9.868485914857941244e-02 6.393974471603544707e+00 6.469496701746378697e+00 2.221315591587330052e-01
1.005227105229389017e-01 6.307171668976268464e+00 6.388204947689816393e+00 2.241904441796515324e-01
1.023739521195828339e-01 6.222382141115957666e+00 6.309007280985761135e+00 2.262453890354263475e-01
1.042380701581220176e-01 6.139543522037005374e+00 6.231838138248662062e+00 2.282959375001250568e-01
1.061145335175150139e-01 6.058595913533198818e+00 6.156634343405122500e+00 2.303416305376809470e-01
1.080027938565605999e-01 5.979481764996925186e+00 6.083334992650333284e+00 2.323820064640984562e-01
1.099022857542490406e-01 5.902145760088768789e+00 6.011881346491706246e+00 2.344166011124735050e-01
1.118124268701568558e-01 5.826534709816548308e+00 5.942216728369934309e+00 2.364449480007522475e-01
1.137326181250450374e-01 5.752597451610377277e+00 5.874286429479701255e+00 2.384665785021509443e-01
1.156622439017922221e-01 5.680284754015744397e+00 5.808037619484327507e+00 2.404810220181544944e-01
1.176006722667697069e-01 5.609549226649443554e+00 5.743419262507303280e+00 2.424878061540102492e-01
1.195472552117367859e-01 5.540345235088355302e+00 5.680382038301209136e+00 2.444864568966313711e-01
1.215013289163062171e-01 5.472628820388568016e+00 5.618878268250914410e+00 2.464764987948204200e-01
1.234622140310014521e-01 5.406357622948591235e+00 5.558861845585854944e+00 2.484574551417218502e-01
1.254292159808987062e-01 5.341490810449647242e+00 5.500288169900165336e+00 2.504288481594110216e-01
1.274016252898159673e-01 5.277989009631321338e+00 5.443114085679616743e+00 2.523901991855230231e-01
1.293787179249811792e-01 5.215814241669414209e+00 5.387297824275819380e+00 2.543410288618228043e-01
1.313597556620831053e-01 5.154929860941431130e+00 5.332798949358743990e+00 2.562808573246186938e-01
1.333439864705748268e-01 5.095300496980849303e+00 5.279578305547778072e+00 2.582092043969141937e-01
1.353306449190702643e-01 5.036891999431737155e+00 5.227597970094996604e+00 2.601255897821956320e-01
1.373189526006440286e-01 4.979671385831699659e+00 5.176821207325267515e+00 2.620295332597492033e-01
1.393081185778101139e-01 4.923606792056538950e+00 5.127212425552810870e+00 2.639205548813980950e-01
1.412973398469264397e-01 4.868667425275141625e+00 5.078737136531705332e+00 2.657981751695508432e-01
1.432858018217399998e-01 4.814823519271878460e+00 5.031361917232610281e+00 2.676619153164491727e-01
1.452726788357535104e-01 4.762046292003131676e+00 4.985054373658004856e+00 2.695112973845006921e-01
1.472571346630665856e-01 4.710307905260465944e+00 4.939783106531549173e+00 2.713458445075827563e-01
1.492383230573100239e-01 4.659581426323084585e+00 4.895517678938828610e+00 2.731650810932008677e-01
1.512153883082612005e-01 4.609840791490650069e+00 4.852228585708678210e+00 2.749685330253819893e-01
1.531874658156991420e-01 4.561060771391597157e+00 4.809887224256964799e+00 2.767557278681862520e-01
1.551536826800250513e-01 4.513216937968708820e+00 4.768465866922822372e+00 2.785261950697142663e-01
1.571131583091441020e-01 4.466285633051627180e+00 4.727937634753002882e+00 2.802794661664890219e-01
1.590650050410766791e-01 4.420243938430181707e+00 4.688276472467699740e+00 2.820150749880905305e-01
1.610083287817335729e-01 4.375069647346258250e+00 4.649457124599935653e+00 2.837325578619182553e-01
1.629422296572648754e-01 4.330741237329377213e+00 4.611455112763855446e+00 2.854314538179568705e-01
1.648658026803616061e-01 4.287237844303454004e+00 4.574246713872556214e+00 2.871113047934211737e-01
1.667781384298621661e-01 4.244539237897094530e+00 4.537808939291674726e+00 2.887716558371529185e-01
1.686783237429885229e-01 4.202625797893940529e+00 4.502119514847530368e+00 2.904120553136426697e-01
1.705654424195117980e-01 4.161478491762749421e+00 4.467156861594849815e+00 2.920320551065514469e-01
1.724385759371202531e-01 4.121078853210378590e+00 4.432900077361101587e+00 2.936312108216020955e-01
1.742968041772392229e-01 4.081408961705186300e+00 4.399328918844243930e+00 2.952090819887145945e-01
1.761392061605293047e-01 4.042451422917658910e+00 4.366423784347171377e+00 2.967652322632566286e-01
1.779648607912654446e-01 4.004189350033777295e+00 4.334165697200760725e+00 2.982992296262810261e-01
1.797728476097795458e-01 3.966606345894720942e+00 4.302536289444867990e+00 2.998106465836224421e-01
1.815622475521284085e-01 3.929686485917950112e+00 4.271517786103026459e+00 3.012990603637260012e-01
1.833321437161292700e-01 3.893414301763742369e+00 4.241092989994259099e+00 3.027640531140786684e-01
1.850816221328875633e-01 3.857774765706266873e+00 4.211245266676599819e+00 3.042052120961173944e-01
1.868097725429263001e-01 3.822753275672297946e+00 4.181958529816736103e+00 3.056221298784876361e-01
1.885156891760075559e-01 3.788335640915482916e+00 4.153217227031415604e+00 3.070144045285233547e-01
1.901984715337267928e-01 3.754508068293989531e+00 4.125006325872820234e+00 3.083816398018263683e-01
1.918572251739451839e-01 3.721257149118664564e+00 4.097311299998850131e+00 3.097234453298177148e-01
1.934910624961141690e-01 3.688569846544046182e+00 4.070118115733301067e+00 3.110394368051374592e-01
1.950991035265381146e-01 3.656433483475615365e+00 4.043413218771895856e+00 3.123292361647705961e-01
1.966804767026119061e-01 3.624835730965410896e+00 4.017183521073297570e+00 3.135924717707775922e-01
1.982343196550612197e-01 3.593764597073182632e+00 3.991416387948344191e+00 3.148287785885061085e-01
1.997597799872127544e-01 3.563208416168149650e+00 3.966099625260715023e+00 3.160377983621680542e-01
2.012560160503133466e-01 3.533155838650144265e+00 3.941221466836107634e+00 3.172191797876614539e-01
2.027221977139164466e-01 3.503595821069112937e+00 3.916770561911524506e+00 3.183725786825213344e-01
2.041575071303550482e-01 3.474517616621810134e+00 3.892735962842850839e+00 3.194976581528846116e-01
2.055611394923191060e-01 3.445910766009983917e+00 3.869107112855236785e+00 3.205940887573561771e-01
2.069323037825585299e-01 3.417765088637990001e+00 3.845873833780697915e+00 3.216615486676628888e-01
2.082702235147395609e-01 3.390070674135523099e+00 3.823026314140379522e+00 3.226997238259893264e-01
2.095741374644830846e-01 3.362817874190086265e+00 3.800555097147440886e+00 3.237083080988832906e-01
2.108433003896267588e-01 3.335997294670887570e+00 3.778451068818214686e+00 3.246870034276293504e-01
2.120769837387579682e-01 3.309599788033129375e+00 3.756705446239668067e+00 3.256355199749851881e-01
2.132744763470756089e-01 3.283616445986524912e+00 3.735309765892985467e+00 3.265535762681796017e-01
2.144350851186537510e-01 3.258038592417204615e+00 3.714255872074818665e+00 3.274408993380742428e-01
2.155581356941908555e-01 3.232857776548761830e+00 3.693535905322645529e+00 3.282972248543923333e-01
2.166429731033453487e-01 3.208065766331791302e+00 3.673142291111832325e+00 3.291222972569203820e-01
2.176889624007756485e-01 3.183654542052401393e+00 3.653067728498272881e+00 3.299158698825926939e-01
2.186954892850203891e-01 3.159616290145877748e+00 3.633305178853144302e+00 3.306777050883688007e-01
2.196619606993746865e-01 3.135943397209199013e+00 3.613847854863411868e+00 3.314075743698193244e-01
2.205878054139409350e-01 3.112628444201725575e+00 3.594689209465382174e+00 3.321052584753371173e-01
2.214724745880548573e-01 3.089664200824474793e+00 3.575822924934622282e+00 3.327705475158933557e-01
2.223154423123106516e-01 3.067043620071217003e+00 3.557242902150735020e+00 3.334032410702621463e-01
2.231162061294380550e-01 3.044759832942820932e+00 3.538943249917861689e+00 3.340031482856397060e-01
2.238742875333080973e-01 3.022806143317418037e+00 3.520918274516046331e+00 3.345700879735874489e-01
2.245892324453740152e-01 3.001176022970863055e+00 3.503162469259064160e+00 3.351038887012309786e-01
2.252606116678837200e-01 2.979863106737857592e+00 3.485670504243707502e+00 3.356043888776513717e-01
2.258880213132309356e-01 2.958861187811377302e+00 3.468437216421362823e+00 3.360714368354077441e-01
2.264710832088427384e-01 2.938164213172965944e+00 3.451457599559441203e+00 3.365048909071328143e-01
2.270094452770365923e-01 2.917766279146705610e+00 3.434726794498613511e+00 3.369046194971483388e-01
2.275027818893118892e-01 2.897661627075197366e+00 3.418240079712925983e+00 3.372705011480487403e-01
2.279507941945773941e-01 2.877844639110899383e+00 3.401992861855324346e+00 3.376024246022067410e-01
2.283532104208513547e-01 2.858309834117699566e+00 3.385980666610242995e+00 3.379002888581565944e-01
2.287097861500076157e-01 2.839051863680628340e+00 3.370199129790071524e+00 3.381640032218151681e-01
2.290203045651794389e-01 2.820065508218164041e+00 3.354643988531071930e+00 3.383934873525046294e-01
2.292845766704701693e-01 2.801345673193705199e+00 3.339311072827042093e+00 3.385886713037444262e-01
2.295024414826587755e-01 2.782887385424038129e+00 3.324196297246128307e+00 3.387494955587821988e-01
2.296737661946288422e-01 2.764685789479752298e+00 3.309295652869400861e+00 3.388759110608401404e-01
2.297984463102878128e-01 2.746736144176329830e+00 3.294605199586937427e+00 3.389678792380539374e-01
2.298764057507853842e-01 2.729033819152810292e+00 3.280121058509632537e+00 3.390253720230872458e-01
2.299075969318794266e-01 2.711574291534101899e+00 3.265839404696425863e+00 3.390483718674073277e-01
2.298920008123395697e-01 2.694353142676608748e+00 3.251756460336336030e+00 3.390368717502121321e-01
2.298296269133191794e-01 2.677366054995144129e+00 3.237868487899108416e+00 3.389908751820018828e-01
2.297205133086687168e-01 2.660608808865145836e+00 3.224171783739039121e+00 3.389103962027933403e-01
2.295647265862036102e-01 2.644077279604400754e+00 3.210662672136344487e+00 3.387954593749771814e-01
2.293623617799822323e-01 2.627767434528122781e+00 3.197337499313476439e+00 3.386460997708243270e-01
2.291135422736903515e-01 2.611675330076371537e+00 3.184192628103967415e+00 3.384623629546499313e-01
2.288184196752693633e-01 2.595797109015971937e+00 3.171224432704223162e+00 3.382443049596470241e-01
2.284771736629668537e-01 2.580128997709177696e+00 3.158429293709834607e+00 3.379919922594075699e-01
2.280900118030282919e-01 2.564667303454026825e+00 3.145803593783412566e+00 3.377055017341502596e-01
2.276571693392885065e-01 2.549408411892705395e+00 3.133343713270094089e+00 3.373849206316788529e-01
2.271789089549622331e-01 2.534348784485024098e+00 3.121046026281152574e+00 3.370303465231003770e-01
2.266555205069704371e-01 2.519484956049679258e+00 3.108906897296212168e+00 3.366418872533321616e-01
2.260873207331794976e-01 2.504813532370998796e+00 3.096922677748796371e+00 3.362196608864355674e-01
2.254746529329665072e-01 2.490331187867763862e+00 3.085089703142540607e+00 3.357637956458129902e-01
2.248178866215620741e-01 2.476034663328420926e+00 3.073404290554299756e+00 3.352744298493117170e-01
2.241174171586575448e-01 2.461920763707558191e+00 3.061862736225279935e+00 3.347517118392806523e-01
2.233736653517993664e-01 2.447986355984729023e+00 3.050461313686877229e+00 3.341957999076285435e-01
2.225870770351273675e-01 2.434228367085766731e+00 3.039196272165115786e+00 3.336068622159377717e-01
2.217581226240473435e-01 2.420643781864776134e+00 3.028063835233375301e+00 3.329850767106893317e-01
2.208872966464606180e-01 2.407229641146733989e+00 3.017060199767368722e+00 3.323306310336594516e-01
2.199751172512040276e-01 2.393983039829615578e+00 3.006181535309573771e+00 3.316437224275503026e-01
2.190221256943850336e-01 2.380901125047333089e+00 2.995423983656976930e+00 3.309245576369220232e-01
2.180288858043234745e-01 2.367981094390282149e+00 2.984783658674897477e+00 3.301733528044953347e-01
2.169959834258410880e-01 2.355220194185013938e+00 2.974256646636152634e+00 3.293903333628971919e-01
2.159240258446649408e-01 2.342615717833284261e+00 2.963839006623639083e+00 3.285757339219262385e-01
2.148136411927357992e-01 2.330165004206778523e+00 2.953526771080072333e+00 3.277297981514160630e-01
2.136654778352364004e-01 2.317865436098935916e+00 2.943315946992041798e+00 3.268527786597785756e-01
2.124802037401767041e-01 2.305714438735717575e+00 2.933202517180465208e+00 3.259449368683127179e-01
2.112585058313928010e-01 2.293709478340754337e+00 2.923182441551801958e+00 3.250065428813647683e-01
2.100010893258361933e-01 2.281848060755318652e+00 2.913251658895434915e+00 3.240378753524317257e-01
2.087086770560479532e-01 2.270127730115213183e+00 2.903406088887156233e+00 3.230392213463002538e-01
2.073820087787265898e-01 2.258546067581159722e+00 2.893641634122178008e+00 3.220108761973161648e-01
2.060218404703147710e-01 2.247100690122986411e+00 2.883954182532558086e+00 3.209531433638832532e-01
2.046289436105423187e-01 2.235789249358236752e+00 2.874339609826312980e+00 3.198663342792910647e-01
2.032041044548729414e-01 2.224609430441478075e+00 2.864793782108013609e+00 3.187507681989746322e-01
2.017481232968132976e-01 2.213558951006869613e+00 2.855312558812029167e+00 3.176067720443105369e-01
2.002618137210514515e-01 2.202635560161731565e+00 2.845891795701128490e+00 3.164346802430569872e-01
1.987460018483949986e-01 2.191837037531021881e+00 2.836527347935550392e+00 3.152348345665457741e-01
1.972015255734883843e-01 2.181161192350583367e+00 2.827215073305206161e+00 3.140075839637383459e-01
1.956292337962881045e-01 2.170605862610221592e+00 2.817950835605160798e+00 3.127532843922570804e-01
1.940299856482785301e-01 2.160168914244241289e+00 2.808730508003319581e+00 3.114722986465076615e-01
1.924046497144104029e-01 2.149848240368979368e+00 2.799549976640757443e+00 3.101649961830077462e-01
1.907541032517414969e-01 2.139641760567632112e+00 2.790405144231107748e+00 3.088317529430397723e-01
1.890792314057564705e-01 2.129547420219390030e+00 2.781291933677747519e+00 3.074729511727466447e-01
1.873809264253392115e-01 2.119563189873525211e+00 2.772206291768693376e+00 3.060889792407913701e-01
1.856600868773618795e-01 2.109687064666091683e+00 2.763144192889083861e+00 3.046802314537012113e-01
1.839176168618493479e-01 2.099917063779337845e+00 2.754101642791077609e+00 3.032471078690193722e-01
1.821544252286686205e-01 2.090251229941945788e+00 2.745074682378113362e+00 3.017900141063887265e-01
1.803714247966795026e-01 2.080687628969807523e+00 2.736059391473466107e+00 3.003093611566908239e-01
1.785695315762728941e-01 2.071224349345159865e+00 2.727051892492254659e+00 2.988055651893659626e-01
1.767496639962097826e-01 2.061859501833028130e+00 2.718048354263628230e+00 2.972790473580418369e-01
1.749127421356564960e-01 2.052591219135456058e+00 2.709044995705440773e+00 2.957302336045948832e-01
1.730596869622978984e-01 2.043417655579316872e+00 2.700038089421722631e+00 2.941595544617732760e-01
1.711914195773927283e-01 2.034336986839081263e+00 2.691023965368186222e+00 2.925674448545093620e-01
1.693088604686145138e-01 2.025347409691829359e+00 2.681999014382657087e+00 2.909543439000477627e-01
1.674129287715031278e-01 2.016447141803833443e+00 2.672959691704869911e+00 2.893206947070181001e-01
1.655045415403324505e-01 2.007634421547342729e+00 2.663902520368771398e+00 2.876669441735810739e-01
1.635846130291731260e-01 1.998907507845722575e+00 2.654824094445962679e+00 2.859935427847743461e-01
1.616540539839109447e-01 1.990264680045420231e+00 2.645721082339584918e+00 2.843009444091866844e-01
1.597137709459555965e-01 1.981704237815042680e+00 2.636590230038703186e+00 2.825896060950894295e-01
1.577646655683475341e-01 1.973224501069063885e+00 2.627428363955381485e+00 2.808599878661497407e-01
1.558076339449478986e-01 1.964823809912638497e+00 2.618232393957689474e+00 2.791125525168546839e-01
1.538435659533691491e-01 1.956500524611479719e+00 2.608999316271912949e+00 2.773477654077720622e-01
1.518733446122738917e-01 1.948253025579786968e+00 2.599726216022727687e+00 2.755660942607724984e-01
1.498978454536456506e-01 1.940079713388043858e+00 2.590410269961548995e+00 2.737680089543386153e-01
1.479179359106030656e-01 1.931979008789247221e+00 2.581048748838127516e+00 2.719539813190855471e-01
1.459344747213008331e-01 1.923949352759877884e+00 2.571639019737188114e+00 2.701244849336142950e-01
1.439483113494331723e-01 1.915989206557576763e+00 2.562178548439145054e+00 2.682799949208225510e-01
1.419602854218200427e-01 1.908097051792359444e+00 2.552664901277990950e+00 2.664209877447908936e-01
1.399712261835326377e-01 1.900271390508150748e+00 2.543095747119443750e+00 2.645479410083668159e-01
1.379819519709772346e-01 1.892510745277838691e+00 2.533468859346685420e+00 2.626613332515629895e-01
1.359932697033294779e-01 1.884813659307398970e+00 2.523782117315341633e+00 2.607616437508874507e-01
1.340059743926793889e-01 1.877178696547080694e+00 2.514033507984092086e+00 2.588493523197222257e-01
1.320208486732130926e-01 1.869604441812301010e+00 2.504221127311285766e+00 2.569249391098624713e-01
1.300386623497281902e-01 1.862089500908118644e+00 2.494343181384818919e+00 2.549888844143290978e-01
1.280601719657493975e-01 1.854632500759812563e+00 2.484397987704580313e+00 2.530416684715675602e-01
1.260861203914739881e-01 1.847232089547509171e+00 2.474383976110296590e+00 2.510837712711376790e-01
1.241172364317510157e-01 1.839886936842469956e+00 2.464299689531244120e+00 2.491156723610048473e-01
1.221542344542646819e-01 1.832595733744838640e+00 2.454143784710213438e+00 2.471378506565360955e-01
1.201978140380590282e-01 1.825357193021959867e+00 2.443915032840533463e+00 2.451507842513042379e-01
1.182486596425130626e-01 1.818170049246513598e+00 2.433612319949902236e+00 2.431549502298000209e-01
1.163074402968450743e-01 1.811033058932034256e+00 2.423234647142670006e+00 2.411508244821537750e-01
1.143748093101909502e-01 1.803945000666231868e+00 2.412781130882098779e+00 2.391388815209594398e-01
1.124514040022754485e-01 1.796904675241441041e+00 2.402251002953000647e+00 2.371195943002976092e-01
1.105378454546650097e-01 1.789910905779233063e+00 2.391643610325311364e+00 2.350934340370494091e-01
1.086347382825597757e-01 1.782962537850739437e+00 2.380958415017902396e+00 2.330608700345896400e-01
1.067426704270562771e-01 1.776058439590652682e+00 2.370194993736536748e+00 2.310223695089463347e-01
1.048622129677852927e-01 1.769197501804404160e+00 2.359353037422493138e+00 2.289783974175132741e-01
1.029939199557984991e-01 1.762378638067825243e+00 2.348432350633413712e+00 2.269294162903946754e-01
1.011383282665550137e-01 1.755600784818120541e+00 2.337432850923736982e+00 2.248758860644633484e-01
9.929595747283213869e-02 1.748862901437087114e+00 2.326354568002683365e+00 2.228182639202093418e-01
9.746730973735712178e-02 1.742163970323359123e+00 2.315197642799038835e+00 2.207570041214515222e-01
9.565286972493695916e-02 1.735502996955939459e+00 2.303962326487711820e+00 2.186925578579858309e-01
9.385310453383553797e-02 1.728879009946292067e+00 2.292648979375150997e+00 2.166253730912373332e-01
9.206846364612729372e-02 1.722291061080406527e+00 2.281258069738383298e+00 2.145558944029822002e-01
9.029937889673511631e-02 1.715738225348994561e+00 2.269790172354101188e+00 2.124845628472044057e-01
8.854626446083677105e-02 1.709219600964928087e+00 2.258245967202927584e+00 2.104118158051452858e-01
8.680951685930671236e-02 1.702734309370536492e+00 2.246626238033596845e+00 2.083380868436046640e-01
8.508951498184080808e-02 1.696281495230989478e+00 2.234931870648699803e+00 2.062638055765489975e-01
8.338662012739146701e-02 1.689860326415296710e+00 2.223163851358915810e+00 2.041893975300768105e-01
8.170117606152522971e-02 1.683469993965141631e+00 2.211323265168546381e+00 2.021152840107907633e-01
8.003350909029929849e-02 1.677109712049234647e+00 2.199411293964990133e+00 2.000418819776239865e-01
7.838392815023544069e-02 1.670778717905915478e+00 2.187429214740762351e+00 1.979696039171612854e-01
7.675272491395809804e-02 1.664476271771895277e+00 2.175378397463254121e+00 1.958988577224968219e-01
7.514017391105000387e-02 1.658201656796615575e+00 2.163260303106252280e+00 1.938300465756663815e-01
7.354653266366413533e-02 1.651954178944656793e+00 2.151076481676721386e+00 1.917635688336866151e-01
7.197204183642216813e-02 1.645733166884162157e+00 2.138828569934999368e+00 1.896998179182338706e-01
7.041692540011851298e-02 1.639537971861224852e+00 2.126518289188627175e+00 1.876391822089918948e-01
6.888139080873825759e-02 1.633367967561527356e+00 2.114147443144779981e+00 1.855820449406922756e-01
6.736562918929106525e-02 1.627222549959009612e+00 2.101717915529938807e+00 1.835287841038716616e-01
6.586981554395512917e-02 1.621101137150445792e+00 2.089231667661995751e+00 1.814797723493656034e-01
6.439410896401795426e-02 1.615003169177345432e+00 2.076690736178763874e+00 1.794353768965556428e-01
6.293865285509619989e-02 1.608928107835751353e+00 2.064097230567042640e+00 1.773959594453833610e-01
6.150357517311329930e-02 1.602875436472387172e+00 2.051453330623319804e+00 1.753618760921445141e-01
6.008898867050727066e-02 1.596844659768900998e+00 2.038761283993870688e+00 1.733334772490693343e-01
5.869499115214212026e-02 1.590835303513868926e+00 2.026023403547817292e+00 1.713111075676970185e-01
5.732166574039160994e-02 1.584846914362306736e+00 2.013242064868197900e+00 1.692951058660462360e-01
5.596908114886457730e-02 1.578879059584717304e+00 2.000419703720279330e+00 1.672858050595814605e-01
5.463729196424210038e-02 1.572931326804238417e+00 1.987558813223668785e+00 1.652835320959745447e-01
5.332633893569555666e-02 1.567003323721789299e+00 1.974661941271319554e+00 1.632886078936549024e-01
5.203624927135772071e-02 1.561094677832185917e+00 1.961731688010446062e+00 1.613013472841403895e-01
5.076703694132254918e-02 1.555205036129542640e+00 1.948770702947713929e+00 1.593220589581407498e-01
4.951870298665007192e-02 1.549334064801539013e+00 1.935781682283362670e+00 1.573510454154183058e-01
4.829123583385926122e-02 1.543481448915701826e+00 1.922767366261895372e+00 1.553886029183917661e-01
4.708461161439609494e-02 1.537646892095522189e+00 1.909730536357771902e+00 1.534350214494658582e-01
4.589879448856856031e-02 1.531830116188206192e+00 1.896674012655547692e+00 1.514905846720656091e-01
4.473373697344746464e-02 1.526030860924644905e+00 1.883600650966172685e+00 1.495555698953527080e-01
4.358938027423951006e-02 1.520248883569876197e+00 1.870513340070544928e+00 1.476302480426005259e-01
4.246565461864452995e-02 1.514483958567680588e+00 1.857414999145014400e+00 1.457148836231984268e-01
4.136247959371892186e-02 1.508735877177890039e+00 1.844308574793912081e+00 1.438097347082576971e-01
4.027976448477532667e-02 1.503004447105763974e+00 1.831197038355454332e+00 1.419150529097870650e-01
3.921740861585700649e-02 1.497289492127066302e+00 1.818083383278298104e+00 1.400310833634036412e-01
3.817530169133618451e-02 1.491590851706551035e+00 1.804970622206232944e+00 1.381580647145438656e-01
3.715332413819578267e-02 1.485908380610891477e+00 1.791861784269822566e+00 1.362962291081374344e-01
3.615134744856329102e-02 1.480241948517433404e+00 1.778759912424111356e+00 1.344458021817031002e-01
3.516923452207804113e-02 1.474591439618558875e+00 1.765668060664016714e+00 1.326070030618255735e-01
3.420684000768429295e-02 1.468956752221841633e+00 1.752589291327319110e+00 1.307800443639706989e-01
3.326401064445298761e-02 1.463337798347290164e+00 1.739526672408159946e+00 1.289651321955918861e-01
3.234058560104947216e-02 1.457734503321272523e+00 1.726483274821916325e+00 1.271624661624833896e-01
3.143639681347420306e-02 1.452146805368006222e+00 1.713462169764863097e+00 1.253722393783292810e-01
3.055126932071819401e-02 1.446574655199197590e+00 1.700466426023636846e+00 1.235946384773995710e-01
2.968502159798723158e-02 1.441018015601673863e+00 1.687499107416133404e+00 1.218298436303421328e-01
2.883746588716077849e-02 1.435476861024850503e+00 1.674563270126558701e+00 1.200780285630155958e-01
2.800840852416639978e-02 1.429951177166175480e+00 1.661661960035389018e+00 1.183393605783096963e-01
2.719765026296346727e-02 1.424440960557145530e+00 1.648798210244648343e+00 1.166140005808982277e-01
2.640498659584211358e-02 1.418946218149327088e+00 1.635975038476803700e+00 1.149021031048651359e-01
2.563020806975865526e-02 1.413466966900766231e+00 1.623195444576720270e+00 1.132038163441468487e-01
2.487310059844183990e-02 1.408003233363776641e+00 1.610462407922612416e+00 1.115192821857319827e-01
2.413344577001694594e-02 1.402555053273145447e+00 1.597778885035760821e+00 1.098486362455559640e-01
2.341102114990974842e-02 1.397122471137677513e+00 1.585147807165138589e+00 1.081920079070301521e-01
2.270560057880559313e-02 1.391705539832546412e+00 1.572572077697941939e+00 1.065495203621433379e-01
2.201695446545182469e-02 1.386304320194448048e+00 1.560054569935804603e+00 1.049212906550711089e-01
2.134485007410595603e-02 1.380918880620489064e+00 1.547598124709470113e+00 1.033074297282290249e-01
2.068905180644581288e-02 1.375549296669317023e+00 1.535205548002039233e+00 1.017080424707058617e-01
2.004932147776984641e-02 1.370195650666559128e+00 1.522879608665191453e+00 1.001232277690093375e-01
1.942541858733035434e-02 1.364858031313546993e+00 1.510623036214751913e+00 9.855307856005908473e-02
1.881710058265518432e-02 1.359536533301300087e+00 1.498438518645687001e+00 9.699768188636052890e-02
1.822412311772535903e-02 1.354231256928289495e+00 1.486328700140809644e+00 9.545711895329064833e-02
1.764624030489009635e-02 1.348942307723188128e+00 1.474296179070182955e+00 9.393146518842900028e-02
1.708320496041269843e-02 1.343669796073556855e+00 1.462343505845645542e+00 9.242079030286610986e-02
1.653476884355236515e-02 1.338413836858898476e+00 1.450473180881668656e+00 9.092515835441905558e-02
1.600068288910039271e-02 1.333174549090610839e+00 1.438687652631339020e+00 8.944462781268752716e-02
1.548069743329974837e-02 1.327952055556982147e+00 1.426989315587524620e+00 8.797925162587980075e-02
1.497456243308914123e-02 1.322746482475099850e+00 1.415380508495702294e+00 8.652907728933997844e-02
1.448202767862421039e-02 1.317557959149239233e+00 1.403863512411843706e+00 8.509414691570804656e-02
1.400284299903855646e-02 1.312386617635377117e+00 1.392440548994696714e+00 8.367449730664222596e-02
1.353675846141892854e-02 1.307232592413693384e+00 1.381113778789857971e+00 8.227016002603534939e-02
1.308352456297881203e-02 1.302096020067193161e+00 1.369885299456544692e+00 8.088116147465616856e-02
1.264289241642449317e-02 1.296977038968045948e+00 1.358757144356122160e+00 7.950752296614607695e-02
1.221461392851780868e-02 1.291875788972126848e+00 1.347731280960899225e+00 7.814926080430258104e-02
1.179844197184923803e-02 1.286792411120172286e+00 1.336809609307082036e+00 7.680638636158206023e-02
1.139413054984336413e-02 1.281727047347354986e+00 1.325993960757959611e+00 7.547890615875194054e-02
1.100143495502821193e-02 1.276679840201101257e+00 1.315286096628941914e+00 7.416682194562543295e-02
1.062011192060819363e-02 1.271650932566389391e+00 1.304687706936891844e+00 7.287013078281180667e-02
1.024991976538781532e-02 1.266640467399819281e+00 1.294200409358661208e+00 7.158882512441384904e-02
9.890618532101727589e-03 1.261648587472082861e+00 1.283825748145311696e+00 7.032289290160682882e-02
9.541970119213804072e-03 1.256675435118697060e+00 1.273565193146072527e+00 6.907231760703344547e-02
9.203738406254479212e-03 1.251721151999446002e+00 1.263420138992348951e+00 6.783707837994823464e-02
8.875689372772648661e-03 1.246785878866615072e+00 1.253391904318982064e+00 6.661715009204705051e-02
8.557591210984786742e-03 1.241869755341763693e+00 1.243481731098009524e+00 6.541250343391845357e-02
8.249214432209196757e-03 1.236972919701489371e+00 1.233690784176405097e+00 6.422310500205201389e-02
7.950331967179506340e-03 1.232095508672362172e+00 1.224020150846122368e+00 6.304891738634180176e-02
7.660719260336630587e-03 1.227237657234536483e+00 1.214470840454354716e+00 6.188989925802364234e-02
7.380154358202693950e-03 1.222399498434233678e+00 1.205043784316374156e+00 6.074600545798338608e-02
7.108417991945951281e-03 1.217581163205946115e+00 1.195739835727068545e+00 5.961718708537811634e-02
6.845293654248868313e-03 1.212782780203414790e+00 1.186559769990790825e+00 5.850339158650919025e-02
6.590567670596086773e-03 1.208004475639809172e+00 1.177504284716882399e+00 5.740456284388936736e-02
6.344029265102379446e-03 1.203246373137403014e+00 1.168574000254784861e+00 5.632064126544716193e-02
6.105470621003591426e-03 1.198508593586469662e+00 1.159769460219495230e+00 5.525156387381081197e-02
5.874686935936782560e-03 1.193791255013418429e+00 1.151091132277511031e+00 5.419726439561679127e-02
5.651476472138374299e-03 1.189094472458727347e+00 1.142539409176198895e+00 5.315767335078903921e-02
5.435640601691061821e-03 1.184418357864543525e+00 1.134114609746177393e+00 5.213271814173447288e-02
5.226983846952522154e-03 1.179763019971140858e+00 1.125816980363729014e+00 5.112232314240287845e-02
5.025313916300662084e-03 1.175128564224509731e+00 1.117646696492573977e+00 5.012640978716041001e-02
4.830441735331252907e-03 1.170515092692298920e+00 1.109603864476943480e+00 4.914489665942565338e-02
4.642181473645276210e-03 1.165922703991264742e+00 1.101688523756847449e+00 4.817769958001977965e-02
4.460350567364101092e-03 1.161351493224172415e+00 1.093900649037526485e+00 4.722473169518330571e-02
4.284769737511049531e-03 1.156801551927061800e+00 1.086240153144282017e+00 4.628590356421190960e-02
4.115263004398512885e-03 1.152272968028287936e+00 1.078706890070813662e+00 4.536112324666637108e-02
3.951657698159916944e-03 1.147765825817815610e+00 1.071300658280692097e+00 4.445029638911261738e-02
3.793784465565532438e-03 1.143280205928487447e+00 1.064021204584865377e+00 4.355332631134809646e-02
3.641477273261038532e-03 1.138816185329190933e+00 1.056868228551576250e+00 4.267011409207291384e-02
3.494573407567248997e-03 1.134373837331400070e+00 1.049841387317333119e+00 4.180055865396567483e-02
3.352913470978428033e-03 1.129953231608332720e+00 1.042940301036307416e+00 4.094455684812346036e-02
3.216341375496097055e-03 1.125554434229281364e+00 1.036164559146723896e+00 4.010200353782898686e-02
3.084704332933854709e-03 1.121177507709091747e+00 1.029513727318330574e+00 3.927279168160734829e-02
2.957852842327564433e-03 1.116822511074653690e+00 1.022987355534335396e+00 3.845681241553675772e-02
2.835640674583943775e-03 1.112489499950366056e+00 1.016584987112967964e+00 3.765395513477929473e-02
2.717924854498855389e-03 1.108178526663437857e+00 1.010306169147303201e+00 3.686410757429817164e-02
2.604565640274926486e-03 1.103889640373066028e+00 1.004150464711152324e+00 3.608715588872948854e-02
2.495426500666430430e-03 1.099622887225733647e+00 9.981174666812142604e-01 3.532298473137873707e-02
2.390374089877059585e-03 1.095378310539835365e+00 9.922068140044990603e-01 3.457147733231152875e-02
2.289278220334422641e-03 1.091155951025392090e+00 9.864182109496882900e-01 3.383251557551125027e-02
2.192011833462764302e-03 1.086955847044168699e+00 9.807514496738535259e-01 3.310598007507679907e-02
2.098450968573017331e-03 1.082778034917111887e+00 9.752064372177595697e-01 3.239175025043427442e-02
2.008474729987043579e-03 1.078622549288953625e+00 9.697832278427924724e-01 3.168970440053869853e-02
1.921965252510350825e-03 1.074489423560422541e+00 9.644820621416992923e-01 3.099971977704275156e-02
1.838807665364975167e-03 1.070378690403589461e+00 9.593034149818886469e-01 3.032167265641009385e-02
1.758890054691658687e-03 1.066290382378998203e+00 9.542480542131906995e-01 2.965543841095304514e-02
1.682103424727747010e-03 1.062224532677575883e+00 9.493171138430686051e-01 2.900089157877518489e-02
1.608341657764405554e-03 1.058181176020825065e+00 9.445121861779753880e-01 2.835790593260022197e-02
1.537501472984042486e-03 1.054160349760132398e+00 9.398354379357155564e-01 2.772635454747019584e-02
1.469482384276013824e-03 1.050162095228315939e+00 9.352897595313908186e-01 2.710610986729757380e-02
1.404186657125682837e-03 1.046186459421212023e+00 9.308789592937517510e-01 2.649704377025560720e-02
1.341519264669151397e-03 1.042233497109289697e+00 9.266080176329322127e-01 2.589902763299378741e-02
1.281387843003085024e-03 1.038303273516873571e+00 9.224834257928001824e-01 2.531193239366648015e-02
1.223702645835946477e-03 1.034395867767997412e+00 9.185136442382801913e-01 2.473562861376223804e-02
1.168376498564224243e-03 1.030511377377374416e+00 9.147097315910759363e-01 2.416998653872426406e-02
1.115324751854228618e-03 1.026649924190684793e+00 9.110862239865029633e-01 2.361487615735289800e-02
1.064465234807032874e-03 1.022811662375986419e+00 9.076623897354615389e-01 2.307016725998137230e-02
1.015718207781377913e-03 1.018996789377765166e+00 9.044640592718772298e-01 2.253572949541880061e-02
9.690063149462391310e-04 1.015205561251136368e+00 9.015263630057048783e-01 2.201143242665318939e-02
9.242545366320536852e-04 1.011438314650921155e+00 8.988979489436412784e-01 2.149714558531031633e-02
8.813901415466282759e-04 1.007695499249176674e+00 8.966477038063990213e-01 2.099273852486411782e-02
8.403426389189319742e-04 1.003977727098960715e+00 8.948759011746917347e-01 2.049808087259551159e-02
8.010437306311601544e-04 1.000285850745213478e+00 8.937336014179392274e-01 2.001304238029740640e-02
7.634272633967405155e-04 9.966210926894910616e-01 8.934584618647101184e-01 1.953749297372542326e-02
7.274291810390684249e-04 9.929852726505725702e-01 8.944459503303167081e-01 1.907130280079298232e-02
6.929874769232137553e-04 9.893812367795460361e-01 8.974055228058284150e-01 1.861434227851220188e-02
6.600421465900926108e-04 9.858137509960199774e-01 9.037531159423667360e-01 1.816648213868183800e-02
6.285351406400104327e-04 9.822916327432987815e-01 9.168259354992108756e-01 1.772759347232458552e-02
5.984103179099069074e-04 9.788340362152226914e-01 9.474090133118341361e-01 1.729754777287675210e-02
5.696133989861734822e-04 9.754979631566129683e-01 9.821520166799281304e-01 1.687621697813484339e-02
5.420919200923581763e-04 9.722482973053185873e-01 1.008462686266652586e+00 1.646347351096296222e-02
