3.817135453987002824e-02 1.324958109460655287e+01 1.352153229336778040e+01 1.381509220741396760e-01
4.016422784178531186e-02 1.271000809181073343e+01 1.293110340124683511e+01 1.417113754110539137e-01
4.223031621612824416e-02 1.220498762210188382e+01 1.234473025853654526e+01 1.453105574556237123e-01
4.437029390814074825e-02 1.173002303162845372e+01 1.179208537015383129e+01 1.489467923591185350e-01
4.658470378897843628e-02 1.128410152865706984e+01 1.131264604739844337e+01 1.526183209660269269e-01
4.887394907649705161e-02 1.086524423431463937e+01 1.087640883475404152e+01 1.563233013285240391e-01
5.123828516173682679e-02 1.047140548045228847e+01 1.047312960116235558e+01 1.600598093865802929e-01
5.367781158302565442e-02 1.010065068974681068e+01 1.009752952074096832e+01 1.638258398162903695e-01
5.619246419092126243e-02 9.751197584825948894e+00 9.746201025523637540e+00 1.676193070486232117e-01
5.878200754832479252e-02 9.421419668122871016e+00 9.416633373466471113e+00 1.714380464604120247e-01
6.144602761099417221e-02 9.109837708031326642e+00 9.106825727636806533e+00 1.752798157389979794e-01
6.418392473435684253e-02 8.815107571329917846e+00 8.815106406318173882e+00 1.791422964215274860e-01
6.699490705294945669e-02 8.536007448214464333e+00 8.540037012734362776e+00 1.830230956094741901e-01
6.987798427898353482e-02 8.271425633065344840e+00 8.280355988307984916e+00 1.869197478585175320e-01
7.283196196643777764e-02 8.020349282531075374e+00 8.034942360882514123e+00 1.908297172434599842e-01
7.585543628669896843e-02 7.781854262425273561e+00 7.802790738876046461e+00 1.947503995974064206e-01
7.894678936110326173e-02 7.555096062756309294e+00 7.582993043398221111e+00 1.986791249239628354e-01
8.210418519476066213e-02 7.339301705997989700e+00 7.374724547247286210e+00 2.026131599807385053e-01
8.532556625477157042e-02 7.133762554957372437e+00 7.177232827807502602e+00 2.065497110319590435e-01
8.860865073436070827e-02 6.937827924151105385e+00 6.989828790778738643e+00 2.104859267675165957e-01
9.195093054255851217e-02 6.750899403476931404e+00 6.811879228361641836e+00 2.144189013853005921e-01
9.534967005685318631e-02 6.572425810817711600e+00 6.642800554644975541e+00 2.183456778331702985e-01
9.880190567372160171e-02 6.401898698934762599e+00 6.482053470237597814e+00 2.222632512064484367e-01
1.023044461891262635e-01 6.238848350583209523e+00 6.329138377514553326e+00 2.261685722963363843e-01
1.058538740379498938e-01 6.082840203756684438e+00 6.183591413549380356e+00 2.300585512841784031e-01
1.094465474179341230e-01 5.933471656168564756e+00 6.044980998871213096e+00 2.339300615760339930e-01
1.130786033200100321e-01 5.790369204461310204e+00 5.912904822015677020e+00 2.377799437715574227e-01
1.167459614829690767e-01 5.653185879245429923e+00 5.786987195738565681e+00 2.416050097607343461e-01
1.204443292862404091e-01 5.521598941966880503e+00 5.666876732441097353e+00 2.454020469415856553e-01
1.241692075901347919e-01 5.395307813859701263e+00 5.552244295268385699e+00 2.491678225515232825e-01
1.279158975283063715e-01 5.274032210939694210e+00 5.442781188308648765e+00 2.528990881046295769e-01
1.316795082524022387e-01 5.157510462203373613e+00 5.338197554763390862e+00 2.565925839267400033e-01
1.354549656239271427e-01 5.045497990979568748e+00 5.238220956373393911e+00 2.602450437798260463e-01
1.392370218432982809e-01 4.937765941797200853e+00 5.142595111000338726e+00 2.638531995668219055e-01
1.430202660009054494e-01 4.834099937231512101e+00 5.051078768250252260e+00 2.674137861076962830e-01
1.467991355297836031e-01 4.734298951016266521e+00 4.963444705516435462e+00 2.709235459772587062e-01
1.505679285342551021e-01 4.638174285298243049e+00 4.879478828984820105e+00 2.743792343948928680e-01
1.543208169636680616e-01 4.545548641297413539e+00 4.798979365993329971e+00 2.777776241561476511e-01
1.580518605951521660e-01 4.456255273846360332e+00 4.721756136693818107e+00 2.811155105958689226e-01
1.617550217841980942e-01 4.370137221341669154e+00 4.647629894402539819e+00 2.843897165723455744e-01
1.654241809368508231e-01 4.287046603568953174e+00 4.576431725244714421e+00 2.875970974617536036e-01
1.690531526524509942e-01 4.206843980677699157e+00 4.508002498818861170e+00 2.907345461520276508e-01
1.726357024811746022e-01 4.129397767300429400e+00 4.442192362586454557e+00 2.937989980251588529e-01
1.761655642361679985e-01 4.054583696441916629e+00 4.378860273546012039e+00 2.967874359168258258e-01
1.796364577958666775e-01 3.982284328322865274e+00 4.317873561590112708e+00 2.996968950421964872e-01
1.830421073281716382e-01 3.912388599856972515e+00 4.259107519651062823e+00 3.025244678767087803e-01
1.863762598645584689e-01 3.844791410878538152e+00 4.202445016348273832e+00 3.052673089806362539e-01
1.896327041489479781e-01 3.779393243626584908e+00 4.147776127508303823e+00 3.079226397562770945e-01
1.928052896832984642e-01 3.716099812340441844e+00 4.094997783422420490e+00 3.104877531266720392e-01
1.958879458894168535e-01 3.654821740129658103e+00 4.044013429131831927e+00 3.129600181248531898e-01
1.988747013044511458e-01 3.595474260559000879e+00 3.994732695565710312e+00 3.153368843827590862e-01
2.017597027259430131e-01 3.537976941638682149e+00 3.947071079698229568e+00 3.176158865091157635e-01
2.045372342212027350e-01 3.482253430132693506e+00 3.900949632217555418e+00 3.197946483457804190e-01
2.072017359151363536e-01 3.428231214299552132e+00 3.856294651530045137e+00 3.218708870922752374e-01
2.097478224705165428e-01 3.375841403361111936e+00 3.813037383236327571e+00 3.238424172884989405e-01
2.121703011750551426e-01 3.325018522160377632e+00 3.771113724455104954e+00 3.257071546458989997e-01
2.144641895505070839e-01 3.275700319617297129e+00 3.730463932558535589e+00 3.274631197177073627e-01
2.166247324004198782e-01 3.227827589726766977e+00 3.691032338116983613e+00 3.291084413991989255e-01
2.186474182150291989e-01 3.181344003965913991e+00 3.652767062072176607e+00 3.306413602493109005e-01
2.205279948541913893e-01 3.136195954090718718e+00 3.615619737232557807e+00 3.320602316253719599e-01
2.222624844321213211e-01 3.092332404401792356e+00 3.579545234358784800e+00 3.333635286231243500e-01
2.238471973310572349e-01 3.049704752654345707e+00 3.544501393290985458e+00 3.345498448146831949e-01
2.252787452747882224e-01 3.008266698871456146e+00 3.510448759549062547e+00 3.356178967775617639e-01
2.265540533972275894e-01 2.967974121396502518e+00 3.477350327027260324e+00 3.365665264083964048e-01
2.276703712458797990e-01 2.928784959593207837e+00 3.445171287485201184e+00 3.373947030155332594e-01
2.286252826650948256e-01 2.890659102665646074e+00 3.413878787466520404e+00 3.381015251851837156e-01
2.294167145094080373e-01 2.853558284128301370e+00 3.383441693442174270e+00 3.386862224164189916e-01
2.300429441429852340e-01 2.817445981512407549e+00 3.353830366019296516e+00 3.391481565208524507e-01
2.305026056872043483e-01 2.782287320942622433e+00 3.325016443928366705e+00 3.394868227834508811e-01
2.307946949846585993e-01 2.748048986261665494e+00 3.296972638597596816e+00 3.397018508815183302e-01
2.309185732543317382e-01 2.714699132422120353e+00 3.269672540116822290e+00 3.397930055595109744e-01
2.308739694193217007e-01 2.682207302900189827e+00 3.243090435332371957e+00 3.397601870579612937e-01
2.306609810952413020e-01 2.650544350919542325e+00 3.217201138702807217e+00 3.396034312954164802e-01
2.302800742342517026e-01 2.619682364300332189e+00 3.191979836580518093e+00 3.393229098029277857e-01
2.297320814265446098e-01 2.589594593777458265e+00 3.167401945511362449e+00 3.389189294112565642e-01
2.290181988679405867e-01 2.560255384652581512e+00 3.143442984914292637e+00 3.383919316915967590e-01
2.281399820090606323e-01 2.531640111664313686e+00 3.120078464573575516e+00 3.377424921512398592e-01
2.270993399082214814e-01 2.503725116979664822e+00 3.097283787202582683e+00 3.369713191862339086e-01
2.258985283167493918e-01 2.476487651222819775e+00 3.075034166189161144e+00 3.360792527937044305e-01
2.245401415317673233e-01 2.449905817470327207e+00 3.053304558552959236e+00 3.350672630471136504e-01
2.230271030576395364e-01 2.423958518150960195e+00 3.032069612983684159e+00 3.339364483383324145e-01
2.213626551231214212e-01 2.398625404796384419e+00 3.011303632788964624e+00 3.326880333909843501e-01
2.195503471068188106e-01 2.373886830595679953e+00 2.990980553347593940e+00 3.313233670500911332e-01
2.175940229287815497e-01 2.349723805708413771e+00 2.971073933562559333e+00 3.298439198536040617e-01
2.154978074709029134e-01 2.326117955295011086e+00 2.951556960821511755e+00 3.282512813919413186e-01
2.132660920932418491e-01 2.303051480224239445e+00 2.932402468665527007e+00 3.265471574621664486e-01
2.109035193174102485e-01 2.280507120414529521e+00 2.913582966384695272e+00 3.247333670239402892e-01
2.084149667517337379e-01 2.258468120766969456e+00 2.895070679684696113e+00 3.228118389648478859e-01
2.058055303360047383e-01 2.236918199642569771e+00 2.876837601458865468e+00 3.207846086831510624e-01
2.030805069862609280e-01 2.215841519834903739e+00 2.858855551636881209e+00 3.186538144964382036e-01
2.002453767221526459e-01 2.195222661982178636e+00 2.841096244984504970e+00 3.164216938850374361e-01
1.973057843610792339e-01 2.175046600359067384e+00 2.823531365817357752e+00 3.140905795794258215e-01
1.942675208643914464e-01 2.155298680983002590e+00 2.806132648519814587e+00 3.116628955012061275e-01
1.911365044215568576e-01 2.135964601963996401e+00 2.788871962717597519e+00 3.091411525675260563e-01
1.879187613582886107e-01 2.117030396020184835e+00 2.771721401936716234e+00 3.065279443690971384e-01
1.846204069542302928e-01 2.098482415075005658e+00 2.754653374732322746e+00 3.038259427322083650e-01
1.812476262549066741e-01 2.080307316847783916e+00 2.737640697248010735e+00 3.010378931753498466e-01
1.778066549612770386e-01 2.062492053342275256e+00 2.720656686127801205e+00 2.981666102712349775e-01
1.743037604784088423e-01 2.045023861132551080e+00 2.703675250847022316e+00 2.952149729251624666e-01
1.707452232025202798e-01 2.027890253341014581e+00 2.686670984589781153e+00 2.921859195807698928e-01
1.671373181229641181e-01 2.011079013199110754e+00 2.669619252860123026e+00 2.890824433643144342e-01
1.634862968126481741e-01 1.994578189077699681e+00 2.652496279027599879e+00 2.859075871786617706e-01
1.597983698769567251e-01 1.978376090869924830e+00 2.635279226127623442e+00 2.826644387581825901e-01
1.560796899274611294e-01 1.962461287608187055e+00 2.617946274392763506e+00 2.793561256957337036e-01
1.523363351426406387e-01 1.946822606195678595e+00 2.600476693936530470e+00 2.759858104528570277e-01
1.485742934734842202e-01 1.931449131130617003e+00 2.582850912139329047e+00 2.725566853642414356e-01
1.447994475472723919e-01 1.916330205102865003e+00 2.565050575397650690e+00 2.690719676473865007e-01
1.410175603180508774e-01 1.901455430342515296e+00 2.547058604896785816e+00 2.655348944282567292e-01
1.372342615073706418e-01 1.886814670601778765e+00 2.528859246248973847e+00 2.619487177935508337e-01
1.334550348737872372e-01 1.872398053655085715e+00 2.510438112815228440e+00 2.583166998799992786e-01
1.296852063444538239e-01 1.858195974203764589e+00 2.491782222546914394e+00 2.546421080108843826e-01
1.259299330369115233e-01 1.844199097075911453e+00 2.472880028382629991e+00 2.509282098897128166e-01
1.221941931939420495e-01 1.830398360617494280e+00 2.453721442219720217e+00 2.471782688606970202e-01
1.184827770491097138e-01 1.816784980174810382e+00 2.434297852443593424e+00 2.433955392453913957e-01
1.148002786354382909e-01 1.803350451573424884e+00 2.414602135162371432e+00 2.395832617645046181e-01
1.111510885445590596e-01 1.790086554506042704e+00 2.394628659302243445e+00 2.357446590535605957e-01
1.075393876386671194e-01 1.776985355746904416e+00 2.374373285695987601e+00 2.318829312807080267e-01
1.039691417127674433e-01 1.764039212117372468e+00 2.353833360389363527e+00 2.280012518745976602e-01
1.004440970999920801e-01 1.751240773134136619e+00 2.333007702373357084e+00 2.241027633698345067e-01
9.696777720827232105e-02 1.738582983278198046e+00 2.311896585975026230e+00 2.201905733771002405e-01
9.354347997235425149e-02 1.726059083829916130e+00 2.290501718198533432e+00 2.162677506846019115e-01
9.017427620109319530e-02 1.713662614222953184e+00 2.268826211269133974e+00 2.123373214970618317e-01
8.686300879615885262e-02 1.701387412876157246e+00 2.246874550622341093e+00 2.084022658180074150e-01
8.361229281474508168e-02 1.689227617469532428e+00 2.224652558701144756e+00 2.044655139806528243e-01
8.042451634562935991e-02 1.677177664638356491e+00 2.202167354804734245e+00 2.005299433321983404e-01
7.730184216496097105e-02 1.665232289064095816e+00 2.179427311242124077e+00 1.965983750758903970e-01
7.424621013550283810e-02 1.653386521948521981e+00 2.156442006170164127e+00 1.926735712747117135e-01
7.125934031069382224e-02 1.641635688863543496e+00 2.133222173339841543e+00 1.887582320200814623e-01
6.834273670286217239e-02 1.629975406973896312e+00 2.109779649043581617e+00 1.848549927684699778e-01
6.549769167318490737e-02 1.618401581636564446e+00 2.086127316560099754e+00 1.809664218483430509e-01
6.272529089957361303e-02 1.606910402384858383e+00 2.062279048344910048e+00 1.770950181393785294e-01
6.002641887755247319e-02 1.595498338310447961e+00 2.038249646247896063e+00 1.732432089254185847e-01
5.740176490838425766e-02 1.584162132860579275e+00 2.014054779996300226e+00 1.694133479221520133e-01
5.485182952818815766e-02 1.572898798071802107e+00 1.989710924192032993e+00 1.656077134800613138e-01
5.237693133156007957e-02 1.561705608264987832e+00 1.965235294060123206e+00 1.618285069627105055e-01
4.997721414325687062e-02 1.550580093229715350e+00 1.940645780186805780e+00 1.580778513000111463e-01
4.765265449180981772e-02 1.539520030928945626e+00 1.915960882424852851e+00 1.543577897156632184e-01
4.540306933949615070e-02 1.528523439756692470e+00 1.891199643166490141e+00 1.506702846275538021e-01
4.322812402388536562e-02 1.517588570384044155e+00 1.866381580237173932e+00 1.470172167194804536e-01
4.112734036719335740e-02 1.506713897230835819e+00 1.841526619536196341e+00 1.434003841821795133e-01
3.910010491088689033e-02 1.495898109600490189e+00 1.816655027577682491e+00 1.398215021212526055e-01
3.714567723438426394e-02 1.485140102517453320e+00 1.791787344139270433e+00 1.362822021292293684e-01
3.526319831826006668e-02 1.474438967307088788e+00 1.766944315153004208e+00 1.327840320186506329e-01
3.345169891408106277e-02 1.463793981958283696e+00 1.742146825978071245e+00 1.293284557127337420e-01
3.171010788484338733e-02 1.453204601309082022e+00 1.717415835164720406e+00 1.259168532898662096e-01
3.003726048194263823e-02 1.442670447095226516e+00 1.692772308868219611e+00 1.225505211778853271e-01
2.843190652665918833e-02 1.432191297901817428e+00 1.668237156047495562e+00 1.192306724938243107e-01
2.689271846627395990e-02 1.421767079057101757e+00 1.643831164521036392e+00 1.159584375245586857e-01
2.541829927711450679e-02 1.411397852506558914e+00 1.619574938012573462e+00 1.127348643435439335e-01
2.400719018906601054e-02 1.401083806704733981e+00 1.595488834305706538e+00 1.095609195586318835e-01
2.265787820833372462e-02 1.390825246560858153e+00 1.571592904626701648e+00 1.064374891857510080e-01
2.136880341751219714e-02 1.380622583473276377e+00 1.547906834364516149e+00 1.033653796430705207e-01
2.013836603427366506e-02 1.370476325485838753e+00 1.524449885215949374e+00 1.003453188601084317e-01
1.896493321223155504e-02 1.360387067597859767e+00 1.501240838923281418e+00 9.737795749611806440e-02
1.784684556974013361e-02 1.350355482258084550e+00 1.478297942740962156e+00 9.446387026196877146e-02
1.678242343455694716e-02 1.340382310070834970e+00 1.455638856708545203e+00 9.160355733964960223e-02
1.576997279439938324e-02 1.330468350740428907e+00 1.433280602963352690e+00 8.879744589344724937e-02
1.480779094546923365e-02 1.320614454279300798e+00 1.411239517236595908e+00 8.604589166679962875e-02
1.389417183298250098e-02 1.310821512501790354e+00 1.389531202647620978e+00 8.334918065878782478e-02
1.302741107962551020e-02 1.301090450824451628e+00 1.368170486128864827e+00 8.070753087421740635e-02
1.220581069964766195e-02 1.291422220392479669e+00 1.347171377614456045e+00 7.812109414123583062e-02
1.142768349799828421e-02 1.281817790548240632e+00 1.326547032194514308e+00 7.558995799045757635e-02
1.069135715550714738e-02 1.272278141657346984e+00 1.306309715620673551e+00 7.311414758959837445e-02
9.995178002598487793e-03 1.262804258305896710e+00 1.286470773404748469e+00 7.069362772767602554e-02
9.337514485408593412e-03 1.253397122880209213e+00 1.267040603748883498e+00 6.832830484290018658e-02
8.716760329447990202e-03 1.244057709538517908e+00 1.248028634742303300e+00 6.601802908845427753e-02
8.131337407110422397e-03 1.234786978583829242e+00 1.229443306190973528e+00 6.376259643047177406e-02
7.579698316378719394e-03 1.225585871244414093e+00 1.211292056471479084e+00 6.156175077261334672e-02
7.060328679017676551e-03 1.216455304868513609e+00 1.193581314889415879e+00 5.941518610177736609e-02
6.571749167372568923e-03 1.207396168537971715e+00 1.176316499984405795e+00 5.732254864960458635e-02
6.112517269615525689e-03 1.198409319105369741e+00 1.159502024455686842e+00 5.528343906458572238e-02
5.681228803899140804e-03 1.189495577659742009e+00 1.143141307348252367e+00 5.329741458973005774e-02
5.276519192394530343e-03 1.180655726425511309e+00 1.127236794238565931e+00 5.136399124091959451e-02
4.897064506609678271e-03 1.171890506100913054e+00 1.111789986430817168e+00 4.948264598124112873e-02
4.541582295710446318e-03 1.163200613644370440e+00 1.096801480355970249e+00 4.765281888676915767e-02
4.208832209803217358e-03 1.154586700520577658e+00 1.082271018667737783e+00 4.587391529945540614e-02
3.897616430291599675e-03 1.146049371422927843e+00 1.068197555100826923e+00 4.414530796297382043e-02
3.606779919492895947e-03 1.137589183497145884e+00 1.054579335803007334e+00 4.246633913756221040e-02
3.335210501700724712e-03 1.129206646101059919e+00 1.041414000831085040e+00 4.083632269010473159e-02
3.081838787811258008e-03 1.120902221151455214e+00 1.028698711182887138e+00 3.925454615589930862e-02
2.845637955499639733e-03 1.112676324132260364e+00 1.016430308854836317e+00 3.772027276876215723e-02
2.625623396743876140e-03 1.104529325870287293e+00 1.004605520873320890e+00 3.623274345632605115e-02
2.420852244253207750e-03 1.096461555234299334e+00 9.932212238104353164e-01 3.479117879760046383e-02
2.230422788070097594e-03 1.088473302987110092e+00 9.822747933339942561e-01 3.339478094006680109e-02
2.053473793287003031e-03 1.080564827129707917e+00 9.717645770331487798e-01 3.204273547379345860e-02
1.889183729454260675e-03 1.072736360252926957e+00 9.616905511404473250e-01 3.073421326025981698e-02
1.736769921860514560e-03 1.064988119688691448e+00 9.520552590406242688e-01 2.946837221378638058e-02
1.595487634445627145e-03 1.057320321707989175e+00 9.428651959077782863e-01 2.824435903366924808e-02
1.464629093663859282e-03 1.049733201788107806e+00 9.341329241489191304e-01 2.706131088531983295e-02
1.343522462155690008e-03 1.042227044332374453e+00 9.258804330385286274e-01 2.591835702890607496e-02
1.231530770615142656e-03 1.034802227728857771e+00 9.181447150470878338e-01 2.481462039418639437e-02
1.128050815759042581e-03 1.027459295479522527e+00 9.109875089133619985e-01 2.374921910041509834e-02
1.032512031819783106e-03 1.020199074090924363e+00 9.045134053587857714e-01 2.272126792038445253e-02
9.443753424964681543e-04 1.013022880495838995e+00 8.989061784757393925e-01 2.172987968784535415e-02
8.631319998148324337e-04 1.005932915527963489e+00 8.945093569848082682e-01 2.077416664772419388e-02
7.883024158663599597e-04 9.989330879243986105e-01 8.920314516812245520e-01 1.985324174872154027e-02
7.194349929242065296e-04 9.920309955684976089e-01 8.931916486530494526e-01 1.896621987803851286e-02
6.561049569706898848e-04 9.852438182299606551e-01 9.037197110976076253e-01 1.811221903813403297e-02
5.979131992197450228e-04 9.786243667510313715e-01 9.149729089211192656e-01 1.729036146556434811e-02
5.444851297800465612e-04 9.721218999487155621e-01 9.203634984900352922e-01 1.649977469209877590e-02
