6.690415327055575234e-02 8.484378634015845577e+00 1.067540481588612700e+01 1.828990886671605920e-01
6.825364032839281725e-02 8.380578444063882415e+00 1.019258441585424890e+01 1.847344585186976029e-01
6.961915128185369728e-02 8.274639091516355904e+00 9.578025268681686910e+00 1.865732447081490109e-01
7.100056319785659487e-02 8.164184597279788846e+00 9.001321547958507807e+00 1.884151840986503235e-01
7.239774294784495634e-02 8.053351490806980095e+00 8.663628728936567214e+00 1.902600101806012078e-01
7.381054709196185892e-02 7.943486181878767205e+00 8.419131222943978088e+00 1.921074531244973127e-01
7.523882176930651866e-02 7.835170045390680293e+00 8.222489370094958616e+00 1.939572398356226857e-01
7.668240259449966845e-02 7.728684515104550456e+00 8.054373507301557211e+00 1.958090940105944866e-01
7.814111456078162710e-02 7.624169590912627470e+00 7.905040421355367108e+00 1.976627361957503937e-01
7.961477194986374406e-02 7.521690531641846533e+00 7.769014533622773833e+00 1.995178838473680993e-01
8.110317824875079573e-02 7.421269989608645368e+00 7.642967995239157375e+00 2.013742513937057388e-01
8.260612607374752392e-02 7.322905044989713730e+00 7.524752966363566387e+00 2.032315502988494282e-01
8.412339710185937069e-02 7.226576899460685155e+00 7.412914621462879161e+00 2.050894891283550903e-01
8.565476200979192656e-02 7.132256701535338195e+00 7.306427195447215972e+00 2.069477736166687176e-01
8.719998042074922351e-02 7.039909200229440778e+00 7.204542259805481130e+00 2.088061067363083945e-01
8.875880085922667473e-02 6.949495115681867397e+00 7.106697230366675555e+00 2.106641887687922543e-01
9.033096071398717675e-02 6.860972719242250051e+00 7.012457948045222267e+00 2.125217173772920298e-01
9.191618620940461559e-02 6.774298909109469413e+00 6.921481400736634093e+00 2.143783876809934041e-01
9.351419238535228773e-02 6.689429954418876889e+00 6.833490804137025698e+00 2.162338923311425409e-01
9.512468308580647458e-02 6.606322015878444809e+00 6.748258514276449738e+00 2.180879215887556732e-01
9.674735095633049675e-02 6.524931512550978141e+00 6.665594043852553163e+00 2.199401634039705178e-01
9.838187745059438771e-02 6.445215380747185918e+00 6.585335487967524770e+00 2.217903034970131193e-01
1.000279328460808165e-01 6.367131256081781210e+00 6.507343277944794835e+00 2.236380254407563939e-01
1.016851762691182159e-01 6.290637600083131886e+00 6.431495556182773576e+00 2.254830107448432819e-01
1.033532557293738718e-01 6.215693786355103612e+00 6.357684700249764731e+00 2.273249389413465604e-01
1.050318081639325385e-01 6.142260156975189567e+00 6.285814674699501836e+00 2.291634876719375324e-01
1.067204594910758225e-01 6.070298056838705492e+00 6.215798987868720538e+00 2.309983327765330607e-01
1.084188246738694017e-01 5.999769851588679259e+00 6.147559097029176023e+00 2.328291483833901387e-01
1.101265077936558201e-01 5.930638933296918935e+00 6.081023149712366127e+00 2.346556070006167727e-01
1.118431021335396791e-01 5.862869717003523995e+00 6.016124980283211521e+00 2.364773796090650082e-01
1.135681902719444109e-01 5.796427630455617930e+00 5.952803302215587067e+00 2.382941357565733498e-01
1.153013441863074140e-01 5.731279098814868078e+00 5.891001051949989353e+00 2.401055436535227128e-01
1.170421253669704648e-01 5.667391525687139442e+00 5.830664851369927959e+00 2.419112702696697981e-01
1.187900849413133231e-01 5.604733271508537840e+00 5.771744563767718716e+00 2.437109814322216128e-01
1.205447638081642708e-01 5.543273630085134407e+00 5.714192924348965974e+00 2.455043419251116410e-01
1.223056927825139917e-01 5.482982803902551439e+00 5.657965230360617603e+00 2.472910155894406936e-01
1.240723927505445884e-01 5.423831878678319285e+00 5.603019079384338852e+00 2.490706654250401664e-01
1.258443748349760971e-01 5.365792797525947400e+00 5.549314146927335933e+00 2.508429536931185977e-01
1.276211405707207702e-01 5.308838335013757792e+00 5.496811996215018148e+00 2.526075420199491717e-01
1.294021820908222431e-01 5.252942071338303265e+00 5.445475914444197763e+00 2.543640915015543680e-01
1.311869823226474718e-01 5.198078366777284742e+00 5.395270770965329810e+00 2.561122628093464582e-01
1.329750151942840353e-01 5.144222336550239305e+00 5.346162893937571603e+00 2.578517162966770249e-01
1.347657458510857775e-01 5.091349826182590022e+00 5.298119962416155460e+00 2.595821121062522052e-01
1.365586308822958894e-01 5.039437387443050476e+00 5.251110911376678736e+00 2.613031102783660575e-01
1.383531185576646616e-01 4.988462254903728521e+00 5.205105847751251069e+00 2.630143708599063102e-01
1.401486490739671797e-01 4.938402323158091356e+00 5.160075976033566825e+00 2.647155540140843089e-01
1.419446548113129369e-01 4.889236124720611976e+00 5.115993531876377176e+00 2.664063201308416451e-01
1.437405605991267932e-01 4.840942808617538340e+00 5.072831722556594869e+00 2.680863299378828946e-01
1.455357839916694707e-01 4.793502119675063788e+00 5.030564673589623226e+00 2.697552446122868930e-01
1.473297355529513131e-01 4.746894378503678347e+00 4.989167380520176387e+00 2.714127258926442576e-01
1.491218191508824065e-01 4.701100462171390326e+00 4.948615665156248511e+00 2.730584361916716385e-01
1.509114322604886427e-01 4.656101785555258665e+00 4.908886135881896706e+00 2.746920387092504079e-01
1.526979662760103440e-01 4.611880283360397570e+00 4.869956151518366916e+00 2.763131975458377743e-01
1.544808068316904648e-01 4.568418392790034588e+00 4.831803788119174214e+00 2.779215778161984174e-01
1.562593341310430373e-01 4.525699036849387902e+00 4.794407808575398278e+00 2.795168457634020776e-01
1.580329232843847576e-01 4.483705608267523068e+00 4.757747634570373307e+00 2.810986688730353622e-01
1.598009446543975642e-01 4.442421954015808971e+00 4.721803320659295977e+00 2.826667159875721480e-01
1.615627642094792371e-01 4.401832360406669586e+00 4.686555530429786565e+00 2.842206574208490100e-01
1.633177438846289409e-01 4.361921538752924654e+00 4.651985514196664617e+00 2.857601650725909992e-01
1.650652419496002055e-01 4.322674611566458935e+00 4.618075088162967745e+00 2.872849125429320361e-01
1.668046133840453971e-01 4.284077099278151834e+00 4.584806615059939361e+00 2.887945752468745741e-01
1.685352102593642432e-01 4.246114907460349919e+00 4.552162986072647577e+00 2.902888305286342452e-01
1.702563821269559019e-01 4.208774314533562766e+00 4.520127603734602317e+00 2.917673577758107539e-01
1.719674764125681266e-01 4.172041959936647615e+00 4.488684365825215572e+00 2.932298385333321766e-01
1.736678388164220876e-01 4.135904832745040949e+00 4.457817650221258532e+00 2.946759566171136546e-01
1.753568137187853371e-01 4.100350260717706696e+00 4.427512300521337707e+00 2.961053982273755825e-01
1.770337445906540741e-01 4.065365899757082957e+00 4.397753612411613666e+00 2.975178520615646138e-01
1.786979744091966305e-01 4.030939723764305427e+00 4.368527320688656346e+00 2.989130094268201976e-01
1.803488460776025981e-01 3.997060014874851408e+00 4.339819586939874796e+00 3.002905643519311329e-01
1.819857028489720585e-01 3.963715354058699791e+00 4.311616987544026003e+00 3.016502136987243010e-01
1.836078887538725724e-01 3.930894612067578731e+00 4.283906502380661507e+00 3.029916572728303392e-01
1.852147490311832623e-01 3.898586940720270455e+00 4.256675504092485518e+00 3.043145979337692486e-01
1.868056305618382429e-01 3.866781764507918329e+00 4.229911747333717109e+00 3.056187417042991461e-01
1.883798823050748528e-01 3.835468772504741164e+00 4.203603358676317292e+00 3.069037978789728727e-01
1.899368557367867305e-01 3.804637910576311732e+00 4.177738826956164608e+00 3.081694791318461690e-01
1.914759052895738112e-01 3.774279373869195986e+00 4.152306993650726419e+00 3.094155016232814637e-01
1.929963887940787381e-01 3.744383599570427990e+00 4.127297043588098013e+00 3.106415851057925948e-01
1.944976679211916082e-01 3.714941259925752526e+00 4.102698496002783912e+00 3.118474530288740665e-01
1.959791086247021918e-01 3.685943255506500371e+00 4.078501195913973199e+00 3.130328326427614383e-01
1.974400815839751078e-01 3.657380708714846218e+00 4.054695305418622553e+00 3.141974551010678351e-01
1.988799626462182668e-01 3.629244957513342307e+00 4.031271295226982687e+00 3.153410555622422340e-01
2.002981332679146520e-01 3.601527549373821913e+00 4.008219936727706489e+00 3.164633732897969010e-01
2.016939809549820606e-01 3.574220235435948023e+00 3.985532293827354522e+00 3.175641517512501344e-01
2.030668997012269050e-01 3.547314964862100073e+00 3.963199714943567376e+00 3.186431387157323547e-01
2.044162904246550061e-01 3.520803879384700963e+00 3.941213825428524942e+00 3.197000863502034163e-01
2.057415614012013394e-01 3.494679308036770404e+00 3.919566519833669105e+00 3.207347513142295159e-01
2.070421286954428342e-01 3.468933762055439907e+00 3.898249954320265331e+00 3.217468948532703488e-01
2.083174165878554918e-01 3.443559929953858845e+00 3.877256539318563622e+00 3.227362828904239422e-01
2.095668579981816160e-01 3.418550672753117858e+00 3.856578932152462169e+00 3.237026861165825942e-01
2.107898949044718084e-01 3.393899019366933167e+00 3.836210029852209047e+00 3.246458800789499000e-01
2.119859787573699639e-01 3.369598162134123776e+00 3.816142961909660958e+00 3.255656452678706292e-01
2.131545708892121360e-01 3.345641452489268364e+00 3.796371083145542613e+00 3.264617672019283767e-01
2.142951429175127265e-01 3.322022396769359620e+00 3.776887966890577264e+00 3.273340365112622496e-01
2.154071771424160842e-01 3.298734652149696966e+00 3.757687397962994336e+00 3.281822490190595687e-01
2.164901669376959048e-01 3.275772022701246566e+00 3.738763365720437104e+00 3.290062058211789542e-01
2.175436171348895942e-01 3.253128455566668187e+00 3.720110057278937177e+00 3.298057133638603311e-01
2.185670444001604207e-01 3.230798037248758803e+00 3.701721850928866964e+00 3.305805835194804976e-01
2.195599776034864725e-01 3.208774990009372718e+00 3.683593309393765391e+00 3.313306336603110136e-01
2.205219581797821515e-01 3.187053668368746706e+00 3.665719173095993266e+00 3.320556867302396631e-01
2.214525404815650966e-01 3.165628555705887859e+00 3.648094353786031974e+00 3.327555713144147442e-01
2.223512921227888128e-01 3.144494260954369125e+00 3.630713927982322620e+00 3.334301217067744405e-01
2.232177943134706077e-01 3.123645515388134619e+00 3.613573130616720697e+00 3.340791779754244128e-01
2.240516421847516260e-01 3.103077169496735177e+00 3.596667348761264371e+00 3.347025860258265317e-01
2.248524451040368188e-01 3.082784189943376330e+00 3.579992115181231949e+00 3.353001976617646096e-01
2.256198269798708744e-01 3.062761656602697169e+00 3.563543102275032570e+00 3.358718706440529389e-01
2.263534265562175685e-01 3.043004759678461291e+00 3.547316115949921134e+00 3.364174687469554947e-01
2.270528976958202938e-01 3.023508796893043638e+00 3.531307089476750871e+00 3.369368618122839942e-01
2.277179096523321844e-01 3.004269170749880313e+00 3.515512077670884139e+00 3.374299258011448366e-01
2.283481473309172394e-01 2.985281385864863246e+00 3.499927250854151684e+00 3.378965428433067242e-01
2.289433115370340666e-01 2.966541046361933720e+00 3.484548889147090378e+00 3.383366012841605430e-01
2.295031192131281039e-01 2.948043853335424291e+00 3.469373376771323070e+00 3.387499957292458008e-01
2.300273036629700840e-01 2.929785602370825526e+00 3.454397196286296712e+00 3.391366270863190868e-01
2.305156147633908859e-01 2.911762181126122062e+00 3.439616923219934286e+00 3.394964026049399064e-01
2.309678191631793220e-01 2.893969566970598262e+00 3.425029220552250564e+00 3.398292359135535734e-01
2.313837004689195120e-01 2.876403824677400856e+00 3.410630833383410554e+00 3.401350470540484561e-01
2.317630594175620062e-01 2.859061104170746770e+00 3.396418583692449200e+00 3.404137625137694245e-01
2.321057140355353154e-01 2.841937638323088322e+00 3.382389365232453926e+00 3.406653152549693475e-01
2.324114997842203767e-01 2.825029740803900236e+00 3.368540138622029723e+00 3.408896447416820408e-01
2.326802696916247526e-01 2.808333803976107657e+00 3.354867926242009801e+00 3.410866969640011792e-01
2.329118944701094873e-01 2.791846296837734442e+00 3.341369807579174012e+00 3.412564244597524610e-01
2.331062626200362253e-01 2.775563763012049989e+00 3.328042914646620165e+00 3.413987863335458672e-01
2.332632805192186576e-01 2.759482818779682045e+00 3.314884427306060921e+00 3.415137482731981367e-01
2.333828724980773206e-01 2.743600151154368838e+00 3.301891569007429528e+00 3.416012825635153516e-01
2.334649809004138155e-01 2.727912516001480547e+00 3.289061602430319642e+00 3.416613680974290301e-01
2.335095661297358349e-01 2.712416736195464306e+00 3.276391825346568698e+00 3.416939903844782300e-01
2.335166066810807350e-01 2.697109699819019379e+00 3.263879566756363815e+00 3.416991415566336676e-01
2.334860991583024847e-01 2.681988358400691830e+00 3.251522183011208433e+00 3.416768203714604102e-01
2.334180582768016488e-01 2.667049725190766996e+00 3.239317053947604830e+00 3.416270322126175318e-01
2.333125168516960724e-01 2.652290873472488375e+00 3.227261579489624665e+00 3.415497890876936782e-01
2.331695257714451741e-01 2.637708934913565617e+00 3.215353176402953927e+00 3.414451096233808713e-01
2.329891539569577119e-01 2.623301097951470595e+00 3.203589274682150378e+00 3.413130190579885537e-01
2.327714883062290130e-01 2.609064606212203596e+00 3.191967314712211401e+00 3.411535492313021445e-01
2.325166336245695631e-01 2.594996756968309892e+00 3.180484744360969174e+00 3.409667385717920496e-01
2.322247125405041690e-01 2.581094899626672046e+00 3.169139016033411860e+00 3.407526320811801179e-01
2.318958654074352588e-01 2.567356434252543007e+00 3.157927584280394662e+00 3.405112813163723162e-01
2.315302501911815358e-01 2.553778810126486665e+00 3.146847903156357429e+00 3.402427443687679465e-01
2.311280423435171927e-01 2.540359524332302499e+00 3.135897423966915731e+00 3.399470858409563978e-01
2.306894346618546254e-01 2.527096120379486166e+00 3.125073593272090111e+00 3.396243768208155323e-01
2.302146371352265519e-01 2.513986186856803418e+00 3.114373850876312133e+00 3.392746948530250828e-01
2.297038767767406731e-01 2.501027356117855760e+00 3.103795627940107771e+00 3.388981239080121055e-01
2.291573974426933114e-01 2.488217302996645675e+00 3.093336345408845833e+00 3.384947543483453614e-01
2.285754596385444204e-01 2.475553743556159425e+00 3.082993412647263121e+00 3.380646828925970571e-01
2.279583403119695983e-01 2.463034433866768236e+00 3.072764225963816820e+00 3.376080125766934281e-01
2.273063326332195322e-01 2.450657168814289300e+00 3.062646167576549061e+00 3.371248527127743144e-01
2.266197457630305112e-01 2.438419780940296544e+00 3.052636604635529327e+00 3.366153188455855982e-01
2.258989046083435259e-01 2.426320139310487178e+00 3.042732888326518115e+00 3.360795327064290960e-01
2.251441495661013759e-01 2.414356148414096737e+00 3.032932353299830464e+00 3.355176221646944956e-01
2.243558362554077534e-01 2.402525747092644881e+00 3.023232317048325513e+00 3.349297211770013716e-01
2.235343352383420967e-01 2.390826907497209497e+00 3.013630079651871352e+00 3.343159697339794234e-01
2.226800317297377430e-01 2.379257634076851424e+00 3.004122923592341010e+00 3.336765138047160795e-01
2.217933252962411839e-01 2.367815962594307599e+00 2.994708113518076420e+00 3.330115052789026087e-01
2.208746295449813546e-01 2.356499959170484271e+00 2.985382896419971122e+00 3.323211019067111027e-01
2.199243718021891003e-01 2.345307719358594056e+00 2.976144501902699968e+00 3.316054672364353029e-01
2.189429927821146815e-01 2.334237367246192019e+00 2.966990142528204366e+00 3.308647705499292435e-01
2.179309462466043623e-01 2.323287054585845279e+00 2.957917014274669132e+00 3.300991867958813497e-01
2.168886986557022889e-01 2.312454959953142097e+00 2.948922297052584796e+00 3.293088965209581831e-01
2.158167288096538849e-01 2.301739287932220268e+00 2.940003155545964031e+00 3.284940857988571938e-01
2.147155274826974825e-01 2.291138268330275451e+00 2.931156740122347060e+00 3.276549461573085020e-01
2.135855970490316558e-01 2.280650155418598501e+00 2.922380187688270237e+00 3.267916745030629011e-01
2.124274511013616584e-01 2.270273227200495736e+00 2.913670622808043564e+00 3.259044730449105476e-01
2.112416140624257810e-01 2.260005784706824006e+00 2.905025158949552377e+00 3.249935492147696392e-01
2.100286207899145219e-01 2.249846151318117826e+00 2.896440899599561636e+00 3.240591155868898787e-01
2.087890161751986828e-01 2.239792672111577065e+00 2.887914939698369210e+00 3.231013897952147995e-01
2.075233547362848041e-01 2.229843713236386193e+00 2.879444367288899187e+00 3.221205944489460848e-01
2.062322002054254588e-01 2.219997661314523363e+00 2.871026264878422829e+00 3.211169570463582867e-01
2.049161251118102600e-01 2.210252922865694192e+00 2.862657710962330793e+00 3.200907098869086864e-01
2.035757103597697903e-01 2.200607923758020057e+00 2.854335781896495838e+00 3.190420899816902023e-01
2.022115448029266627e-01 2.191061108684944081e+00 2.846057553632609149e+00 3.179713389622771391e-01
2.008242248147265596e-01 2.181610940665192899e+00 2.837820103467290522e+00 3.168787029880097417e-01
1.994143538557895112e-01 2.172255900567852560e+00 2.829620511947767980e+00 3.157644326517708988e-01
1.979825420385152024e-01 2.162994486660773319e+00 2.821455864730882723e+00 3.146287828843025713e-01
1.965294056893815977e-01 2.153825214182415237e+00 2.813323254621506564e+00 3.134720128571142350e-01
1.950555669093743671e-01 2.144746614937577789e+00 2.805219783526460731e+00 3.122943858840360187e-01
1.935616531329802381e-01 2.135757236914550550e+00 2.797142564487046013e+00 3.110961693214657764e-01
1.920482966861823959e-01 2.126855643925804618e+00 2.789088723814628690e+00 3.098776344673671579e-01
1.905161343438873944e-01 2.118040415269944354e+00 2.781055403009972782e+00 3.086390564590679175e-01
1.889658068872136776e-01 2.109310145414028614e+00 2.773039760924037367e+00 3.073807141699147483e-01
1.873979586610705628e-01 2.100663443698438382e+00 2.765038975968543866e+00 3.061028901048392092e-01
1.858132371324457410e-01 2.092098934061482840e+00 2.757050248080165300e+00 3.048058702948859833e-01
1.842122924498253711e-01 2.083615254783184323e+00 2.749070800896809441e+00 3.034899441907634166e-01
1.825957770041564676e-01 2.075211058249849749e+00 2.741097883815808434e+00 3.021554045554675216e-01
1.809643449917615610e-01 2.066885010735666217e+00 2.733128774120923143e+00 3.008025473560368424e-01
1.793186519796104439e-01 2.058635792204818404e+00 2.725160779129365718e+00 2.994316716544948576e-01
1.776593544733416075e-01 2.050462096129820555e+00 2.717191238147981913e+00 2.980430794980329923e-01
1.759871094884289389e-01 2.042362629327678203e+00 2.709217524581195580e+00 2.966370758084944104e-01
1.743025741248722948e-01 2.034336111812781400e+00 2.701237047900320487e+00 2.952139682712119906e-01
1.726064051457899540e-01 2.026381276665428555e+00 2.693247255690377262e+00 2.937740672232574402e-01
1.708992585602817360e-01 2.018496869916958314e+00 2.685245635589590396e+00 2.923176855411606101e-01
1.691817892109187815e-01 2.010681650448626012e+00 2.677229717161025313e+00 2.908451385281510815e-01
1.674546503662154295e-01 2.002934389905655532e+00 2.669197073850380075e+00 2.893567438009829740e-01
1.657184933184219500e-01 1.995253872625003311e+00 2.661145324756046371e+00 2.878528211763973221e-01
1.639739669869711702e-01 1.987638895575755793e+00 2.653072136367660150e+00 2.863336925572776415e-01
1.622217175279043189e-01 1.980088268312199640e+00 2.644975224515257128e+00 2.847996818185584700e-01
1.604623879495841454e-01 1.972600812940676462e+00 2.636852355920809021e+00 2.832511146929382884e-01
1.586966177350034035e-01 1.965175364094675858e+00 2.628701349714531954e+00 2.816883186564570485e-01
1.569250424709763558e-01 1.957810768922747968e+00 2.620520079239729849e+00 2.801116228139921005e-01
1.551482934844959916e-01 1.950505887086523504e+00 2.612306473441759813e+00 2.785213577847271416e-01
1.533669974865284336e-01 1.943259590767072220e+00 2.604058518373615350e+00 2.769178555876529724e-01
1.515817762234992760e-01 1.936070764681778078e+00 2.595774258656423417e+00 2.753014495271494666e-01
1.497932461367239287e-01 1.928938306108453959e+00 2.587451798675828751e+00 2.736724740787095933e-01
1.480020180300136434e-01 1.921861124916967256e+00 2.579089303948912892e+00 2.720312647748541757e-01
1.462086967456819875e-01 1.914838143609030263e+00 2.570685002366714045e+00 2.703781580912943960e-01
1.444138808491652326e-01 1.907868297363757959e+00 2.562237185273571694e+00 2.687134913333951158e-01
1.426181623224517525e-01 1.900950534089347110e+00 2.553744208583603292e+00 2.670376025229890260e-01
1.408221262665128592e-01 1.894083814480296946e+00 2.545204493778103760e+00 2.653508302855983603e-01
1.390263506129056914e-01 1.887267112079135334e+00 2.536616528857917885e+00 2.636535137381120775e-01
1.372314058447123009e-01 1.880499413342756831e+00 2.527978869133360451e+00 2.619459923769710263e-01
1.354378547269660671e-01 1.873779717711324677e+00 2.519290138123853495e+00 2.602286059669133289e-01
1.336462520466992487e-01 1.867107037682279813e+00 2.510549028411890760e+00 2.585016944303260011e-01
1.318571443627412076e-01 1.860480398885988818e+00 2.501754302089005844e+00 2.567655977372564902e-01
1.300710697653758574e-01 1.853898840162491624e+00 2.492904791313257817e+00 2.550206557961294251e-01
1.282885576459598942e-01 1.847361413640466576e+00 2.483999399041819878e+00 2.532672083452177647e-01
1.265101284765901279e-01 1.840867184818407942e+00 2.475037099476641078e+00 2.515055948449160250e-01
1.247362935998918426e-01 1.834415232645078442e+00 2.466016938365867439e+00 2.497361543708598031e-01
1.229675550289949515e-01 1.828004649600595499e+00 2.456938033296085511e+00 2.479592255079400565e-01
1.212044052577449654e-01 1.821634541776371519e+00 2.447799573968753251e+00 2.461751462452545780e-01
1.194473270811882842e-01 1.815304028955231574e+00 2.438600822546522107e+00 2.443842538720409074e-01
1.176967934263595250e-01 1.809012244690661353e+00 2.429341113615612890e+00 2.425868848746357276e-01
1.159532671933816567e-01 1.802758336382641380e+00 2.420019854249360947e+00 2.407833748344989644e-01
1.142172011068861709e-01 1.796541465353267197e+00 2.410636524129802449e+00 2.389740583273487484e-01
1.124890375777402723e-01 1.790360806919170322e+00 2.401190675345184822e+00 2.371592688234430701e-01
1.107692085750630051e-01 1.784215550460760857e+00 2.391681932298861835e+00 2.353393385890499567e-01
1.090581355084993126e-01 1.778104899489045376e+00 2.382109991590645404e+00 2.335145985891452780e-01
1.073562291207065256e-01 1.772028071708824593e+00 2.372474621731698985e+00 2.316853783913720710e-01
1.056638893900042342e-01 1.765984299077922204e+00 2.362775662813878519e+00 2.298520060713025726e-01
1.039815054431204033e-01 1.759972827862291034e+00 2.353013026148092823e+00 2.280148081190346843e-01
1.023094554779607201e-01 1.753992918686773317e+00 2.343186693871260662e+00 2.261741093471583974e-01
1.006481066963188370e-01 1.748043846581398331e+00 2.333296718473481413e+00 2.243302328001275381e-01
9.899781524642964348e-02 1.742124901022588546e+00 2.323343222272959974e+00 2.224834996650646435e-01
9.735892617526714643e-02 1.736235385969430611e+00 2.313326396810293062e+00 2.206342291840356629e-01
9.573177339047046763e-02 1.730374619894168076e+00 2.303246502212966451e+00 2.187827385678203784e-01
9.411667963177801355e-02 1.724541935807511583e+00 2.293103866588442674e+00 2.169293429112092442e-01
9.251395645184114225e-02 1.718736681278412615e+00 2.282898885261205990e+00 2.150743551098563133e-01
9.092390420627524672e-02 1.712958218447404368e+00 2.272632019976707163e+00 2.132180857787106809e-01
8.934681205280642358e-02 1.707205924034210787e+00 2.262303798072234695e+00 2.113608431720578051e-01
8.778295795935626977e-02 1.701479189338726883e+00 2.251914811660625126e+00 2.095029331051909971e-01
8.623260872090442175e-02 1.695777420236456612e+00 2.241465716774786010e+00 2.076446588777380864e-01
8.469601998496231743e-02 1.690100037167102665e+00 2.230957232324531248e+00 2.057863211986675211e-01
8.317343628547904655e-02 1.684446475116254005e+00 2.220390139154678533e+00 2.039282181129907501e-01
8.166509108500288883e-02 1.678816183591182121e+00 2.209765279039646035e+00 2.020706449301863383e-01
8.017120682490698480e-02 1.673208626589379744e+00 2.199083553628356391e+00 2.002138941543605555e-01
7.869199498348827815e-02 1.667623282561000675e+00 2.188345923361881606e+00 1.983582554161639477e-01
7.722765614174199877e-02 1.662059644364009436e+00 2.177553406304352013e+00 1.965040154064822131e-01
7.577838005660540721e-02 1.656517219212775727e+00 2.166707077062524966e+00 1.946514578119123706e-01
7.434434574146701891e-02 1.650995528620286645e+00 2.155808065555173236e+00 1.928008632520443466e-01
7.292572155372610554e-02 1.645494108332864247e+00 2.144857555801735760e+00 1.909525092185568873e-01
7.152266528918742317e-02 1.640012508258917867e+00 2.133856784713861643e+00 1.891066700161411762e-01
7.013532428307302224e-02 1.634550292390475335e+00 2.122807040757005215e+00 1.872636167052652845e-01
6.876383551742526468e-02 1.629107038718035971e+00 2.111709662746658278e+00 1.854236170467846168e-01
6.740832573467916977e-02 1.623682339139517650e+00 2.100566038515247591e+00 1.835869354484125082e-01
6.606891155717301012e-02 1.618275799361826195e+00 2.089377603509297465e+00 1.817538329130544139e-01
6.474569961236818771e-02 1.612887038796322337e+00 2.078145839504438985e+00 1.799245669890137400e-01
6.343878666354689499e-02 1.607515690448111600e+00 2.066872273210044852e+00 1.780993917220759226e-01
6.214825974575147877e-02 1.602161400798720603e+00 2.055558474851944872e+00 1.762785576094714479e-01
6.087419630673435167e-02 1.596823829682787466e+00 2.044206056751793010e+00 1.744623115557259185e-01
5.961666435267872627e-02 1.591502650158457932e+00 2.032816671985473445e+00 1.726508968303940295e-01
5.837572259845722616e-02 1.586197548372715094e+00 2.021392012845582897e+00 1.708445530276824775e-01
5.715142062219084190e-02 1.580908223419345893e+00 2.009933809343436462e+00 1.690435160279607496e-01
5.594379902387007497e-02 1.575634387192522912e+00 1.998443827977349985e+00 1.672480179611556261e-01
5.475288958780608062e-02 1.570375764235275806e+00 1.986923869979508650e+00 1.654582871720333137e-01
5.357871544867214009e-02 1.565132091580211604e+00 1.975375769876122511e+00 1.636745481873589092e-01
5.242129126090456365e-02 1.559903118587805837e+00 1.963801394199205408e+00 1.618970216849348887e-01
5.128062337122856612e-02 1.554688606778330762e+00 1.952202639729647249e+00 1.601259244645110158e-01
5.015670999407605829e-02 1.549488329658452512e+00 1.940581432085492164e+00 1.583614694205570661e-01
4.904954138966874377e-02 1.544302072544314619e+00 1.928939724252104693e+00 1.566038655168970339e-01
4.795910004453492886e-02 1.539129632379234502e+00 1.917279494943046059e+00 1.548533177631898905e-01
4.688536085423755662e-02 1.533970817547128940e+00 1.905602747131379449e+00 1.531100271932533397e-01
4.582829130808895035e-02 1.528825447682137906e+00 1.893911506594282423e+00 1.513741908452179707e-01
4.478785167563095054e-02 1.523693353474431911e+00 1.882207820219128136e+00 1.496460017434995682e-01
4.376399519466581123e-02 1.518574376471004683e+00 1.870493754515337281e+00 1.479256488825819171e-01
4.275666826062030773e-02 1.513468368874472558e+00 1.858771394235173569e+00 1.462133172125923419e-01
4.176581061703478481e-02 1.508375193337939457e+00 1.847042840603728253e+00 1.445091876266605957e-01
4.079135554696883270e-02 1.503294722755665225e+00 1.835310209893721067e+00 1.428134369500447809e-01
3.983323006511885200e-02 1.498226840052514719e+00 1.823575631957817800e+00 1.411262379310078141e-01
3.889135511045054006e-02 1.493171437969280868e+00 1.811841248525149606e+00 1.394477592334321669e-01
3.796564573914748553e-02 1.488128418845647838e+00 1.800109211842466861e+00 1.377781654311514836e-01
3.705601131768700152e-02 1.483097694401673605e+00 1.788381683097937991e+00 1.361176170039848365e-01
3.616235571585531272e-02 1.478079185515852823e+00 1.776660830775733002e+00 1.344662703354549682e-01
3.528457749951837558e-02 1.473072822001658455e+00 1.764948829285039933e+00 1.328242777121682316e-01
3.442257012297308960e-02 1.468078542382809548e+00 1.753247857474075300e+00 1.311917873248418798e-01
3.357622212070272144e-02 1.463096293666611869e+00 1.741560097022887499e+00 1.295689432709526967e-01
3.274541729837063264e-02 1.458126031115635657e+00 1.729887730925426581e+00 1.279558855589898736e-01
3.193003492288814388e-02 1.453167718018412602e+00 1.718232942121960205e+00 1.263527501142894527e-01
3.112994991139703821e-02 1.448221325459744468e+00 1.706597911989747418e+00 1.247596687864252069e-01
3.034503301901614672e-02 1.443286832089481164e+00 1.694984818751428923e+00 1.231767693581386075e-01
2.957515102520085620e-02 1.438364223890757021e+00 1.683395836113251720e+00 1.216041755557778076e-01
2.882016691857531079e-02 1.433453493948456448e+00 1.671833131913148529e+00 1.200420070612269324e-01
2.807994008009875170e-02 1.428554642217497062e+00 1.660298866477482704e+00 1.184903795252989084e-01
2.735432646443294175e-02 1.423667675289875811e+00 1.648795191197272025e+00 1.169494045825649753e-01
2.664317877938607998e-02 1.418792606163226555e+00 1.637324247348578732e+00 1.154191898675997474e-01
2.594634666330923600e-02 1.413929454009867248e+00 1.625888164484969201e+00 1.138998390326106530e-01
2.526367686033120785e-02 1.409078243945070197e+00 1.614489059031436469e+00 1.123914517664292984e-01
2.459501339332056946e-02 1.404239006797358691e+00 1.603129033027142381e+00 1.108941238148364872e-01
2.394019773446869406e-02 1.399411778879141588e+00 1.591810172631227482e+00 1.094079470021915163e-01
2.329906897339609206e-02 1.394596601758258503e+00 1.580534546878462621e+00 1.079330092543427932e-01
2.267146398268517563e-02 1.389793522031581796e+00 1.569304206316970651e+00 1.064693946227862620e-01
2.205721758075233907e-02 1.385002591099065539e+00 1.558121181607859951e+00 1.050171833100477375e-01
2.145616269197484979e-02 1.380223864939894129e+00 1.546987482323306962e+00 1.035764516962587589e-01
2.086813050399349834e-02 1.375457403890421260e+00 1.535905095610964999e+00 1.021472723668955807e-01
2.029295062211939130e-02 1.370703272423662300e+00 1.524875984916559846e+00 1.007297141416558101e-01
1.973045122077501240e-02 1.365961538931109498e+00 1.513902088780735289e+00 9.932384210443888362e-02
1.918045919190838541e-02 1.361232275506701006e+00 1.502985319519757335e+00 9.792971763440448674e-02
1.864280029032180236e-02 1.356515557732649979e+00 1.492127562081810410e+00 9.654739843807755295e-02
1.811729927586195124e-02 1.351811464468568369e+00 1.481330672888846012e+00 9.517693858246847882e-02
1.760378005242503249e-02 1.347120077642509850e+00 1.470596478524188955e+00 9.381838852918182592e-02
1.710206580373228175e-02 1.342441482044614887e+00 1.459926774728165899e+00 9.247179516947932887e-02
1.661197912583926156e-02 1.337775765124488370e+00 1.449323325251055117e+00 9.113720186027016168e-02
1.613334215634470645e-02 1.333123016790499271e+00 1.438787860668609087e+00 8.981464846099634913e-02
1.566597670026995126e-02 1.328483329212727604e+00 1.428322077345401953e+00 8.850417137138212598e-02
1.520970435258555201e-02 1.323856796628717802e+00 1.417927636386090873e+00 8.720580357001921079e-02
1.476434661736414182e-02 1.319243515152889623e+00 1.407606162683858075e+00 8.591957465375436864e-02
1.432972502354471628e-02 1.314643582589317461e+00 1.397359243831964193e+00 8.464551087785079919e-02
1.390566123729697866e-02 1.310057098247498386e+00 1.387188429147081736e+00 8.338363519689273584e-02
1.349197717097773246e-02 1.305484162762116540e+00 1.377095228772403424e+00 8.213396730640050436e-02
1.308849508867728460e-02 1.300924877916230571e+00 1.367081112774002127e+00 8.089652368512903480e-02
1.269503770835521232e-02 1.296379346468419236e+00 1.357147510282270098e+00 7.967131763801579836e-02
1.231142830057090423e-02 1.291847671983569423e+00 1.347295808624257019e+00 7.845835933975073284e-02
1.193749078381649460e-02 1.287329958667559282e+00 1.337527352527305036e+00 7.725765587893698716e-02
1.157304981646328605e-02 1.282826311205900183e+00 1.327843443308369675e+00 7.606921130281056598e-02
1.121793088533774505e-02 1.278336834606159655e+00 1.318245338237121977e+00 7.489302666249289531e-02
1.087196039094402537e-02 1.273861634045142299e+00 1.308734249833551244e+00 7.372910005874215578e-02
1.053496572935540623e-02 1.269400814719422677e+00 1.299311345111516358e+00 7.257742668817697418e-02
1.020677537079874714e-02 1.264954481700298672e+00 1.289977745059066150e+00 7.143799888994213643e-02
9.887218934958905137e-03 1.260522739793143776e+00 1.280734524189927059e+00 7.031080619278556876e-02
9.576127263034153736e-03 1.256105693401387446e+00 1.271582709833406488e+00 6.919583536252074674e-02
9.273332486574399278e-03 1.251703446393475305e+00 1.262523281697958577e+00 6.809307044984239110e-02
8.978668093138311712e-03 1.247316101975664449e+00 1.253557171649991364e+00 6.700249283846949899e-02
8.691968988806884899e-03 1.242943762568623489e+00 1.244685263194128977e+00 6.592408129358681701e-02
8.413071557593050989e-03 1.238586529688254112e+00 1.235908391230732706e+00 6.485781201055525191e-02
8.141813717790446353e-03 1.234244503831456230e+00 1.227227341755845913e+00 6.380365866386678020e-02
7.878034975304634702e-03 1.229917784365614164e+00 1.218642851747167910e+00 6.276159245631293682e-02
7.621576474013660486e-03 1.225606469423684119e+00 1.210155609049160086e+00 6.173158216834256917e-02
7.372281043205732888e-03 1.221310655802740230e+00 1.201766252245872968e+00 6.071359420758144082e-02
7.129993242143368125e-03 1.217030438867820363e+00 1.193475370783023459e+00 5.970759265848593622e-02
6.894559401805910349e-03 1.212765912460108897e+00 1.185283504975741531e+00 5.871353933210767678e-02
6.665827663862367893e-03 1.208517168809607911e+00 1.177191146238203645e+00 5.773139381594025177e-02
6.443648016929228589e-03 1.204284298452866109e+00 1.169198737306303082e+00 5.676111352382557512e-02
6.227872330168231912e-03 1.200067390154856195e+00 1.161306672528613193e+00 5.580265374589380573e-02
6.018354384280241373e-03 1.195866530835893782e+00 1.153515298347644658e+00 5.485596769851135146e-02
5.814949899953233275e-03 1.191681805503234548e+00 1.145824913797151456e+00 5.392100657421573795e-02
5.617516563821904445e-03 1.187513297187427375e+00 1.138235771111904659e+00 5.299771959161028029e-02
5.425914051998597699e-03 1.183361086883490954e+00 1.130748076415664993e+00 5.208605404519811577e-02
5.240004051235094655e-03 1.179225253496832604e+00 1.123361990591107196e+00 5.118595535513181805e-02
5.059650277775388366e-03 1.175105873794395794e+00 1.116077630226520290e+00 5.029736711685507677e-02
4.884718493960885782e-03 1.171003022360498802e+00 1.108895068621050140e+00 4.942023115061728450e-02
4.715076522648627838e-03 1.166916771557757526e+00 1.101814337098571350e+00 4.855448755083626583e-02
4.550594259504690126e-03 1.162847191493611820e+00 1.094835426307696924e+00 4.770007473529098291e-02
4.391143683234319944e-03 1.158794349991451034e+00 1.087958287690047321e+00 4.685692949412242209e-02
4.236598863810612722e-03 1.154758312567631062e+00 1.081182835303430290e+00 4.602498703862181739e-02
4.086835968764166577e-03 1.150739142414145766e+00 1.074508947596364061e+00 4.520418104978878027e-02
3.941733267595191881e-03 1.146736900386514879e+00 1.067936469497079655e+00 4.439444372663763766e-02
3.801171134370393608e-03 1.142751644998188931e+00 1.061465214886351038e+00 4.359570583423551943e-02
3.665032048566137148e-03 1.138783432421278441e+00 1.055094968991481252e+00 4.280789675145309919e-02
3.533200594219208790e-03 1.134832316492958348e+00 1.048825491294489876e+00 4.203094451840934387e-02
3.405563457446753560e-03 1.130898348729835856e+00 1.042656518914124142e+00 4.126477588359564463e-02
3.282009422395610037e-03 1.126981578349375956e+00 1.036587769996717201e+00 4.050931635065944947e-02
3.162429365681812109e-03 1.123082052298770339e+00 1.030618947745671310e+00 3.976449022483383861e-02
3.046716249379874050e-03 1.119199815292905908e+00 1.024749745034575499e+00 3.903022065899624388e-02
2.934765112620987392e-03 1.115334909861508628e+00 1.018979849301877572e+00 3.830642969934020675e-02
2.826473061859095890e-03 1.111487376405893013e+00 1.013308948273267340e+00 3.759303833064771283e-02
2.721739259862418405e-03 1.107657253267545938e+00 1.007736736501113839e+00 3.688996652114513719e-02
2.620464913487989111e-03 1.103844576808848510e+00 1.002262922663478717e+00 3.619713326693143468e-02
2.522553260295542794e-03 1.100049381507895330e+00 9.968872380666149446e-01 3.551445663596405899e-02
2.427909554056372626e-03 1.096271700069380906e+00 9.916094461604765264e-01 3.484185381158968337e-02
2.336441049212176733e-03 1.092511563552684306e+00 9.864293538790642746e-01 3.417924113560873861e-02
2.248056984337597555e-03 1.088769001522219781e+00 9.813468245902127185e-01 3.352653415086025157e-02
2.162668564659697874e-03 1.085044042220163707e+00 9.763617930229495645e-01 3.288364764331732498e-02
2.080188943686332378e-03 1.081336712767985375e+00 9.714742835163782120e-01 3.225049568368160841e-02
2.000533203994455094e-03 1.077647039401874451e+00 9.666844309740741936e-01 3.162699166846615756e-02
1.923618337228632591e-03 1.073975047745876044e+00 9.619925059359984987e-01 3.101304836055811254e-02
1.849363223358560949e-03 1.070320763133062902e+00 9.573989447932120811e-01 3.040857792925016900e-02
1.777688609243802901e-03 1.066684210982122183e+00 9.529043861220846123e-01 2.981349198973346284e-02
1.708517086552551042e-03 1.063065417243063138e+00 9.485097152468994208e-01 2.922770164204287202e-02
1.641773069080175191e-03 1.059464408926946044e+00 9.442161184244348693e-01 2.865111750944607585e-02
1.577382769512460699e-03 1.055881214738054297e+00 9.400251499664467048e-01 2.808364977627071657e-02
1.515274175676878908e-03 1.052315865835260711e+00 9.359388163419968265e-01 2.752520822516043089e-02
1.455377026324561774e-03 1.048768396755328958e+00 9.319596815774507936e-01 2.697570227375518936e-02
1.397622786484158672e-03 1.045238846540019972e+00 9.280910012455643177e-01 2.643504101078867838e-02
1.341944622427738770e-03 1.041727260125713483e+00 9.243368948898522675e-01 2.590313323159708706e-02
1.288277376287850703e-03 1.038233690072473570e+00 9.207025698623304555e-01 2.537988747303512524e-02
1.236557540363396280e-03 1.034758198737446566e+00 9.171946154544062813e-01 2.486521204779275698e-02
1.186723231151201900e-03 1.031300861037004246e+00 9.138213946213813443e-01 2.435901507811021743e-02
1.138714163138661740e-03 1.027861768000399412e+00 9.105935738671162571e-01 2.386120452888602222e-02
1.092471622391840780e-03 1.024441031405256108e+00 9.075248505681100530e-01 2.337168824017470115e-02
1.047938439972328963e-03 1.021038789911506761e+00 9.046329693888454093e-01 2.289037395907206340e-02
1.005058965214740245e-03 1.017655217316127514e+00 9.019411712828805383e-01 2.241716937098370971e-02
9.637790388959136196e-04 1.014290533867241662e+00 8.994803051081503575e-01 2.195198213027600015e-02
9.240459663255206528e-04 1.010945022100644186e+00 8.972919839946281728e-01 2.149471989030702149e-02
8.858084903866696126e-04 1.007619049541194522e+00 8.954334415218669907e-01 2.104529033283539241e-02
8.490167645541339420e-04 1.004313102152945669e+00 8.939852606680774860e-01 2.060360119680700389e-02
8.136223259165196401e-04 1.001027835244173048e+00 8.930641737741218389e-01 2.016956030651783499e-02
7.795780682277414454e-04 9.977641539521971970e-01 8.928452994808517840e-01 1.974307559915300381e-02
7.468382150120515600e-04 9.945233465279317286e-01 8.936031130488674146e-01 1.932405515170213320e-02
7.153582927457237438e-04 9.913073180765847869e-01 8.957927455730841926e-01 1.891240720725053184e-02
6.850951041376016851e-04 9.881190315510057776e-01 9.002278388405936527e-01 1.850804020064795649e-02
6.560067015295036443e-04 9.849634245873590821e-01 9.085262084589208476e-01 1.811086278355484094e-02
6.280523604366078979e-04 9.818495947740526475e-01 9.244842917042455088e-01 1.772078384886808383e-02
6.011925532468638620e-04 9.787972346691095060e-01 9.603015555914005130e-01 1.733771255452783155e-02
5.753889230974568994e-04 9.758647606656983831e-01 1.000913685645442142e+00 1.696155834670648455e-02
5.506042579455394962e-04 9.730176107654201489e-01 1.032059421304883040e+00 1.659223098238358368e-02
