6.690415327055575234e-02 8.456944154488089893e+00 1.277008429931204780e+01 1.828990886671605920e-01
6.757604203936547205e-02 8.418181292037997920e+00 1.202006081427277451e+01 1.838151816898776492e-01
6.825194131885237159e-02 8.374699374916383832e+00 1.103565349673682761e+01 1.847321592452872974e-01
6.893183674498780389e-02 8.324209765694584817e+00 1.011044569621196842e+01 1.856499888836352641e-01
6.961571332724303396e-02 8.271031139669263510e+00 9.610605199318323244e+00 1.865686379422369923e-01
7.030355544476458995e-02 8.216633992596797498e+00 9.280806325471095519e+00 1.874880735470453863e-01
7.099534684263891782e-02 8.161702181628580632e+00 9.038809639184762545e+00 1.884082626142480621e-01
7.169107062824763010e-02 8.106607907941761226e+00 8.848642020976866363e+00 1.893291718518934907e-01
7.239070926771533354e-02 8.051574149029912419e+00 8.691823258128641427e+00 1.902507677615458970e-01
7.309424458245182554e-02 7.996743278589316439e+00 8.557825998107047027e+00 1.911730166399691344e-01
7.380165774579035276e-02 7.942210296016408932e+00 8.440196575235360044e+00 1.920958845808393989e-01
7.451292927972359703e-02 7.888040555408807109e+00 8.334753293362155091e+00 1.930193374764865299e-01
7.522803905173941486e-02 7.834279939735438347e+00 8.238665871739334179e+00 1.939433410196640672e-01
7.594696627175769044e-02 7.780961042245104764e+00 8.149949744189481038e+00 1.948678607053478395e-01
7.666968948917025906e-02 7.728107098678410836e+00 8.067171860433479225e+00 1.957928618325630588e-01
7.739618658998570488e-02 7.675734585216844152e+00 7.989271351961708234e+00 1.967183095062400577e-01
7.812643479408025449e-02 7.623854990276254462e+00 7.915445884443869318e+00 1.976441686390977837e-01
7.886041065255708360e-02 7.572476055933885064e+00 7.845077226280865901e+00 1.985704039535563237e-01
7.959809004521509190e-02 7.521602668185119356e+00 7.777681102606954333e+00 1.994969799836767976e-01
8.033944817812932460e-02 7.471237508379370063e+00 7.712872569184385796e+00 2.004238610771298945e-01
8.108445958134413711e-02 7.421381538387317178e+00 7.650341580849109313e+00 2.013510113971918036e-01
8.183309810668135120e-02 7.372034367607664507e+00 7.589835420340249605e+00 2.022783949247686508e-01
8.258533692566431827e-02 7.323194534441455517e+00 7.531145842472252383e+00 2.032059754604479129e-01
8.334114852755997171e-02 7.274859724827490659e+00 7.474099523353065599e+00 2.041337166265778380e-01
8.410050471754026979e-02 7.227026943783591229e+00 7.418550865691975638e+00 2.050615818693743986e-01
8.486337661496444473e-02 7.179692651379710355e+00 7.364376510136898091e+00 2.059895344610551404e-01
8.562973465178386201e-02 7.132852871471543565e+00 7.311471099434151633e+00 2.069175375020008700e-01
8.639954857107062791e-02 7.086503279331727967e+00 7.259743974745136441e+00 2.078455539229437377e-01
8.717278742567180494e-02 7.040639272777928781e+00 7.209116574665796584e+00 2.087735464871828539e-01
8.794941957699042856e-02 6.995256030271894687e+00 7.159520367667173701e+00 2.097014777928262741e-01
8.872941269389475472e-02 6.950348558635400131e+00 7.110895195608372354e+00 2.106293102750597113e-01
8.951273375175736180e-02 6.905911732443295037e+00 7.063187936461889471e+00 2.115570062084417835e-01
9.029934903162535609e-02 6.861940326681411406e+00 7.016351416045115030e+00 2.124845277092256290e-01
9.108922411952305453e-02 6.818429043925694266e+00 6.970343517515102505e+00 2.134118367377065839e-01
9.188232390588836618e-02 6.775372537038875542e+00 6.925126447226328530e+00 2.143388951005957277e-01
9.267861258514448197e-02 6.732765428169438238e+00 6.880666125847809234e+00 2.152656644534196029e-01
9.347805365540783062e-02 6.690602324693400327e+00 6.836931681428036534e+00 2.161921063029451084e-01
9.428060991833386861e-02 6.648877832614439320e+00 6.793895024101671787e+00 2.171181820096302617e-01
9.508624347910157870e-02 6.607586567834229818e+00 6.751530487797073654e+00 2.180438527900999679e-01
9.589491574653824513e-02 6.566723165640523163e+00 6.709814527360178360e+00 2.189690797196469918e-01
9.670658743338542140e-02 6.526282288691461986e+00 6.668725460861787191e+00 2.198938237347577429e-01
9.752121855670731199e-02 6.486258633728793299e+00 6.628243249677780113e+00 2.208180456356627908e-01
9.833876843844281679e-02 6.446646937213192707e+00 6.588349309675838761e+00 2.217417060889119440e-01
9.915919570610194633e-02 6.407441980039643603e+00 6.549026349160190108e+00 2.226647656299733657e-01
9.998245829360817571e-02 6.368638591474484301e+00 6.510258228717748175e+00 2.235871846658571138e-01
1.008085134422872092e-01 6.330231652418557786e+00 6.472029839391659323e+00 2.245089234777620235e-01
1.016373177020038071e-01 6.292216098098220911e+00 6.434326997272380666e+00 2.254299422237469874e-01
1.024688269324466744e-01 6.254586920263984773e+00 6.397136351064714788e+00 2.263502009414246896e-01
1.033029963045634381e-01 6.217339168962681129e+00 6.360445301215964520e+00 2.272696595506794037e-01
1.041397803021457125e-01 6.180467953945407267e+00 6.324241929035316900e+00 2.281882778564071068e-01
1.049791327235655020e-01 6.143968445758979158e+00 6.288514934313801596e+00 2.291060155512786856e-01
1.058210066836637459e-01 6.107835876566607425e+00 6.253253579905442727e+00 2.300228322185253749e-01
1.066653546157916993e-01 6.072065540729248312e+00 6.218447642811578469e+00 2.309386873347465952e-01
1.075121282740058026e-01 6.036652795186699727e+00 6.184087371150646995e+00 2.318535402727396333e-01
1.083612787354169826e-01 6.001593059661949781e+00 6.150163445082064584e+00 2.327673503043510839e-01
1.092127564026949410e-01 5.966881816710035480e+00 6.116666942106115279e+00 2.336800766033498844e-01
1.100665110067277352e-01 5.932514611636566570e+00 6.083589306843264488e+00 2.345916782483212226e-01
1.109224916094380953e-01 5.898487052306137457e+00 6.050922322936866493e+00 2.355021142255819544e-01
1.117806466067556986e-01 5.864794808845317675e+00 6.018658087930687905e+00 2.364113434321158946e-01
1.126409237317473194e-01 5.831433613266423954e+00 5.986788991382426595e+00 2.373193246785302579e-01
1.135032700579044346e-01 5.798399259017409157e+00 5.955307694131842133e+00 2.382260166920318056e-01
1.143676320025888843e-01 5.765687600466702811e+00 5.924207110179157354e+00 2.391313781194229771e-01
1.152339553306370445e-01 5.733294552339205374e+00 5.893480390136686786e+00 2.400353675301173662e-01
1.161021851581230252e-01 5.701216089103139595e+00 5.863120905982629694e+00 2.409379434191748770e-01
1.169722659562807271e-01 5.669448244321438679e+00 5.833122237498542084e+00 2.418390642103553090e-01
1.178441415555856603e-01 5.637987109969674115e+00 5.803478159642263101e+00 2.427386882591912598e-01
1.187177551499959960e-01 5.606828835727996285e+00 5.774182630944125982e+00 2.436367738560786256e-01
1.195930493013535600e-01 5.575969628249338506e+00 5.745229783255556555e+00 2.445332792293858359e-01
1.204699659439452258e-01 5.545405750413591406e+00 5.716613912207580306e+00 2.454281625485808249e-01
1.213484463892230553e-01 5.515133520564599934e+00 5.688329468183026094e+00 2.463213819273745719e-01
1.222284313306862130e-01 5.485149311738035216e+00 5.660371048459435173e+00 2.472128954268832390e-01
1.231098608489213514e-01 5.455449550881764864e+00 5.632733389291431081e+00 2.481026610588057957e-01
1.239926744168038664e-01 5.426030718067104353e+00 5.605411359256285309e+00 2.489906367886188798e-01
1.248768109048588454e-01 5.396889345702644114e+00 5.578399953268934119e+00 2.498767805387875907e-01
1.257622085867816375e-01 5.368022017744102037e+00 5.551694286139699841e+00 2.507610501919921853e-01
1.266488051451182262e-01 5.339425368903357949e+00 5.525289587101294586e+00 2.516434035943702630e-01
1.275365376771046833e-01 5.311096083860889827e+00 5.499181195010097944e+00 2.525237985587741596e-01
1.284253427006657455e-01 5.283030896482291183e+00 5.473364553591872017e+00 2.534021928680429969e-01
1.293151561605723199e-01 5.255226589038257679e+00 5.447835206877841507e+00 2.542785442782897753e-01
1.302059134347571256e-01 5.227679991429804218e+00 5.422588795073120416e+00 2.551528105222016785e-01
1.310975493407880166e-01 5.200387980419872491e+00 5.397621050873751436e+00 2.560249493123551434e-01
1.319899981424995650e-01 5.173347478873067118e+00 5.372927796017967772e+00 2.568949183445436990e-01
1.328831935567806599e-01 5.146555455003047896e+00 5.348504937477741805e+00 2.577626753011194594e-01
1.337770687605191189e-01 5.120008921624904730e+00 5.324348464731723851e+00 2.586281778543466636e-01
1.346715563977017305e-01 5.093704935422733726e+00 5.300454446605749048e+00 2.594913836697682608e-01
1.355665885866696174e-01 5.067640596218303983e+00 5.276819028309687631e+00 2.603522504095841517e-01
1.364620969275278928e-01 5.041813046255990471e+00 5.253438429713698454e+00 2.612107357360411997e-01
1.373580125097088600e-01 5.016219469497142036e+00 5.230308941777638942e+00 2.620667973148342877e-01
1.382542659196882850e-01 4.990857090916565042e+00 5.207426924529747758e+00 2.629203928185186445e-01
1.391507872488535746e-01 4.965723175819395152e+00 5.184788805625243135e+00 2.637714799299324953e-01
1.400475061015227785e-01 4.940815029163392325e+00 5.162391077353841062e+00 2.646200163456298160e-01
1.409443516031140819e-01 4.916129994889835153e+00 5.140230294994766247e+00 2.654659597793228021e-01
1.418412524084645132e-01 4.891665455269051499e+00 5.118303075389475154e+00 2.663092679653343287e-01
1.427381367102958931e-01 4.867418830255360263e+00 5.096606094693256317e+00 2.671498986620581828e-01
1.436349322478292223e-01 4.843387576850116005e+00 5.075136086458104323e+00 2.679878096554292877e-01
1.445315663155433139e-01 4.819569188476013011e+00 5.053889840766053965e+00 2.688229587624011985e-01
1.454279657720795038e-01 4.795961194366361369e+00 5.032864202717086677e+00 2.696553038344318143e-01
1.463240570492887471e-01 4.772561158960239247e+00 5.012056070296817545e+00 2.704848027609765282e-01
1.472197661614213782e-01 4.749366681307717108e+00 4.991462393454885849e+00 2.713114134729880389e-01
1.481150187144575359e-01 4.726375394488973036e+00 4.971080172818255427e+00 2.721350939464235452e-01
1.490097399155770608e-01 4.703584965040199961e+00 4.950906458443164126e+00 2.729558022057573252e-01
1.499038545827670321e-01 4.680993092393137545e+00 4.930938348729511311e+00 2.737734963274997546e-01
1.507972871545664451e-01 4.658597508321874692e+00 4.911172989017616786e+00 2.745881344437214322e-01
1.516899616999451972e-01 4.636395976400539354e+00 4.891607570668823790e+00 2.753996747455824678e-01
1.525818019283168014e-01 4.614386291471058499e+00 4.872239330141792557e+00 2.762080754868662669e-01
1.534727311996831600e-01 4.592566279121188977e+00 4.853065547856212802e+00 2.770132949875178663e-01
1.543626725349084017e-01 4.570933795170588176e+00 4.834083547173327666e+00 2.778152916371851022e-01
1.552515486261226707e-01 4.549486725167447787e+00 4.815290693880102779e+00 2.786140238987645512e-01
1.561392818472511212e-01 4.528222983896093901e+00 4.796684394900097459e+00 2.794094503119491368e-01
1.570257942646685334e-01 4.507140514889247385e+00 4.778262097488002347e+00 2.802015294967789005e-01
1.579110076479766089e-01 4.486237289954172702e+00 4.760021288871777223e+00 2.809902201571939373e-01
1.587948434809026144e-01 4.465511308705954363e+00 4.741959494827202803e+00 2.817754810845885527e-01
1.596772229723167624e-01 4.444960598106858285e+00 4.724074279396003107e+00 2.825572711613671961e-01
1.605580670673670551e-01 4.424583212020258394e+00 4.706363244099388332e+00 2.833355493645008938e-01
1.614372964587291182e-01 4.404377230766565177e+00 4.688824026964986125e+00 2.841102747690842922e-01
1.623148315979691392e-01 4.384340760692132299e+00 4.671454302433747152e+00 2.848814065518923688e-01
1.631905927070177453e-01 4.364471933745589283e+00 4.654251780059951216e+00 2.856489039949372533e-01
1.640644997897523216e-01 4.344768907058527141e+00 4.637214204186884459e+00 2.864127264890234392e-01
1.649364726436866324e-01 4.325229862539871739e+00 4.620339353514741454e+00 2.871728335373026075e-01
1.658064308717638879e-01 4.305853006473316036e+00 4.603625040226145160e+00 2.879291847588256181e-01
1.666742938942523955e-01 4.286636569125140461e+00 4.587069109802525801e+00 2.886817398920932809e-01
1.675399809607408530e-01 4.267578804359261291e+00 4.570669439817667268e+00 2.894304587986040178e-01
1.684034111622307317e-01 4.248677989255421394e+00 4.554423939874846283e+00 2.901753014663986940e-01
1.692645034433239437e-01 4.229932423741970204e+00 4.538330551439221594e+00 2.909162280136018408e-01
1.701231766145025470e-01 4.211340430230515963e+00 4.522387246444266928e+00 2.916531986919589370e-01
1.709793493644989615e-01 4.192900353256745483e+00 4.506592027577677406e+00 2.923861738903696383e-01
1.718329402727531430e-01 4.174610559133949295e+00 4.490942927538765339e+00 2.931151141384158998e-01
1.726838678219553003e-01 4.156469435605364637e+00 4.475438008224496222e+00 2.938399801098850461e-01
1.735320504106699080e-01 4.138475391508624313e+00 4.460075361089842261e+00 2.945607326262870140e-01
1.743774063660408213e-01 4.120626856446279795e+00 4.444853106015559163e+00 2.952773326603659321e-01
1.752198539565718305e-01 4.102922280458256132e+00 4.429769390984373167e+00 2.959897413396043730e-01
1.760593114049830987e-01 4.085360133705498775e+00 4.414822392084962743e+00 2.966979199497218334e-01
1.768956969011375169e-01 4.067938906157266388e+00 4.400010312630319831e+00 2.974018299381642194e-01
1.777289286150375847e-01 4.050657107283528013e+00 4.385331383083082457e+00 2.981014329175872835e-01
1.785589247098867405e-01 4.033513265756014654e+00 4.370783860508962171e+00 2.987966906693301783e-01
1.793856033552148621e-01 4.016505929150953058e+00 4.356366028084637243e+00 2.994875651468812405e-01
1.802088827400635529e-01 3.999633663660560501e+00 4.342076195195516242e+00 3.001740184793343924e-01
1.810286810862291040e-01 3.982895053809739405e+00 4.327912696641405432e+00 3.008560129748357737e-01
1.818449166615596357e-01 3.966288702175457814e+00 4.313873892186501635e+00 3.015335111240205479e-01
1.826575077933039748e-01 3.949813229113348090e+00 4.299958166600171161e+00 3.022064756034390509e-01
1.834663728815091321e-01 3.933467272489862498e+00 4.286163929261774364e+00 3.028748692789723362e-01
1.842714304124626334e-01 3.917249487418555276e+00 4.272489613787230134e+00 3.035386552092357859e-01
1.850725989721784259e-01 3.901158546001814997e+00 4.258933677382422900e+00 3.041977966489718410e-01
1.858697972599210879e-01 3.885193137074746783e+00 4.245494600717436562e+00 3.048522570524294650e-01
1.866629441017671476e-01 3.869351965957645412e+00 4.232170887986051788e+00 3.055020000767320054e-01
1.874519584641992087e-01 3.853633754211466478e+00 4.218961066220920486e+00 3.061469895852311218e-01
1.882367594677301359e-01 3.838037239396961287e+00 4.205863684902717559e+00 3.067871896508475027e-01
1.890172664005543568e-01 3.822561174838464915e+00 4.192877315782069125e+00 3.074225645593979261e-01
1.897933987322228955e-01 3.807204329392489317e+00 4.180000552793661228e+00 3.080530788129075548e-01
1.905650761273386673e-01 3.791965487221321762e+00 4.167232011425069160e+00 3.086786971329076312e-01
1.913322184592694819e-01 3.776843447567751699e+00 4.154570328864119588e+00 3.092993844637178524e-01
1.920947458238747851e-01 3.761837024539573804e+00 4.142014163218367351e+00 3.099151059757129789e-01
1.928525785532434200e-01 3.746945046889062159e+00 4.129562193062219499e+00 3.105258270685736788e-01
1.936056372294390759e-01 3.732166357804278078e+00 4.117213118386641391e+00 3.111315133745206629e-01
1.943538426982495682e-01 3.717499814703799643e+00 4.104965659209267592e+00 3.117321307615318338e-01
1.950971160829378381e-01 3.702944289028413216e+00 4.092818555159827731e+00 3.123276453365422256e-01
1.958353787979896787e-01 3.688498666042327567e+00 4.080770565898038882e+00 3.129180234486259593e-01
1.965685525628568797e-01 3.674161844636248730e+00 4.068820470888240060e+00 3.135032316921604334e-01
1.972965594156904368e-01 3.659932737135799474e+00 4.056967068737203697e+00 3.140832369099714194e-01
1.980193217270620476e-01 3.645810269108888946e+00 4.045209176777277982e+00 3.146580061964592834e-01
1.987367622136696765e-01 3.631793379179887093e+00 4.033545631309518598e+00 3.152275069007062780e-01
1.994488039520241340e-01 3.617881018846603958e+00 4.021975287076195116e+00 3.157917066295631292e-01
2.001553703921132021e-01 3.604072152299149234e+00 4.010497017155358002e+00 3.163505732507159718e-01
2.008563853710400859e-01 3.590365756244092932e+00 3.999109712574918873e+00 3.169040748957325238e-01
2.015517731266326940e-01 3.576760819728556751e+00 3.987812281936248482e+00 3.174521799630872776e-01
2.022414583110199726e-01 3.563256343969615436e+00 3.976603651647213855e+00 3.179948571211647645e-01
2.029253660041732132e-01 3.549851342187157588e+00 3.965482765365809126e+00 3.185320753112417802e-01
2.036034217274068081e-01 3.536544839437071541e+00 3.954448583484335256e+00 3.190638037504464619e-01
2.042755514568376229e-01 3.523335872448059458e+00 3.943500083420178548e+00 3.195900119346954948e-01
2.049416816367970184e-01 3.510223489463552227e+00 3.932636259239234100e+00 3.201106696416077257e-01
2.056017391931944660e-01 3.497206750083007076e+00 3.921856121067910372e+00 3.206257469333946841e-01
2.062556515468274287e-01 3.484284725106942648e+00 3.911158695311363065e+00 3.211352141597270116e-01
2.069033466266356203e-01 3.471456496386134294e+00 3.900543024315203056e+00 3.216390419605770212e-01
2.075447528828952559e-01 3.458721156671000774e+00 3.890008165829085485e+00 3.221372012690363329e-01
2.081797993003505487e-01 3.446077809463882424e+00 3.879553193044154469e+00 3.226296633141089165e-01
2.088084154112787860e-01 3.433525568874856493e+00 3.869177194615989190e+00 3.231163996234783786e-01
2.094305313084854070e-01 3.421063559480229443e+00 3.858879273912079633e+00 3.235973820262498801e-01
2.100460776582268041e-01 3.408690916179757391e+00 3.848658548824274384e+00 3.240725826556659084e-01
2.106549857130554926e-01 3.396406784059918582e+00 3.838514152179925976e+00 3.245419739517952373e-01
2.112571873245871756e-01 3.384210318259335271e+00 3.828445231128783544e+00 3.250055286641960750e-01
2.118526149561830441e-01 3.372100683833985535e+00 3.818450946543524349e+00 3.254632198545505672e-01
2.124412016955473936e-01 3.360077055624598685e+00 3.808530473018564511e+00 3.259150208992732112e-01
2.130228812672343153e-01 3.348138618127327160e+00 3.798682999249999082e+00 3.263609054920904029e-01
2.135975880450624864e-01 3.336284565368757171e+00 3.788907727412113680e+00 3.268008476465923406e-01
2.141652570644331510e-01 3.324514100778048320e+00 3.779203872365284322e+00 3.272348216987558955e-01
2.147258240345493452e-01 3.312826437062437179e+00 3.769570662139631434e+00 3.276628023094392828e-01
2.152792253505320663e-01 3.301220796087340315e+00 3.760007337807088845e+00 3.280847644668463126e-01
2.158253981054309711e-01 3.289696408756027424e+00 3.750513152823322205e+00 3.285006834889624416e-01
2.163642801021262996e-01 3.278252514890716007e+00 3.741087372886667595e+00 3.289105350259598493e-01
2.168958098651180555e-01 3.266888363116239091e+00 3.731729275941631396e+00 3.293142950625724263e-01
2.174199266522011120e-01 3.255603210745868559e+00 3.722438151947990992e+00 3.297119399204410661e-01
2.179365704660208292e-01 3.244396323668248261e+00 3.713213302595527399e+00 3.301034462604267028e-01
2.184456820655082676e-01 3.233266976236092827e+00 3.704054040984605223e+00 3.304887910848931520e-01
2.189472029771903916e-01 3.222214451155720916e+00 3.694959691331608731e+00 3.308679517399580328e-01
2.194410755063730123e-01 3.211238039378450537e+00 3.685929589391093053e+00 3.312409059177119364e-01
2.199272427481935299e-01 3.200337039996923316e+00 3.676963081859554006e+00 3.316076316584055661e-01
2.204056485985400327e-01 3.189510760137211243e+00 3.668059525604955073e+00 3.319681073526040138e-01
2.208762377648340880e-01 3.178758514854880701e+00 3.659218288129803209e+00 3.323223117433090068e-01
2.213389557766743954e-01 3.168079627033918211e+00 3.650438747827791985e+00 3.326702239280474038e-01
2.217937489963384412e-01 3.157473427288294499e+00 3.641720292841164941e+00 3.330118233609269396e-01
2.222405646291390480e-01 3.146939253858184404e+00 3.633062320787175281e+00 3.333470898546581074e-01
2.226793507336334854e-01 3.136476452513938362e+00 3.624464239489613160e+00 3.336760035825422355e-01
2.231100562316816471e-01 3.126084376460348757e+00 3.615925466085638806e+00 3.339985450804252021e-01
2.235326309183516547e-01 3.115762386239210979e+00 3.607445427293852980e+00 3.343146952486172330e-01
2.239470254716689201e-01 3.105509849638889541e+00 3.599023558850188653e+00 3.346244353537775607e-01
2.243531914622073353e-01 3.095326141597227743e+00 3.590659304983529587e+00 3.349277470307643334e-01
2.247510813625186732e-01 3.085210644111761713e+00 3.582352119161387183e+00 3.352246122844492748e-01
2.251406485563987592e-01 3.075162746150430948e+00 3.574101463284250713e+00 3.355150134914969273e-01
2.255218473479871089e-01 3.065181843560627950e+00 3.565906807440120119e+00 3.357989334021082573e-01
2.258946329706980616e-01 3.055267338981960012e+00 3.557767630094415878e+00 3.360763551417282335e-01
2.262589615959804401e-01 3.045418641759742862e+00 3.549683417703137334e+00 3.363472622127170464e-01
2.266147903419040432e-01 3.035635167858861116e+00 3.541653664380159050e+00 3.366116384959854657e-01
2.269620772815699183e-01 3.025916339778644826e+00 3.533677871662159742e+00 3.368694682525932849e-01
2.273007814513422487e-01 3.016261586468612865e+00 3.525755548886810864e+00 3.371207361253103496e-01
2.276308628589003846e-01 3.006670343248669219e+00 3.517886212739603113e+00 3.373654271401416160e-01
2.279522824911073275e-01 2.997142051725342871e+00 3.510069386394842894e+00 3.376035267078139612e-01
2.282650023216941382e-01 2.987676159710219714e+00 3.502304600210330410e+00 3.378350206252263010e-01
2.285689853187565512e-01 2.978272121143159534e+00 3.494591391419274995e+00 3.380598950768610167e-01
2.288641954520632960e-01 2.968929396011907418e+00 3.486929303555575288e+00 3.382781366361586883e-01
2.291505977001728200e-01 2.959647450275015856e+00 3.479317886756763567e+00 3.384897322668538600e-01
2.294281580573569734e-01 2.950425755786050708e+00 3.471756696932594366e+00 3.386946693242727791e-01
2.296968435403300979e-01 2.941263790214657003e+00 3.464245296229762072e+00 3.388929355565929447e-01
2.299566221947808853e-01 2.932161036976223212e+00 3.456783252883683044e+00 3.390845191060636310e-01
2.302074631017057560e-01 2.923116985154794456e+00 3.449370140285365149e+00 3.392694085101880530e-01
2.304493363835419528e-01 2.914131129430271194e+00 3.442005537622048195e+00 3.394475927028662299e-01
2.306822132100981859e-01 2.905202970007579211e+00 3.434689029395025184e+00 3.396190610154987688e-01
2.309060658042818570e-01 2.896332012543785250e+00 3.427420205277288190e+00 3.397838031780516244e-01
2.311208674476209479e-01 2.887517768079083336e+00 3.420198659900882454e+00 3.399418093200812230e-01
2.313265924855786304e-01 2.878759752965258212e+00 3.413023992551791785e+00 3.400930699717201189e-01
2.315232163326599590e-01 2.870057488797526979e+00 3.405895807511419182e+00 3.402375760646227931e-01
2.317107154773085931e-01 2.861410502347362161e+00 3.398813713540952630e+00 3.403753189328719286e-01
2.318890674865922985e-01 2.852818325493901686e+00 3.391777323627365615e+00 3.405062903138444952e-01
2.320582510106761476e-01 2.844280495157790245e+00 3.384786254984760934e+00 3.406304823490376998e-01
2.322182457870819172e-01 2.835796553234969153e+00 3.377840128833102362e+00 3.407478875848549693e-01
2.323690326447324650e-01 2.827366046531637256e+00 3.370938570388186228e+00 3.408584989733514647e-01
2.325105935077804997e-01 2.818988526700290986e+00 3.364081208668881384e+00 3.409623098729392399e-01
2.326429113992197206e-01 2.810663550175885206e+00 3.357267676269386047e+00 3.410593140490519870e-01
2.327659704442781585e-01 2.802390678112862687e+00 3.350497609241066321e+00 3.411495056747687604e-01
2.328797558735926088e-01 2.794169476322873269e+00 3.343770646759134824e+00 3.412328793313978426e-01
2.329842540261624628e-01 2.785999515212155497e+00 3.337086431282597854e+00 3.413094300090186994e-01
2.330794523520837991e-01 2.777880369722288911e+00 3.330444608883039948e+00 3.413791531069844121e-01
2.331653394150608738e-01 2.769811619271456138e+00 3.323844827670504376e+00 3.414420444343819194e-01
2.332419048946960671e-01 2.761792847688663510e+00 3.317286738327127171e+00 3.414981002104521823e-01
2.333091395885567021e-01 2.753823643160067558e+00 3.310769995381949382e+00 3.415473170649688250e-01
2.333670354140184033e-01 2.745903598172084514e+00 3.304294255189675678e+00 3.415896920385760316e-01
2.334155854098845517e-01 2.738032309448681367e+00 3.297859176226374700e+00 3.416252225830848643e-01
2.334547837377811408e-01 2.730209377898145995e+00 3.291464419465074620e+00 3.416539065617288928e-01
2.334846256833270350e-01 2.722434408554302632e+00 3.285109647718751358e+00 3.416757422493781893e-01
2.335051076570788808e-01 2.714707010521674846e+00 3.278794526349919192e+00 3.416907283327123568e-01
2.335162271952506696e-01 2.707026796922400003e+00 3.272518722263637159e+00 3.416988639103520908e-01
2.335179829602077595e-01 2.699393384837781351e+00 3.266281903957852784e+00 3.417001484929497179e-01
2.335103747407349661e-01 2.691806395257371864e+00 3.260083741951499192e+00 3.416945820032379344e-01
2.334934034520789181e-01 2.684265453024585302e+00 3.253923908067113402e+00 3.416821647760378000e-01
2.334670711357646478e-01 2.676770186783721694e+00 3.247802075185657333e+00 3.416628975582252647e-01
2.334313809591862243e-01 2.669320228926022942e+00 3.241717917829459505e+00 3.416367815086559512e-01
2.333863372149717064e-01 2.661915215541584168e+00 3.235671112315372966e+00 3.416038181980491917e-01
2.333319453201228300e-01 2.654554786367874009e+00 3.229661335131009281e+00 3.415640096088307098e-01
2.332682118149291828e-01 2.647238584734645350e+00 3.223688263886970162e+00 3.415173581349337240e-01
2.331951443616574193e-01 2.639966257519285264e+00 3.217751577490677306e+00 3.414638665815589724e-01
2.331127517430161278e-01 2.632737455094201540e+00 3.211850955132209418e+00 3.414035381648937717e-01
2.330210438603962653e-01 2.625551831278428061e+00 3.205986077138614387e+00 3.413363765117894966e-01
2.329200317318881330e-01 2.618409043291145100e+00 3.200156624406357064e+00 3.412623856593985372e-01
2.328097274900751135e-01 2.611308751701801434e+00 3.194362277997747412e+00 3.411815700547694563e-01
2.326901443796049185e-01 2.604250620383070203e+00 3.188602719648888861e+00 3.410939345544016787e-01
2.325612967545392096e-01 2.597234316465186321e+00 3.182877631476164648e+00 3.409994844237592138e-01
2.324232000754818117e-01 2.590259510288834832e+00 3.177186695547024264e+00 3.408982253367431325e-01
2.322758709064871030e-01 2.583325875358709833e+00 3.171529594375039895e+00 3.407901633751237447e-01
2.321193269117484692e-01 2.576433088300490670e+00 3.165906010551015282e+00 3.406753050279315853e-01
2.319535868520688771e-01 2.569580828813860851e+00 3.160315626558642954e+00 3.405536571908081012e-01
2.317786705811135384e-01 2.562768779629963412e+00 3.154758124977866895e+00 3.404252271653156470e-01
2.315945990414463029e-01 2.555996626466866317e+00 3.149233188073317535e+00 3.402900226582071808e-01
2.314013942603505847e-01 2.549264057986246002e+00 3.143740498090858537e+00 3.401480517806552140e-01
2.311990793454364312e-01 2.542570765751769102e+00 3.138279736847549461e+00 3.399993230474411265e-01
2.309876784800343197e-01 2.535916444184952656e+00 3.132850585950554212e+00 3.398438453761037925e-01
2.307672169183775657e-01 2.529300790526036735e+00 3.127452726863265919e+00 3.396816280860487924e-01
2.305377209805741512e-01 2.522723504791455351e+00 3.122085840109467991e+00 3.395126808976169364e-01
2.302992180473700246e-01 2.516184289731853596e+00 3.116749605728315942e+00 3.393370139311139289e-01
2.300517365547045112e-01 2.509682850793218289e+00 3.111443703887825762e+00 3.391546377057997330e-01
2.297953059880602222e-01 2.503218896079316025e+00 3.106167813730528859e+00 3.389655631388387991e-01
2.295299568766083487e-01 2.496792136307999233e+00 3.100921613250326114e+00 3.387698015442111021e-01
2.292557207871512293e-01 2.490402284774294372e+00 3.095704780642709153e+00 3.385673646315834895e-01
2.289726303178640232e-01 2.484049057314880127e+00 3.090516993118840983e+00 3.383582645051425586e-01
2.286807190918369037e-01 2.477732172266144950e+00 3.085357926382148008e+00 3.381425136623882888e-01
2.283800217504198538e-01 2.471451350427183336e+00 3.080227256162382243e+00 3.379201249928893147e-01
2.280705739463717296e-01 2.465206315026927886e+00 3.075124657522610327e+00 3.376911117769993420e-01
2.277524123368155351e-01 2.458996791684616490e+00 3.070049803689938184e+00 3.374554876845355933e-01
2.274255745760019876e-01 2.452822508372039412e+00 3.065002367518564697e+00 3.372132667734188960e-01
2.270900993078829866e-01 2.446683195382679088e+00 3.059982021230218230e+00 3.369644634882756895e-01
2.267460261584975656e-01 2.440578585293615710e+00 3.054988435539839564e+00 3.367090926590025624e-01
2.263933957281721587e-01 2.434508412931267962e+00 3.050021280331158824e+00 3.364471694992931528e-01
2.260322495835370427e-01 2.428472415337817658e+00 3.045080224789917356e+00 3.361787096051273016e-01
2.256626302493618397e-01 2.422470331738641569e+00 3.040164936728157574e+00 3.359037289532239012e-01
2.252845812002116366e-01 2.416501903506266036e+00 3.035275082949801639e+00 3.356222438994558299e-01
2.248981468519264115e-01 2.410566874130711579e+00 3.030410329503257838e+00 3.353342711772287488e-01
2.245033725529260726e-01 2.404664989185670176e+00 3.025570340968686711e+00 3.350398278958234832e-01
2.241003045753432454e-01 2.398795996296191557e+00 3.020754781075684292e+00 3.347389315387017117e-01
2.236889901059866403e-01 2.392959645108974964e+00 3.015963312574475363e+00 3.344315999617759050e-01
2.232694772371370262e-01 2.387155687260302361e+00 3.011195596934293395e+00 3.341178513916437387e-01
2.228418149571785856e-01 2.381383876345731565e+00 3.006451294598973423e+00 3.337977044237861457e-01
2.224060531410683161e-01 2.375643967890232577e+00 3.001730065003629377e+00 3.334711780207311183e-01
2.219622425406455879e-01 2.369935719318849721e+00 2.997031566250856205e+00 3.331382915101817055e-01
2.215104347747852698e-01 2.364258889926076357e+00 2.992355455722731872e+00 3.327990645831094274e-01
2.210506823193961745e-01 2.358613240850494286e+00 2.987701389817025266e+00 3.324535172918134385e-01
2.205830384972684299e-01 2.352998535043609785e+00 2.983069023237167716e+00 3.321016700479451078e-01
2.201075574677717195e-01 2.347414537241789834e+00 2.978458010043962378e+00 3.317435436204989041e-01
2.196242942164077228e-01 2.341861013941230585e+00 2.973868003506269453e+00 3.313791591337690856e-01
2.191333045442194760e-01 2.336337733369908687e+00 2.969298655510819618e+00 3.310085380652736942e-01
2.186346450570604560e-01 2.330844465460395032e+00 2.964749616895013151e+00 3.306317022436448538e-01
2.181283731547261906e-01 2.325380981824268112e+00 2.960220537760565040e+00 3.302486738464865956e-01
2.176145470199511434e-01 2.319947055727265894e+00 2.955711067261707736e+00 3.298594753981997640e-01
2.170932256072743982e-01 2.314542462063379435e+00 2.951220853473314421e+00 3.294641297677748937e-01
2.165644686317769185e-01 2.309166977330097570e+00 2.946749543478903721e+00 3.290626601665531670e-01
2.160283365576926851e-01 2.303820379603672475e+00 2.942296783515576220e+00 3.286550901459558416e-01
2.154848905868980147e-01 2.298502448515816532e+00 2.937862219130612740e+00 3.282414435951819254e-01
2.149341926472806141e-01 2.293212965230443601e+00 2.933445494915330798e+00 3.278217447388752648e-01
2.143763053809931429e-01 2.287951712419725947e+00 2.929046254780599323e+00 3.273960181347607135e-01
2.138112921325930893e-01 2.282718474242909412e+00 2.924664141553296126e+00 3.269642886712500474e-01
2.132392169370725676e-01 2.277513036321010098e+00 2.920298797572208116e+00 3.265265815650179038e-01
2.126601445077810071e-01 2.272335185719291495e+00 2.915949864769399547e+00 3.260829223585474668e-01
2.120741402242445617e-01 2.267184710922954149e+00 2.911616983684933047e+00 3.256333369176477310e-01
2.114812701198846567e-01 2.262061401815402384e+00 2.907299794960013006e+00 3.251778514289408450e-01
2.108816008696391964e-01 2.256965049661971090e+00 2.902997938349411111e+00 3.247164923973212547e-01
2.102751997774896520e-01 2.251895447083851032e+00 2.898711052707574787e+00 3.242492866433862031e-01
2.096621347638975286e-01 2.246852388042436477e+00 2.894438777309434219e+00 3.237762613008383639e-01
2.090424743531533458e-01 2.241835667820314626e+00 2.890180750415656696e+00 3.232974438138611073e-01
2.084162876606407144e-01 2.236845082999095347e+00 2.885936609520815210e+00 3.228128619344656225e-01
2.077836443800205046e-01 2.231880431442252455e+00 2.881705992384732351e+00 3.223225437198122267e-01
2.071446147703363549e-01 2.226941512278572066e+00 2.877488536481304315e+00 3.218265175295040303e-01
2.064992696430465180e-01 2.222028125882804073e+00 2.873283878669636415e+00 3.213248120228552329e-01
2.058476803489846518e-01 2.217140073858056670e+00 2.869091655746524250e+00 3.208174561561329963e-01
2.051899187652528322e-01 2.212277159019697681e+00 2.864911504378736318e+00 3.203044791797742263e-01
2.045260572820502276e-01 2.207439185377921831e+00 2.860743061166167944e+00 3.197859106355768199e-01
2.038561687894412111e-01 2.202625958122478966e+00 2.856585962775263887e+00 3.192617803538666532e-01
2.031803266640658523e-01 2.197837283606387082e+00 2.852439845593381484e+00 3.187321184506402005e-01
2.024986047557962299e-01 2.193072969329466826e+00 2.848304346166960155e+00 3.181969553246826732e-01
2.018110773743416464e-01 2.188332823924683979e+00 2.844179101440717172e+00 3.176563216546631763e-01
2.011178192758072136e-01 2.183616657143308437e+00 2.840063748376026265e+00 3.171102483962062180e-01
2.004189056492077237e-01 2.178924279839856037e+00 2.835957924050547252e+00 3.165587667789408477e-01
1.997144121029416075e-01 2.174255503958199220e+00 2.831861266036665103e+00 3.160019083035272014e-01
1.990044146512271461e-01 2.169610142518791918e+00 2.827773412288151711e+00 3.154397047386608977e-01
1.982889897005050139e-01 2.164988009604647434e+00 2.823694000871770804e+00 3.148721881180561177e-01
1.975682140358103744e-01 2.160388920347705355e+00 2.819622670477046622e+00 3.142993907374069251e-01
1.968421648071182473e-01 2.155812690917706220e+00 2.815559060909772704e+00 3.137213451513287121e-01
1.961109195156648943e-01 2.151259138511330438e+00 2.811502811979026184e+00 3.131380841702785522e-01
1.953745560002486392e-01 2.146728081336077398e+00 2.807453563757012382e+00 3.125496408574553464e-01
1.946331524235142829e-01 2.142219338601115020e+00 2.803410958086342664e+00 3.119560485256811511e-01
1.938867872582238638e-01 2.137732730508772327e+00 2.799374637337009197e+00 3.113573407342629662e-01
1.931355392735168708e-01 2.133268078239742405e+00 2.795344244040545600e+00 3.107535512858355387e-01
1.923794875211635447e-01 2.128825203943237376e+00 2.791319422082030766e+00 3.101447142231861243e-01
1.916187113218150995e-01 2.124403930728272716e+00 2.787299816885167481e+00 3.095308638260610423e-01
1.908532902512530827e-01 2.120004082655033706e+00 2.783285074332383147e+00 3.089120346079552437e-01
1.900833041266424828e-01 2.115625484721315619e+00 2.779274841077399305e+00 3.082882613128843374e-01
1.893088329927905267e-01 2.111267962855781555e+00 2.775268765989015396e+00 3.076595789121399638e-01
1.885299571084151360e-01 2.106931343911591537e+00 2.771266498543677681e+00 3.070260226010290139e-01
1.877467569324266783e-01 2.102615455652274701e+00 2.767267689159316202e+00 3.063876277955970839e-01
1.869593131102258166e-01 2.098320126747342584e+00 2.763271990630344010e+00 3.057444301293367750e-01
1.861677064600202325e-01 2.094045186765246314e+00 2.759279056640129291e+00 3.050964654498805051e-01
1.853720179591640538e-01 2.089790466162193994e+00 2.755288542026207210e+00 3.044437698156788330e-01
1.845723287305231497e-01 2.085555796276715057e+00 2.751300103914892325e+00 3.037863794926651817e-01
1.837687200288695422e-01 2.081341009324117586e+00 2.747313400785982296e+00 3.031243309509066286e-01
1.829612732273073750e-01 2.077145938386873336e+00 2.743328092541779117e+00 3.024576608612413731e-01
1.821500698037340493e-01 2.072970417409709221e+00 2.739343841331421725e+00 3.017864060919030478e-01
1.813351913273400784e-01 2.068814281194134352e+00 2.735360311023694369e+00 3.011106037051336504e-01
1.805167194451497426e-01 2.064677365391284436e+00 2.731377167063779421e+00 3.004302909537832633e-01
1.796947358686067364e-01 2.060559506496038917e+00 2.727394077025866448e+00 2.997455052778996709e-01
1.788693223602065008e-01 2.056460541842720424e+00 2.723410710816957181e+00 2.990562843013054861e-01
1.780405607201792362e-01 2.052380309600382091e+00 2.719426740299260903e+00 2.983626658281656185e-01
1.772085327732264015e-01 2.048318648766953576e+00 2.715441839232955346e+00 2.976646878395440288e-01
1.763733203553135565e-01 2.044275399164507956e+00 2.711455683505477054e+00 2.969623884899513233e-01
1.755350053005222399e-01 2.040250401434695604e+00 2.707467951847428278e+00 2.962558061038823021e-01
1.746936694279636049e-01 2.036243497037566463e+00 2.703478325173608088e+00 2.955449791723449571e-01
1.738493945287575559e-01 2.032254528244093361e+00 2.699486486136907448e+00 2.948299463493808115e-01
1.730022623530797499e-01 2.028283338133157976e+00 2.695492120722535301e+00 2.941107464485782086e-01
1.721523545972780955e-01 2.024329770591687172e+00 2.691494917234130479e+00 2.933874184395763307e-01
1.712997528910639444e-01 2.020393670307055523e+00 2.687494565925759638e+00 2.926600014445636111e-01
1.704445387847779436e-01 2.016474882765747267e+00 2.683490760433924649e+00 2.919285347347685411e-01
1.695867937367355471e-01 2.012573254252561838e+00 2.679483197117395576e+00 2.911930577269447595e-01
1.687265991006534904e-01 2.008688631846354600e+00 2.675471574432295885e+00 2.904536099798498694e-01
1.678640361131603365e-01 2.004820863416531207e+00 2.671455593765840408e+00 2.897102311907195360e-01
1.669991858813929808e-01 2.000969797622818458e+00 2.667434959983271181e+00 2.889629611917355900e-01
1.661321293706828905e-01 1.997135283914408754e+00 2.663409380738186005e+00 2.882118399464904668e-01
1.652629473923339365e-01 1.993317172526676506e+00 2.659378566306087155e+00 2.874569075464477041e-01
1.643917205914937341e-01 1.989515314479713082e+00 2.655342229854626979e+00 2.866982042073979442e-01
1.635185294351214347e-01 1.985729561576423663e+00 2.651300088070215555e+00 2.859357702659125477e-01
1.626434542000549099e-01 1.981959766404076895e+00 2.647251860673585089e+00 2.851696461757938228e-01
1.617665749611784110e-01 1.978205782330263673e+00 2.643197270386301145e+00 2.843998725045234766e-01
1.608879715796945331e-01 1.974467463504446796e+00 2.639136043567288592e+00 2.836264899297089026e-01
1.600077236915009860e-01 1.970744664856917572e+00 2.635067909352745819e+00 2.828495392355280247e-01
1.591259106956756930e-01 1.967037242096522087e+00 2.630992600669430637e+00 2.820690613091727528e-01
1.582426117430721368e-01 1.963345051714366463e+00 2.626909853570130071e+00 2.812850971372924946e-01
1.573579057250270863e-01 1.959667950978565276e+00 2.622819407328117247e+00 2.804976878024372233e-01
1.564718712621822883e-01 1.956005797938527246e+00 2.618721005433183535e+00 2.797068744795006556e-01
1.555845866934224553e-01 1.952358451424263341e+00 2.614614394328641733e+00 2.789126984321639302e-01
1.546961300649321025e-01 1.948725771045024535e+00 2.610499323962929275e+00 2.781152010093408400e-01
1.538065791193727050e-01 1.945107617191217608e+00 2.606375547962338945e+00 2.773144236416244524e-01
1.529160112851819520e-01 1.941503851033877348e+00 2.602242823926431026e+00 2.765104078377357832e-01
1.520245036659966242e-01 1.937914334527988114e+00 2.598100913315360305e+00 2.757031951809741366e-01
1.511321330302025645e-01 1.934338930411478419e+00 2.593949580369680596e+00 2.748928273256712185e-01
1.502389758006112963e-01 1.930777502203755214e+00 2.589788593617342816e+00 2.740793459936476939e-01
1.493451080442671497e-01 1.927229914211571193e+00 2.585617726122715343e+00 2.732627929706742398e-01
1.484506054623846161e-01 1.923696031528659312e+00 2.581436753772937465e+00 2.724432101029355957e-01
1.475555433804186523e-01 1.920175720033964639e+00 2.577245456618409314e+00 2.716206392934994440e-01
1.466599967382699321e-01 1.916668846397372672e+00 2.573043619036085250e+00 2.707951224987905081e-01
1.457640400806257119e-01 1.913175278078655950e+00 2.568831028946262585e+00 2.699667017250698686e-01
1.448677475474380028e-01 1.909694883329755122e+00 2.564607478252860506e+00 2.691354190249194978e-01
1.439711928645404648e-01 1.906227531195712199e+00 2.560372763153166975e+00 2.683013164937328998e-01
1.430744493344060231e-01 1.902773091518363602e+00 2.556126683852387060e+00 2.674644362662128017e-01
1.421775898270461469e-01 1.899331434935997986e+00 2.551869044356081861e+00 2.666248205128755044e-01
1.412806867710525993e-01 1.895902432886163558e+00 2.547599653349294613e+00 2.657825114365621744e-01
1.403838121447834597e-01 1.892485957609226999e+00 2.543318323016811711e+00 2.649375512689579604e-01
1.394870374676950298e-01 1.889081882145944746e+00 2.539024869728269795e+00 2.640899822671195496e-01
1.385904337918197893e-01 1.885690080344110120e+00 2.534719114751544211e+00 2.632398467100106054e-01
1.376940716933925946e-01 1.882310426859219454e+00 2.530400883020142544e+00 2.623871868950469755e-01
1.367980212646249527e-01 1.878942797155690236e+00 2.526070003912783690e+00 2.615320451346497821e-01
1.359023521056293704e-01 1.875587067510965156e+00 2.521726310900343826e+00 2.606744637528092823e-01
1.350071333164945264e-01 1.872243115015149950e+00 2.517369641755230703e+00 2.598144850816583307e-01
1.341124334895122394e-01 1.868910817576051819e+00 2.512999838894334648e+00 2.589521514580562789e-01
1.332183207015566750e-01 1.865590053920269220e+00 2.508616748461920398e+00 2.580875052201836994e-01
1.323248625066164585e-01 1.862280703594210607e+00 2.504220221325052176e+00 2.572205887041475458e-01
1.314321259284820798e-01 1.858982646969526975e+00 2.499810113295468206e+00 2.563514442405991911e-01
1.305401774535873138e-01 1.855695765245029216e+00 2.495386283623678203e+00 2.554801141513633467e-01
1.296490830240061565e-01 1.852419940445538371e+00 2.490948595767403795e+00 2.546066407460793046e-01
1.287589080306061895e-01 1.849155055427164518e+00 2.486496918697539193e+00 2.537310663188547810e-01
1.278697173063585435e-01 1.845900993881752106e+00 2.482031125312447628e+00 2.528534331449333594e-01
1.269815751198052345e-01 1.842657640335213953e+00 2.477551092518287312e+00 2.519737834773741469e-01
1.260945451686843743e-01 1.839424880152339847e+00 2.473056702347426139e+00 2.510921595437463627e-01
1.252086905737131994e-01 1.836202599539891844e+00 2.468547840832739926e+00 2.502086035428370270e-01
1.243240738725297362e-01 1.832990685546497689e+00 2.464024398395624260e+00 2.493231576413728612e-01
1.234407570137937560e-01 1.829789026067404345e+00 2.459486270348717252e+00 2.484358639707578142e-01
1.225588013514469776e-01 1.826597509846454193e+00 2.454933356335516681e+00 2.475467646238251329e-01
1.216782676391322537e-01 1.823416026478377194e+00 2.450365560605519910e+00 2.466559016516047809e-01
1.207992160247725877e-01 1.820244466411891304e+00 2.445782791582032267e+00 2.457633170601062067e-01
1.199217060453103417e-01 1.817082720950084163e+00 2.441184961972767464e+00 2.448690528071180428e-01
1.190457966216065533e-01 1.813930682253955595e+00 2.436571989577502872e+00 2.439731507990239301e-01
1.181715460534990547e-01 1.810788243346162174e+00 2.431943796840624561e+00 2.430756528876339972e-01
1.172990120150223942e-01 1.807655298112562869e+00 2.427300310102605607e+00 2.421766008670350467e-01
1.164282515497861992e-01 1.804531741302731529e+00 2.422641460131282010e+00 2.412760364704565896e-01
1.155593210665145643e-01 1.801417468533716093e+00 2.417967182750103028e+00 2.403740013671555042e-01
1.146922763347448804e-01 1.798312376293124126e+00 2.413277418197989022e+00 2.394705371593182919e-01
1.138271724806864948e-01 1.795216361940082050e+00 2.408572110949689371e+00 2.385656853789816234e-01
1.129640639832382026e-01 1.792129323707505106e+00 2.403851209964285918e+00 2.376594874849710382e-01
1.121030046701660954e-01 1.789051160704037580e+00 2.399114668860466537e+00 2.367519848598592935e-01
1.112440477144396728e-01 1.785981772916979571e+00 2.394362445789988136e+00 2.358432188069435054e-01
1.103872456307267574e-01 1.782921061213604830e+00 2.389594503058425357e+00 2.349332305472416060e-01
1.095326502720463391e-01 1.779868927342431073e+00 2.384810807594356596e+00 2.340220612165083147e-01
1.086803128265799723e-01 1.776825273936429417e+00 2.380011331156158594e+00 2.331097518622719245e-01
1.078302838146398823e-01 1.773790004515054974e+00 2.375196049650611041e+00 2.321963434408904348e-01
1.069826130857946533e-01 1.770763023484529519e+00 2.370364943070008668e+00 2.312818768146292225e-01
1.061373498161506945e-01 1.767744236139555225e+00 2.365517996310085636e+00 2.303663927487586971e-01
1.052945425057896511e-01 1.764733548666903795e+00 2.360655198588437198e+00 2.294499319086733269e-01
1.044542389763612328e-01 1.761730868144609774e+00 2.355776543351301822e+00 2.285325348570321491e-01
1.036164863688306820e-01 1.758736102545118030e+00 2.350882028890917574e+00 2.276142420509211783e-01
1.027813311413797448e-01 1.755749160736916004e+00 2.345971657339203986e+00 2.266950938390371872e-01
1.019488190674606720e-01 1.752769952483445248e+00 2.341045435157606658e+00 2.257751304588934138e-01
1.011189952340031534e-01 1.749798388446696107e+00 2.336103373716372111e+00 2.248543920340485003e-01
1.002919040397726724e-01 1.746834380188377223e+00 2.331145488481004335e+00 2.239329185713577475e-01
9.946758919387918563e-02 1.743877840170081406e+00 2.326171798911817135e+00 2.230107499582466291e-01
9.864609371443591734e-02 1.740928681753973084e+00 2.321182328873591771e+00 2.220879259600079259e-01
9.782745992736734120e-02 1.737986819204545563e+00 2.316177106706629019e+00 2.211644862171222858e-01
9.701172946536486263e-02 1.735052167689493885e+00 2.311156165026221121e+00 2.202404702426019323e-01
9.619894326698995302e-02 1.732124643280564369e+00 2.306119540479509400e+00 2.193159174193587135e-01
9.538914157592293108e-02 1.729204162953351664e+00 2.301067273946939107e+00 2.183908669975955508e-01
9.458236394035665628e-02 1.726290644588886369e+00 2.295999410558830611e+00 2.174653580922219498e-01
9.377864921253474539e-02 1.723384006973399440e+00 2.290915999519096857e+00 2.165394296802948815e-01
9.297803554843231399e-02 1.720484169799116669e+00 2.285817094351431322e+00 2.156131205984834209e-01
9.218056040757841019e-02 1.717591053664920819e+00 2.280702752510972875e+00 2.146864695405586165e-01
9.138626055301871109e-02 1.714704580075491203e+00 2.275573035561131885e+00 2.137595150549078116e-01
9.059517205141813523e-02 1.711824671442600199e+00 2.270428009273676384e+00 2.128322955420747786e-01
8.980733027330148333e-02 1.708951251084554146e+00 2.265267743363279074e+00 2.119048492523253613e-01
8.902276989343060887e-02 1.706084243226345887e+00 2.260092311440174306e+00 2.109772142832379571e-01
8.824152489131731336e-02 1.703223572998818325e+00 2.254901791180612847e+00 2.100494285773200076e-01
8.746362855187091168e-02 1.700369166439419821e+00 2.249696264289584580e+00 2.091215299196509114e-01
8.668911346617833025e-02 1.697520950491121505e+00 2.244475816399519097e+00 2.081935559355504173e-01
8.591801153241626632e-02 1.694678853002687724e+00 2.239240536961641048e+00 2.072655440882737177e-01
8.515035395689331266e-02 1.691842802727079986e+00 2.233990519088345117e+00 2.063375316767326606e-01
8.438617125522074325e-02 1.689012729321034856e+00 2.228725860208396359e+00 2.054095558332434956e-01
8.362549325361105790e-02 1.686188563345953240e+00 2.223446661181235129e+00 2.044816535213013486e-01
8.286834909030280083e-02 1.683370236263908915e+00 2.218153026581971332e+00 2.035538615333823687e-01
8.211476721710907201e-02 1.680557680439607404e+00 2.212845065101350261e+00 2.026262164887716044e-01
8.136477540108949524e-02 1.677750829137842903e+00 2.207522888723848720e+00 2.016987548314186918e-01
8.061840072634370025e-02 1.674949616522193541e+00 2.202186613293365181e+00 2.007715128278209082e-01
7.987566959592494464e-02 1.672153977654603940e+00 2.196836358370218178e+00 1.998445265649336500e-01
7.913660773387172498e-02 1.669363848493437885e+00 2.191472247074211399e+00 1.989178319481083312e-01
7.840124018735622480e-02 1.666579165892384529e+00 2.186094405912435867e+00 1.979914646990574567e-01
7.766959132894844797e-02 1.663799867597771209e+00 2.180702964849877912e+00 1.970654603538484761e-01
7.694168485899362253e-02 1.661025892247686153e+00 2.175298057778213057e+00 1.961398542609247841e-01
7.621754380810183416e-02 1.658257179371013246e+00 2.169879821900834393e+00 1.952146815791550860e-01
7.549719053974784932e-02 1.655493669384109579e+00 2.164448397508309085e+00 1.942899772759107691e-01
7.478064675297958763e-02 1.652735303588933613e+00 2.159003928541091355e+00 1.933657761251711127e-01
7.406793348523374454e-02 1.649982024171812389e+00 2.153546562323763514e+00 1.924421127056571978e-01
7.335907111525710733e-02 1.647233774200477674e+00 2.148076449349525241e+00 1.915190213989945989e-01
7.265407936613095530e-02 1.644490497621959424e+00 2.142593743433110376e+00 1.905965363879036367e-01
7.195297730839750328e-02 1.641752139260141075e+00 2.137098601697977607e+00 1.896746916544185535e-01
7.125578336328683426e-02 1.639018644813544423e+00 2.131591184256074634e+00 1.887535209781354417e-01
7.056251530604246147e-02 1.636289960851621705e+00 2.126071654516322074e+00 1.878330579344893447e-01
6.987319026934273036e-02 1.633566034813653811e+00 2.120540179013765680e+00 1.869133358930586408e-01
6.918782474681850481e-02 1.630846815004332040e+00 2.114996927183978137e+00 1.859943880159002361e-01
6.850643459666280743e-02 1.628132250591778796e+00 2.109442071761350679e+00 1.850762472559118188e-01
6.782903504533260852e-02 1.625422291604554870e+00 2.103875788140971537e+00 1.841589463552240902e-01
6.715564069134043190e-02 1.622716888927256962e+00 2.098298254829460863e+00 1.832425178436222490e-01
6.648626550913323829e-02 1.620015994299174089e+00 2.092709653468517228e+00 1.823269940369955655e-01
6.582092285305755908e-02 1.617319560309900206e+00 2.087110168068889493e+00 1.814124070358165419e-01
6.515962546140920131e-02 1.614627540395129124e+00 2.081499985575188116e+00 1.804987887236493282e-01
6.450238546056491495e-02 1.611939888834332590e+00 2.075879296091673876e+00 1.795861707656868922e-01
6.384921436919570314e-02 1.609256560747329923e+00 2.070248292190190575e+00 1.786745846073186095e-01
6.320012310255719579e-02 1.606577512089379933e+00 2.064607169010675314e+00 1.777640614727245549e-01
6.255512197685868248e-02 1.603902699648108499e+00 2.058956124391113640e+00 1.768546323635016848e-01
6.191422071370644709e-02 1.601232081039041022e+00 2.053295358930765868e+00 1.759463280573175803e-01
6.127742844462120281e-02 1.598565614702734727e+00 2.047625075673313422e+00 1.750391791065948888e-01
6.064475371562570022e-02 1.595903259899122073e+00 2.041945480101526655e+00 1.741332158372228822e-01
6.001620449190338269e-02 1.593244976704615290e+00 2.036256780308312031e+00 1.732284683473004905e-01
5.939178816252412008e-02 1.590590726007040434e+00 2.030559186572011843e+00 1.723249665059072566e-01
5.877151154523672233e-02 1.587940469501198715e+00 2.024852911900384633e+00 1.714227399519047401e-01
5.815538089132427091e-02 1.585294169685741883e+00 2.019138171476421384e+00 1.705218180927652871e-01
5.754340189052332966e-02 1.582651789856712066e+00 2.013415182372067402e+00 1.696222301034320812e-01
5.693557967600271913e-02 1.580013294103412402e+00 2.007684164426414952e+00 1.687240049252072549e-01
5.633191882940127154e-02 1.577378647305069714e+00 2.001945339697805970e+00 1.678271712646692837e-01
5.573242338592298423e-02 1.574747815124724060e+00 1.996198931947050115e+00 1.669317575926207442e-01
5.513709683948597728e-02 1.572120764004068416e+00 1.990445167280156413e+00 1.660377921430629955e-01
5.454594214792590767e-02 1.569497461159624629e+00 1.984684273897203699e+00 1.651453029122020022e-01
5.395896173825027314e-02 1.566877874576682927e+00 1.978916481868334021e+00 1.642543176574824126e-01
5.337615751194273173e-02 1.564261973004703155e+00 1.973142023363152253e+00 1.633648638966511968e-01
5.279753085031441140e-02 1.561649725952063639e+00 1.967361132432512649e+00 1.624769689068490952e-01
5.222308261990211281e-02 1.559041103680703699e+00 1.961574044920040727e+00 1.615906597237323494e-01
5.165281317791033111e-02 1.556436077200578527e+00 1.955780998547300698e+00 1.607059631406226596e-01
5.108672237769629892e-02 1.553834618264618550e+00 1.949982232769538859e+00 1.598229057076868131e-01
5.052480957429442837e-02 1.551236699362695148e+00 1.944177988857269224e+00 1.589415137311432913e-01
4.996707362998110274e-02 1.548642293716885110e+00 1.938368509576702259e+00 1.580618132724996572e-01
4.941351291987590433e-02 1.546051375274348327e+00 1.932554039363228560e+00 1.571838301478175326e-01
4.886412533757813342e-02 1.543463918703233739e+00 1.926734824723278061e+00 1.563075899270059965e-01
4.831890830083791777e-02 1.540879899386949470e+00 1.920911112952821798e+00 1.554331179331449875e-01
4.777785875725764492e-02 1.538299293415690938e+00 1.915083152976181813e+00 1.545604392418345185e-01
4.724097319002530659e-02 1.535722077583660417e+00 1.909251195868996387e+00 1.536895786805750064e-01
4.670824762367514066e-02 1.533148229382378380e+00 1.903415493332541342e+00 1.528205608281738015e-01
4.617967762987618130e-02 1.530577726992741638e+00 1.897576298397052552e+00 1.519534100141819444e-01
4.565525833324456106e-02 1.528010549280802266e+00 1.891733866054763125e+00 1.510881503183564845e-01
4.513498441718054310e-02 1.525446675791988671e+00 1.885888452080465072e+00 1.502248055701529972e-01
4.461885012972668235e-02 1.522886086742934353e+00 1.880040313242031136e+00 1.493633993482450795e-01
4.410684928944621358e-02 1.520328763016488116e+00 1.874189708023287437e+00 1.485039549800715175e-01
4.359897529132045896e-02 1.517774686156012853e+00 1.868336895761824490e+00 1.476464955414121261e-01
4.309522111266201466e-02 1.515223838357540931e+00 1.862482136605149385e+00 1.467910438559894004e-01
4.259557931904438266e-02 1.512676202464008357e+00 1.856625691919228549e+00 1.459376224950995615e-01
4.210004207024450884e-02 1.510131761958832364e+00 1.850767824226364988e+00 1.450862537772695249e-01
4.160860112619824830e-02 1.507590500959989921e+00 1.844908796829385800e+00 1.442369597679427073e-01
4.112124785296512181e-02 1.505052404212405603e+00 1.839048873661726979e+00 1.433897622791897863e-01
4.063797322870322387e-02 1.502517457081620655e+00 1.833188319739133210e+00 1.425446828694483803e-01
4.015876784965095869e-02 1.499985645547740498e+00 1.827327400811477043e+00 1.417017428432885418e-01
3.968362193611539579e-02 1.497456956198019773e+00 1.821466383283155688e+00 1.408609632512063115e-01
3.921252533846377591e-02 1.494931376220632435e+00 1.815605534371327323e+00 1.400223648894414474e-01
3.874546754311934682e-02 1.492408893397846104e+00 1.809745121781017430e+00 1.391859682998242143e-01
3.828243767855792068e-02 1.489889496098816046e+00 1.803885413733679721e+00 1.383517937696470967e-01
3.782342452130463273e-02 1.487373173272942051e+00 1.798026679307306752e+00 1.375198613315629925e-01
3.736841650192954112e-02 1.484859914443845019e+00 1.792169187805132013e+00 1.366901907635100499e-01
3.691740171103979201e-02 1.482349709700761187e+00 1.786313208814961806e+00 1.358628015886610974e-01
3.647036790526818339e-02 1.479842549692822695e+00 1.780459012904151095e+00 1.350377130754001342e-01
3.602730251325580307e-02 1.477338425622761520e+00 1.774606870542271730e+00 1.342149442373236634e-01
3.558819264162813717e-02 1.474837329237824957e+00 1.768757052377928352e+00 1.333945138332685298e-01
3.515302508096194295e-02 1.472339252824488964e+00 1.762909829722180577e+00 1.325764403673630465e-01
3.472178631174349661e-02 1.469844189200993023e+00 1.757065473705046843e+00 1.317607420891053760e-01
3.429446251031528781e-02 1.467352131709483087e+00 1.751224255892242843e+00 1.309474369934656157e-01
3.387103955481098744e-02 1.464863074210612348e+00 1.745386448093451559e+00 1.301365428210135566e-01
3.345150303107612827e-02 1.462377011075162381e+00 1.739552321700871707e+00 1.293280770580698957e-01
3.303583823857483837e-02 1.459893937176688805e+00 1.733722148479922565e+00 1.285220569368830945e-01
3.262403019628017098e-02 1.457413847885743019e+00 1.727896200217215572e+00 1.277184994358299130e-01
3.221606364854730231e-02 1.454936739061508444e+00 1.722074748138064493e+00 1.269174212796401469e-01
3.181192307096868815e-02 1.452462607044343823e+00 1.716258063942973422e+00 1.261188389396458998e-01
3.141159267620891038e-02 1.449991448650760129e+00 1.710446419321898448e+00 1.253227686340533109e-01
3.101505641981956024e-02 1.447523261164544106e+00 1.704640084868322303e+00 1.245292263282390260e-01
3.062229800603192761e-02 1.445058042328529080e+00 1.698839331486205806e+00 1.237382277350696641e-01
3.023330089352713884e-02 1.442595790340201800e+00 1.693044430065840267e+00 1.229497883152450566e-01
2.984804830118141863e-02 1.440136503842559090e+00 1.687255650604817081e+00 1.221639232776629141e-01
2.946652321378720463e-02 1.437680181917168953e+00 1.681473262872010155e+00 1.213806475798082235e-01
2.908870838774749862e-02 1.435226824077197927e+00 1.675697536377044550e+00 1.205999759281640576e-01
2.871458635674356899e-02 1.432776430260503275e+00 1.669928740057485150e+00 1.198219227786459090e-01
2.834413943737366243e-02 1.430329000821839669e+00 1.664167142314023407e+00 1.190465023370566311e-01
2.797734973476337025e-02 1.427884536526200954e+00 1.658413010961605316e+00 1.182737285595650972e-01
2.761419914814536997e-02 1.425443038541018392e+00 1.652666613086003045e+00 1.175036151532057593e-01
2.725466937640822623e-02 1.423004508429217774e+00 1.646928215548104424e+00 1.167361755764001058e-01
2.689874192361348115e-02 1.420568948143066557e+00 1.641198084090425890e+00 1.159714230395002960e-01
2.654639810447900067e-02 1.418136360014691677e+00 1.635476483881273646e+00 1.152093705053521266e-01
2.619761904982947573e-02 1.415706746751722145e+00 1.629763679372069118e+00 1.144500306898811465e-01
2.585238571201166347e-02 1.413280111427502650e+00 1.624059933590328075e+00 1.136934160626983381e-01
2.551067887027463899e-02 1.410856457474825243e+00 1.618365509706000571e+00 1.129395388477273665e-01
2.517247913611298307e-02 1.408435788680906686e+00 1.612680669701984648e+00 1.121884110238508120e-01
2.483776695857358233e-02 1.406018109177320063e+00 1.607005673738668206e+00 1.114400443255780110e-01
2.450652262952415436e-02 1.403603423433313235e+00 1.601340781875204788e+00 1.106944502437320760e-01
2.417872628888348766e-02 1.401191736250935627e+00 1.595686253113550279e+00 1.099516400261576071e-01
2.385435792981161623e-02 1.398783052755682821e+00 1.590042344752612413e+00 1.092116246784462369e-01
2.353339740386063694e-02 1.396377378389935586e+00 1.584409313543244879e+00 1.084744149646833522e-01
2.321582442608432703e-02 1.393974718907119881e+00 1.578787414842433012e+00 1.077400214082128577e-01
2.290161858010630533e-02 1.391575080362839278e+00 1.573176902808067323e+00 1.070084542924209930e-01
2.259075932314648372e-02 1.389178469109784597e+00 1.567578030675374379e+00 1.062797236615397045e-01
2.228322599100398052e-02 1.386784891789803575e+00 1.561991049866662484e+00 1.055538393214666137e-01
2.197899780299742561e-02 1.384394355326436177e+00 1.556416210590785720e+00 1.048308108406050265e-01
2.167805386686089825e-02 1.382006866918879862e+00 1.550853761986874302e+00 1.041106475507209972e-01
2.138037318359568839e-02 1.379622434035091105e+00 1.545303951606430859e+00 1.033933585478189476e-01
2.108593465227633773e-02 1.377241064404445492e+00 1.539767025439195747e+00 1.026789526930332874e-01
2.079471707481180681e-02 1.374862766011092807e+00 1.534243228387804914e+00 1.019674386135392963e-01
2.050669916066002324e-02 1.372487547088128590e+00 1.528732803631374759e+00 1.012588247034796052e-01
2.022185953149602949e-02 1.370115416109316309e+00 1.523235992329388999e+00 1.005531191249083717e-01
1.994017672583315096e-02 1.367746381782632081e+00 1.517753034525293421e+00 9.985032980875213626e-02
1.966162920359619884e-02 1.365380453044687137e+00 1.512284168765822390e+00 9.915046445578608314e-02
1.938619535064713476e-02 1.363017639053363927e+00 1.506829631601326103e+00 9.845353053762757878e-02
1.911385348326218037e-02 1.360657949181041992e+00 1.501389657926665677e+00 9.775953529774519812e-02
1.884458185256032009e-02 1.358301393008363833e+00 1.495964480921873729e+00 9.706848575248384903e-02
1.857835864888219765e-02 1.355947980317469659e+00 1.490554331926259968e+00 9.638038869210426018e-02
1.831516200612006220e-02 1.353597721085600947e+00 1.485159440590726021e+00 9.569525068183912242e-02
1.805497000599748381e-02 1.351250625478933820e+00 1.479780034625161944e+00 9.501307806296321878e-02
1.779776068229928579e-02 1.348906703845670796e+00 1.474416339869133230e+00 9.433387695387931982e-02
1.754351202505043117e-02 1.346565966710251860e+00 1.469068580259088153e+00 9.365765325121709617e-02
1.729220198464476860e-02 1.344228424766536811e+00 1.463736977469595413e+00 9.298441263094790743e-02
1.704380847592240622e-02 1.341894088871239621e+00 1.458421751500716734e+00 9.231416054951267769e-02
1.679830938219595976e-02 1.339562970038880696e+00 1.453123120561855774e+00 9.164690224496395421e-02
1.655568255922548054e-02 1.337235079435076912e+00 1.447841300217161509e+00 9.098264273812198266e-02
1.631590583914122039e-02 1.334910428369390889e+00 1.442576504014212224e+00 9.032138683374281440e-02
1.607895703431501400e-02 1.332589028290510846e+00 1.437328943829738970e+00 8.966313912170098543e-02
1.584481394117933858e-02 1.330270890780187898e+00 1.432098829088226388e+00 8.900790397818425514e-02
1.561345434399439951e-02 1.327956027546518980e+00 1.426886366820227625e+00 8.835568556690169550e-02
1.538485601856239351e-02 1.325644450418243414e+00 1.421691762022547323e+00 8.770648784030288247e-02
1.515899673588980839e-02 1.323336171339158929e+00 1.416515217648205427e+00 8.706031454081075704e-02
1.493585426579678924e-02 1.321031202362572765e+00 1.411356933936527724e+00 8.641716920206536645e-02
1.471540638047416638e-02 1.318729555644145623e+00 1.406217109008788935e+00 8.577705515018035909e-02
1.449763085798718570e-02 1.316431243438104470e+00 1.401095938618616144e+00 8.513997550500936040e-02
1.428250548572695955e-02 1.314136278089601317e+00 1.395993616050896557e+00 8.450593318142507471e-02
1.407000806380878481e-02 1.311844672030870740e+00 1.390910332635336699e+00 8.387493089060873985e-02
1.386011640841756237e-02 1.309556437775086790e+00 1.385846276541425670e+00 8.324697114135012899e-02
1.365280835510058501e-02 1.307271587909599742e+00 1.380801633825680552e+00 8.262205624135901538e-02
1.344806176200689235e-02 1.304990135092696013e+00 1.375776588245930743e+00 8.200018829858529701e-02
1.324585451307427365e-02 1.302712092046515391e+00 1.370771320420875128e+00 8.138136922255079231e-02
1.304616452116307349e-02 1.300437471551867841e+00 1.365786009193862283e+00 8.076560072568975124e-02
1.284896973113747003e-02 1.298166286444815576e+00 1.360820830688074246e+00 8.015288432469996893e-02
1.265424812289360317e-02 1.295898549609240780e+00 1.355875957452573610e+00 7.954322134190192073e-02
1.246197771433536251e-02 1.293634273971483006e+00 1.350951560466210344e+00 7.893661290660805574e-02
1.227213656429740514e-02 1.291373472498165365e+00 1.346047808298645787e+00 7.833305995650050035e-02
1.208470277541588006e-02 1.289116158188851724e+00 1.341164865626966352e+00 7.773256323901804599e-02
1.189965449694637030e-02 1.286862344070359487e+00 1.336302894977873024e+00 7.713512331275024225e-02
1.171696992752997539e-02 1.284612043193985809e+00 1.331462056823684570e+00 7.654074054884096867e-02
1.153662731790705380e-02 1.282365268630205390e+00 1.326642508056041558e+00 7.594941513239931996e-02
1.135860497357901386e-02 1.280122033462278042e+00 1.321844402942974339e+00 7.536114706391820739e-02
1.118288125741852615e-02 1.277882350783535070e+00 1.317067893350961416e+00 7.477593616070121740e-02
1.100943459222759012e-02 1.275646233691684950e+00 1.312313127765031062e+00 7.419378205829511852e-02
1.083824346324466226e-02 1.273413695283870828e+00 1.307580252576636459e+00 7.361468421193105571e-02
1.066928642060025953e-02 1.271184748654328622e+00 1.302869410894405888e+00 7.303864189797158735e-02
1.050254208172169725e-02 1.268959406886677632e+00 1.298180742338253646e+00 7.246565421536500795e-02
1.033798913368672717e-02 1.266737683051293084e+00 1.293514384810634299e+00 7.189572008710506945e-02
1.017560633552681316e-02 1.264519590202068278e+00 1.288870473047114995e+00 7.132883826169754415e-02
1.001537252047999225e-02 1.262305141370414496e+00 1.284249138351729158e+00 7.076500731463253313e-02
9.857266598193725401e-03 1.260094349561578397e+00 1.279650509251261337e+00 7.020422564986286695e-02
9.701267556877623405e-03 1.257887227750396741e+00 1.275074711446898323e+00 6.964649150128678079e-02
9.547354465406885857e-03 1.255683788877661744e+00 1.270521867768051871e+00 6.909180293423701491e-02
9.395506475376369862e-03 1.253484045845927763e+00 1.265992098195068971e+00 6.854015784697453650e-02
9.245702823105569554e-03 1.251288011516094478e+00 1.261485519503218633e+00 6.799155397218675789e-02
9.097922831595122231e-03 1.249095698702527457e+00 1.257002245118465478e+00 6.744598887849122260e-02
8.952145912434553154e-03 1.246907120169477245e+00 1.252542386086983095e+00 6.690345997194223349e-02
8.808351567662299833e-03 1.244722288628657081e+00 1.248106050404400147e+00 6.636396449754301818e-02
8.666519391577743453e-03 1.242541216734216469e+00 1.243693342565914239e+00 6.582749954076086429e-02
8.526629072506095725e-03 1.240363917079435607e+00 1.239304364248104973e+00 6.529406202904708412e-02
8.388660394515785532e-03 1.238190402193459771e+00 1.234939214438920407e+00 6.476364873335883898e-02
8.252593239089500710e-03 1.236020684538442937e+00 1.230597988887087268e+00 6.423625626968582081e-02
8.118407586748683721e-03 1.233854776505142192e+00 1.226280779798784693e+00 6.371188110057920961e-02
7.986083518631991243e-03 1.231692690409523783e+00 1.221987676943726786e+00 6.319051953668362864e-02
7.855601218028295321e-03 1.229534438491078685e+00 1.217718766828759458e+00 6.267216773827236076e-02
7.726940971864083851e-03 1.227380032907639640e+00 1.213474132956812612e+00 6.215682171678376527e-02
7.600083172146303821e-03 1.225229485734459667e+00 1.209253856076064837e+00 6.164447733636121973e-02
7.475008317360499858e-03 1.223082808959724321e+00 1.205058013060360977e+00 6.113513031539435233e-02
7.351697013825073818e-03 1.220940014481220359e+00 1.200886678200532076e+00 6.062877622806300132e-02
7.230129977001498870e-03 1.218801114104952621e+00 1.196739922989090710e+00 6.012541050588136871e-02
7.110288032761592249e-03 1.216666119541432334e+00 1.192617815716065621e+00 5.962502843924517848e-02
6.992152118611657564e-03 1.214535042403517506e+00 1.188520421517643921e+00 5.912762517897898057e-02
6.875703284874423900e-03 1.212407894202944147e+00 1.184447802202038602e+00 5.863319573788564748e-02
6.760922695828572651e-03 1.210284686347912197e+00 1.180400017261719281e+00 5.814173499229521869e-02
6.647791630807003971e-03 1.208165430142021712e+00 1.176377122781906648e+00 5.765323768361584056e-02
6.536291485253719648e-03 1.206050136779514448e+00 1.172379171498703743e+00 5.716769841988445650e-02
6.426403771740008507e-03 1.203938817344489154e+00 1.168406213946653782e+00 5.668511167731792033e-02
6.318110120940398367e-03 1.201831482808816132e+00 1.164458297093117656e+00 5.620547180186462322e-02
6.211392282568544559e-03 1.199728144028414212e+00 1.160535464830621644e+00 5.572877301075515599e-02
6.106232126273907629e-03 1.197628811742398991e+00 1.156637758747210754e+00 5.525500939405361689e-02
6.002611642499322553e-03 1.195533496571167476e+00 1.152765216971815665e+00 5.478417491620788532e-02
5.900512943300218437e-03 1.193442209013095612e+00 1.148917874550527074e+00 5.431626341759997201e-02
5.799918263125505152e-03 1.191354959443579498e+00 1.145095764297825447e+00 5.385126861609439153e-02
5.700809959561127863e-03 1.189271758113698674e+00 1.141298915755784016e+00 5.338918410858667363e-02
5.603170514036336265e-03 1.187192615147067087e+00 1.137527355519662553e+00 5.293000337255013288e-02
5.506982532493399744e-03 1.185117540539325942e+00 1.133781107524188592e+00 5.247371976758175016e-02
5.412228746020926289e-03 1.183046544155704316e+00 1.130060192708548961e+00 5.202032653694575737e-02
5.318892011451634323e-03 1.180979635729884292e+00 1.126364629712983900e+00 5.156981680911632698e-02
5.226955311924757000e-03 1.178916824863159629e+00 1.122694434170272482e+00 5.112218359931799960e-02
5.136401757413681761e-03 1.176858121021842729e+00 1.119049618681840164e+00 5.067741981106418936e-02
5.047214585219331716e-03 1.174803533536478373e+00 1.115430193672854120e+00 5.023551823769379504e-02
4.959377160429529960e-03 1.172753071601165376e+00 1.111836166733434439e+00 4.979647156390465401e-02
4.872872976345178631e-03 1.170706744271426070e+00 1.108267542884257661e+00 4.936027236728530304e-02
4.787685654873455668e-03 1.168664560464184765e+00 1.104724324540837355e+00 4.892691311984364438e-02
4.703798946888688472e-03 1.166626528955624131e+00 1.101206511568291635e+00 4.849638618953317631e-02
4.621196732561131705e-03 1.164592658381361501e+00 1.097714101836643641e+00 4.806868384177546971e-02
4.539863021654449819e-03 1.162562957235536931e+00 1.094247090246669218e+00 4.764379824098016747e-02
4.459781953792158436e-03 1.160537433868989998e+00 1.090805469355500046e+00 4.722172145206143812e-02
4.380937798693647356e-03 1.158516096489748959e+00 1.087389230035699761e+00 4.680244544195125145e-02
4.303314956380034986e-03 1.156498953162634846e+00 1.083998360383464199e+00 4.638596208110830343e-02
4.226897957350664314e-03 1.154486011807503543e+00 1.080632846197600694e+00 4.597226314502399908e-02
4.151671462730461594e-03 1.152477280199927012e+00 1.077292671674856095e+00 4.556134031572414700e-02
4.077620264388705056e-03 1.150472765970923517e+00 1.073977818680921237e+00 4.515318518326644909e-02
4.004729285029833344e-03 1.148472476606157144e+00 1.070688267100836200e+00 4.474778924723451373e-02
3.932983578256422051e-03 1.146476419446445183e+00 1.067423994888244909e+00 4.434514391822638735e-02
3.862368328605219128e-03 1.144484601687091319e+00 1.064184978304713036e+00 4.394524051933963033e-02
3.792868851556428257e-03 1.142497030378929912e+00 1.060971192062952095e+00 4.354807028765125820e-02
3.724470593516862951e-03 1.140513712427972504e+00 1.057782609092835502e+00 4.315362437569330439e-02
3.657159131777285802e-03 1.138534654595996232e+00 1.054619200279285129e+00 4.276189385292287343e-02
3.590920174444642374e-03 1.136559863499679413e+00 1.051480935506551750e+00 4.237286970718789209e-02
3.525739560349421334e-03 1.134589345613364886e+00 1.048367783813053178e+00 4.198654284618716370e-02
3.461603258928839036e-03 1.132623107268498908e+00 1.045279712187173526e+00 4.160290409892582891e-02
3.398497370086023782e-03 1.130661154653954892e+00 1.042216687095131711e+00 4.122194421716438018e-02
3.336408124025998581e-03 1.128703493818600911e+00 1.039178673611500070e+00 4.084365387686316601e-02
3.275321881068687067e-03 1.126750130669843308e+00 1.036165635549225694e+00 4.046802367962071961e-02
3.215225131439482936e-03 1.124801070976483519e+00 1.033177537308561877e+00 4.009504415410639760e-02
3.156104495037924569e-03 1.122856320370979821e+00 1.030214342243262582e+00 3.972470575748752314e-02
3.097946721184685615e-03 1.120915884348973934e+00 1.027276012453240073e+00 3.935699887684962484e-02
3.040738688347667355e-03 1.118979768271148423e+00 1.024362510437144547e+00 3.899191383061152011e-02
2.984467403847383248e-03 1.117047977366062206e+00 1.021473799053279397e+00 3.862944086993353593e-02
2.929120003542276182e-03 1.115120516731886280e+00 1.018609840597843430e+00 3.826957018012010908e-02
2.874683751494160142e-03 1.113197391337366060e+00 1.015770597722380986e+00 3.791229188201473282e-02
2.821146039614567773e-03 1.111278606025373872e+00 1.012956034177571407e+00 3.755759603338962305e-02
2.768494387292159530e-03 1.109364165515303480e+00 1.010166114308157281e+00 3.720547263032791818e-02
2.716716441001778160e-03 1.107454074405568756e+00 1.007400803333523998e+00 3.685591160859936349e-02
2.665799973895603865e-03 1.105548337176512685e+00 1.004660067400967582e+00 3.650890284502948668e-02
2.615732885376646950e-03 1.103646958192958882e+00 1.001943874777203813e+00 3.616443615886087010e-02
2.566503200655300462e-03 1.101749941709422087e+00 9.992521958305899954e-01 3.582250131310835833e-02
2.518099070289128889e-03 1.099857291872536891e+00 9.965850024327000956e-01 3.548308801590645961e-02
2.470508769706510933e-03 1.097969012725030336e+00 9.939422691745201099e-01 3.514618592185012047e-02
2.423720698714310236e-03 1.096085108210465675e+00 9.913239739585102406e-01 3.481178463332718770e-02
2.377723380990289220e-03 1.094205582178280345e+00 9.887300979234919796e-01 3.447987370184445177e-02
2.332505463560425197e-03 1.092330438388285252e+00 9.861606255879007410e-01 3.415044262934541219e-02
2.288055716261735463e-03 1.090459680515888152e+00 9.836155457963745574e-01 3.382348086952121496e-02
2.244363031190786586e-03 1.088593312158331550e+00 9.810948524067053533e-01 3.349897782911283317e-02
2.201416422138552289e-03 1.086731336841128215e+00 9.785985446945336674e-01 3.317692286920648215e-02
2.159205024011810747e-03 1.084873758024954560e+00 9.761266276472606584e-01 3.285730530652057613e-02
2.117718092241580030e-03 1.083020579112516479e+00 9.736791126226114201e-01 3.254011441468498966e-02
2.076945002178970292e-03 1.081171803456579150e+00 9.712560184052310142e-01 3.222533942551242259e-02
2.036875248478753255e-03 1.079327434368709815e+00 9.688573720652570165e-01 3.191296953026115379e-02
1.997498444471175472e-03 1.077487475128788619e+00 9.664832094968428544e-01 3.160299388089026634e-02
1.958804321522259525e-03 1.075651928994604489e+00 9.641335763802720837e-01 3.129540159130618504e-02
1.920782728383090172e-03 1.073820799213019095e+00 9.618085294021593290e-01 3.099018173860142167e-02
1.883423630528283836e-03 1.071994089031686359e+00 9.595081370311411284e-01 3.068732336428418167e-02
1.846717109484201109e-03 1.070171801711477633e+00 9.572324812495420776e-01 3.038681547550023399e-02
1.810653362147128867e-03 1.068353940541266756e+00 9.549816591334814309e-01 3.008864704624593725e-02
1.775222700091871322e-03 1.066540508853093483e+00 9.527557829746797768e-01 2.979280701857305036e-02
1.740415548870978329e-03 1.064731510036903028e+00 9.505549833960931227e-01 2.949928430378420327e-02
1.706222447305142005e-03 1.062926947561340096e+00 9.483794115120309787e-01 2.920806778362051992e-02
1.672634046764947917e-03 1.061126824992231876e+00 9.462292386566044655e-01 2.891914631144000200e-02
1.639641110444390888e-03 1.059331146012527425e+00 9.441046614618870958e-01 2.863250871338722525e-02
1.607234512626505834e-03 1.057539914450017937e+00 9.420059037581867134e-01 2.834814378955442110e-02
1.575405237941360182e-03 1.055753134300409402e+00 9.399332174215535574e-01 2.806604031513316305e-02
1.544144380616845448e-03 1.053970809756223259e+00 9.378868884129465400e-01 2.778618704155758762e-02
1.513443143722516910e-03 1.052192945240751687e+00 9.358672393347118312e-01 2.750857269763843163e-02
1.483292838406821603e-03 1.050419545441215297e+00 9.338746327441914685e-01 2.723318599068810450e-02
1.453684883127997606e-03 1.048650615348382331e+00 9.319094772225480217e-01 2.696001560763641031e-02
1.424610802879014990e-03 1.046886160300469992e+00 9.299722316423251200e-01 2.668905021613746792e-02
1.396062228406813209e-03 1.045126186030071569e+00 9.280634115990473720e-01 2.642027846566736421e-02
1.368030895426153261e-03 1.043370698719345624e+00 9.261835968406819664e-01 2.615368898861261324e-02
1.340508643828350246e-03 1.041619705059985801e+00 9.243334378945482488e-01 2.588927040134918894e-02
1.313487416885225894e-03 1.039873212319883278e+00 9.225136655959615961e-01 2.562701130531246443e-02
1.286959260448539751e-03 1.038131228419877372e+00 9.207251021999676155e-01 2.536690028805786007e-02
1.260916322145173765e-03 1.036393762020003662e+00 9.189686722775095573e-01 2.510892592431199222e-02
1.235350850568372105e-03 1.034660822615314668e+00 9.172454171048546323e-01 2.485307677701467308e-02
1.210255194465260659e-03 1.032932420647544314e+00 9.155565106155653110e-01 2.459934139835110237e-02
1.185621801920985980e-03 1.031208567629064543e+00 9.139032776127022917e-01 2.434770833077505581e-02
1.161443219539669064e-03 1.029489276286727595e+00 9.122872171624374360e-01 2.409816610802229669e-02
1.137712091622502045e-03 1.027774560727355624e+00 9.107100274347490476e-01 2.385070325611492528e-02
1.114421159343131126e-03 1.026064436625583332e+00 9.091736362956993611e-01 2.360530829435543779e-02
1.091563259920727558e-03 1.024358921443748738e+00 9.076802377128343480e-01 2.336196973631212911e-02
1.069131325790861810e-03 1.022658034684583050e+00 9.062323350443421965e-01 2.312067609079437869e-02
1.047118383774482773e-03 1.020961798188371850e+00 9.048327937026274803e-01 2.288141586281848550e-02
1.025517554245262411e-03 1.019270236479859149e+00 9.034849030182133811e-01 2.264417755456424666e-02
1.004322050295436419e-03 1.017583377176260795e+00 9.021924521687314513e-01 2.240894966632122481e-02
9.835251769005101501e-04 1.015901251470578082e+00 9.009598233565230263e-01 2.217572069742616142e-02
9.631203300829307501e-04 1.014223894707424023e+00 8.997921064053795437e-01 2.194447914719019690e-02
9.431009960750386329e-04 1.012551347073240127e+00 8.986952391756822811e-01 2.171521351581695569e-02
9.234607504814155900e-04 1.010883654426293132e+00 8.976761835179322135e-01 2.148791230531034782e-02
9.041932574409455902e-04 1.009220869306339807e+00 8.967431481956228412e-01 2.126256402037329102e-02
8.852922687887156573e-04 1.007563052170569184e+00 8.959058697261543802e-01 2.103915716929644075e-02
8.667516232180109666e-04 1.005910272916344050e+00 8.951759723473374786e-01 2.081768026483751810e-02
8.485652454425436945e-04 1.004262612777107044e+00 8.945674359241788665e-01 2.059812182509055539e-02
8.307271453591762644e-04 1.002620166706201132e+00 8.940972085156082549e-01 2.038047037434583333e-02
8.132314172112855731e-04 1.000983046404686938e+00 8.937860179630829904e-01 2.016471444394000653e-02
7.960722387529588001e-04 9.993513842115524515e-01 8.936594652787908100e-01 1.995084257309649028e-02
7.792438704142364480e-04 9.977253381708074409e-01 8.937495192362548968e-01 1.973884330975648332e-02
7.627406544674971561e-04 9.961050987240814836e-01 8.940965928425258502e-01 1.952870521139966897e-02
7.465570141952695407e-04 9.944908976941556622e-01 8.947524859333000347e-01 1.932041684585596164e-02
7.306874530595494502e-04 9.928830205638665696e-01 8.957846480378133247e-01 1.911396679210714683e-02
7.151265538728427285e-04 9.912818236113191128e-01 8.972825049832837685e-01 1.890934364107917445e-02
6.998689779710399539e-04 9.896877583862424554e-01 8.993671196345784935e-01 1.870653599642434911e-02
6.849094643883514881e-04 9.881014076441355654e-01 9.022064444447496223e-01 1.850553247529440268e-02
6.702428290343900039e-04 9.865235398180990378e-01 9.060403529982421489e-01 1.830632170910352630e-02
6.558639638736061660e-04 9.849551947851843403e-01 9.112236965644077147e-01 1.810889234428221528e-02
6.417678361071560682e-04 9.833978252860421376e-01 9.183047582547269050e-01 1.791323304302096242e-02
6.279494873574169430e-04 9.818535438186432041e-01 9.281789905896096204e-01 1.771933248400481969e-02
6.144040328552380966e-04 9.803255862826962819e-01 9.424205382424919453e-01 1.752717936313824207e-02
6.011266606300723521e-04 9.788192712697987297e-01 9.640991648529151359e-01 1.733676239426024460e-02
5.881126307031434757e-04 9.773442751367140691e-01 1.000250114499068976e+00 1.714807030985036895e-02
5.753572742837232031e-04 9.759212966843855419e-01 1.072791097146071015e+00 1.696109186172463368e-02
5.628559929687026141e-04 9.746110292101993755e-01 1.152960775877284627e+00 1.677581582172239100e-02
5.506042579455394962e-04 9.733811107847272215e-01 1.215186077164288614e+00 1.659223098238358368e-02
