3.817135453987002824e-02 1.322284044862984587e+01 1.486856887445424213e+01 1.381509220741396760e-01
3.866089700537378437e-02 1.309450661929077242e+01 1.443340083840849353e+01 1.390339832655559382e-01
3.915494522772216407e-02 1.296598972817464279e+01 1.390691199124298372e+01 1.399195219183552163e-01
3.965351177078074718e-02 1.283609900708959906e+01 1.342227078848912392e+01 1.408075135970746905e-01
4.015660874116574325e-02 1.270687373985688495e+01 1.312059533082229734e+01 1.416979335437989762e-01
4.066424778021564268e-02 1.257897598042195320e+01 1.288954320249357721e+01 1.425907566783619351e-01
4.117644005596691331e-02 1.245268855743814562e+01 1.269467169476513035e+01 1.434859575985868163e-01
4.169319625513588645e-02 1.232814497672298160e+01 1.252140887175902684e+01 1.443835105805643670e-01
4.221452657510919859e-02 1.220540799806160237e+01 1.236244253755238987e+01 1.452833895789694130e-01
4.274044071594484268e-02 1.208450279427842666e+01 1.221367463143786658e+01 1.461855682274157409e-01
4.327094787238615348e-02 1.196543297953962970e+01 1.207261904262764673e+01 1.470900198388492841e-01
4.380605672589161365e-02 1.184818913680461350e+01 1.193767339259177440e+01 1.479967174059810264e-01
4.434577543668211802e-02 1.173275369105648203e+01 1.180775363704142400e+01 1.489056336017581805e-01
4.489011163580837460e-02 1.161910385252492262e+01 1.168209639622804019e+01 1.498167407798747519e-01
4.543907241724120388e-02 1.150721347371947623e+01 1.156014546604266435e+01 1.507300109753217099e-01
4.599266432998665860e-02 1.139705426295789614e+01 1.144148342656866646e+01 1.516454159049765993e-01
4.655089337022867008e-02 1.128859660015527133e+01 1.132578873224305838e+01 1.525629269682327871e-01
4.711376497350162895e-02 1.118181009788535896e+01 1.121280785406678682e+01 1.534825152476685661e-01
4.768128400689555096e-02 1.107666399430977577e+01 1.110233665517971069e+01 1.544041515097562822e-01
4.825345476129627026e-02 1.097312743223282894e+01 1.099420761667103008e+01 1.553278062056119291e-01
4.883028094366309579e-02 1.087116965928463586e+01 1.088828087681385881e+01 1.562534494717846278e-01
4.941176566934651210e-02 1.077076017242410266e+01 1.078443781889446917e+01 1.571810511310865743e-01
4.999791145444879709e-02 1.067186882246490498e+01 1.068257639913465518e+01 1.581105806934640368e-01
5.058872020822979126e-02 1.057446588947697208e+01 1.058260768768193749e+01 1.590420073569083770e-01
5.118419322556057305e-02 1.047852213671420785e+01 1.048445326963336655e+01 1.599753000084084553e-01
5.178433117942769087e-02 1.038400884852516981e+01 1.038804326564711111e+01 1.609104272249435308e-01
5.238913411349054028e-02 1.029089785622064745e+01 1.029331480625788942e+01 1.618473572745173783e-01
5.299860143469474483e-02 1.019916155481332787e+01 1.020021084146721613e+01 1.627860581172336507e-01
5.361273190594384452e-02 1.010877291279313539e+01 1.010867920266467657e+01 1.637264974064122636e-01
5.423152363883221999e-02 1.001970547657991695e+01 1.001867185610427491e+01 1.646686424897469969e-01
5.485497408644209733e-02 9.931933370884875600e+00 9.930144302545539148e+00 1.656124604105048970e-01
5.548308003620695816e-02 9.845431295929811810e+00 9.843055090613928471e+00 1.665579179087667283e-01
5.611583760284428318e-02 9.760174522256214402e+00 9.757365418947289371e+00 1.675049814227091705e-01
5.675324222136039765e-02 9.676138883691811188e+00 9.673038808561532420e+00 1.684536170899283425e-01
5.739528864013029863e-02 9.593300768921789512e+00 9.590040830614704248e+00 1.694037907488057104e-01
5.804197091405466358e-02 9.511637112007415240e+00 9.508338878437724517e+00 1.703554679399147676e-01
5.869328239779722511e-02 9.431125382130215229e+00 9.427901975885820463e+00 1.713086139074699588e-01
5.934921573910533626e-02 9.351743572781128222e+00 9.348700614811303211e+00 1.722631936008173215e-01
6.000976287221636979e-02 9.273470190565349824e+00 9.270706616012912349e+00 1.732191716759671762e-01
6.067491501135238025e-02 9.196284243758594101e+00 9.193893010200694604e+00 1.741765124971682011e-01
6.134466264430626231e-02 9.120165230730979289e+00 9.118233935139755886e+00 1.751351801385236662e-01
6.201899552612209765e-02 9.045093128318461240e+00 9.043704545841517728e+00 1.760951383856494967e-01
6.269790267287217445e-02 8.971048380213682449e+00 8.970280936570432573e+00 1.770563507373742462e-01
6.338137235553391313e-02 8.898011885434781831e+00 8.897940072155376967e+00 1.780187804074810365e-01
6.406939209396862733e-02 8.825964986909935917e+00 8.826659727292286206e+00 1.789823903264908256e-01
6.476194865100630416e-02 8.754889460217267327e+00 8.756418432724874634e+00 1.799471431434885305e-01
6.545902802663740305e-02 8.684767502501870240e+00 8.687195427134692949e+00 1.809130012279899780e-01
6.616061545231605168e-02 8.615581721594065101e+00 8.618970614313441914e+00 1.818799266718513497e-01
6.686669538537626245e-02 8.547315125343761366e+00 8.551724524322622756e+00 1.828478812912201490e-01
6.757725150356443111e-02 8.479951111179428125e+00 8.485438278444902949e+00 1.838168266285277186e-01
6.829226669969089281e-02 8.413473455903364595e+00 8.420093557644269922e+00 1.847867239545239737e-01
6.901172307640288106e-02 8.347866305727775327e+00 8.355672573477894716e+00 1.857575342703531862e-01
6.973560194108202603e-02 8.283114166551523994e+00 8.292158041606059626e+00 1.867292183096716518e-01
7.046388380086891778e-02 8.219201894483514792e+00 8.229533157839568958e+00 1.877017365408068239e-01
7.119654835781734359e-02 8.156114686611516618e+00 8.167781575586571918e+00 1.886750491689578868e-01
7.193357450418109977e-02 8.093838072010543172e+00 8.106887385025617121e+00 1.896491161384374902e-01
7.267494031783586217e-02 8.032357902993350507e+00 8.046835094364860552e+00 1.906238971349550615e-01
7.342062305783887688e-02 7.971660346600929259e+00 7.987609612087704924e+00 1.915993515879410303e-01
7.417059916012895548e-02 7.911731876324346935e+00 7.929196230092706799e+00 1.925754386729119638e-01
7.492484423336971677e-02 7.852559264055576804e+00 7.871580608427823478e+00 1.935521173138771422e-01
7.568333305493837870e-02 7.794129572266126793e+00 7.814748761053407655e+00 1.945293461857855177e-01
7.644603956706257086e-02 7.736430146405534281e+00 7.758687042049219329e+00 1.955070837170133913e-01
7.721293687310838705e-02 7.679448607513336356e+00 7.703382132830038920e+00 1.964852880918930012e-01
7.798399723402130168e-02 7.623172845042789803e+00 7.648821030296685031e+00 1.974639172532811071e-01
7.875919206492326685e-02 7.567591009889508058e+00 7.594991035497652199e+00 1.984429289051681811e-01
7.953849193186783573e-02 7.512691507619650544e+00 7.541879742895437388e+00 1.994222805153273714e-01
8.032186654875658749e-02 7.458462991892254479e+00 7.489475030143315060e+00 2.004019293180040462e-01
8.110928477441813056e-02 7.404894358069935123e+00 7.437765048574669358e+00 2.013818323166443602e-01
8.190071460985337559e-02 7.351974737015043004e+00 7.386738214179642270e+00 2.023619462866640129e-01
8.269612319564831338e-02 7.299693489063644236e+00 7.336383198637704162e+00 2.033422277782560295e-01
8.349547680955783646e-02 7.248040198170859760e+00 7.286688921153936072e+00 2.043226331192384559e-01
8.429874086426149271e-02 7.197004666227677205e+00 7.237644540848912733e+00 2.053031184179401336e-01
8.510587990529498714e-02 7.146576907540585388e+00 7.189239448977909674e+00 2.062836395661262756e-01
8.591685760915837577e-02 7.096747143467790231e+00 7.141463261606483925e+00 2.072641522419619575e-01
8.673163678160406009e-02 7.047505797209926648e+00 7.094305813095564517e+00 2.082446119130145212e-01
8.755017935610640012e-02 6.998843488752619635e+00 7.047757149414445976e+00 2.092249738392938652e-01
8.837244639251508327e-02 6.950751029949862492e+00 7.001807521604415996e+00 2.102051930763308707e-01
8.919839807589441394e-02 6.903219419749309971e+00 6.956447380096154376e+00 2.111852244782934651e-01
9.002799371555067487e-02 6.856239839555200000e+00 6.911667368714923931e+00 2.121650227011402101e-01
9.086119174424954481e-02 6.809803648719475078e+00 6.867458319047751836e+00 2.131445422058110550e-01
9.169794971762527946e-02 6.763902380163704819e+00 6.823811245536887782e+00 2.141237372614550605e-01
9.253822431378433411e-02 6.718527736125767369e+00 6.780717339745517158e+00 2.151025619486949814e-01
9.338197133310427445e-02 6.673671584020086200e+00 6.738167965502989354e+00 2.160809701629279045e-01
9.422914569823104269e-02 6.629325952421639023e+00 6.696154654941437023e+00 2.170589156176624679e-01
9.507970145427513398e-02 6.585483027162351455e+00 6.654669102979505091e+00 2.180363518478915519e-01
9.593359176920963904e-02 6.542135147528535200e+00 6.613703163198715984e+00 2.190132322135007747e-01
9.679076893447086105e-02 6.499274802575266463e+00 6.573248843895144411e+00 2.199895099027120160e-01
9.765118436576404604e-02 6.456894627534940589e+00 6.533298303550414410e+00 2.209651379355621892e-01
9.851478860407501814e-02 6.414987400330046441e+00 6.493843847343775622e+00 2.219400691674162374e-01
9.938153131689000941e-02 6.373546038181767237e+00 6.454877922874814544e+00 2.229142562925148785e-01
1.002513612996246278e-01 6.332563594308550314e+00 6.416393116688769993e+00 2.238876518475557131e-01
1.011242264772640315e-01 6.292033254720765356e+00 6.378382151039497572e+00 2.248602082153087767e-01
1.020000739062149192e-01 6.251948335100461662e+00 6.340837880008738381e+00 2.258318776282645657e-01
1.028788497763715587e-01 6.212302277765138214e+00 6.303753286250533883e+00 2.268026121723155653e-01
1.037604994133964065e-01 6.173088648715871152e+00 6.267121477890795767e+00 2.277723637904700005e-01
1.046449672812171522e-01 6.134301134764664098e+00 6.230935685580686112e+00 2.287410842865980898e-01
1.055321969847407837e-01 6.095933540741659051e+00 6.195189259512360991e+00 2.297087253292098841e-01
1.064221312727864355e-01 6.057979786775474551e+00 6.159875666115770976e+00 2.306752384552646640e-01
1.073147120412376448e-01 6.020433905645299788e+00 6.124988485513538805e+00 2.316405750740116454e-01
1.082098803364148071e-01 5.983290040207424276e+00 6.090521408957177307e+00 2.326046864708606887e-01
1.091075763586698000e-01 5.946542440888087810e+00 6.056468236093855317e+00 2.335675238112843999e-01
1.100077394662020702e-01 5.910185463244503445e+00 6.022822872459999033e+00 2.345290381447487915e-01
1.109103081790987211e-01 5.874213565589305297e+00 5.989579326888725852e+00 2.354891804086747531e-01
1.118152201835977272e-01 5.838621306677903355e+00 5.956731709167489619e+00 2.364479014324273043e-01
1.127224123365764830e-01 5.803403343456931651e+00 5.924274227918413516e+00 2.374051519413347688e-01
1.136318206702647410e-01 5.768554428873171602e+00 5.892201188351981145e+00 2.383608825607347326e-01
1.145433803971842301e-01 5.734069409738297374e+00 5.860506989936173916e+00 2.393150438200492836e-01
1.154570259153135103e-01 5.699943224649439699e+00 5.829186124289557291e+00 2.402675861568862592e-01
1.163726908134803811e-01 5.666170901963574202e+00 5.798233173256436501e+00 2.412184599211681102e-01
1.172903078769807900e-01 5.632747557825491747e+00 5.767642807049378817e+00 2.421676153792872432e-01
1.182098090934250306e-01 5.599668394246493541e+00 5.737409782254133894e+00 2.431150027182866213e-01
1.191311256588115930e-01 5.566928697232001788e+00 5.707528939926829636e+00 2.440605720500667042e-01
1.200541879838287196e-01 5.534523834957327360e+00 5.677995203687403070e+00 2.450042734156168966e-01
1.209789257003834467e-01 5.502449255989032117e+00 5.648803578335231279e+00 2.459460567892718386e-01
1.219052676683582415e-01 5.470700487555578029e+00 5.619949148034028674e+00 2.468858720829912590e-01
1.228331419825956089e-01 5.439273133856855402e+00 5.591427074333549463e+00 2.478236691506640610e-01
1.237624759801100316e-01 5.408162874418872335e+00 5.563232595123253077e+00 2.487593977924351940e-01
1.246931962475269634e-01 5.377365462491946246e+00 5.535361022816917220e+00 2.496930077590549524e-01
1.256252286287487807e-01 5.346876723484987437e+00 5.507807742818624952e+00 2.506244487562503953e-01
1.265584982328474828e-01 5.316692553442997848e+00 5.480568212256101468e+00 2.515536704491185271e-01
1.274929294421837389e-01 5.286808917560070320e+00 5.453637958315265877e+00 2.524806224665407384e-01
1.284284459207506168e-01 5.257221848730012859e+00 5.427012577187981357e+00 2.534052544056166756e-01
1.293649706227432417e-01 5.227927446134883027e+00 5.400687732617726056e+00 2.543275158361195110e-01
1.303024258013524839e-01 5.198921873865501198e+00 5.374659154454677790e+00 2.552473563049698635e-01
1.312407330177820797e-01 5.170201359577817790e+00 5.348922637700395555e+00 2.561647253407288161e-01
1.321798131504883789e-01 5.141762193182823459e+00 5.323474041169252935e+00 2.570795724581091402e-01
1.331195864046423594e-01 5.113600725567132521e+00 5.298309286154416320e+00 2.579918471625046728e-01
1.340599723218122152e-01 5.085713367345132241e+00 5.273424355515261119e+00 2.589014989545369572e-01
1.350008897898657412e-01 5.058096587643072795e+00 5.248815292583535630e+00 2.598084773346183152e-01
1.359422570530913754e-01 5.030746912911331137e+00 5.224478199843648696e+00 2.607127318075311839e-01
1.368839917225367353e-01 5.003660925764998879e+00 5.200409237995009093e+00 2.616142118870233846e-01
1.378260107865633133e-01 4.976835263853796931e+00 5.176604625108180535e+00 2.625128671004178793e-01
1.387682306216160566e-01 4.950266618759229686e+00 5.153060635543011081e+00 2.634086469932375163e-01
1.397105670032058322e-01 4.923951734917510592e+00 5.129773598807389590e+00 2.643015011338432085e-01
1.406529351171043607e-01 4.897887408567641820e+00 5.106739898626002194e+00 2.651913791180855462e-01
1.415952495707488157e-01 4.872070486725272431e+00 5.083955972430586279e+00 2.660782305739693432e-01
1.425374244048553951e-01 4.846497866183331560e+00 5.061418310182435931e+00 2.669620051663301741e-01
1.434793731052390886e-01 4.821166492531806291e+00 5.039123453205451852e+00 2.678426526015219022e-01
1.444210086148388639e-01 4.796073359203014697e+00 5.017067994045335766e+00 2.687201226321159209e-01
1.453622433459460239e-01 4.771215506542285212e+00 4.995248575226432841e+00 2.695943650616106635e-01
1.463029891926327652e-01 4.746590020894383422e+00 4.973661888202853376e+00 2.704653297491498853e-01
1.472431575433805484e-01 4.722194033715633843e+00 4.952304673139201086e+00 2.713329666142510477e-01
1.481826592939049225e-01 4.698024720706572843e+00 4.931173717995198658e+00 2.721972256415418623e-01
1.491214048601750275e-01 4.674079300963836836e+00 4.910265857564377612e+00 2.730580568855046630e-01
1.500593041916250814e-01 4.650355036151071708e+00 4.889577972763449409e+00 2.739154104752278274e-01
1.509962667845563544e-01 4.626849229689758758e+00 4.869106990207698438e+00 2.747692366191640811e-01
1.519322016957262711e-01 4.603559225970011326e+00 4.848849881596522415e+00 2.756194856098950208e-01
1.528670175561225586e-01 4.580482409578719327e+00 4.828803662586357071e+00 2.764661078289005758e-01
1.538006225849194997e-01 4.557616204542849658e+00 4.808965392258132354e+00 2.773090537513330789e-01
1.547329246036141803e-01 4.534958073593486461e+00 4.789332172979070101e+00 2.781482739507960544e-01
1.556638310503399292e-01 4.512505517446776082e+00 4.769901149309355048e+00 2.789837191041261710e-01
1.565932489943530626e-01 4.490256074097655592e+00 4.750669507402373704e+00 2.798153399961776922e-01
1.575210851506915477e-01 4.468207318133228689e+00 4.731634474678891422e+00 2.806430875246097578e-01
1.584472458950015594e-01 4.446356860059864857e+00 4.712793318887461780e+00 2.814669127046743879e-01
1.593716372785297930e-01 4.424702345644654145e+00 4.694143347942073774e+00 2.822867666740063175e-01
1.602941650432771759e-01 4.403241455275344052e+00 4.675681909410923431e+00 2.831026006974124987e-01
1.612147346373118961e-01 4.381971903331164597e+00 4.657406389378222933e+00 2.839143661716608813e-01
1.621332512302383899e-01 4.360891437566867701e+00 4.639314212253054848e+00 2.847220146302691379e-01
1.630496197288182902e-01 4.339997838513705020e+00 4.621402840669193601e+00 2.855254977482906686e-01
1.639637447927404790e-01 4.319288918893392726e+00 4.603669774468724718e+00 2.863247673470987742e-01
1.648755308505368833e-01 4.298762523041688155e+00 4.586112550089991302e+00 2.871197753991676094e-01
1.657848821156404640e-01 4.278416526347225357e+00 4.568728740680092493e+00 2.879104740328496947e-01
1.666917026025810933e-01 4.258248834704307484e+00 4.551515955280550862e+00 2.886968155371488209e-01
1.675958961433169359e-01 4.238257383973650150e+00 4.534471837928461646e+00 2.894787523664879569e-01
1.684973664036963081e-01 4.218440139455919891e+00 4.517594068021927534e+00 2.902562371454714407e-01
1.693960169000477411e-01 4.198795095381457898e+00 4.500880359722526869e+00 2.910292226736412857e-01
1.702917510158928338e-01 4.179320274405244895e+00 4.484328460734615440e+00 2.917976619302259378e-01
1.711844720187790103e-01 4.160013727113216930e+00 4.467936152397903982e+00 2.925615080788815936e-01
1.720740830772280461e-01 4.140873531542420771e+00 4.451701249622417755e+00 2.933207144724252480e-01
1.729604872777963931e-01 4.121897792710742081e+00 4.435621600252057206e+00 2.940752346575586929e-01
1.738435876422430582e-01 4.103084642155908845e+00 4.419695084131872065e+00 2.948250223795828573e-01
1.747232871448005931e-01 4.084432237481500749e+00 4.403919613188191029e+00 2.955700315871017114e-01
1.755994887295461715e-01 4.065938761918808986e+00 4.388293131059644026e+00 2.963102164367153457e-01
1.764720953278675064e-01 4.047602423891878409e+00 4.372813612375839654e+00 2.970455312977015039e-01
1.773410098760195008e-01 4.029421456595629003e+00 4.357479062935633252e+00 2.977759307566844593e-01
1.782061353327672459e-01 4.011394117582774754e+00 4.342287518684911696e+00 2.985013696222910684e-01
1.790673746971118419e-01 3.993518688355055524e+00 4.327237045535962778e+00 2.992218029297930570e-01
1.799246310260934900e-01 3.975793473968708636e+00 4.312325739399329727e+00 2.999371859457355405e-01
1.807778074526678047e-01 3.958216802645114996e+00 4.297551725282185764e+00 3.006474741725496669e-01
1.816268072036510972e-01 3.940787025388913456e+00 4.282913157153201311e+00 3.013526233531501064e-01
1.824715336177298586e-01 3.923502515616108965e+00 4.268408217786297421e+00 3.020525894755165530e-01
1.833118901635298059e-01 3.906361668789044117e+00 4.254035118046449071e+00 3.027473287772575739e-01
1.841477804577396904e-01 3.889362902057181159e+00 4.239792096464950255e+00 3.034367977501572500e-01
1.849791082832857314e-01 3.872504653906347460e+00 4.225677419441498550e+00 3.041209531447033876e-01
1.858057776075515699e-01 3.855785383817626144e+00 4.211689380686113537e+00 3.047997519745969108e-01
1.866276926006387171e-01 3.839203571929131531e+00 4.197826300456443782e+00 3.054731515212414927e-01
1.874447576536634741e-01 3.822757718705783514e+00 4.184086525679415303e+00 3.061411093382130910e-01
1.882568773970846043e-01 3.806446344617541833e+00 4.170468429570044933e+00 3.068035832557082232e-01
1.890639567190579573e-01 3.790267989821858752e+00 4.156970411100267881e+00 3.074605313849713695e-01
1.898659007838121582e-01 3.774221213853305112e+00 4.143590894925774926e+00 3.081119121226994495e-01
1.906626150500406458e-01 3.758304595320137498e+00 4.130328330930143288e+00 3.087576841554235951e-01
1.914540052893060340e-01 3.742516731605137981e+00 4.117181193639940950e+00 3.093978064638678305e-01
1.922399776044506625e-01 3.726856238572259450e+00 4.104147982433826058e+00 3.100322383272832161e-01
1.930204384480090352e-01 3.711321750282536858e+00 4.091227221165744332e+00 3.106609393277573461e-01
1.937952946406166777e-01 3.695911918711527466e+00 4.078417457259517320e+00 3.112838693544982549e-01
1.945644533894110573e-01 3.680625413472311536e+00 4.065717261789766113e+00 3.119009886080926219e-01
1.953278223064190411e-01 3.665460921546287221e+00 4.053125229657857709e+00 3.125122576047370537e-01
1.960853094269254804e-01 3.650417147019803021e+00 4.040639978516916919e+00 3.131176371804417213e-01
1.968368232278188690e-01 3.635492810820063259e+00 4.028260148530344864e+00 3.137170884952068528e-01
1.975822726459083301e-01 3.620686650462232148e+00 4.015984402669261044e+00 3.143105730371699713e-01
1.983215670962065191e-01 3.605997419798959491e+00 4.003811425954895142e+00 3.148980526267243785e-01
1.990546164901740300e-01 3.591423888773992878e+00 3.991739925143943601e+00 3.154794894206072176e-01
1.997813312539200026e-01 3.576964843180879594e+00 3.979768628604542169e+00 3.160548459159580603e-01
2.005016223463534919e-01 3.562619084426760008e+00 3.967896286094279024e+00 3.166240849543457414e-01
2.012154012772809641e-01 3.548385429300378036e+00 3.956121668047604789e+00 3.171871697257637734e-01
2.019225801254439789e-01 3.534262709741767594e+00 3.944443565723888323e+00 3.177440637725935657e-01
2.026230715564932561e-01 3.520249772621585116e+00 3.932860790934850304e+00 3.182947309935347247e-01
2.033167888408928536e-01 3.506345479519062724e+00 3.921372175057447063e+00 3.188391356475023808e-01
2.040036458717495171e-01 3.492548706504903233e+00 3.909976569760733600e+00 3.193772423574897656e-01
2.046835571825626754e-01 3.478858343933642683e+00 3.898672846358956612e+00 3.199090161143967048e-01
2.053564379648894489e-01 3.465273296231769606e+00 3.887459894681206229e+00 3.204344222808228615e-01
2.060222040859198134e-01 3.451792481692208092e+00 3.876336623996479602e+00 3.209534265948252862e-01
2.066807721059567560e-01 3.438414832277506772e+00 3.865301962344056541e+00 3.214659951736394405e-01
2.073320592957960673e-01 3.425139293418870245e+00 3.854354855727104567e+00 3.219720945173634719e-01
2.079759836540015505e-01 3.411964823823023796e+00 3.843494268496524313e+00 3.224716915126051298e-01
2.086124639240697909e-01 3.398890395282248011e+00 3.832719182876400232e+00 3.229647534360907679e-01
2.092414196114794900e-01 3.385914992486614317e+00 3.822028598411634448e+00 3.234512479582352107e-01
2.098627710006211178e-01 3.373037612838761579e+00 3.811421532052749583e+00 3.239311431466733171e-01
2.104764391716012761e-01 3.360257266274760735e+00 3.800897017719352178e+00 3.244044074697516322e-01
2.110823460169166943e-01 3.347572975084014857e+00 3.790454105954588204e+00 3.248710097999794599e-01
2.116804142579936099e-01 3.334983773735748169e+00 3.780091863805893126e+00 3.253309194174399677e-01
2.122705674615868732e-01 3.322488708705739757e+00 3.769809374324406104e+00 3.257841060131593247e-01
2.128527300560346391e-01 3.310086838307149115e+00 3.759605736798615538e+00 3.262305396924348733e-01
2.134268273473634014e-01 3.297777232526040159e+00 3.749480065853138200e+00 3.266701909781204449e-01
2.139927855352381780e-01 3.285558972853703796e+00 3.739431491274188613e+00 3.271030308138692666e-01
2.145505317287541291e-01 3.273431152128216226e+00 3.729459158258145113e+00 3.275290305673331792e-01
2.150999939620640844e-01 3.261392874375175222e+00 3.719562226696204732e+00 3.279481620333190017e-01
2.156411012098374547e-01 3.249443254651594337e+00 3.709739871072204043e+00 3.283603974368997092e-01
2.161737834025457550e-01 3.237581418892667262e+00 3.699991279958998902e+00 3.287657094364813681e-01
2.166979714415708247e-01 3.225806503759055754e+00 3.690315655925374916e+00 3.291640711268248309e-01
2.172135972141302218e-01 3.214117656489524855e+00 3.680712215479026828e+00 3.295554560420220214e-01
2.177205936080158499e-01 3.202514034754149197e+00 3.671180188476272921e+00 3.299398381584253692e-01
2.182188945261414048e-01 3.190994806509481307e+00 3.661718818050649027e+00 3.303171918975315591e-01
2.187084349008939499e-01 3.179559149857392963e+00 3.652327360256059308e+00 3.306874921288178726e-01
2.191891507082854573e-01 3.168206252903990272e+00 3.643005083614697881e+00 3.310507141725308466e-01
2.196609789818996517e-01 3.156935313621550332e+00 3.633751269337067047e+00 3.314068338024275251e-01
2.201238578266307144e-01 3.145745539714540406e+00 3.624565210788252667e+00 3.317558272484680271e-01
2.205777264322086595e-01 3.134636148483887386e+00 3.615446213095264039e+00 3.320976711994595432e-01
2.210225250865080759e-01 3.123606366696172199e+00 3.606393593375585738e+00 3.324323428056512597e-01
2.214581951886354094e-01 3.112655430454731142e+00 3.597406679766270710e+00 3.327598196812796005e-01
2.218846792617914510e-01 3.101782585068257436e+00 3.588484811443380273e+00 3.330800799070633977e-01
2.223019209659048978e-01 3.090987084927335982e+00 3.579627339065899250e+00 3.333931020326492134e-01
2.227098651100325455e-01 3.080268193380872432e+00 3.570833623608971941e+00 3.336988650790054245e-01
2.231084576645231965e-01 3.069625182610597136e+00 3.562103036239550491e+00 3.339973485407655152e-01
2.234976457729407617e-01 3.059057333511778776e+00 3.553434958612688099e+00 3.342885323885196880e-01
2.238773777637435847e-01 3.048563935574408301e+00 3.544828782144898494e+00 3.345723970710551276e-01
2.242476031617153254e-01 3.038144286764326019e+00 3.536283907975722673e+00 3.348489235175434731e-01
2.246082726991452116e-01 3.027797693408941448e+00 3.527799746694790795e+00 3.351180931396760543e-01
2.249593383267530777e-01 3.017523470081343362e+00 3.519375717890740329e+00 3.353798878337467260e-01
2.253007532243564426e-01 3.007320939487910127e+00 3.511011250106975456e+00 3.356342899826807447e-01
2.256324718112757699e-01 2.997189432356662131e+00 3.502705780856655071e+00 3.358812824580105771e-01
2.259544497564754673e-01 2.987128287329393395e+00 3.494458755945051731e+00 3.361208486217981406e-01
2.262666439884365721e-01 2.977136850850284233e+00 3.486269629379964652e+00 3.363529723285023643e-01
2.265690127047587377e-01 2.967214477061834277e+00 3.478137863335823532e+00 3.365776379267930163e-01
2.268615153814881047e-01 2.957360527697432406e+00 3.470062927393819940e+00 3.367948302613091860e-01
2.271441127821682560e-01 2.947574371976940277e+00 3.462044298992113855e+00 3.370045346743633097e-01
2.274167669666116720e-01 2.937855386506020405e+00 3.454081462992726781e+00 3.372067370075897963e-01
2.276794412993886352e-01 2.928202955173118571e+00 3.446173910932024853e+00 3.374014236035383640e-01
2.279321004580307786e-01 2.918616469048322060e+00 3.438321141386470270e+00 3.375885813072109776e-01
2.281747104409472260e-01 2.909095326286418537e+00 3.430522659915677508e+00 3.377681974675437182e-01
2.284072385750508249e-01 2.899638932029191540e+00 3.422777978143130451e+00 3.379402599388320882e-01
2.286296535230908644e-01 2.890246698306814910e+00 3.415086613860408793e+00 3.381047570820993609e-01
2.288419252906921386e-01 2.880918043944507456e+00 3.407448091077937669e+00 3.382616777664092522e-01
2.290440252330959159e-01 2.871652394467835379e+00 3.399861939549093659e+00 3.384110113701206957e-01
2.292359260616024519e-01 2.862449182010160964e+00 3.392327694536210192e+00 3.385527477820867159e-01
2.294176018497116609e-01 2.853307845220098837e+00 3.384844896611542087e+00 3.386868774027949058e-01
2.295890280389610294e-01 2.844227829171286359e+00 3.377413091713064031e+00 3.388133911454512259e-01
2.297501814444584400e-01 2.835208585273578219e+00 3.370031830755787272e+00 3.389322804370059061e-01
2.299010402601082137e-01 2.826249571183895082e+00 3.362700669049299318e+00 3.390435372191218932e-01
2.300415840635286202e-01 2.817350250717350679e+00 3.355419166794199270e+00 3.391471539490849008e-01
2.301717938206596925e-01 2.808510093764287507e+00 3.348186888665066974e+00 3.392431236006558382e-01
2.302916518900593179e-01 2.799728576202123786e+00 3.341003403238232750e+00 3.393314396648646203e-01
2.304011420268871346e-01 2.791005179812276804e+00 3.333868283193579085e+00 3.394120961507464673e-01
2.305002493865734581e-01 2.782339392196282901e+00 3.326781105118528092e+00 3.394850875860185857e-01
2.305889605281741250e-01 2.773730706694661041e+00 3.319741449126174082e+00 3.395504090176995615e-01
2.306672634174081749e-01 2.765178622303820610e+00 3.312748898588206536e+00 3.396080560126689685e-01
2.307351474293788673e-01 2.756682643596388704e+00 3.305803040579664565e+00 3.396580246581691331e-01
2.307926033509763719e-01 2.748242280643607316e+00 3.298903465119042977e+00 3.397003115622477254e-01
2.308396233829618782e-01 2.739857048934132955e+00 3.292049764794252376e+00 3.397349138541415070e-01
2.308762011417317961e-01 2.731526469297163917e+00 3.285241535269449731e+00 3.397618291846008498e-01
2.309023316607624332e-01 2.723250067826952669e+00 3.278478374945010820e+00 3.397810557261561337e-01
2.309180113917337629e-01 2.715027375806711163e+00 3.271759884194464618e+00 3.397925921733239707e-01
2.309232382053324206e-01 2.706857929631472093e+00 3.265085665967883521e+00 3.397964377427553639e-01
2.309180113917337629e-01 2.698741270738158171e+00 3.258455325477567666e+00 3.397925921733239707e-01
2.309023316607624332e-01 2.690676945529213437e+00 3.251868469431711706e+00 3.397810557261561337e-01
2.308762011417317961e-01 2.682664505300953017e+00 3.245324706537577431e+00 3.397618291846008498e-01
2.308396233829618782e-01 2.674703506172602996e+00 3.238823647422563567e+00 3.397349138541415070e-01
2.307926033509763719e-01 2.666793509016708086e+00 3.232364904044779941e+00 3.397003115622477254e-01
2.307351474293788673e-01 2.658934079387285543e+00 3.225948089421647236e+00 3.396580246581691331e-01
2.306672634174081749e-01 2.651124787451172082e+00 3.219572818221327015e+00 3.396080560126689685e-01
2.305889605281741250e-01 2.643365207921929194e+00 3.213238706186581695e+00 3.395504090176995615e-01
2.305002493865734581e-01 2.635654919990259692e+00 3.206945369842606031e+00 3.394850875860185857e-01
2.304011420268871346e-01 2.627993507258634232e+00 3.200692426749729869e+00 3.394120961507464673e-01
2.302916518900593457e-01 2.620380557675416444e+00 3.194479495037339412e+00 3.393314396648646203e-01
2.301717938206596925e-01 2.612815663469122196e+00 3.188306193318450443e+00 3.392431236006558382e-01
2.300415840635286202e-01 2.605298421084313532e+00 3.182172141105931384e+00 3.391471539490849008e-01
2.299010402601082137e-01 2.597828431120384529e+00 3.176076958120820137e+00 3.390435372191218932e-01
2.297501814444584678e-01 2.590405298265698875e+00 3.170020264061180093e+00 3.389322804370059061e-01
2.295890280389610294e-01 2.583028631237264783e+00 3.164001679259507149e+00 3.388133911454512259e-01
2.294176018497116609e-01 2.575698042720620418e+00 3.158020823642632813e+00 3.386868774027949058e-01
2.292359260616024519e-01 2.568413149305750043e+00 3.152077317270638446e+00 3.385527477820867159e-01
2.290440252330959436e-01 2.561173571432064922e+00 3.146170780470633588e+00 3.384110113701206957e-01
2.288419252906921386e-01 2.553978933326990219e+00 3.140300832577009871e+00 3.382616777664092522e-01
2.286296535230908644e-01 2.546828862945949901e+00 3.134467093119051917e+00 3.381047570820993609e-01
2.284072385750508249e-01 2.539722991919528106e+00 3.128669181321511061e+00 3.379402599388320882e-01
2.281747104409472537e-01 2.532660955492514354e+00 3.122906715527504318e+00 3.377681974675437737e-01
2.279321004580307786e-01 2.525642392469811259e+00 3.117179313766212267e+00 3.375885813072109776e-01
2.276794412993886352e-01 2.518666945160456194e+00 3.111486593346482810e+00 3.374014236035383640e-01
2.274167669666116720e-01 2.511734259323107565e+00 3.105828171053953035e+00 3.372067370075897963e-01
2.271441127821682560e-01 2.504843984112952171e+00 3.100203662814186689e+00 3.370045346743633097e-01
2.268615153814881047e-01 2.497995772027085781e+00 3.094612683433062283e+00 3.367948302613091860e-01
2.265690127047587377e-01 2.491189278851758448e+00 3.089054847115797919e+00 3.365776379267930163e-01
2.262666439884365721e-01 2.484424163612329650e+00 3.083529767436765212e+00 3.363529723285023643e-01
2.259544497564754673e-01 2.477700088521991972e+00 3.078037056293802642e+00 3.361208486217981406e-01
2.256324718112757699e-01 2.471016718927662392e+00 3.072576324746363330e+00 3.358812824580105771e-01
2.253007532243564426e-01 2.464373723264991156e+00 3.067147183324910653e+00 3.356342899826807447e-01
2.249593383267531055e-01 2.457770773007472265e+00 3.061749240660626814e+00 3.353798878337467260e-01
2.246082726991452116e-01 2.451207542615569945e+00 3.056382104476068395e+00 3.351180931396760543e-01
2.242476031617153254e-01 2.444683709492842194e+00 3.051045381712095939e+00 3.348489235175434731e-01
2.238773777637435847e-01 2.438198953937226410e+00 3.045738677492132673e+00 3.345723970710551276e-01
2.234976457729408172e-01 2.431752959093047117e+00 3.040461595740358014e+00 3.342885323885197435e-01
2.231084576645231965e-01 2.425345410907180810e+00 3.035213739452566006e+00 3.339973485407655152e-01
2.227098651100325455e-01 2.418975998083964907e+00 3.029994710223449683e+00 3.336988650790054245e-01
2.223019209659048978e-01 2.412644412040224839e+00 3.024804107920060492e+00 3.333931020326492134e-01
2.218846792617915065e-01 2.406350346859836176e+00 3.019641531502838205e+00 3.330800799070633977e-01
2.214581951886354094e-01 2.400093499254608354e+00 3.014506578674790216e+00 3.327598196812796005e-01
2.210225250865080759e-01 2.393873568518258388e+00 3.009398845125292876e+00 3.324323428056512597e-01
2.205777264322086595e-01 2.387690256484603424e+00 3.004317925768819730e+00 3.320976711994595432e-01
2.201238578266307144e-01 2.381543267489537818e+00 2.999263414220275425e+00 3.317558272484680271e-01
2.196609789818996517e-01 2.375432308327644293e+00 2.994234902181343472e+00 3.314068338024275251e-01
2.191891507082854573e-01 2.369357088212194817e+00 2.989231980406858113e+00 3.310507141725308466e-01
2.187084349008940054e-01 2.363317318738211714e+00 2.984254238380655178e+00 3.306874921288179281e-01
2.182188945261414326e-01 2.357312713841916985e+00 2.979301263931231070e+00 3.303171918975316146e-01
2.177205936080158499e-01 2.351342989762985169e+00 2.974372643649447312e+00 3.299398381584253692e-01
2.172135972141302218e-01 2.345407865007415271e+00 2.969467962883788115e+00 3.295554560420220214e-01
2.166979714415708802e-01 2.339507060310921815e+00 2.964586805908354439e+00 3.291640711268248864e-01
2.161737834025457550e-01 2.333640298603850916e+00 2.959728755504120290e+00 3.287657094364813681e-01
2.156411012098374547e-01 2.327807304973457558e+00 2.954893392922755879e+00 3.283603974368997092e-01
2.150999939620640844e-01 2.322007806629773352e+00 2.950080298708531501e+00 3.279481620333190017e-01
2.145505317287541569e-01 2.316241532873338116e+00 2.945289052235223082e+00 3.275290305673331792e-01
2.139927855352381780e-01 2.310508215059640769e+00 2.940519231238288178e+00 3.271030308138692666e-01
2.134268273473634014e-01 2.304807586565456923e+00 2.935770412642970228e+00 3.266701909781204449e-01
2.128527300560346391e-01 2.299139382758728090e+00 2.931042172258227385e+00 3.262305396924348733e-01
2.122705674615868732e-01 2.293503340964252235e+00 2.926334084972556315e+00 3.257841060131593247e-01
2.116804142579936099e-01 2.287899200435631997e+00 2.921645724877715899e+00 3.253309194174399677e-01
2.110823460169166943e-01 2.282326702322554191e+00 2.916976664579431500e+00 3.248710097999794599e-01
2.104764391716012761e-01 2.276785589640093921e+00 2.912326475976078299e+00 3.244044074697516322e-01
2.098627710006211733e-01 2.271275607241054484e+00 2.907694730453011633e+00 3.239311431466733726e-01
2.092414196114794900e-01 2.265796501787184614e+00 2.903080998222054898e+00 3.234512479582352107e-01
2.086124639240697909e-01 2.260348021718969314e+00 2.898484848700141114e+00 3.229647534360907679e-01
2.079759836540016338e-01 2.254929917229746561e+00 2.893905851313316013e+00 3.224716915126051853e-01
2.073320592957960951e-01 2.249541940240558535e+00 2.889343574232320133e+00 3.219720945173634719e-01
2.066807721059567560e-01 2.244183844368487613e+00 2.884797584962205175e+00 3.214659951736394405e-01
2.060222040859198134e-01 2.238855384905500401e+00 2.880267451009437263e+00 3.209534265948252862e-01
2.053564379648894767e-01 2.233556318791036333e+00 2.875752739125631230e+00 3.204344222808229170e-01
2.046835571825626754e-01 2.228286404587735081e+00 2.871253015817645249e+00 3.199090161143967048e-01
2.040036458717495171e-01 2.223045402457473507e+00 2.866767847151676207e+00 3.193772423574897656e-01
2.033167888408928536e-01 2.217833074136855043e+00 2.862296799132810321e+00 3.188391356475023808e-01
2.026230715564933116e-01 2.212649182915988000e+00 2.857839437620273593e+00 3.182947309935347802e-01
2.019225801254439789e-01 2.207493493614254731e+00 2.853395328281724819e+00 3.177440637725935657e-01
2.012154012772809641e-01 2.202365772559617074e+00 2.848964036645084796e+00 3.171871697257637734e-01
2.005016223463534919e-01 2.197265787565353179e+00 2.844545128383778376e+00 3.166240849543457414e-01
1.997813312539200581e-01 2.192193307911566524e+00 2.840138169813747115e+00 3.160548459159581158e-01
1.990546164901740300e-01 2.187148104325139730e+00 2.835742726586645723e+00 3.154794894206072176e-01
1.983215670962065191e-01 2.182129948955179977e+00 2.831358364993171950e+00 3.148980526267243785e-01
1.975822726459083301e-01 2.177138615360416196e+00 2.826984652284212363e+00 3.143105730371699713e-01
1.968368232278189245e-01 2.172173878486848508e+00 2.822621155315809371e+00 3.137170884952068528e-01
1.960853094269254804e-01 2.167235514648855776e+00 2.818267441728968592e+00 3.131176371804417213e-01
1.953278223064190411e-01 2.162323301513544571e+00 2.813923079984252063e+00 3.125122576047370537e-01
1.945644533894111405e-01 2.157437018082607683e+00 2.809587639222489663e+00 3.119009886080926774e-01
1.937952946406167054e-01 2.152576444676556733e+00 2.805260689252777162e+00 3.112838693544982549e-01
1.930204384480090352e-01 2.147741362917094499e+00 2.800941800601370435e+00 3.106609393277573461e-01
1.922399776044506625e-01 2.142931555712182856e+00 2.796630544937552809e+00 3.100322383272832161e-01
1.914540052893060618e-01 2.138146807241132930e+00 2.792326495042980472e+00 3.093978064638678305e-01
1.906626150500406458e-01 2.133386902940048735e+00 2.788029224611530132e+00 3.087576841554235951e-01
1.898659007838121582e-01 2.128651629486431052e+00 2.783738308696423136e+00 3.081119121226994495e-01
1.890639567190579573e-01 2.123940774787423269e+00 2.779453323734189407e+00 3.074605313849713695e-01
1.882568773970846321e-01 2.119254127965014334e+00 2.775173847165362861e+00 3.068035832557082787e-01
1.874447576536634741e-01 2.114591479342874614e+00 2.770899458272410687e+00 3.061411093382130910e-01
1.866276926006387171e-01 2.109952620436287951e+00 2.766629737851870718e+00 3.054731515212414927e-01
1.858057776075515699e-01 2.105337343937767169e+00 2.762364267937936990e+00 3.047997519745969108e-01
1.849791082832857592e-01 2.100745443706083293e+00 2.758102632967293744e+00 3.041209531447033876e-01
1.841477804577396904e-01 2.096176714758189341e+00 2.753844418731438815e+00 3.034367977501572500e-01
1.833118901635298059e-01 2.091630953253371228e+00 2.749589212804750993e+00 3.027473287772575739e-01
1.824715336177298586e-01 2.087107956487820104e+00 2.745336605497537441e+00 3.020525894755165530e-01
1.816268072036511250e-01 2.082607522883920481e+00 2.741086188424718184e+00 3.013526233531501064e-01
1.807778074526678047e-01 2.078129451978046216e+00 2.736837555445326142e+00 3.006474741725496669e-01
1.799246310260934900e-01 2.073673544414999625e+00 2.732590303236822837e+00 2.999371859457355405e-01
1.790673746971119251e-01 2.069239601939015127e+00 2.728344030265711151e+00 2.992218029297931126e-01
1.782061353327672737e-01 2.064827427383417291e+00 2.724098337576357221e+00 2.985013696222910684e-01
1.773410098760195008e-01 2.060436824665963673e+00 2.719852828977164183e+00 2.977759307566844593e-01
1.764720953278675064e-01 2.056067598779736105e+00 2.715607110564258075e+00 2.970455312977015039e-01
1.755994887295462270e-01 2.051719555786466920e+00 2.711360791286837379e+00 2.963102164367154012e-01
1.747232871448005931e-01 2.047392502810574388e+00 2.707113482675854499e+00 2.955700315871017114e-01
1.738435876422430582e-01 2.043086248031451557e+00 2.702864799372658222e+00 2.948250223795828573e-01
1.729604872777963931e-01 2.038800600680450437e+00 2.698614358692664084e+00 2.940752346575586929e-01
1.720740830772281016e-01 2.034535371031273687e+00 2.694361781063092209e+00 2.933207144724253035e-01
1.711844720187790103e-01 2.030290370399460809e+00 2.690106690475519979e+00 2.925615080788815936e-01
1.702917510158928338e-01 2.026065411135240524e+00 2.685848713321314918e+00 2.917976619302259378e-01
1.693960169000477411e-01 2.021860306617567549e+00 2.681587479504743410e+00 2.910292226736412857e-01
1.684973664036963359e-01 2.017674871252749025e+00 2.677322622779001460e+00 2.902562371454714407e-01
1.675958961433169359e-01 2.013508920470341135e+00 2.673053779654468887e+00 2.894787523664879569e-01
1.666917026025810933e-01 2.009362270716659626e+00 2.668780590148197351e+00 2.886968155371488209e-01
1.657848821156405195e-01 2.005234739454633264e+00 2.664502698543880221e+00 2.879104740328497503e-01
1.648755308505369388e-01 2.001126145161215675e+00 2.660219752255420733e+00 2.871197753991676094e-01
1.639637447927404790e-01 1.997036307321889970e+00 2.655931402256952900e+00 2.863247673470987742e-01
1.630496197288182902e-01 1.992965046430429155e+00 2.651637303587961458e+00 2.855254977482906686e-01
1.621332512302385009e-01 1.988912183986043303e+00 2.647337115146039199e+00 2.847220146302692489e-01
1.612147346373119516e-01 1.984877542492322178e+00 2.643030499894772678e+00 2.839143661716609368e-01
1.602941650432771759e-01 1.980860945455567901e+00 2.638717124611357878e+00 2.831026006974124987e-01
1.593716372785297930e-01 1.976862217382688858e+00 2.634396659923323725e+00 2.822867666740063175e-01
1.584472458950016149e-01 1.972881183779890080e+00 2.630068780992111943e+00 2.814669127046743879e-01
1.575210851506915477e-01 1.968917671154036819e+00 2.625733167109023380e+00 2.806430875246097578e-01
1.565932489943530626e-01 1.964971507009516172e+00 2.621389501582427783e+00 2.798153399961776922e-01
1.556638310503399292e-01 1.961042519849229171e+00 2.617037472652191887e+00 2.789837191041261710e-01
1.547329246036142358e-01 1.957130539175977235e+00 2.612676772470669651e+00 2.781482739507961099e-01
1.538006225849194997e-01 1.953235395488653436e+00 2.608307097161320698e+00 2.773090537513330789e-01
1.528670175561225586e-01 1.949356920284093908e+00 2.603928148495713746e+00 2.764661078289005758e-01
1.519322016957262711e-01 1.945494946061405050e+00 2.599539632487367413e+00 2.756194856098950208e-01
1.509962667845564099e-01 1.941649306317122736e+00 2.595141259082355489e+00 2.747692366191641367e-01
1.500593041916250814e-01 1.937819835548229452e+00 2.590732743564302609e+00 2.739154104752278274e-01
1.491214048601750275e-01 1.934006369254103852e+00 2.586313805966615753e+00 2.730580568855046630e-01
1.481826592939050335e-01 1.930208743936796756e+00 2.581884170964330316e+00 2.721972256415419733e-01
1.472431575433806039e-01 1.926426797102545940e+00 2.577443567890954412e+00 2.713329666142511032e-01
1.463029891926327652e-01 1.922660367262213565e+00 2.572991731276465188e+00 2.704653297491498853e-01
1.453622433459460239e-01 1.918909293935433080e+00 2.568528400606555184e+00 2.695943650616106635e-01
1.444210086148389194e-01 1.915173417649922438e+00 2.564053320166703287e+00 2.687201226321159764e-01
1.434793731052390886e-01 1.911452579944974417e+00 2.559566239497431006e+00 2.678426526015219022e-01
1.425374244048553951e-01 1.907746623372956529e+00 2.555066912845370464e+00 2.669620051663301741e-01
1.415952495707488157e-01 1.904055391500249828e+00 2.550555100024273436e+00 2.660782305739693432e-01
1.406529351171043885e-01 1.900378728912854420e+00 2.546030566067317036e+00 2.651913791180856017e-01
1.397105670032058322e-01 1.896716481215671379e+00 2.541493080696293205e+00 2.643015011338432085e-01
1.387682306216160566e-01 1.893068495035679311e+00 2.536942419083428657e+00 2.634086469932375163e-01
1.378260107865633133e-01 1.889434618024799395e+00 2.532378361927259292e+00 2.625128671004178793e-01
1.368839917225367631e-01 1.885814698863429006e+00 2.527800695287113264e+00 2.616142118870233846e-01
1.359422570530913754e-01 1.882208587262517607e+00 2.523209210045167072e+00 2.607127318075311839e-01
1.350008897898657412e-01 1.878616133964602142e+00 2.518603702908322362e+00 2.598084773346183152e-01
1.340599723218122152e-01 1.875037190750570515e+00 2.513983976188389313e+00 2.589014989545369572e-01
1.331195864046423871e-01 1.871471610439605637e+00 2.509349836807940992e+00 2.579918471625047283e-01
1.321798131504883789e-01 1.867919246891349250e+00 2.504701097887494843e+00 2.570795724581091402e-01
1.312407330177820797e-01 1.864379955013207413e+00 2.500037578175839492e+00 2.561647253407288161e-01
1.303024258013525949e-01 1.860853590759783183e+00 2.495359101261828805e+00 2.552473563049699745e-01
1.293649706227432972e-01 1.857340011136545233e+00 2.490665496775219534e+00 2.543275158361195665e-01
1.284284459207506168e-01 1.853839074204777226e+00 2.485956599800784428e+00 2.534052544056166756e-01
1.274929294421837389e-01 1.850350639082471771e+00 2.481232250745359469e+00 2.524806224665407384e-01
1.265584982328475938e-01 1.846874565948649627e+00 2.476492295963337309e+00 2.515536704491186382e-01
1.256252286287487807e-01 1.843410716047067632e+00 2.471736587524066220e+00 2.506244487562503953e-01
1.246931962475269634e-01 1.839958951689404376e+00 2.466964982809986662e+00 2.496930077590549524e-01
1.237624759801100316e-01 1.836519136257068086e+00 2.462177344712730420e+00 2.487593977924351940e-01
1.228331419825956505e-01 1.833091134205243833e+00 2.457373542211279460e+00 2.478236691506641165e-01
1.219052676683582415e-01 1.829674811067256046e+00 2.452553449904924854e+00 2.468858720829912590e-01
1.209789257003834467e-01 1.826270033456401043e+00 2.447716947793957321e+00 2.459460567892718386e-01
1.200541879838287196e-01 1.822876669069257272e+00 2.442863921636474256e+00 2.450042734156168966e-01
1.191311256588116485e-01 1.819494586689063942e+00 2.437994263254555261e+00 2.440605720500667597e-01
1.182098090934250306e-01 1.816123656190324676e+00 2.433107869621172092e+00 2.431150027182866213e-01
1.172903078769807900e-01 1.812763748537961739e+00 2.428204643654114925e+00 2.421676153792872432e-01
1.163726908134803811e-01 1.809414735795465745e+00 2.423284494338238115e+00 2.412184599211681102e-01
1.154570259153135381e-01 1.806076491124444017e+00 2.418347335611913174e+00 2.402675861568862870e-01
1.145433803971842301e-01 1.802748888787709447e+00 2.413393087726372510e+00 2.393150438200492836e-01
1.136318206702647410e-01 1.799431804154844050e+00 2.408421676470122730e+00 2.383608825607347326e-01
1.127224123365765246e-01 1.796125113701673826e+00 2.403433033161027410e+00 2.374051519413347966e-01
1.118152201835977688e-01 1.792828695015735940e+00 2.398427095147225963e+00 2.364479014324273598e-01
1.109103081790987211e-01 1.789542426797859909e+00 2.393403805150480679e+00 2.354891804086747531e-01
1.100077394662020702e-01 1.786266188864612969e+00 2.388363111592420651e+00 2.345290381447487915e-01
1.091075763586698555e-01 1.782999862151233961e+00 2.383304968867478557e+00 2.335675238112844554e-01
1.082098803364148487e-01 1.779743328715167605e+00 2.378229336769266844e+00 2.326046864708607442e-01
1.073147120412376448e-01 1.776496471736337623e+00 2.373136180589568767e+00 2.316405750740116454e-01
1.064221312727864355e-01 1.773259175521035402e+00 2.368025471773568924e+00 2.306752384552646640e-01
1.055321969847408253e-01 1.770031325504946018e+00 2.362897187126459908e+00 2.297087253292099396e-01
1.046449672812171522e-01 1.766812808253414024e+00 2.357751308728510686e+00 2.287410842865980898e-01
1.037604994133964065e-01 1.763603511464009621e+00 2.352587824681520612e+00 2.277723637904700005e-01
1.028788497763715309e-01 1.760403323969942146e+00 2.347406728603349091e+00 2.268026121723155097e-01
1.020000739062148776e-01 1.757212135740273240e+00 2.342208019540055197e+00 2.258318776282645102e-01
1.011242264772640453e-01 1.754029837882844500e+00 2.336991702061068210e+00 2.248602082153087767e-01
1.002513612996246278e-01 1.750856322644773533e+00 2.331757786307042668e+00 2.238876518475557131e-01
9.938153131688996778e-02 1.747691483415480418e+00 2.326506288249792220e+00 2.229142562925148230e-01
9.851478860407507365e-02 1.744535214728165196e+00 2.321237228657628382e+00 2.219400691674163206e-01
9.765118436576407379e-02 1.741387412258230016e+00 2.315950633869009678e+00 2.209651379355622169e-01
9.679076893447086105e-02 1.738247972828022681e+00 2.310646536347154445e+00 2.199895099027120160e-01
9.593359176920958353e-02 1.735116794407472129e+00 2.305324973280741929e+00 2.190132322135007192e-01
9.507970145427514785e-02 1.731993776112684458e+00 2.299985987218392758e+00 2.180363518478915796e-01
9.422914569823104269e-02 1.728878818209216517e+00 2.294629626368197339e+00 2.170589156176624679e-01
9.338197133310427445e-02 1.725771822111802800e+00 2.289255944110992758e+00 2.160809701629279045e-01
9.253822431378427860e-02 1.722672690385425254e+00 2.283864999007710228e+00 2.151025619486949259e-01
9.169794971762532110e-02 1.719581326744946015e+00 2.278456854858499359e+00 2.141237372614551160e-01
9.086119174424954481e-02 1.716497636056314446e+00 2.273031580829250942e+00 2.131445422058110550e-01
9.002799371555067487e-02 1.713421524336603774e+00 2.267589251138065531e+00 2.121650227011402101e-01
8.919839807589437231e-02 1.710352898753763062e+00 2.262129945189584657e+00 2.111852244782934374e-01
8.837244639251511102e-02 1.707291667627104381e+00 2.256653747398766896e+00 2.102051930763308984e-01
8.755017935610640012e-02 1.704237740426182812e+00 2.251160747280169350e+00 2.092249738392938652e-01
8.673163678160403234e-02 1.701191027771551401e+00 2.245651039489244827e+00 2.082446119130144935e-01
8.591685760915832026e-02 1.698151441433677800e+00 2.240124723527858741e+00 2.072641522419619020e-01
8.510587990529501490e-02 1.695118894332349857e+00 2.234581903993577701e+00 2.062836395661263034e-01
8.429874086426149271e-02 1.692093300536520184e+00 2.229022690164533138e+00 2.053031184179401336e-01
8.349547680955779483e-02 1.689074575261852784e+00 2.223447196240068369e+00 2.043226331192384004e-01
8.269612319564835501e-02 1.686062634871476451e+00 2.217855541480302950e+00 2.033422277782560850e-01
8.190071460985337559e-02 1.683057396873972156e+00 2.212247849640824882e+00 2.023619462866640129e-01
8.110928477441813056e-02 1.680058779921676848e+00 2.206624249465540366e+00 2.013818323166443602e-01
8.032186654875657361e-02 1.677066703810606185e+00 2.200984874210184294e+00 2.004019293180040462e-01
7.953849193186787736e-02 1.674081089476662898e+00 2.195329861610058497e+00 1.994222805153274269e-01
7.875919206492326685e-02 1.671101858995347245e+00 2.189659354373591604e+00 1.984429289051681811e-01
7.798399723402130168e-02 1.668128935579874295e+00 2.183973499601548074e+00 1.974639172532811071e-01
7.721293687310834541e-02 1.665162243578389711e+00 2.178272448838999953e+00 1.964852880918929456e-01
7.644603956706259862e-02 1.662201708472208939e+00 2.172556358146840783e+00 1.955070837170134468e-01
7.568333305493837870e-02 1.659247256873222387e+00 2.166825387981591078e+00 1.945293461857855177e-01
7.492484423336970289e-02 1.656298816521551309e+00 2.161079703115771355e+00 1.935521173138771145e-01
7.417059916012889997e-02 1.653356316282530880e+00 2.155319472670332637e+00 1.925754386729118806e-01
7.342062305783889076e-02 1.650419686144408482e+00 2.149544870147764630e+00 1.915993515879410303e-01
7.267494031783586217e-02 1.647488857215364089e+00 2.143756073006715113e+00 1.906238971349550615e-01
7.193357450418107202e-02 1.644563761719405992e+00 2.137953262925921916e+00 1.896491161384374624e-01
7.119654835781728808e-02 1.641644332994383282e+00 2.132136625846115852e+00 1.886750491689578035e-01
7.046388380086893166e-02 1.638730505487950406e+00 2.126306351570335096e+00 1.877017365408068517e-01
6.973560194108202603e-02 1.635822214753903214e+00 2.120462634036516469e+00 1.867292183096716518e-01
6.901172307640285331e-02 1.632919397449162702e+00 2.114605671023809474e+00 1.857575342703531585e-01
6.829226669969094832e-02 1.630021991328856501e+00 2.108735664091722750e+00 1.847867239545240570e-01
6.757725150356445887e-02 1.627129935243003978e+00 2.102852818981029603e+00 1.838168266285277463e-01
6.686669538537626245e-02 1.624243169133110065e+00 2.096957344944035739e+00 1.828478812912201490e-01
6.616061545231602392e-02 1.621361634026126097e+00 2.091049454669238639e+00 1.818799266718513219e-01
6.545902802663743081e-02 1.618485272030713684e+00 2.085129365032656334e+00 1.809130012279900057e-01
6.476194865100630416e-02 1.615614026334093456e+00 2.079197296538422890e+00 1.799471431434885305e-01
6.406939209396862733e-02 1.612747841196030096e+00 2.073253472701277023e+00 1.789823903264908256e-01
6.338137235553387150e-02 1.609886661943235486e+00 2.067298120742703915e+00 1.780187804074809810e-01
6.269790267287221608e-02 1.607030434966041810e+00 2.061331471695252215e+00 1.770563507373743017e-01
6.201899552612209765e-02 1.604179107713130215e+00 2.055353759378594880e+00 1.760951383856494967e-01
6.134466264430624149e-02 1.601332628684194903e+00 2.049365221109960000e+00 1.751351801385236384e-01
6.067491501135235249e-02 1.598490947427415820e+00 2.043366097907912238e+00 1.741765124971681733e-01
6.000976287221641142e-02 1.595654014532830844e+00 2.037356633349535873e+00 1.732191716759672317e-01
5.934921573910533626e-02 1.592821781625386235e+00 2.031337074316217794e+00 1.722631936008173215e-01
5.869328239779718348e-02 1.589994201361175863e+00 2.025307671042158475e+00 1.713086139074699032e-01
5.804197091405464276e-02 1.587171227420621111e+00 2.019268676484496705e+00 1.703554679399147398e-01
5.739528864013035414e-02 1.584352814502289597e+00 2.013220346659706728e+00 1.694037907488057937e-01
5.675324222136039765e-02 1.581538918317346720e+00 2.007162940318347299e+00 1.684536170899283425e-01
5.611583760284423461e-02 1.578729495582122055e+00 2.001096719147961167e+00 1.675049814227090872e-01
5.548308003620697898e-02 1.575924504013332728e+00 1.995021947912528404e+00 1.665579179087667561e-01
5.485497408644212508e-02 1.573123902321142964e+00 1.988938893561784660e+00 1.656124604105049247e-01
5.423152363883221999e-02 1.570327650201039038e+00 1.982847825673551778e+00 1.646686424897469969e-01
5.361273190594380289e-02 1.567535708328580801e+00 1.976749016833745154e+00 1.637264974064122081e-01
5.299860143469476564e-02 1.564748038352683945e+00 1.970642742017606031e+00 1.627860581172336785e-01
5.238913411349054028e-02 1.561964602888055165e+00 1.964529278444094418e+00 1.618473572745173783e-01
5.178433117942767006e-02 1.559185365507962384e+00 1.958408905784829734e+00 1.609104272249435030e-01
5.118419322556055223e-02 1.556410290737469726e+00 1.952281906180042270e+00 1.599753000084083998e-01
5.058872020822981902e-02 1.553639344046276793e+00 1.946148563744306781e+00 1.590420073569084047e-01
4.999791145444879709e-02 1.550872491840153744e+00 1.940009165058379503e+00 1.581105806934640368e-01
4.941176566934648434e-02 1.548109701455639087e+00 1.933863998948396778e+00 1.571810511310865466e-01
4.883028094366306804e-02 1.545350941150661628e+00 1.927713355853257537e+00 1.562534494717845723e-01
4.825345476129629108e-02 1.542596180096982517e+00 1.921557528580343455e+00 1.553278062056119568e-01
4.768128400689555096e-02 1.539845388373623614e+00 1.915396811746580275e+00 1.544041515097562822e-01
4.711376497350159426e-02 1.537098536957301365e+00 1.909231501708251288e+00 1.534825152476685106e-01
4.655089337022864926e-02 1.534355597715667763e+00 1.903061896970835276e+00 1.525629269682327593e-01
4.599266432998668636e-02 1.531616543399270114e+00 1.896888297743507090e+00 1.516454159049766548e-01
4.543907241724120388e-02 1.528881347633231025e+00 1.890711005566777736e+00 1.507300109753217099e-01
4.489011163580834685e-02 1.526149984907937851e+00 1.884530323751735237e+00 1.498167407798746964e-01
4.434577543668214578e-02 1.523422430572383135e+00 1.878346557487940327e+00 1.489056336017582360e-01
4.380605672589165528e-02 1.520698660825281046e+00 1.872160012972018839e+00 1.479967174059810819e-01
4.327094787238615348e-02 1.517978652705378684e+00 1.865970998077107756e+00 1.470900198388492841e-01
4.274044071594481492e-02 1.515262384085049652e+00 1.859779822226673041e+00 1.461855682274156853e-01
4.221452657510923329e-02 1.512549833660208565e+00 1.853586795772993012e+00 1.452833895789694685e-01
4.169319625513588645e-02 1.509840980941804967e+00 1.847392230384703016e+00 1.443835105805643670e-01
4.117644005596687862e-02 1.507135806247203780e+00 1.841196439021124620e+00 1.434859575985867608e-01
4.066424778021562186e-02 1.504434290691675447e+00 1.834999735780477259e+00 1.425907566783619074e-01
4.015660874116576406e-02 1.501736416179330513e+00 1.828802435776380353e+00 1.416979335437990040e-01
3.965351177078074718e-02 1.499042165394281589e+00 1.822604854904197103e+00 1.408075135970746905e-01
3.915494522772212244e-02 1.496351521790874273e+00 1.816407310096755712e+00 1.399195219183551331e-01
3.866089700537375662e-02 1.493664469585851640e+00 1.810210119359987546e+00 1.390339832655559105e-01
3.817135453987004906e-02 1.490980993748804995e+00 1.804013601045682869e+00 1.381509220741397037e-01
3.768630481812577926e-02 1.488301079991946718e+00 1.797818074465642901e+00 1.372703624569516778e-01
3.720573438586585041e-02 1.485624714762814547e+00 1.791623859777094152e+00 1.363923282040926388e-01
3.672962935565200066e-02 1.482951885233746436e+00 1.785431277407382167e+00 1.355168427828290223e-01
3.625797541490480280e-02 1.480282579292752976e+00 1.779240648430355121e+00 1.346439293375397694e-01
3.579075783391909293e-02 1.477616785534417332e+00 1.773052294468621337e+00 1.337736106897004784e-01
3.532796147387021884e-02 1.474954493250559828e+00 1.766866537403198212e+00 1.329059093379038048e-01
3.486957079480933197e-02 1.472295692420290569e+00 1.760683699469903996e+00 1.320408474579160829e-01
3.441556986364553011e-02 1.469640373701154079e+00 1.754504103447006358e+00 1.311784469027696964e-01
3.396594236211349788e-02 1.466988528419946203e+00 1.748328072139830214e+00 1.303187292028921973e-01
3.352067159472366803e-02 1.464340148562270016e+00 1.742155928275633592e+00 1.294617155662701469e-01
3.307974049669385602e-02 1.461695226763173094e+00 1.735987994853381178e+00 1.286074268786485397e-01
3.264313164185978638e-02 1.459053756298024807e+00 1.729824595040831081e+00 1.277558837037648665e-01
3.221082725056352569e-02 1.456415731072964403e+00 1.723666052007390981e+00 1.269071062836189812e-01
3.178280919751696326e-02 1.453781145615378412e+00 1.717512688549976962e+00 1.260611145387763032e-01
3.135905901963931264e-02 1.451149995063280240e+00 1.711364827395524424e+00 1.252179280687061025e-01
3.093955792386637524e-02 1.448522275156970407e+00 1.705222791123007342e+00 1.243775661521529657e-01
3.052428679493038310e-02 1.445897982228319778e+00 1.699086901898058333e+00 1.235400477475429443e-01
3.011322620310809620e-02 1.443277113191744343e+00 1.692957481816553367e+00 1.227053914934223555e-01
2.970635641193585322e-02 1.440659665534783418e+00 1.686834852348548797e+00 1.218736157089299055e-01
2.930365738588981001e-02 1.438045637307439506e+00 1.680719334513230523e+00 1.210447383943015764e-01
2.890510879803003322e-02 1.435435027113527884e+00 1.674611248931986651e+00 1.202187772314084746e-01
2.851069003760644052e-02 1.432827834100363962e+00 1.668510915389848082e+00 1.193957495843265826e-01
2.812038021762513010e-02 1.430224057948894512e+00 1.662418653163299620e+00 1.185756724999380562e-01
2.773415818237424946e-02 1.427623698864645574e+00 1.656334780975145415e+00 1.177585627085653841e-01
2.735200251490683965e-02 1.425026757567890767e+00 1.650259616792357775e+00 1.169444366246356337e-01
2.697389154448020382e-02 1.422433235284150221e+00 1.644193477364575884e+00 1.161333103473766587e-01
2.659980335394958664e-02 1.419843133733101448e+00 1.638136678771112686e+00 1.153251996615431568e-01
2.622971578711569968e-02 1.417256455121042036e+00 1.632089536511785122e+00 1.145201200381743001e-01
2.586360645602384795e-02 1.414673202130261043e+00 1.626052364465536026e+00 1.137180866353805775e-01
2.550145274821389099e-02 1.412093377908443470e+00 1.620025475900386258e+00 1.129191142991608221e-01
2.514323183391951877e-02 1.409516986061447152e+00 1.614009182978909163e+00 1.121232175642482981e-01
2.478892067321606524e-02 1.406944030641341215e+00 1.608003796075103020e+00 1.113304106549869582e-01
2.443849602311489247e-02 1.404374516137303575e+00 1.602009625067754683e+00 1.105407074862353456e-01
2.409193444460385955e-02 1.401808447467904895e+00 1.596026978520049600e+00 1.097541216642998335e-01
2.374921230963226298e-02 1.399245829969647525e+00 1.590056163112025578e+00 1.089706664878954123e-01
2.341030580803973513e-02 1.396686669387752433e+00 1.584097484470873507e+00 1.081903549491352173e-01
2.307519095442723059e-02 1.394130971867493685e+00 1.578151246756159143e+00 1.074131997345466605e-01
2.274384359496978147e-02 1.391578743943922891e+00 1.572217752545967073e+00 1.066392132261153314e-01
2.241623941416954688e-02 1.389029992533098667e+00 1.566297302758291821e+00 1.058684075023553633e-01
2.209235394154857729e-02 1.386484724921806633e+00 1.560390197016844560e+00 1.051007943394068195e-01
2.177216255827999283e-02 1.383942948760144231e+00 1.554496733324381985e+00 1.043363852121588359e-01
2.145564050375681903e-02 1.381404672050459581e+00 1.548617207135368989e+00 1.035751912953985776e-01
2.114276288209777574e-02 1.378869903137409425e+00 1.542751912780416790e+00 1.028172234649861044e-01
2.083350466858891609e-02 1.376338650701447675e+00 1.536901143110962265e+00 1.020624922990540084e-01
2.052784071606042829e-02 1.373810923748011614e+00 1.531065188383144537e+00 1.013110080792320178e-01
2.022574576119774703e-02 1.371286731597935793e+00 1.525244337019419749e+00 1.005627807918957339e-01
1.992719443078658920e-02 1.368766083879182860e+00 1.519438875772504582e+00 9.981782012944029336e-02
1.963216124789056438e-02 1.366248990517977546e+00 1.513649089237868894e+00 9.907613549157678889e-02
1.934062063796129771e-02 1.363735461729335574e+00 1.507875259748458596e+00 9.833773598665289384e-02
1.905254693487991313e-02 1.361225508008151897e+00 1.502117667569695447e+00 9.760263043299578778e-02
1.876791438692982858e-02 1.358719140120563162e+00 1.496376590869249679e+00 9.687082736027867458e-02
1.848669716269970426e-02 1.356216369095193830e+00 1.490652305492266239e+00 9.614233501090896361e-02
1.820886935691628378e-02 1.353717206214120061e+00 1.484945085028080980e+00 9.541716134143868322e-02
1.793440499620660086e-02 1.351221663004570805e+00 1.479255200816648630e+00 9.469531402399646025e-02
1.766327804478901378e-02 1.348729751230164808e+00 1.473582921528657774e+00 9.397680044774085750e-02
1.739546241009264430e-02 1.346241482881659346e+00 1.467928513334668672e+00 9.326162772033480541e-02
1.713093194830466598e-02 1.343756870168952400e+00 1.462292240497721885e+00 9.254980266944026757e-02
1.686966046984502560e-02 1.341275925513783163e+00 1.456674364504435548e+00 9.184133184423293184e-02
1.661162174476869813e-02 1.338798661539488011e+00 1.451075143610303320e+00 9.113622151693775986e-02
1.635678950809428892e-02 1.336325091062699588e+00 1.445494834265057760e+00 9.043447768438288292e-02
1.610513746505929863e-02 1.333855227087425321e+00 1.439933690173969216e+00 8.973610606957296842e-02
1.585663929630173885e-02 1.331389082794311784e+00 1.434391961771976476e+00 8.904111212328195968e-02
1.561126866296740426e-02 1.328926671533533721e+00 1.428869897213968176e+00 8.834950102566342667e-02
1.536899921174298377e-02 1.326468006817113077e+00 1.423367741885382287e+00 8.766127768787933261e-02
1.512980457981455418e-02 1.324013102310681811e+00 1.417885737964483139e+00 8.697644675374636980e-02
1.489365839975153802e-02 1.321561971824853909e+00 1.412424124896544564e+00 8.629501260139990637e-02
1.466053430431560507e-02 1.319114629308588693e+00 1.406983139385134640e+00 8.561697934497457252e-02
1.443040593119474489e-02 1.316671088840787096e+00 1.401563014911477500e+00 8.494235083630174987e-02
1.420324692766199506e-02 1.314231364622596931e+00 1.396163982137738957e+00 8.427113066662270113e-02
1.397903095515936646e-02 1.311795470970393618e+00 1.390786268645605617e+00 8.360332216831867225e-02
1.375773169380618832e-02 1.309363422307622482e+00 1.385430098794296683e+00 8.293892841665542748e-02
1.353932284683237453e-02 1.306935233157666021e+00 1.380095693936204349e+00 8.227795223154370230e-02
1.332377814493632302e-02 1.304510918136538189e+00 1.374783272169902926e+00 8.162039617931390878e-02
1.311107135056767577e-02 1.302090491945345985e+00 1.369493048623087184e+00 8.096626257450592612e-02
1.290117626213477774e-02 1.299673969364018689e+00 1.364225235039869810e+00 8.031555348167246366e-02
1.269406671813697735e-02 1.297261365242902365e+00 1.358980039592835976e+00 7.966827071719637110e-02
1.248971660122188097e-02 1.294852694496267276e+00 1.353757667504053464e+00 7.902441585112122968e-02
1.228809984216777847e-02 1.292447972095836839e+00 1.348558320873425309e+00 7.838399020899541880e-02
1.208919042379102450e-02 1.290047213064076770e+00 1.343382198178193265e+00 7.774699487372815909e-02
1.189296238477886153e-02 1.287650432466647343e+00 1.338229494061294211e+00 7.711343068745826757e-02
1.169938982344779881e-02 1.285257645405412319e+00 1.333100400304131350e+00 7.648329825343504196e-02
1.150844690142760647e-02 1.282868867013733816e+00 1.327995105232686379e+00 7.585659793791046934e-02
1.132010784727124214e-02 1.280484112448140754e+00 1.322913793431914842e+00 7.523332987204288391e-02
1.113434695999085053e-02 1.278103396883146781e+00 1.317856646013445543e+00 7.461349395381122740e-02
1.095113861252030620e-02 1.275726735503872833e+00 1.312823840491239125e+00 7.399708984994039784e-02
1.077045725510431505e-02 1.273354143500803781e+00 1.307815551026664469e+00 7.338411699783650710e-02
1.059227741861449440e-02 1.270985636063294733e+00 1.302831947972461935e+00 7.277457460753204710e-02
1.041657371779264492e-02 1.268621228373389753e+00 1.297873198125604643e+00 7.216846166364031256e-02
1.024332085442182343e-02 1.266260935600243220e+00 1.292939464765376689e+00 7.156577692731988516e-02
1.007249362042510893e-02 1.263904772894278050e+00 1.288030907134734226e+00 7.096651893824688917e-02
9.904066900892835590e-03 1.261552755380517699e+00 1.283147681228573367e+00 7.037068601659655920e-02
9.738015677038353371e-03 1.259204898155025676e+00 1.278289939363511651e+00 6.977827626503234348e-02
9.574315029083032766e-03 1.256861216277350035e+00 1.273457829279539544e+00 6.918928757070356983e-02
9.412940139070600370e-03 1.254521724764937174e+00 1.268651495862639811e+00 6.860371760724998103e-02
9.253866293611429789e-03 1.252186438590208617e+00 1.263871080202372488e+00 6.802156383681365326e-02
9.097068886557129613e-03 1.249855372672777909e+00 1.259116719146917029e+00 6.744282351205771464e-02
8.942523421606032169e-03 1.247528541875665642e+00 1.254388546019574280e+00 6.686749367819176670e-02
8.790205514839843220e-03 1.245205960999550943e+00 1.249686690163015479e+00 6.629557117500324559e-02
8.640090897192002559e-03 1.242887644778068124e+00 1.245011277379824755e+00 6.572705263889444538e-02
8.492155416848449351e-03 1.240573607873391104e+00 1.240362429548888423e+00 6.516193450492568928e-02
8.346375041580941442e-03 1.238263864870786657e+00 1.235740264524251453e+00 6.460021300886298334e-02
8.202725861013790767e-03 1.235958430274175956e+00 1.231144896369717578e+00 6.404188418923115189e-02
8.061184088824224769e-03 1.233657318501491851e+00 1.226576435344678861e+00 6.348694388937077548e-02
7.921726064877348747e-03 1.231360543880422043e+00 1.222034987955217034e+00 6.293538775950041630e-02
7.784328257295714329e-03 1.229068120644099205e+00 1.217520656899001130e+00 6.238721125878169543e-02
7.648967264464578281e-03 1.226780062926915660e+00 1.213033540715777292e+00 6.184240965738874857e-02
7.515619816973032920e-03 1.224496384759563572e+00 1.208573734203387318e+00 6.130097803858040179e-02
7.384262779491918005e-03 1.222217100066085749e+00 1.204141328471092898e+00 6.076291130077589309e-02
7.254873152588839358e-03 1.219942222659231357e+00 1.199736410378489770e+00 6.022820415963288376e-02
7.127428074481057495e-03 1.217671766236345432e+00 1.195359063330519556e+00 5.969685115012791921e-02
7.001904822726788373e-03 1.215405744376850672e+00 1.191009366897091137e+00 5.916884662863890892e-02
6.878280815855665649e-03 1.213144170537392874e+00 1.186687396268811590e+00 5.864418477502976457e-02
6.756533614938787721e-03 1.210887058048212506e+00 1.182393223322723008e+00 5.812285959473599550e-02
6.636640925099120646e-03 1.208634420111038832e+00 1.178126915955051368e+00 5.760486492085160892e-02
6.518580596962978563e-03 1.206386269794025301e+00 1.173888538184757246e+00 5.709019441621730057e-02
6.402330628053035273e-03 1.204142620030085320e+00 1.169678150585987453e+00 5.657884157550874954e-02
6.287869164123682277e-03 1.201903483613014245e+00 1.165495809333401356e+00 5.607079972732546130e-02
6.175174500439318745e-03 1.199668873193732388e+00 1.161341567196017444e+00 5.556606203627947882e-02
6.064225082996346251e-03 1.197438801278942311e+00 1.157215473351310475e+00 5.506462150508412839e-02
5.954999509689423362e-03 1.195213280227070296e+00 1.153117572922186529e+00 5.456647097664198143e-02
5.847476531422732098e-03 1.192992322246003045e+00 1.149047907634242138e+00 5.407160313613205982e-02
5.741635053166911119e-03 1.190775939390723792e+00 1.145006515502500877e+00 5.358001051309579238e-02
5.637454134962467493e-03 1.188564143560458808e+00 1.140993430624173133e+00 5.309168548352212469e-02
5.534912992870147548e-03 1.186356946495982889e+00 1.137008683662377395e+00 5.260662027193035301e-02
5.433990999869182763e-03 1.184154359778036403e+00 1.133052301980635113e+00 5.212480695345155651e-02
5.334667686703938039e-03 1.181956394825067314e+00 1.129124309152054861e+00 5.164623745590736503e-02
5.236922742679882628e-03 1.179763062890645919e+00 1.125224725202210951e+00 5.117090356188701283e-02
5.140736016409348623e-03 1.177574375061903877e+00 1.121353566682869118e+00 5.069879691082101320e-02
5.046087516507993809e-03 1.175390342257239817e+00 1.117510847201461655e+00 5.022990900105232109e-02
4.952957412242534399e-03 1.173210975226089525e+00 1.113696576625480716e+00 4.976423119190396399e-02
4.861326034130652313e-03 1.171036284544914263e+00 1.109910761217802078e+00 4.930175470574375135e-02
4.771173874493577459e-03 1.168866280617417486e+00 1.106153404544546692e+00 4.884247063004480000e-02
4.682481587962195047e-03 1.166700973672685882e+00 1.102424506832540452e+00 4.838636991944216675e-02
4.595229991937469817e-03 1.164540373764049841e+00 1.098724065430639385e+00 4.793344339778579655e-02
4.509400067005702416e-03 1.162384490768360479e+00 1.095052074044409851e+00 4.748368176018842590e-02
4.424972957309558121e-03 1.160233334383213855e+00 1.091408523547687137e+00 4.703707557506928150e-02
4.341929970875426509e-03 1.158086914128163558e+00 1.087793402295749612e+00 4.659361528619251902e-02
4.260252579898011517e-03 1.155945239342702546e+00 1.084206695598481929e+00 4.615329121470110318e-02
4.179922420982678383e-03 1.153808319186381048e+00 1.080648385833034686e+00 4.571609356114473416e-02
4.100921295346463859e-03 1.151676162637111034e+00 1.077118452783746072e+00 4.528201240750273637e-02
4.023231168978303081e-03 1.149548778492115453e+00 1.073616873991201093e+00 4.485103771920056354e-02
3.946834172759424580e-03 1.147426175367056489e+00 1.070143624148979900e+00 4.442315934712109254e-02
3.871712602544370978e-03 1.145308361695706934e+00 1.066698675586041478e+00 4.399836702960901319e-02
3.797848919203582543e-03 1.143195345730202872e+00 1.063281998453792232e+00 4.357665039446918104e-02
3.725225748628105231e-03 1.141087135541168474e+00 1.059893560960069925e+00 4.315799896095801058e-02
3.653825881697314853e-03 1.138983739018520458e+00 1.056533328997881327e+00 4.274240214176851238e-02
3.583632274210169985e-03 1.136885163870809734e+00 1.053201266611769826e+00 4.232984924500777374e-02
3.514628046780890469e-03 1.134791417627086574e+00 1.049897336240242618e+00 4.192032947616759070e-02
3.446796484699616615e-03 1.132702507636780709e+00 1.046621498412911855e+00 4.151383194008725214e-02
3.380121037758929917e-03 1.130618441070935454e+00 1.043373712599807046e+00 4.111034564290921844e-02
3.314585320046767834e-03 1.128539224923939877e+00 1.040153936793307254e+00 4.070985949402655679e-02
3.250173109706521075e-03 1.126464866013851429e+00 1.036962127624311503e+00 4.031236230802234116e-02
3.186868348665062786e-03 1.124395370984394571e+00 1.033798241126209883e+00 3.991784280660130163e-02
3.124655142329301177e-03 1.122330746306918758e+00 1.030662232338906081e+00 3.952628962051270983e-02
3.063517759251976370e-03 1.120270998281524655e+00 1.027554056059351240e+00 3.913769129146465325e-02
3.003440630767455211e-03 1.118216133040619731e+00 1.024473666888821688e+00 3.875203627402987877e-02
2.944408350598149392e-03 1.116166156550105981e+00 1.021421018455605845e+00 3.836931293754260869e-02
2.886405674432233892e-03 1.114121074611254647e+00 1.018396065372625614e+00 3.798950956798622519e-02
2.829417519473367403e-03 1.112080892866032844e+00 1.015398762958194645e+00 3.761261436987176077e-02
2.773428963963066578e-03 1.110045616798305046e+00 1.012429066361873797e+00 3.723861546810693784e-02
2.718425246676442301e-03 1.108015251737271667e+00 1.009486932440887941e+00 3.686750090985584094e-02
2.664391766391885612e-03 1.105989802862579197e+00 1.006572319430078188e+00 3.649925866638858984e-02
2.611314081335450957e-03 1.103969275206972078e+00 1.003685186922429695e+00 3.613387663492149265e-02
2.559177908600471490e-03 1.101953673661295818e+00 1.000825497095545025e+00 3.577134264044663781e-02
2.507969123543226080e-03 1.099943002979631546e+00 9.979932144260235116e-01 3.541164443755207697e-02
2.457673759155090416e-03 1.097937267783596571e+00 9.951883064532449641e-01 3.505476971223096122e-02
2.408278005412001817e-03 1.095936472568976416e+00 9.924107443061657152e-01 3.470070608368078929e-02
2.359768208601703554e-03 1.093940621710995487e+00 9.896605025759032115e-01 3.434944110609154666e-02
2.312130870629551440e-03 1.091949719470566071e+00 9.869375613125470625e-01 3.400096227042369301e-02
2.265352648303368879e-03 1.089963770003568699e+00 9.842419057134322857e-01 3.365525700617489485e-02
2.219420352598014748e-03 1.087982777366273357e+00 9.815735261017791702e-01 3.331231268313575300e-02
2.174320947900310746e-03 1.086006745524437100e+00 9.789324197702787833e-01 3.297211661313473319e-02
2.130041551234869001e-03 1.084035678362353261e+00 9.763185917960867100e-01 3.263465605177162665e-02
2.086569431471434460e-03 1.082069579693426542e+00 9.737320554167618880e-01 3.229991820013972115e-02
2.043892008514321037e-03 1.080108453269777335e+00 9.711728327814008743e-01 3.196789020653631463e-02
2.001996852474592897e-03 1.078152302794148198e+00 9.686409569163965116e-01 3.163855916816214059e-02
1.960871682825444072e-03 1.076201131933286037e+00 9.661364719578043880e-01 3.131191213280853231e-02
1.920504367541457083e-03 1.074254944330051975e+00 9.636594348735348925e-01 3.098793610053319700e-02
1.880882922222221068e-03 1.072313743620052495e+00 9.612099173169817989e-01 3.066661802532373235e-02
1.841995509200948034e-03 1.070377533447199436e+00 9.587880062304210416e-01 3.034794481674952041e-02
1.803830436638560351e-03 1.068446317481242858e+00 9.563938058935267383e-01 3.003190334160124597e-02
1.766376157603822628e-03 1.066520099437139324e+00 9.540274407560299652e-01 2.971848042551824762e-02
1.729621269140068501e-03 1.064598883097933157e+00 9.516890567482999552e-01 2.940766285460363200e-02
1.693554511319029761e-03 1.062682672336342060e+00 9.493788229476105567e-01 2.909943737702698138e-02
1.658164766282305353e-03 1.060771471140569799e+00 9.470969359639047624e-01 2.879379070461464407e-02
1.623441057270958582e-03 1.058865283644240485e+00 9.448436226293280837e-01 2.849070951442731620e-02
1.589372547643778987e-03 1.056964114157068035e+00 9.426191421164240580e-01 2.819018045032506414e-02
1.555948539884718018e-03 1.055067967198474843e+00 9.404237902246687097e-01 2.789219012451978411e-02
1.523158474599935891e-03 1.053176847536242189e+00 9.382579049205262978e-01 2.759672511911455059e-02
1.490991929505022101e-03 1.051290760230528809e+00 9.361218705650833360e-01 2.730377198763040900e-02
1.459438618402800290e-03 1.049409710680208052e+00 9.340161223763260301e-01 2.701331725651998084e-02
1.428488390152247859e-03 1.047533704674986410e+00 9.319411543109726859e-01 2.672534742666826321e-02
1.398131227628959458e-03 1.045662748456565261e+00 9.298975260375109686e-01 2.643984897488031727e-02
1.368357246677586077e-03 1.043796848783630882e+00 9.278858702136919545e-01 2.615680835535545701e-02
1.339156695056823278e-03 1.041936013006419692e+00 9.259069031822956264e-01 2.587621200114907996e-02
1.310519951377210526e-03 1.040080249151752678e+00 9.239614358687424645e-01 2.559804632562034596e-02
1.282437524032329886e-03 1.038229566017881522e+00 9.220503864444243858e-01 2.532229772386710223e-02
1.254900050123764063e-03 1.036383973283153015e+00 9.201747950999844550e-01 2.504895257414732623e-02
1.227898294380234652e-03 1.034543481628469097e+00 9.183358411641669994e-01 2.477799723928706191e-02
1.201423148071370343e-03 1.032708102878000078e+00 9.165348638861857689e-01 2.450941806807507839e-02
1.175465627916475429e-03 1.030877850160683007e+00 9.147733866777291167e-01 2.424320139664392151e-02
1.150016874988709758e-03 1.029052738096527975e+00 9.130531451599969150e-01 2.397933354983734430e-02
1.125068153615115755e-03 1.027232783010909367e+00 9.113761202376481352e-01 2.371780084256459517e-02
1.100610850272789373e-03 1.025418003183239612e+00 9.097445783541499020e-01 2.345858958114052303e-02
1.076636472481666161e-03 1.023608419137379766e+00 9.081611209525533024e-01 2.320168606461248118e-02
1.053136647694228635e-03 1.021804053984085581e+00 9.066287413276038487e-01 2.294707658607331863e-02
1.030103122182540439e-03 1.020004933819252724e+00 9.051508945579344045e-01 2.269474743396079908e-02
1.007527759922951203e-03 1.018211088199402647e+00 9.037315851535138167e-01 2.244468489334336056e-02
9.854025414787880455e-04 1.016422550707115180e+00 9.023754718766948679e-01 2.219687524719175450e-02
9.637195628814692249e-04 1.014639359626834381e+00 9.010879987427284910e-01 2.195130477763758414e-02
9.424710345102575628e-04 1.012861558761351866e+00 8.998755589208873307e-01 2.170795976721738921e-02
9.216492799710797107e-04 1.011089198422563618e+00 8.987457010995441031e-01 2.146682650010335938e-02
9.012467349746821049e-04 1.009322336645651630e+00 8.977073900560893494e-01 2.122789126332008322e-02
8.812559462144514688e-04 1.007561040683526921e+00 8.967713411242211885e-01 2.099114034794740888e-02
8.616695702442243648e-04 1.005805388869719819e+00 8.959504560444608856e-01 2.075656005030969073e-02
8.424803723563604237e-04 1.004055472961154827e+00 8.952603921931008291e-01 2.052413667315096044e-02
8.236812254603846726e-04 1.002311401113260336e+00 8.947203176577563921e-01 2.029385652679628962e-02
8.052651089625181488e-04 1.000573301704316798e+00 8.943539294547906415e-01 2.006570593029956273e-02
7.872251076463203639e-04 9.988413283175622270e-01 8.941908450313362788e-01 1.983967121257709104e-02
7.695544105547646486e-04 9.971156663220909211e-01 8.942685381808932465e-01 1.961573871352752241e-02
7.522463098739984571e-04 9.953965417112230485e-01 8.946350839566759028e-01 1.939389478513790441e-02
7.352941998190498131e-04 9.936842331847420828e-01 8.953531356732723490e-01 1.917412579257591482e-02
7.186915755217427107e-04 9.919790890127024863e-01 8.965058334073122692e-01 1.895641811526828022e-02
7.024320319210480661e-04 9.902815511327438536e-01 8.982058344869622291e-01 1.874075814796519884e-02
6.865092626561682685e-04 9.885921905383060482e-01 9.006095808289461546e-01 1.852713230179145118e-02
6.709170589625097205e-04 9.869117609358023513e-01 9.039407359323221591e-01 1.831552700528310887e-02
6.556493085708460771e-04 9.852412832534900300e-01 9.085305445912925659e-01 1.810592870541091748e-02
6.406999946098584486e-04 9.835821850327377547e-01 9.148914577739314380e-01 1.789832386858974250e-02
6.260631945122780827e-04 9.819365438500119447e-01 9.238616008257936052e-01 1.769269898167430757e-02
6.117330789248494501e-04 9.803075445861215709e-01 9.369167923965278089e-01 1.748904055294128387e-02
5.977039106223125745e-04 9.787004258281127855e-01 9.569407802964677856e-01 1.728733511305766135e-02
5.839700434255961888e-04 9.771247251025321212e-01 9.905588007888834756e-01 1.708756921603532541e-02
5.705259211244521076e-04 9.756008583680025881e-01 1.058477414034919795e+00 1.688972944017239422e-02
5.573660764046610297e-04 9.741887319380871935e-01 1.133802191945957105e+00 1.669380238898048388e-02
5.444851297800465612e-04 9.728562787254955158e-01 1.192347041230525484e+00 1.649977469209877590e-02
