9.359001614974856234e-03 6.926731925514829413e+01 6.926798378824608449e+01 6.840687690201496807e-02
9.721310934123397057e-03 6.459857017616026553e+01 6.459502376519040467e+01 6.971840120844495503e-02
1.009535665679545807e-02 6.043147604457089983e+01 6.042016094234114831e+01 7.104701491546093484e-02
1.048141748402678028e-02 5.669342208594451193e+01 5.667374612281988533e+01 7.239273956698551171e-02
1.087977447875788407e-02 5.332516862122366774e+01 5.330085441348040121e+01 7.375559124147092194e-02
1.129071089641797525e-02 5.027748993183342208e+01 5.024985352174831377e+01 7.513558044102000566e-02
1.171451200651817126e-02 4.750925143262180228e+01 4.747891996021174066e+01 7.653271198160356559e-02
1.215146490515992168e-02 4.498585599675260482e+01 4.495318109975767129e+01 7.794698488447106277e-02
1.260185831837513058e-02 4.267802186296302835e+01 4.264322433338188034e+01 7.937839226885087807e-02
1.306598239622646339e-02 4.056081920331925517e+01 4.052405078601814381e+01 8.082692124603801931e-02
1.354412849760857143e-02 3.861290564234660394e+01 3.857427907123881994e+01 8.229255281496793140e-02
1.403658896570348855e-02 3.681591523631886531e+01 3.677552023577723617e+01 8.377526175937467789e-02
1.454365689405727122e-02 3.515396659885840336e+01 3.511187901903762310e+01 8.527501654663360853e-02
1.506562588325857481e-02 3.361326421474301185e+01 3.356955153813109405e+01 8.679177922838825221e-02
1.560278978821443008e-02 3.218177317870289755e+01 3.213649798827593429e+01 8.832550534306166101e-02
1.615544245603361267e-02 3.084895220136649741e+01 3.080217444549185402e+01 8.987614382035316596e-02
1.672387745454329000e-02 2.960553316944187685e+01 2.955731168659444208e+01 9.144363688782093658e-02
1.730838779148102455e-02 2.844333814288749096e+01 2.839373171477520330e+01 9.302791997965187409e-02
1.790926562442033201e-02 2.735512664230998325e+01 2.730419473726739099e+01 9.462892164771913306e-02
1.852680196150559983e-02 2.633446758680430122e+01 2.628227089423336338e+01 9.624656347502906495e-02
1.916128635308887718e-02 2.537563140321953625e+01 2.532223222364476811e+01 9.788075999165739283e-02
1.981300657437983642e-02 2.447349872808504756e+01 2.441896126119492294e+01 9.953141859327595264e-02
2.048224829923775067e-02 2.362348282622033935e+01 2.356787338530941156e+01 1.011984394623695604e-01
2.116929476525373013e-02 2.282146340213754598e+01 2.276485057439812820e+01 1.028817154922431476e-01
2.187442643029010453e-02 2.206372991662948024e+01 2.200618468279873241e+01 1.045811322139182653e-01
2.259792062066349680e-02 2.134693286767671694e+01 2.128852869057429231e+01 1.062965677260171438e-01
2.334005117117774961e-02 2.066804177187934854e+01 2.060885466064863891e+01 1.080278926277323803e-01
2.410108805723329417e-02 2.002430880516971001e+01 1.996441736014894275e+01 1.097749699549794844e-01
2.488129701925914650e-02 1.941323724120633898e+01 1.935272268301825349e+01 1.115376551198274668e-01
2.568093917973496287e-02 1.883255397154571398e+01 1.877150015707902853e+01 1.133157958533031751e-01
2.650027065309079263e-02 1.828018551039059147e+01 1.821867893762033930e+01 1.151092321516627853e-01
2.733954214879312505e-02 1.775423698383650262e+01 1.769236678692915277e+01 1.169177962262228226e-01
2.819899856794692156e-02 1.725297368334629056e+01 1.719083161919762759e+01 1.187413124568423295e-01
2.907887859376407508e-02 1.677480482901504288e+01 1.671248525601142632e+01 1.205795973491454176e-01
2.997941427626989869e-02 1.631826924270280088e+01 1.625586909233295785e+01 1.224324594955722850e-01
3.090083061164042647e-02 1.588202267642843957e+01 1.581964141824204262e+01 1.242996995403456845e-01
3.184334511658366840e-02 1.546482657920996395e+01 1.540256617945349582e+01 1.261811101484363873e-01
3.280716739819983935e-02 1.506553811717006042e+01 1.500350299139635446e+01 1.280764759786117701e-01
3.379249871977500069e-02 1.468310128828814953e+01 1.462139824814883937e+01 1.299855736606470580e-01
3.479953156298402905e-02 1.431653899555276155e+01 1.425527718992377402e+01 1.319081717767781603e-01
3.582844918699869957e-02 1.396494596117424791e+01 1.390423681174958404e+01 1.338440308474731777e-01
3.687942518501646783e-02 1.362748238053721295e+01 1.356743951201208098e+01 1.357929033215956871e-01
3.795262303874529647e-02 1.330336822818744658e+01 1.324410739310347829e+01 1.377545335710322338e-01
3.904819567139918013e-02 1.299187813974786110e+01 1.293351713807526515e+01 1.397286578898530307e-01
4.016628499977713956e-02 1.269233680357324623e+01 1.263499539712441688e+01 1.417150044980720058e-01
4.130702148601780171e-02 1.240411480444338110e+01 1.234791462615877933e+01 1.437132935500710640e-01
4.247052368963794705e-02 1.212662486888662094e+01 1.207168932710651177e+01 1.457232371477485966e-01
4.365689782048154388e-02 1.185931846800518841e+01 1.180577264578121088e+01 1.477445393584506383e-01
4.486623729322186671e-02 1.160168273908569070e+01 1.154965328860308382e+01 1.497768962377406532e-01
4.609862228407458212e-02 1.135323769196691224e+01 1.130285272421964748e+01 1.518199958570586039e-01
4.735411929039516632e-02 1.111353367019345662e+01 1.106492263998833181e+01 1.538735183363192649e-01
4.863278069384794483e-02 1.088214904051027609e+01 1.083544262691578552e+01 1.559371358814954367e-01
4.993464432784656959e-02 1.065868808732183304e+01 1.061401806969434958e+01 1.580105128272270565e-01
5.125973304997948760e-02 1.044277909141564287e+01 1.040027822116263501e+01 1.600933056844968394e-01
5.260805432014343391e-02 1.023407257458839226e+01 1.019387444282148536e+01 1.621851631934059512e-01
5.397959978512011786e-02 1.003223969385884828e+01 9.994478595107084473e+00 1.642857263810829638e-01
5.537434487033888325e-02 9.836970770748022730e+00 9.801781562922055713e+00 1.663946286247529049e-01
5.679224837957713712e-02 9.647973942683348625e+00 9.615491903494511661e+00 1.685114957199910779e-01
5.823325210335739133e-02 9.464973924972728270e+00 9.435334605060420543e+00 1.706359459541825219e-01
5.969728043680443824e-02 9.287710873018253821e+00 9.261049945977596565e+00 1.727675901852029072e-01
6.118424000773169807e-02 9.115939335518042697e+00 9.092392445107030596e+00 1.749060319253336881e-01
6.269401931572869680e-02 8.949427290364678100e+00 8.929129895190881072e+00 1.770508674304205332e-01
6.422648838302265351e-02 8.787955255791580100e+00 8.771042471702322985e+00 1.792016857942785313e-01
6.578149841788895336e-02 8.631315470071816875e+00 8.617921910619168457e+00 1.813580690483455604e-01
6.735888149138292980e-02 8.479311133743074436e+00 8.469570748998588527e+00 1.835195922665791568e-01
6.895845022816429748e-02 8.331755708922182535e+00 8.325801622966540805e+00 1.856858236755895841e-01
7.057999751218008155e-02 8.188472270807574560e+00 8.186436618312720626e+00 1.878563247699955308e-01
7.222329620796845429e-02 8.049292906936644343e+00 8.051306669095861679e+00 1.900306504329873358e-01
7.388809889833715394e-02 7.914058160186904445e+00 7.920251000435852617e+00 1.922083490620752899e-01
7.557413763916276395e-02 7.782616511891963462e+00 7.793116611812345162e+00 1.943889626999984466e-01
7.728112373204711061e-02 7.654823901775661632e+00 7.669757797498227170e+00 1.965720271707639411e-01
7.900874751555433950e-02 7.530543281715611492e+00 7.550035701280901179e+00 1.987570722207820384e-01
8.075667817574094798e-02 7.409644200618475729e+00 7.433817902705106562e+00 2.009436216650592744e-01
8.252456357667395381e-02 7.292002417934756231e+00 7.320978032342123853e+00 2.031311935384050582e-01
8.431203011161779448e-02 7.177499543560557527e+00 7.211395413854181591e+00 2.053193002516054133e-01
8.611868257555176098e-02 7.066022702074057804e+00 7.104954730861308576e+00 2.075074487525107592e-01
8.794410405965975841e-02 6.957464219433679986e+00 7.001545716608069903e+00 2.096951406919814187e-01
8.978785586841368793e-02 6.851721330424419776e+00 6.901062864856251977e+00 2.118818725946295944e-01
9.164947745984865224e-02 6.748695905291067554e+00 6.803405160410482821e+00 2.140671360342925877e-01
9.352848640960295667e-02 6.648294194123168133e+00 6.708475827684768689e+00 2.162504178141662625e-01
9.542437839927125909e-02 6.550426587680384216e+00 6.616182096223189646e+00 2.184312001515251178e-01
9.733662722959046665e-02 6.455007393457062648e+00 6.526434981833347138e+00 2.206089608669494495e-01
9.926468485894944516e-02 6.361954625879857161e+00 6.439149082167054061e+00 2.227831735779763067e-01
1.012079814676828532e-01 6.271189809625345113e+00 6.354242385884085742e+00 2.249533078970865629e-01
1.031659255485774807e-01 6.182637795126455948e+00 6.271636094326770383e+00 2.271188296339357593e-01
1.051379040239861506e-01 6.096226585408342835e+00 6.191254454833853060e+00 2.292792010017329907e-01
1.071232823899084807e-01 6.011887173465154000e+00 6.113024604946430074e+00 2.314338808276658610e-01
1.091214048873630216e-01 5.929553389449241152e+00 6.036876426762917802e+00 2.335823247672681180e-01
1.111315947013367805e-01 5.849161757002768525e+00 5.962742410674985116e+00 2.357239855226200553e-01
1.131531541875593905e-01 5.770651358109984308e+00 5.890557527863934162e+00 2.378583130642687726e-01
1.151853651273101048e-01 5.693963705899527383e+00 5.820259111071287350e+00 2.399847548567513866e-01
1.172274890104233608e-01 5.619042624867435443e+00 5.751786742936501717e+00 2.421027560875994578e-01
1.192787673466186860e-01 5.545834138030204308e+00 5.685082151461380739e+00 2.442117598997012862e-01
1.213384220052347029e-01 5.474286360555907116e+00 5.620089112128233921e+00 2.463112076268908768e-01
1.234056555834058544e-01 5.404349399452386571e+00 5.556753356192583482e+00 2.484005390326335938e-01
1.254796518026737029e-01 5.335975258923859599e+00 5.495022484761273418e+00 2.504791925516705597e-01
1.275595759339797353e-01 5.269117751034070096e+00 5.434845888273365233e+00 2.525466055344832150e-01
1.296445752509403915e-01 5.203732411341419173e+00 5.376174670932531541e+00 2.546022144944348198e-01
1.317337795112571430e-01 5.139776419192186196e+00 5.318961579843805687e+00 2.566454553574416542e-01
1.338263014660690808e-01 5.077208522384705880e+00 5.263160938592453597e+00 2.586757637140258415e-01
1.359212373970045962e-01 5.015988965933499522e+00 5.208728584746141976e+00 2.606925750735956115e-01
1.380176676806430525e-01 4.956079424681184342e+00 5.155621811176004599e+00 2.626953251207975737e-01
1.401146573800480521e-01 4.897442939526069239e+00 5.103799310947810142e+00 2.646834499737829027e-01
1.422112568629845808e-01 4.840043857046356202e+00 5.053221125422815874e+00 2.666563864442257903e-01
1.443065024463841273e-01 4.783847772317420421e+00 5.003848595376632957e+00 2.686135722989291819e-01
1.463994170665743333e-01 4.728821474731962127e+00 4.955644315009705814e+00 2.705544465228527096e-01
1.484890109747386555e-01 4.674932896647078451e+00 4.908572088504596032e+00 2.724784495833924014e-01
1.505742824570260041e-01 4.622151064689709266e+00 4.862596888987353871e+00 2.743850236957421918e-01
1.526542185786809169e-01 4.570446053567807532e+00 4.817684819839691990e+00 2.762736130891628727e-01
1.547277959515171719e-01 4.519788942241321550e+00 4.773803077954962504e+00 2.781436642739837373e-01
1.567939815240122770e-01 4.470151772315628769e+00 4.730919918980821315e+00 2.799946263091599996e-01
1.588517333932524256e-01 4.421507508532722674e+00 4.689004624332616444e+00 2.818259510702061377e-01
1.609000016379131537e-01 4.373830001238028231e+00 4.648027469826599756e+00 2.836370935173264107e-01
1.629377291714158293e-01 4.327093950713494230e+00 4.607959695790467158e+00 2.854275119635595326e-01
1.649638526143569761e-01 4.281274873268763770e+00 4.568773478562033752e+00 2.871966683427551459e-01
1.669773031852642420e-01 4.236349068995057365e+00 4.530441903308643603e+00 2.889440284771985223e-01
1.689770076086917483e-01 4.192293591086500903e+00 4.492938937921675091e+00 2.906690623446979149e-01
1.709618890396279733e-01 4.149086216642974279e+00 4.456239408047259154e+00 2.923712443449492104e-01
1.729308680031499124e-01 4.106705418872443225e+00 4.420318973023488418e+00 2.940500535649924752e-01
1.748828633482201744e-01 4.065130340614701687e+00 4.385154102777363505e+00 2.957049740435728213e-01
1.768167932144887322e-01 4.024340769116091288e+00 4.350722055481704764e+00 2.973354950342195213e-01
1.787315760109257079e-01 3.984317111983880721e+00 4.317000855910172241e+00 2.989411112668561299e-01
1.806261314050806033e-01 3.945040374258389715e+00 4.283969274582534403e+00 3.005213232077555974e-01
1.824993813217324068e-01 3.906492136541544813e+00 4.251606807408986555e+00 3.020756373176529674e-01
1.843502509496662556e-01 3.868654534123625588e+00 4.219893655880682104e+00 3.036035663078303082e-01
1.861776697552864623e-01 3.831510237055286705e+00 4.188810707822494983e+00 3.051046293939887466e-01
1.879805725017505702e-01 3.795042431113909043e+00 4.158339518574473814e+00 3.065783525477219218e-01
1.897579002722877273e-01 3.759234799615949196e+00 4.128462292541737355e+00 3.080242687454088912e-01
1.915086014963433558e-01 3.724071506029714929e+00 4.099161865112339598e+00 3.094419182143422486e-01
1.932316329771752994e-01 3.689537177346037033e+00 4.070421684962864717e+00 3.108308486759119305e-01
1.949259609195111154e-01 3.655616888166985490e+00 4.042225796595515952e+00 3.121906155856635778e-01
1.965905619558621087e-01 3.622296145472873707e+00 4.014558823170027324e+00 3.135207823700544849e-01
1.982244241700807097e-01 3.589560874033463911e+00 3.987405949609810651e+00 3.148209206597305521e-01
1.998265481167372515e-01 3.557397402427727506e+00 3.960752905802091384e+00 3.160906105191494397e-01
2.013959478348898713e-01 3.525792449639691295e+00 3.934585950171479496e+00 3.173294406723790595e-01
2.029316518548145709e-01 3.494733112202762726e+00 3.908891853342578937e+00 3.185370087249004278e-01
2.044327041962644975e-01 3.464206851859487291e+00 3.883657881902403464e+00 3.197129213812482940e-01
2.058981653568286163e-01 3.434201483712953973e+00 3.858871782499857517e+00 3.208567946583246733e-01
2.073271132889649149e-01 3.404705164843339738e+00 3.834521765907116020e+00 3.219682540942234716e-01
2.087186443642901346e-01 3.375706383363490382e+00 3.810596491282704612e+00 3.230469349524076050e-01
2.100718743237186825e-01 3.347193947893437382e+00 3.787085050638689498e+00 3.240924824210820177e-01
2.113859392120555902e-01 3.319156977430341993e+00 3.763976953333118214e+00 3.251045518076112750e-01
2.126599962956636225e-01 3.291584891593826168e+00 3.741262110731780499e+00 3.260828087278319076e-01
2.138932249618425985e-01 3.264467401227610477e+00 3.718930821000436815e+00 3.270269292901141212e-01
2.150848275985792757e-01 3.237794499339080367e+00 3.696973753950844710e+00 3.279366002740310981e-01
2.162340304533496016e-01 3.211556452358729885e+00 3.675381936123334636e+00 3.288115193034982231e-01
2.173400844696794787e-01 3.185743791705688999e+00 3.654146736003809348e+00 3.296513950142479499e-01
2.184022661002004984e-01 3.160347305641569626e+00 3.633259849190136226e+00 3.304559472155104705e-01
2.194198780949647709e-01 3.135358031398160605e+00 3.612713283887301952e+00 3.312249070457751188e-01
2.203922502638179515e-01 3.110767247568083427e+00 3.592499346543304384e+00 3.319580171225104959e-01
2.213187402116644498e-01 3.086566466742743930e+00 3.572610627520492521e+00 3.326550316857272982e-01
2.221987340454953941e-01 3.062747428386834780e+00 3.553039987020893964e+00 3.333157167352714390e-01
2.230316470520911087e-01 3.039302091938021366e+00 3.533780541174392109e+00 3.339398501617402704e-01
2.238169243453502766e-01 3.016222630121075277e+00 3.514825648326138197e+00 3.345272218709191003e-01
2.245540414822437825e-01 2.993501422466786632e+00 3.496168895440076696e+00 3.350776339016405814e-01
2.252425050464353373e-01 2.971131049024921200e+00 3.477804084769525517e+00 3.355909005369747122e-01
2.258818531986602762e-01 2.949104284264680409e+00 3.459725220836620707e+00 3.360668484086613006e-01
2.264716561930031347e-01 2.927414091153368592e+00 3.441926497451966771e+00 3.365053165947033964e-01
2.270115168582660659e-01 2.906053615404119217e+00 3.424402285089619635e+00 3.369061567100444798e-01
2.275010710436734251e-01 2.885016179888508336e+00 3.407147118566439925e+00 3.372692329902576835e-01
2.279399880282122204e-01 2.864295279204901679e+00 3.390155684846853923e+00 3.375944223681814904e-01
2.283279708929645269e-01 2.843884574396859932e+00 3.373422811290941681e+00 3.378816145434407336e-01
2.286647568558448362e-01 2.823777887817322974e+00 3.356943454080751010e+00 3.381307120447984427e-01
2.289501175682142065e-01 2.803969198130020768e+00 3.340712686989258273e+00 3.383416302852888524e-01
2.291838593729025597e-01 2.784452635446712065e+00 3.324725690547931212e+00 3.385142976100880552e-01
2.293658235232306497e-01 2.765222476592877676e+00 3.308977741372095327e+00 3.386486553370843255e-01
2.294958863626856416e-01 2.746273140497982546e+00 3.293464202042216904e+00 3.387446577901160327e-01
2.295739594649648663e-01 2.727599183708576014e+00 3.278180511250212259e+00 3.388022723248508838e-01
2.295999897341659546e-01 2.709195296016964516e+00 3.263122174215316917e+00 3.388214793472854591e-01
2.295739594649648663e-01 2.691056296204372700e+00 3.248284753651655254e+00 3.388022723248508838e-01
2.294958863626856693e-01 2.673177127895282723e+00 3.233663861075898538e+00 3.387446577901160327e-01
2.293658235232306497e-01 2.655552855519517141e+00 3.219255148465405725e+00 3.386486553370843255e-01
2.291838593729025597e-01 2.638178660379292051e+00 3.205054300361144470e+00 3.385142976100880552e-01
2.289501175682142342e-01 2.621049836819351331e+00 3.191057026391804996e+00 3.383416302852889079e-01
2.286647568558448640e-01 2.604161788497385555e+00 3.177259054230360036e+00 3.381307120447984982e-01
2.283279708929645546e-01 2.587510024753329141e+00 3.163656122973355966e+00 3.378816145434407336e-01
2.279399880282122481e-01 2.571090157074851668e+00 3.150243976975458882e+00 3.375944223681814904e-01
2.275010710436734529e-01 2.554897895658345686e+00 3.137018360151385910e+00 3.372692329902576835e-01
2.270115168582660936e-01 2.538929046063092887e+00 3.123975010590525514e+00 3.369061567100444798e-01
2.264716561930031624e-01 2.523179505956236302e+00 3.111109655759202841e+00 3.365053165947033964e-01
2.258818531986602762e-01 2.507645261949935200e+00 3.098418008213351005e+00 3.360668484086613006e-01
2.252425050464353651e-01 2.492322386527451972e+00 3.085895761568349549e+00 3.355909005369747677e-01
2.245540414822438102e-01 2.477207035056714801e+00 3.073538587020955504e+00 3.350776339016406369e-01
2.238169243453503043e-01 2.462295442891953012e+00 3.061342130323065458e+00 3.345272218709191003e-01
2.230316470520911643e-01 2.447583922560820469e+00 3.049302009206392938e+00 3.339398501617403259e-01
2.221987340454954774e-01 2.433068861037846364e+00 3.037413811295632815e+00 3.333157167352714945e-01
2.213187402116644775e-01 2.418746717102184807e+00 3.025673092291362387e+00 3.326550316857272982e-01
2.203922502638179792e-01 2.404614018778046702e+00 3.014075374692904319e+00 3.319580171225104959e-01
2.194198780949648264e-01 2.390667360859267454e+00 3.002616147034993688e+00 3.312249070457751743e-01
2.184022661002005539e-01 2.376903402516144403e+00 2.991290863392265020e+00 3.304559472155105260e-01
2.173400844696795065e-01 2.363318864983214418e+00 2.980094943280494846e+00 3.296513950142479499e-01
2.162340304533496294e-01 2.349910529327834396e+00 2.969023772007776341e+00 3.288115193034982786e-01
2.150848275985793590e-01 2.336675234299000703e+00 2.958072701492498791e+00 3.279366002740311536e-01
2.138932249618426540e-01 2.323609874256600705e+00 2.947237051320002799e+00 3.270269292901141767e-01
2.126599962956636503e-01 2.310711397177907855e+00 2.936512110087602156e+00 3.260828087278319076e-01
2.113859392120556457e-01 2.297976802742339508e+00 2.925893137285147994e+00 3.251045518076113305e-01
2.100718743237187658e-01 2.285403140494298491e+00 2.915375365376200012e+00 3.240924824210820732e-01
2.087186443642902178e-01 2.272987508081246943e+00 2.904954002248066658e+00 3.230469349524076605e-01
2.073271132889650259e-01 2.260727049569020597e+00 2.894624233883875686e+00 3.219682540942235827e-01
2.058981653568286441e-01 2.248618953829835121e+00 2.884381227265756742e+00 3.208567946583246733e-01
2.044327041962645253e-01 2.236660453005359095e+00 2.874220133770383878e+00 3.197129213812482940e-01
2.029316518548146264e-01 2.224848821043352576e+00 2.864136092554725455e+00 3.185370087249004833e-01
2.013959478348899268e-01 2.213181372304526384e+00 2.854124234225857926e+00 3.173294406723791150e-01
1.998265481167372792e-01 2.201655460241741302e+00 2.844179684847833567e+00 3.160906105191494397e-01
1.982244241700807375e-01 2.190268476148820032e+00 2.834297569905905867e+00 3.148209206597305521e-01
1.965905619558621920e-01 2.179017847976863376e+00 2.824473018594037210e+00 3.135207823700545404e-01
1.949259609195111709e-01 2.167901039219702675e+00 2.814701168318491931e+00 3.121906155856635778e-01
1.932316329771753827e-01 2.156915547865164040e+00 2.804977169090927092e+00 3.108308486759119860e-01
1.915086014963434391e-01 2.146058905410178852e+00 2.795296188171329188e+00 3.094419182143423042e-01
1.897579002722878105e-01 2.135328675940695309e+00 2.785653414895603586e+00 3.080242687454089467e-01
1.879805725017506535e-01 2.124722455273679866e+00 2.776044065449307929e+00 3.065783525477220328e-01
1.861776697552864623e-01 2.114237870159576982e+00 2.766463387620341052e+00 3.051046293939887466e-01
1.843502509496662833e-01 2.103872577543014266e+00 2.756906665796697187e+00 3.036035663078303637e-01
1.824993813217324345e-01 2.093624263883228309e+00 2.747369225989904518e+00 3.020756373176529674e-01
1.806261314050806588e-01 2.083490644529506497e+00 2.737846440537904158e+00 3.005213232077556529e-01
1.787315760109257634e-01 2.073469463149414160e+00 2.728333733123538440e+00 2.989411112668561854e-01
1.768167932144887877e-01 2.063558491212357904e+00 2.718826583771010164e+00 2.973354950342195213e-01
1.748828633482202299e-01 2.053755527522401092e+00 2.709320533521403895e+00 2.957049740435728769e-01
1.729308680031499401e-01 2.044058397799766169e+00 2.699811189374080822e+00 2.940500535649925307e-01
1.709618890396280566e-01 2.034464954311526963e+00 2.690294229023177053e+00 2.923712443449492659e-01
1.689770076086918316e-01 2.024973075545679180e+00 2.680765405367228738e+00 2.906690623446979704e-01
1.669773031852643530e-01 2.015580665929066040e+00 2.671220551207657223e+00 2.889440284771986334e-01
1.649638526143570871e-01 2.006285655587949357e+00 2.661655583698695704e+00 2.871966683427552014e-01
1.629377291714158293e-01 1.997086000146905294e+00 2.652066508603512229e+00 2.854275119635595326e-01
1.609000016379131537e-01 1.987979680565612250e+00 2.642449424629292221e+00 2.836370935173264107e-01
1.588517333932524811e-01 1.978964703012211279e+00 2.632800527516463429e+00 2.818259510702061932e-01
1.567939815240123325e-01 1.970039098769306607e+00 2.623116113839254471e+00 2.799946263091599996e-01
1.547277959515172274e-01 1.961200924170976467e+00 2.613392584912524796e+00 2.781436642739837928e-01
1.526542185786809724e-01 1.952448260571194805e+00 2.603626450511969281e+00 2.762736130891629283e-01
1.505742824570260596e-01 1.943779214338858363e+00 2.593814332209603890e+00 2.743850236957422473e-01
1.484890109747386833e-01 1.935191916877849083e+00 2.583952966747840030e+00 2.724784495833924569e-01
1.463994170665743888e-01 1.926684524671951060e+00 2.574039209194316058e+00 2.705544465228527651e-01
1.443065024463842105e-01 1.918255219350299079e+00 2.564070035869962627e+00 2.686135722989292929e-01
1.422112568629846363e-01 1.909902207773239269e+00 2.554042547178539291e+00 2.666563864442258458e-01
1.401146573800481354e-01 1.901623722135678207e+00 2.543953970121495711e+00 2.646834499737829582e-01
1.380176676806431080e-01 1.893418020085610998e+00 2.533801660734774419e+00 2.626953251207975737e-01
1.359212373970045962e-01 1.885283384857501465e+00 2.523583106393432196e+00 2.606925750735956115e-01
1.338263014660690808e-01 1.877218125417659866e+00 2.513295927754868764e+00 2.586757637140258415e-01
1.317337795112571430e-01 1.869220576618995766e+00 2.502937880564102713e+00 2.566454553574416542e-01
1.296445752509403915e-01 1.861289099364753286e+00 2.492506857336940662e+00 2.546022144944348198e-01
1.275595759339797908e-01 1.853422080778812653e+00 2.482000888809214878e+00 2.525466055344832705e-01
1.254796518026737584e-01 1.845617934381085679e+00 2.471418145280566581e+00 2.504791925516706153e-01
1.234056555834058821e-01 1.837875100267008621e+00 2.460756937590897753e+00 2.484005390326336216e-01
1.213384220052347445e-01 1.830192045287037050e+00 2.450015717934558523e+00 2.463112076268909323e-01
1.192787673466187415e-01 1.822567263227420131e+00 2.439193080671304248e+00 2.442117598997013417e-01
1.172274890104234163e-01 1.814999274989784972e+00 2.428287762868798882e+00 2.421027560875995133e-01
1.151853651273101464e-01 1.807486628768195658e+00 2.417298644522809514e+00 2.399847548567514144e-01
1.131531541875595015e-01 1.800027900220799060e+00 2.406224748640066746e+00 2.378583130642688837e-01
1.111315947013368777e-01 1.792621692636723996e+00 2.395065241444387372e+00 2.357239855226201664e-01
1.091214048873631048e-01 1.785266637097972620e+00 2.383819432044560482e+00 2.335823247672682013e-01
1.071232823899084807e-01 1.777961392630408088e+00 2.372486771919045889e+00 2.314338808276658610e-01
1.051379040239861506e-01 1.770704646347382560e+00 2.361066854570728513e+00 2.292792010017329907e-01
1.031659255485774807e-01 1.763495113583553486e+00 2.349559414749585962e+00 2.271188296339357593e-01
1.012079814676828532e-01 1.756331538016582261e+00 2.337964327577670254e+00 2.249533078970865629e-01
9.926468485894947291e-02 1.749212691777723538e+00 2.326281607569031795e+00 2.227831735779763345e-01
9.733662722959050828e-02 1.742137375548931111e+00 2.314511407411213195e+00 2.206089608669495050e-01
9.542437839927130072e-02 1.735104418646331137e+00 2.302654016662915470e+00 2.184312001515251733e-01
9.352848640960298443e-02 1.728112679089269799e+00 2.290709860286779254e+00 2.162504178141662903e-01
9.164947745984869387e-02 1.721161043654069633e+00 2.278679497085703609e+00 2.140671360342926433e-01
8.978785586841374344e-02 1.714248427912458350e+00 2.266563617970815070e+00 2.118818725946296500e-01
8.794410405965978617e-02 1.707373776253179543e+00 2.254363044099594315e+00 2.096951406919814465e-01
8.611868257555183037e-02 1.700536061887225836e+00 2.242078724873805662e+00 2.075074487525108424e-01
8.431203011161787775e-02 1.693734286835167469e+00 2.229711735865702593e+00 2.053193002516055243e-01
8.252456357667395381e-02 1.686967481897761578e+00 2.217263276634023228e+00 2.031311935384050582e-01
8.075667817574094798e-02 1.680234706607986128e+00 2.204734668350199822e+00 2.009436216650592744e-01
7.900874751555433950e-02 1.673535049165058686e+00 2.192127351449847605e+00 1.987570722207820384e-01
7.728112373204711061e-02 1.666867626350633236e+00 2.179442883076845749e+00 1.965720271707639411e-01
7.557413763916279170e-02 1.660231583425632484e+00 2.166682934432219820e+00 1.943889626999984743e-01
7.388809889833716782e-02 1.653626094009061465e+00 2.153849288126664874e+00 1.922083490620752899e-01
7.222329620796849592e-02 1.647050359938183162e+00 2.140943835436209142e+00 1.900306504329873913e-01
7.057999751218010931e-02 1.640503611110539550e+00 2.127968573322470913e+00 1.878563247699955863e-01
6.895845022816432524e-02 1.633985105306021035e+00 2.114925601520027065e+00 1.856858236755896396e-01
6.735888149138298531e-02 1.627494127992296535e+00 2.101817119653081711e+00 1.835195922665792401e-01
6.578149841788899499e-02 1.621029992111406859e+00 2.088645423997668171e+00 1.813580690483456159e-01
6.422648838302272289e-02 1.614592037847536909e+00 2.075412904385318669e+00 1.792016857942786145e-01
6.269401931572876618e-02 1.608179632378242463e+00 2.062122041070448830e+00 1.770508674304206442e-01
6.118424000773177440e-02 1.601792169607532790e+00 2.048775401403395868e+00 1.749060319253337992e-01
5.969728043680443824e-02 1.595429069881797446e+00 2.035375636574188185e+00 1.727675901852029072e-01
5.823325210335739133e-02 1.589089779689328186e+00 2.021925478244824159e+00 1.706359459541825219e-01
5.679224837957713712e-02 1.582773771342842029e+00 2.008427735149575177e+00 1.685114957199910779e-01
5.537434487033888325e-02 1.576480542646515604e+00 1.994885289737438283e+00 1.663946286247529049e-01
5.397959978512016643e-02 1.570209616547563858e+00 1.981301094622834880e+00 1.642857263810830470e-01
5.260805432014345473e-02 1.563960540771913044e+00 1.967678169137712541e+00 1.621851631934059790e-01
5.125973304997952229e-02 1.557732887446544146e+00 1.954019595867726000e+00 1.600933056844968672e-01
4.993464432784661122e-02 1.551526252707013054e+00 1.940328517019319188e+00 1.580105128272271120e-01
4.863278069384796565e-02 1.545340256291521719e+00 1.926608130919676531e+00 1.559371358814954645e-01
4.735411929039520795e-02 1.539174541122556139e+00 1.912861688450887332e+00 1.538735183363193482e-01
4.609862228407460988e-02 1.533028772875807855e+00 1.899092489411489559e+00 1.518199958570586594e-01
4.486623729322191528e-02 1.526902639537376150e+00 1.885303878983207948e+00 1.497768962377407365e-01
4.365689782048162021e-02 1.520795850950414474e+00 1.871499244074678714e+00 1.477445393584507771e-01
4.247052368963794705e-02 1.514708138350352673e+00 1.857682009703114812e+00 1.457232371477485966e-01
4.130702148601780171e-02 1.508639253891199239e+00 1.843855635474104249e+00 1.437132935500710640e-01
4.016628499977713956e-02 1.502588970162472837e+00 1.830023611879443513e+00 1.417150044980720058e-01
3.904819567139918013e-02 1.496557079697073966e+00 1.816189456680167291e+00 1.397286578898530307e-01
3.795262303874531729e-02 1.490543394471766092e+00 1.802356711358383379e+00 1.377545335710322894e-01
3.687942518501648170e-02 1.484547745400399688e+00 1.788528937568734101e+00 1.357929033215957149e-01
3.582844918699872039e-02 1.478569981820999413e+00 1.774709713459005744e+00 1.338440308474732054e-01
3.479953156298404987e-02 1.472609970975830906e+00 1.760902630107382238e+00 1.319081717767781881e-01
3.379249871977501457e-02 1.466667597487504304e+00 1.747111288063154522e+00 1.299855736606470857e-01
3.280716739819986016e-02 1.460742762830021801e+00 1.733339293725280728e+00 1.280764759786118256e-01
3.184334511658368227e-02 1.454835384795847064e+00 1.719590255861200179e+00 1.261811101484364150e-01
3.090083061164044034e-02 1.448945396960158449e+00 1.705867782110258801e+00 1.242996995403457122e-01
2.997941427626995073e-02 1.443072748142150363e+00 1.692175475507289084e+00 1.224324594955723960e-01
2.907887859376411324e-02 1.437217401864811173e+00 1.678516931036156956e+00 1.205795973491455009e-01
2.819899856794692156e-02 1.431379335813061537e+00 1.664895732239977333e+00 1.187413124568423295e-01
2.733954214879312505e-02 1.425558541291864989e+00 1.651315447792371272e+00 1.169177962262228226e-01
2.650027065309079263e-02 1.419755022683447887e+00 1.637779628139993227e+00 1.151092321516627853e-01
2.568093917973497675e-02 1.413968796906043268e+00 1.624291802289025144e+00 1.133157958533032028e-01
2.488129701925916037e-02 1.408199892873723824e+00 1.610855474343174665e+00 1.115376551198274946e-01
2.410108805723330805e-02 1.402448350956943646e+00 1.597474120336574543e+00 1.097749699549795122e-01
2.334005117117776001e-02 1.396714222447197118e+00 1.584151185113597204e+00 1.080278926277323942e-01
2.259792062066351415e-02 1.390997569023529223e+00 1.570890078979414461e+00 1.062965677260171854e-01
2.187442643029012534e-02 1.385298462222431359e+00 1.557694174717045854e+00 1.045811322139183069e-01
2.116929476525374748e-02 1.379616982912923007e+00 1.544566804456615206e+00 1.028817154922432031e-01
2.048224829923776108e-02 1.373953220774718265e+00 1.531511256592885228e+00 1.011984394623695743e-01
1.981300657437985377e-02 1.368307273782659594e+00 1.518530772897755732e+00 9.953141859327599428e-02
1.916128635308890146e-02 1.362679247696185314e+00 1.505628545481781266e+00 9.788075999165744834e-02
1.852680196150559983e-02 1.357069255554685050e+00 1.492807713995676799e+00 9.624656347502906495e-02
1.790926562442033201e-02 1.351477417180064089e+00 1.480071362810116531e+00 9.462892164771913306e-02
1.730838779148102455e-02 1.345903858685551180e+00 1.467422518149952948e+00 9.302791997965187409e-02
1.672387745454330388e-02 1.340348711991921959e+00 1.454864145490424088e+00 9.144363688782096433e-02
1.615544245603363002e-02 1.334812114352099455e+00 1.442399146931137910e+00 8.987614382035320759e-02
1.560278978821444916e-02 1.329294207883373602e+00 1.430030358507555777e+00 8.832550534306171652e-02
1.506562588325858869e-02 1.323795139107949437e+00 1.417760547831291573e+00 8.679177922838829384e-02
1.454365689405729030e-02 1.318315058503482406e+00 1.405592411642978101e+00 8.527501654663366404e-02
1.403658896570350763e-02 1.312854120061568652e+00 1.393528573336958232e+00 8.377526175937473341e-02
1.354412849760859051e-02 1.307412480856262604e+00 1.381571580833304225e+00 8.229255281496798691e-02
1.306598239622648074e-02 1.301990300622806407e+00 1.369723904374529289e+00 8.082692124603807482e-02
1.260185831837514273e-02 1.296587741345955669e+00 1.357987934399180086e+00 7.937839226885091970e-02
1.215146490515994250e-02 1.291204966859009984e+00 1.346365979552659686e+00 7.794698488447113216e-02
1.171451200651819208e-02 1.285842142453210268e+00 1.334860264830023624e+00 7.653271198160363498e-02
1.129071089641797525e-02 1.280499434498527211e+00 1.323472929751515093e+00 7.513558044102000566e-02
1.087977447875788407e-02 1.275177010074830974e+00 1.312206026635905687e+00 7.375559124147092194e-02
1.048141748402678028e-02 1.269875036614823705e+00 1.301061519125429111e+00 7.239273956698551171e-02
1.009535665679547195e-02 1.264593681558542348e+00 1.290041280627868048e+00 7.104701491546099035e-02
9.721310934123405731e-03 1.259333112018793388e+00 1.279147093042048322e+00 6.971840120844498279e-02
9.359001614974868377e-03 1.254093494459423086e+00 1.268380645591231426e+00 6.840687690201500970e-02
9.008152520749551292e-03 1.248874994384657988e+00 1.257743533688359339e+00 6.711241509865946420e-02
8.668490147042450314e-03 1.243677776040971628e+00 1.247237258059549880e+00 6.583498366006651503e-02
8.339743806757421440e-03 1.238502002130912327e+00 1.236863223944607348e+00 6.457454532072766373e-02
8.021645764707333037e-03 1.233347833539271576e+00 1.226622740525163069e+00 6.333105780226370995e-02
7.713931363842378361e-03 1.228215429071810139e+00 1.216517020493746770e+00 6.210447392838288477e-02
7.416339143255474414e-03 1.223104945206363370e+00 1.206547179757296195e+00 6.089474174038130710e-02
7.128610948120912144e-03 1.218016535856463411e+00 1.196714237286141014e+00 5.970180461309738257e-02
6.850492031729060044e-03 1.212950352147308175e+00 1.187019115368846300e+00 5.852560137123351269e-02
6.581731149785981748e-03 1.207906542205573919e+00 1.177462639873673611e+00 5.736606640595981466e-02
6.322080647152002880e-03 1.202885250960630259e+00 1.168045540657434822e+00 5.622312979171473907e-02
6.071296537198895074e-03 1.197886619959442900e+00 1.158768452490309020e+00 5.509671740312164362e-02
5.829138573969119830e-03 1.192910787194588318e+00 1.149631915966863094e+00 5.398675103193893710e-02
5.595370317325003631e-03 1.187957886944777552e+00 1.140636378820482744e+00 5.289314850396506507e-02
5.369759191278990033e-03 1.183028049629509360e+00 1.131782197402620316e+00 5.181582379582028164e-02
5.152076535699198767e-03 1.178121401675899627e+00 1.123069638473817689e+00 5.075468715152916394e-02
4.942097651586993025e-03 1.173238065400076469e+00 1.114498881497752114e+00 4.970964519882933863e-02
4.739601840125405412e-03 1.168378158902065422e+00 1.106070020996203329e+00 4.868060106513376339e-02
4.544372435698843839e-03 1.163541795974249560e+00 1.097783069414814516e+00 4.766745449307548121e-02
4.356196833085822229e-03 1.158729086024606891e+00 1.089637960487011892e+00 4.667010195556584723e-02
4.174866509027135714e-03 1.153940134014643348e+00 1.081634552912827063e+00 4.568843677029853917e-02
4.000177038372511491e-03 1.149175040412258708e+00 1.073772634568242124e+00 4.472234921363429233e-02
3.831928105008598241e-03 1.144433901160499145e+00 1.066051927231199459e+00 4.377172663380209106e-02
3.669923507771056820e-03 1.139716807662297660e+00 1.058472092073531101e+00 4.283645356335569199e-02
3.513971161542579075e-03 1.135023846783326240e+00 1.051032735879954494e+00 4.191641183082456257e-02
3.363883093738036668e-03 1.130355100872759477e+00 1.043733417782259476e+00 4.101148067150243992e-02
3.219475436376271343e-03 1.125710647802989461e+00 1.036573657290343675e+00 4.012153683731638221e-02
3.080568413936679312e-03 1.121090561031822919e+00 1.029552943287194822e+00 3.924645470572265399e-02
2.946986327196759667e-03 1.116494909686409409e+00 1.022670744263536324e+00 3.838610638757700144e-02
2.818557533244632658e-03 1.111923758673702745e+00 1.015926520321458471e+00 3.754036183392904513e-02
2.695114421858179656e-03 1.107377168819035473e+00 1.009319736665472700e+00 3.670908894169248871e-02
2.576493388439710965e-03 1.102855197036102464e+00 1.002849879601696914e+00 3.589215365814450026e-02
2.462534803692312518e-03 1.098357896534593481e+00 9.965164752090724942e-01 3.508942008420994768e-02
2.353082980220871315e-03 1.093885317069205998e+00 9.903191110480049630e-01 3.430075057648791087e-02
2.247986136237538606e-03 1.089437505237730752e+00 9.842574623291412417e-01 3.352600584797970490e-02
2.147096356547970215e-03 1.085014504838189175e+00 9.783313230320644927e-01 3.276504506747984075e-02
2.050269550991066104e-03 1.080616357294450935e+00 9.725406432447948335e-01 3.201772595759313361e-02
1.957365410501171223e-03 1.076243102165644672e+00 9.668855748990525800e-01 3.128390489134285496e-02
1.868247360957877483e-03 1.071894777758042538e+00 9.613665277141352217e-01 3.056343698733731545e-02
1.782782514984511965e-03 1.067571421862080427e+00 9.559842387052425172e-01 2.985617620346342829e-02
1.700841621852324653e-03 1.063273072647357820e+00 9.507398592218553324e-01 2.916197542907822751e-02
1.622299015643192044e-03 1.058999769754761511e+00 9.456350648116460533e-01 2.848068657567081816e-02
1.547032561819380349e-03 1.054751555640665472e+00 9.406721964342517062e-01 2.781216066596930644e-02
1.474923602344556774e-03 1.050528477248330317e+00 9.358544431978051970e-01 2.715624792146879851e-02
1.405856899495884060e-03 1.046330588103932202e+00 9.311860818851914745e-01 2.651279784835885653e-02
1.339720578502511493e-03 1.042157950976651426e+00 9.266727961937873959e-01 2.588165932182973084e-02
1.276406069141388473e-03 1.038010641297124614e+00 9.223221079110632825e-01 2.526268066873929921e-02
1.215808046416782823e-03 1.033888751609898682e+00 9.181439687607833022e-01 2.465570974862397666e-02
1.157824370445367746e-03 1.029792397460975728e+00 9.141515881010734423e-01 2.406059403303841687e-02
1.102356025664235576e-03 1.025721725316217414e+00 9.103626138488484232e-01 2.347718068321061682e-02
1.049307059474715491e-03 1.021676923413175953e+00 9.068008552064057426e-01 2.290531662600099952e-02
9.985845204303295339e-04 1.017658236951026529e+00 9.034988610847763946e-01 2.234484862815509787e-02
9.500983960727694402e-04 1.013665989873794082e+00 9.005018942946055871e-01 2.179562336884138460e-02
9.037615505153520504e-04 1.009700616990507838e+00 8.978742681078732968e-01 2.125748751046736482e-02
8.594896618689754899e-04 1.005762712897661171e+00 8.957098626398186658e-01 2.073028776776839055e-02
8.172011596012624746e-04 1.001853109415923537e+00 8.941504389208884129e-01 2.021387097516532533e-02
7.768171619152435415e-04 9.979730039893685012e-01 8.934194717402577091e-01 1.970808415238837347e-02
7.382614132297243489e-04 9.941241851753574998e-01 8.938894918885513796e-01 1.921277456836628303e-02
7.014602218392349117e-04 9.903094587269504201e-01 8.962299279128231877e-01 1.872778980338089469e-02
6.663423978273928794e-04 9.865335348823403017e-01 9.017791038705536000e-01 1.825297780948896206e-02
6.328391913034311618e-04 9.828051469019614128e-01 9.136973007537424474e-01 1.778818696921402251e-02
6.008842310276835174e-04 9.791433011322496771e-01 9.422224233044773634e-01 1.733326615251267952e-02
5.704134634879330125e-04 9.756046519156664765e-01 9.746297288920580115e-01 1.688806477202069861e-02
5.413650924847369147e-04 9.721535338242351942e-01 9.989755668759617846e-01 1.645243283658585562e-02
