3.817135453987002824e-02 1.322839306684948468e+01 1.442062349641798136e+01 1.381509220741396760e-01
3.882535298821614828e-02 1.305339372379904894e+01 1.402015778433027293e+01 1.393293813023946393e-01
3.948737585997225130e-02 1.288013396254125809e+01 1.355028348707871189e+01 1.405122340936408587e-01
4.015745243047306318e-02 1.270734154760214096e+01 1.311232275664143110e+01 1.416994220709334174e-01
4.083561051053330448e-02 1.253696299396892933e+01 1.281470272555168322e+01 1.428908858369443147e-01
4.152187641256101930e-02 1.236958097705002757e+01 1.257200254716322441e+01 1.440865649749500654e-01
4.221627491670558452e-02 1.220540565839243996e+01 1.235824140507249069e+01 1.452863980500335439e-01
4.291882923705784419e-02 1.204450263326459591e+01 1.216246529678086397e+01 1.464903226105019052e-01
4.362956098791925807e-02 1.188687064090786372e+01 1.197917514043329490e+01 1.476982751895215273e-01
4.434849015015827900e-02 1.173247423220016294e+01 1.180527529604447601e+01 1.489101913069724725e-01
4.507563503767132024e-02 1.158125946882130641e+01 1.163887121224250443e+01 1.501260054715226888e-01
4.581101226396625675e-02 1.143316220383559312e+01 1.147872527336226689e+01 1.513456511829234241e-01
4.655463670888771582e-02 1.128811275525944957e+01 1.132398475982678931e+01 1.525690609345284610e-01
4.730652148550109487e-02 1.114603867961674943e+01 1.117403514564853673e+01 1.537961662160359233e-01
4.806667790715601213e-02 1.100686648004979062e+01 1.102841609547939861e+01 1.550268975164568186e-01
4.883511545474594762e-02 1.087052268630176499e+01 1.088677095174167242e+01 1.562611843273081502e-01
4.961184174418528658e-02 1.073693454901229316e+01 1.074881509403705593e+01 1.574989551460346804e-01
5.039686249412152208e-02 1.060603048915038826e+01 1.061431541906493514e+01 1.587401374796581222e-01
5.119018149390305167e-02 1.047774038766182159e+01 1.048307662682988273e+01 1.599846578486559812e-01
5.199180057182169884e-02 1.035199576847930558e+01 1.035493181108746441e+01 1.612324417910702412e-01
5.280171956365016517e-02 1.022872990906452273e+01 1.022973585046705480e+01 1.624834138668469763e-01
5.361993628149405028e-02 1.010787790100293648e+01 1.010736066836290092e+01 1.637374976624078882e-01
5.444644648297858325e-02 9.989376675817561946e+00 9.987691767872465931e+00 1.649946157954534365e-01
5.528124384079080578e-02 9.873165006406917854e+00 9.870625654339791666e+00 1.662546899200001704e-01
5.612431991259651115e-02 9.759183491363694785e+00 9.756067887301147934e+00 1.675176407316502636e-01
5.697566411135354669e-02 9.647374527307828629e+00 9.643931585857464128e+00 1.687833879730963604e-01
5.783526367604095719e-02 9.537682272902079816e+00 9.534136265787958919e+00 1.700518504398599029e-01
5.870310364282540355e-02 9.430052607206222959e+00 9.426606922937018851e+00 1.713229459862650739e-01
5.957916681668504882e-02 9.324433084301603003e+00 9.321273301724389171e+00 1.725965915316479415e-01
6.046343374351149935e-02 9.220772885605422076e+00 9.218069304447652712e+00 1.738727030668004159e-01
6.135588268271147117e-02 9.119022770914996912e+00 9.116932508716525163e+00 1.751511956606512377e-01
6.225648958032722891e-02 9.019135028950602262e+00 9.017803769265775315e+00 1.764319834671809473e-01
6.316522804269900093e-02 8.921063427965917114e+00 8.920626885984411558e+00 1.777149797325748848e-01
6.408206931068759216e-02 8.824763166840142503e+00 8.825348324377413789e+00 1.790000968026101147e-01
6.500698223448016233e-02 8.730190826956222949e+00 8.731916978120750628e+00 1.802872461302797713e-01
6.593993324899841135e-02 8.637304325083237089e+00 8.640283965440128000e+00 1.815763382836519391e-01
6.688088634993084869e-02 8.546062867415429309e+00 8.550402453063664865e+00 1.828672829539647882e-01
6.782980307040925583e-02 8.456426904873573847e+00 8.462227503151307673e+00 1.841599889639566334e-01
6.878664245835015845e-02 8.368358089739945882e+00 8.375715938768040658e+00 1.854543642764307776e-01
6.975136105448187518e-02 8.281819233659540203e+00 8.290826224950180290e+00 1.867503160030551113e-01
7.072391287107748781e-02 8.196774267031720740e+00 8.207518363106700576e+00 1.880477504133956368e-01
7.170424937141395283e-02 8.113188199790192456e+00 8.125753796444062260e+00 1.893465729441834167e-01
7.269231944997767147e-02 8.031027083562939595e+00 8.045495324897537159e+00 1.906466882088142523e-01
7.368806941343647443e-02 7.950257975190129223e+00 7.966707027982284473e+00 1.919480000070806491e-01
7.469144296239817182e-02 7.870848901572426115e+00 7.889354194989418367e+00 1.932504113351355413e-01
7.570238117397461164e-02 7.792768825823270795e+00 7.813403261140637213e+00 1.945538243956856927e-01
7.672082248517189673e-02 7.715987614682425111e+00 7.738821748653472277e+00 1.958581406084157206e-01
7.774670267712521787e-02 7.640476007155189819e+00 7.665578213079261793e+00 1.971632606206404903e-01
7.877995486019749583e-02 7.566205584344070090e+00 7.593642193537790241e+00 1.984690843181848019e-01
7.982050945996130298e-02 7.493148740423507981e+00 7.522984166221134750e+00 1.997755108364902832e-01
8.086829420408185587e-02 7.421278654721781720e+00 7.453575501753366694e+00 2.010824385719472140e-01
8.192323411012032708e-02 7.350569264873146658e+00 7.385388425129304935e+00 2.023897651934508379e-01
8.298525147427442128e-02 7.280995240992432116e+00 7.318395978192897999e+00 2.036973876541798290e-01
8.405426586107543618e-02 7.212531960840001588e+00 7.252571984887672407e+00 2.050052022035970534e-01
8.513019409405792048e-02 7.145155485936714790e+00 7.187891018230273765e+00 2.063131043996695724e-01
8.621295024741994217e-02 7.078842538588075328e+00 7.124328369368448932e+00 2.076209891213072201e-01
8.730244563869059282e-02 7.013570479786572776e+00 7.061860018725463206e+00 2.089287505810181744e-01
8.839858882242085381e-02 6.949317287955461886e+00 7.000462608407273635e+00 2.102362823377792456e-01
8.950128558491440844e-02 6.886061538496856649e+00 6.940113416268840041e+00 2.115434773101198818e-01
9.061043894001379051e-02 6.823782384116619859e+00 6.880790331463869869e+00 2.128502277894174510e-01
9.172594912595716243e-02 6.762459535890306128e+00 6.822471831100329176e+00 2.141564254534021328e-01
9.284771360332078061e-02 6.702073245041832550e+00 6.765136958371179787e+00 2.154619613798695321e-01
9.397562705406152517e-02 6.642604285407166742e+00 6.708765301563133221e+00 2.167667260605989910e-01
9.510958138167331655e-02 6.584033936550683919e+00 6.653336974096221823e+00 2.180706094154750141e-01
9.624946571247142146e-02 6.526343967511777144e+00 6.598832595798812761e+00 2.193735008068105619e-01
9.739516639801705511e-02 6.469516621154731695e+00 6.545233274823835323e+00 2.206752890538687673e-01
9.854656701869560220e-02 6.413534599095257249e+00 6.492520590445425732e+00 2.219758624475819120e-01
9.970354838846000323e-02 6.358381047182446011e+00 6.440676576947694798e+00 2.232751087654644973e-01
1.008659885607510048e-01 6.304039541514628198e+00 6.389683707935305712e+00 2.245729152867181888e-01
1.020337628356055015e-01 6.250494074962404945e+00 6.339524881326652483e+00 2.258691688075261661e-01
1.032067437679631550e-01 6.197729044183085456e+00 6.290183405411424289e+00 2.271637556565342109e-01
1.043848011771814632e-01 6.145729237106342779e+00 6.241642985231644403e+00 2.284565617105158430e-01
1.055678021577685227e-01 6.094479820868824227e+00 6.193887709486062931e+00 2.297474724102188393e-01
1.067556110913425310e-01 6.043966330182125368e+00 6.146902038253665879e+00 2.310363727763904695e-01
1.079480896598254414e-01 5.994174656117157163e+00 6.100670791195108578e+00 2.323231474259780382e-01
1.091450968598794979e-01 5.945091035287182635e+00 6.055179136160989017e+00 2.336076805885023699e-01
1.103464890185926889e-01 5.896702039413622032e+00 6.010412578346432610e+00 2.348898561226012982e-01
1.115521198104198336e-01 5.848994565260199785e+00 5.966356949773651053e+00 2.361695575327394103e-01
1.127618402753850085e-01 5.801955824918644034e+00 5.922998399484055376e+00 2.374466679860816887e-01
1.139754988385501128e-01 5.755573336437435294e+00 5.880323384120139885e+00 2.387210703295271630e-01
1.151929413307543337e-01 5.709834914774439163e+00 5.838318658482300805e+00 2.399926471069002698e-01
1.164140110106278020e-01 5.664728663061985969e+00 5.796971266925277533e+00 2.412612805762953394e-01
1.176385485878828630e-01 5.620242964176073386e+00 5.756268535010314658e+00 2.425268527275720731e-01
1.188663922478846169e-01 5.576366472592937384e+00 5.716198061296789312e+00 2.437892452999974036e-01
1.200973776775036139e-01 5.533088106524758132e+00 5.676747709728319435e+00 2.450483398000317115e-01
1.213313380922500101e-01 5.490397040323781397e+00 5.637905602206147115e+00 2.463040175192540426e-01
1.225681042646906277e-01 5.448282697143278952e+00 5.599660111377657401e+00 2.475561595524242153e-01
1.238075045541480873e-01 5.406734741846012327e+00 5.561999853797625626e+00 2.488046468156775437e-01
1.250493649376802074e-01 5.365743074151329672e+00 5.524913683552964194e+00 2.500493600648481807e-01
1.262935090423386031e-01 5.325297822013402183e+00 5.488390685781774359e+00 2.512901799139180548e-01
1.275397581787028889e-01 5.285389335216519768e+00 5.452420170479988393e+00 2.525269868535864881e-01
1.287879313756877808e-01 5.246008179185227327e+00 5.416991667010438327e+00 2.537596612699581367e-01
1.300378454166176145e-01 5.207145129000199546e+00 5.382094918358443891e+00 2.549880834633430626e-01
1.312893148765654494e-01 5.168791163608290162e+00 5.347719875600875916e+00 2.562121336671679406e-01
1.325421521609481679e-01 5.130937460223577773e+00 5.313856692979752161e+00 2.574316920669910136e-01
1.337961675453737120e-01 5.093575388912439550e+00 5.280495722730639052e+00 2.586466388196198007e-01
1.350511692167312150e-01 5.056696507351257530e+00 5.247627510339209600e+00 2.598568540723250053e-01
1.363069633155168658e-01 5.020292555757696285e+00 5.215242790171402909e+00 2.610622179821477373e-01
1.375633539793866822e-01 4.984355451983817353e+00 5.183332480598751069e+00 2.622626107352958869e-01
1.388201433879260038e-01 4.948877286763800676e+00 5.151887680039374473e+00 2.634579125666242083e-01
1.400771318086257433e-01 4.913850319119743126e+00 5.120899662819864417e+00 2.646480037791951179e-01
1.413341176440540414e-01 4.879266971907233241e+00 5.090359875045184168e+00 2.658327647639150970e-01
1.425908974802117812e-01 4.845119827507109456e+00 5.060259931022574875e+00 2.670120760192428166e-01
1.438472661360574723e-01 4.811401623650737314e+00 5.030591609390805630e+00 2.681858181709628197e-01
1.451030167141915128e-01 4.778105249377302854e+00 5.001346849628710345e+00 2.693538719920242075e-01
1.463579406526807347e-01 4.745223741117655436e+00 4.972517748566301243e+00 2.705161184224340598e-01
1.476118277780129884e-01 4.712750278899831002e+00 4.944096557226011157e+00 2.716724385892070881e-01
1.488644663591619510e-01 4.680678182674492760e+00 4.916075677542745659e+00 2.728227138263619178e-01
1.501156431627482801e-01 4.649000908751244943e+00 4.888447659179243843e+00 2.739668256949628344e-01
1.513651435092779884e-01 4.617712046346714061e+00 4.861205196730479905e+00 2.751046560031999988e-01
1.526127513304411931e-01 4.586805314238516118e+00 4.834341126741049877e+00 2.762360868265053560e-01
1.538582492274510327e-01 4.556274557520683999e+00 4.807848424853261804e+00 2.773610005276976875e-01
1.551014185304041837e-01 4.526113744458161392e+00 4.781720203309663297e+00 2.784792797771534212e-01
1.563420393586426038e-01 4.496316963438415470e+00 4.755949708119384667e+00 2.795908075729982012e-01
1.575798906820936596e-01 4.466878420011305195e+00 4.730530316585188189e+00 2.806954672613130031e-01
1.588147503835698748e-01 4.437792434022465038e+00 4.705455535059196670e+00 2.817931425563527381e-01
1.600463953220022384e-01 4.409053436830089545e+00 4.680718996178534930e+00 2.828837175607693544e-01
1.612746013965871139e-01 4.380655968603651473e+00 4.656314456825497494e+00 2.839670767858372136e-01
1.624991436118197741e-01 4.352594675706614957e+00 4.632235795914222187e+00 2.850431051716738051e-01
1.637197961433924376e-01 4.324864308153133052e+00 4.608477011986471972e+00 2.861116881074525775e-01
1.649363324049296087e-01 4.297459717141112634e+00 4.585032221311218237e+00 2.871727114516015589e-01
1.661485251155357390e-01 4.270375852658323090e+00 4.561895655649728987e+00 2.882260615519836588e-01
1.673561463681286499e-01 4.243607761156181546e+00 4.539061660301802803e+00 2.892716252660539333e-01
1.685589676985297936e-01 4.217150583294074551e+00 4.516524692281028486e+00 2.903092899809871508e-01
1.697567601552864569e-01 4.190999551747371932e+00 4.494279318221422237e+00 2.913389436337738281e-01
1.709492943701935719e-01 4.165149989078630099e+00 4.472320212610791934e+00 2.923604747312755214e-01
1.721363406294897647e-01 4.139597305670861260e+00 4.450642155853304693e+00 2.933737723702391498e-01
1.733176689456945030e-01 4.114336997717830791e+00 4.429240032594880638e+00 2.943787262572607477e-01
1.744930491300587527e-01 4.089364645274595311e+00 4.408108830103714126e+00 2.953752267286973709e-01
1.756622508655963089e-01 4.064675910361262190e+00 4.387243636262489588e+00 2.963631647705196048e-01
1.768250437806656583e-01 4.040266535119424240e+00 4.366639638111010413e+00 2.973424320381011787e-01
1.779811975230695953e-01 4.016132340023044200e+00 4.346292120202667419e+00 2.983129208759399131e-01
1.791304818346407535e-01 3.992269222136449969e+00 4.326196462953824984e+00 2.992745243373053365e-01
1.802726666262798316e-01 3.968673153423195377e+00 4.306348141110895256e+00 3.002271362038080316e-01
1.814075220534123178e-01 3.945340179099560807e+00 4.286742721984905025e+00 3.011706510048848817e-01
1.825348185918321819e-01 3.922266416033491243e+00 4.267375864233903471e+00 3.021049640371969991e-01
1.836543271138947331e-01 3.899448051189948306e+00 4.248243316362189326e+00 3.030299713839331721e-01
1.847658189650275840e-01 3.876881340115907015e+00 4.229340914927377959e+00 3.039455699340159467e-01
1.858690660405216688e-01 3.854562605466201664e+00 4.210664583415451467e+00 3.048516574012036240e-01
1.869638408625683978e-01 3.832488235572178770e+00 4.192210330670384621e+00 3.057481323430842890e-01
1.880499166575069769e-01 3.810654683044277125e+00 4.173974249342577991e+00 3.066348941799570960e-01
1.891270674332447277e-01 3.789058463415033717e+00 4.155952514822905286e+00 3.075118432135945379e-01
1.901950680568156582e-01 3.767696153817670091e+00 4.138141383638832771e+00 3.083788806458831466e-01
1.912536943320380656e-01 3.746564391697802865e+00 4.120537192157850193e+00 3.092359085973345190e-01
1.923027230772370033e-01 3.725659873561091739e+00 4.103136355117674050e+00 3.100828301254658359e-01
1.933419322029914234e-01 3.704979353750097903e+00 4.085935364461541042e+00 3.109195492430408825e-01
1.943711007898709375e-01 3.684519643257612387e+00 4.068930788090352024e+00 3.117459709361701803e-01
1.953900091661224803e-01 3.664277608566139932e+00 4.052119268191487045e+00 3.125620011822634048e-01
1.963984389852705681e-01 3.644250170518171572e+00 4.035497520283517936e+00 3.133675469678302017e-01
1.973961733035919097e-01 3.624434303216830244e+00 4.019062331888818562e+00 3.141625163061245174e-01
1.983829966574266745e-01 3.604827032952037769e+00 4.002810561119529709e+00 3.149468182546274475e-01
1.993586951402884777e-01 3.585425437154474704e+00 3.986739135464395734e+00 3.157203629323649396e-01
2.003230564797336688e-01 3.566226643374970973e+00 3.970845050574760560e+00 3.164830615370541889e-01
2.012758701139529538e-01 3.547227828289930329e+00 3.955125369124528500e+00 3.172348263620759501e-01
2.022169272680448826e-01 3.528426216731100684e+00 3.939577219345331116e+00 3.179755708132661618e-01
2.031460210299353419e-01 3.509819080736918728e+00 3.924197793772861154e+00 3.187052094255248824e-01
2.040629464259017256e-01 3.491403738628516606e+00 3.908984348421666422e+00 3.194236578792354342e-01
2.049675004956658664e-01 3.473177554109390996e+00 3.893934201243198334e+00 3.201308330164917559e-01
2.058594823670154561e-01 3.455137935382037728e+00 3.879044730764880544e+00 3.208266528571274145e-01
2.067386933299172336e-01 3.437282334288526808e+00 3.864313375332462108e+00 3.215110366145439436e-01
2.076049369100823327e-01 3.419608245471708496e+00 3.849737631672109917e+00 3.221839047113327914e-01
2.084580189419470986e-01 3.402113205553197517e+00 3.835315053608308489e+00 3.228451787946872154e-01
2.092977476410306792e-01 3.384794792332107782e+00 3.821043251047631095e+00 3.234947817516000135e-01
2.101239336756321185e-01 3.367650624001519599e+00 3.806919888743678815e+00 3.241326377238429868e-01
2.109363902378292299e-01 3.350678358382639388e+00 3.792942685150950677e+00 3.247586721227234685e-01
2.117349331137423074e-01 3.333875692176286876e+00 3.779109411272324248e+00 3.253728116436147011e-01
2.125193807530261214e-01 3.317240360230866436e+00 3.765417889353746883e+00 3.259749842802558417e-01
2.132895543375521730e-01 3.300770134825309565e+00 3.751865991829421709e+00 3.265651193388174334e-01
2.140452778492470121e-01 3.284462824969566874e+00 3.738451640367873363e+00 3.271431474517286775e-01
2.147863781370484837e-01 3.268316275719831854e+00 3.725172804478008803e+00 3.277090005912627335e-01
2.155126849829459013e-01 3.252328367506669426e+00 3.712027500326932739e+00 3.282626120828763261e-01
2.162240311670681758e-01 3.236497015478715156e+00 3.699013789843827116e+00 3.288039166183001627e-01
2.169202525317850683e-01 3.220820168860710986e+00 3.686129779378519711e+00 3.293328502683759429e-01
2.176011880447877023e-01 3.205295810322487782e+00 3.673373618801999640e+00 3.298493504956374056e-01
2.182666798611137826e-01 3.189921955365139894e+00 3.660743500320783106e+00 3.303533561666309182e-01
2.189165733840847117e-01 3.174696651714822515e+00 3.648237657060075190e+00 3.308448075639730535e-01
2.195507173251212418e-01 3.159617978731160903e+00 3.635854362406378382e+00 3.313236463981413804e-01
2.201689637624055229e-01 3.144684046828667867e+00 3.623591928762621261e+00 3.317898158189951929e-01
2.207711681983575702e-01 3.129892996907149616e+00 3.611448706477185855e+00 3.322432604270232348e-01
2.213571896158952335e-01 3.115242999795861056e+00 3.599423082558912856e+00 3.326839262843151457e-01
2.219268905334462749e-01 3.100732255704128804e+00 3.587513479754089740e+00 3.331117609252533529e-01
2.224801370586837745e-01 3.086358993688084418e+00 3.575718355704044615e+00 3.335267133669234108e-01
2.230167989409540252e-01 3.072121471123682834e+00 3.564036201483943955e+00 3.339287341192384018e-01
2.235367496223690520e-01 3.058017973190277239e+00 3.552465540894364615e+00 3.343177751947756238e-01
2.240398662875359159e-01 3.044046812365895249e+00 3.541004929241533983e+00 3.346937901183228425e-01
2.245260299118944369e-01 3.030206327928287369e+00 3.529652952180974967e+00 3.350567339361308905e-01
2.249951253086380776e-01 3.016494885467677634e+00 3.518408225011824708e+00 3.354065632248705020e-01
2.254470411741905378e-01 3.002910876408262375e+00 3.507269391538509140e+00 3.357432361002902765e-01
2.258816701322145515e-01 2.989452717537363302e+00 3.496235122991211863e+00 3.360667122255747707e-01
2.262989087761270723e-01 2.976118850543281624e+00 3.485304116926925655e+00 3.363769528193980562e-01
2.266986577100984501e-01 2.962907741560126595e+00 3.474475096513608641e+00 3.366739206636730763e-01
2.270808215885119774e-01 2.949817880723884844e+00 3.463746809559297812e+00 3.369575801109925828e-01
2.274453091538623239e-01 2.936847781732867091e+00 3.453118027253843092e+00 3.372278970917607088e-01
2.277920332730719311e-01 2.923995981416685375e+00 3.442587543315210663e+00 3.374848391210129028e-01
2.281209109722044104e-01 2.911261039312344590e+00 3.432154173261149133e+00 3.377283753049219461e-01
2.284318634695566563e-01 2.898641537249373457e+00 3.421816753399268052e+00 3.379584763469890007e-01
2.287248162071098823e-01 2.886136078939351979e+00 3.411574139695936925e+00 3.381751145539170778e-01
2.289996988803234546e-01 2.873743289573156723e+00 3.401425207109546101e+00 3.383782638411659827e-01
2.292564454662535667e-01 2.861461815425800914e+00 3.391368848509366707e+00 3.385678997381866284e-01
2.294949942499819873e-01 2.849290323465301977e+00 3.381403974033761806e+00 3.387439993933338833e-01
2.297152878493391726e-01 2.837227500972233418e+00 3.371529510200178326e+00 3.389065415784557889e-01
2.299172732379089479e-01 2.825272055160869211e+00 3.361744398676359769e+00 3.390555066931585371e-01
2.301009017663007694e-01 2.813422712808085979e+00 3.352047595782227329e+00 3.391908767687456527e-01
2.302661291816781863e-01 2.801678219889158328e+00 3.342438071703724756e+00 3.393126354718301596e-01
2.304129156455328731e-01 2.790037341218648326e+00 3.332914809623194863e+00 3.394207681076195637e-01
2.305412257496931017e-01 2.778498860097216028e+00 3.323476804849327948e+00 3.395152616228709896e-01
2.306510285305590491e-01 2.767061577963163987e+00 3.314123064009450115e+00 3.395961046085180235e-01
2.307422974815558081e-01 2.755724314050064905e+00 3.304852604465210231e+00 3.396632873019659882e-01
2.308150105637975791e-01 2.744485905050501273e+00 3.295664453474861144e+00 3.397168015890570936e-01
2.308691502149571861e-01 2.733345204783584226e+00 3.286557647291215023e+00 3.397566410057036856e-01
2.309047033563355611e-01 2.722301083867816107e+00 3.277531230807659401e+00 3.397828007391895389e-01
2.309216613981272814e-01 2.711352429401610920e+00 3.268584256681943856e+00 3.397952776291389698e-01
2.309200202428794146e-01 2.700498144644805087e+00 3.259715784627115642e+00 3.397940701681530506e-01
2.308997802871415872e-01 2.689737148708880810e+00 3.250924880809086481e+00 3.397791785021130329e-01
2.308609464213062790e-01 2.679068376248633143e+00 3.242210617043524756e+00 3.397506044301513151e-01
2.308035280276394263e-01 2.668490777160801297e+00 3.233572070516470554e+00 3.397083514042887331e-01
2.307275389765027218e-01 2.658003316287799400e+00 3.225008322883143652e+00 3.396524245287398935e-01
2.306329976207693033e-01 2.647604973123401706e+00 3.216518459770137284e+00 3.395828305588853846e-01
2.305199267884363579e-01 2.637294741526376995e+00 3.208101570314793705e+00 3.394995778999116420e-01
2.303883537734386089e-01 2.627071629436019684e+00 3.199756746506531524e+00 3.394026766051194688e-01
2.302383103246678775e-01 2.616934658593926599e+00 3.191483082622822209e+00 3.392921383739003205e-01
2.300698326332050181e-01 2.606882864268101674e+00 3.183279674784410762e+00 3.391679765493825216e-01
2.298829613177711118e-01 2.596915294983981326e+00 3.175145620599799656e+00 3.390302061157465241e-01
2.296777414084067992e-01 2.587031012258175888e+00 3.167080018430013411e+00 3.388788436952112071e-01
2.294542223283876914e-01 2.577229090336055961e+00 3.159081967112368439e+00 3.387139075446915504e-01
2.292124578743876817e-01 2.567508615935279792e+00 3.151150565499235778e+00 3.385354175521282927e-01
2.289525061948997076e-01 2.557868687991503354e+00 3.143284912038059264e+00 3.383433952324913507e-01
2.286744297669272008e-01 2.548308417410151350e+00 3.135484104527027860e+00 3.381378637234576101e-01
2.283782953709584951e-01 2.538826926821418084e+00 3.127747239481648567e+00 3.379188477807641422e-01
2.280641740642393445e-01 2.529423350338223297e+00 3.120073411815357023e+00 3.376863737732390125e-01
2.277321411523568206e-01 2.520096833319552587e+00 3.112461714828990367e+00 3.374404696775097912e-01
2.273822761591524633e-01 2.510846532138776066e+00 3.104911239682174084e+00 3.371811650723928189e-01
2.270146627949796714e-01 2.501671613953294848e+00 3.097421075045804439e+00 3.369084911329630616e-01
2.266293889233245984e-01 2.492571256480352826e+00 3.089990306858369173e+00 3.366224806243075518e-01
2.262265465258082864e-01 2.483544647774697633e+00 3.082618018180193431e+00 3.363231678949640258e-01
2.258062316655894131e-01 2.474590986012952687e+00 3.075303289066892098e+00 3.360105888700454235e-01
2.253685444491892731e-01 2.465709479279727834e+00 3.068045196001376596e+00 3.356847810440542479e-01
2.249135889867583393e-01 2.456899345357061115e+00 3.060842812015996284e+00 3.353457834733861165e-01
2.244414733508083293e-01 2.448159811520457918e+00 3.053695206513075355e+00 3.349936367685275584e-01
2.239523095334313985e-01 2.439490114335814752e+00 3.046601444872638176e+00 3.346283830859476116e-01
2.234462134020309132e-01 2.430889499461266201e+00 3.039560588577739253e+00 3.342500661196874945e-01
2.229233046535875618e-01 2.422357221453469212e+00 3.032571695092249442e+00 3.338587310926490748e-01
2.223837067674870882e-01 2.413892543576815264e+00 3.025633817643956114e+00 3.334544247475860757e-01
2.218275469569347125e-01 2.405494737616244993e+00 3.018746005192625592e+00 3.330371953377991301e-01
2.212549561189833813e-01 2.397163083694137331e+00 3.011907302442922152e+00 3.326070926175382914e-01
2.206660687832037171e-01 2.388896870090960967e+00 3.005116749717092084e+00 3.321641678321156088e-01
2.200610230590226146e-01 2.380695393068808396e+00 2.998373383004467208e+00 3.317084737077292678e-01
2.194399605817612398e-01 2.372557956699811399e+00 2.991676234062147000e+00 3.312400644410042339e-01
2.188030264573999628e-01 2.364483872697625610e+00 2.985024330201533349e+00 3.307589956882502902e-01
2.181503692061017297e-01 2.356472460251377576e+00 2.978416694398778208e+00 3.302653245544419081e-01
2.174821407045238741e-01 2.348523045864876035e+00 2.971852345650604743e+00 3.297591095819218387e-01
2.167984961269505406e-01 2.340634963199840879e+00 2.965330298681696508e+00 3.292404107388327006e-01
2.160995938852761644e-01 2.332807552919601513e+00 2.958849563994232046e+00 3.287092894072786708e-01
2.153855955678744827e-01 2.325040162539166122e+00 2.952409148246255999e+00 3.281658083712214458e-01
2.146566658773844949e-01 2.317332146277895522e+00 2.946008054345596872e+00 3.276100318041134662e-01
2.139129725674470961e-01 2.309682864916378087e+00 2.939645281403690191e+00 3.270420252562712404e-01
2.131546863784275769e-01 2.302091685654775066e+00 2.933319824866350789e+00 3.264618556419934814e-01
2.123819809721564644e-01 2.294557981976504735e+00 2.927030677087480104e+00 3.258695912264263916e-01
2.115950328657256740e-01 2.287081133516348341e+00 2.920776826911965163e+00 3.252653016121806462e-01
2.107940213643733074e-01 2.279660525926751724e+00 2.914557260125301141e+00 3.246490577257027388e-01
2.099791284934946767e-01 2.272295550754610982e+00 2.908370960056460230e+00 3.240209318034057984e-01
2.091505389298134732e-01 2.264985605317058948e+00 2.902216907065564122e+00 3.233809973775619850e-01
2.083084399317518820e-01 2.257730092579856240e+00 2.896094079225860707e+00 3.227293292619620724e-01
2.074530212690338105e-01 2.250528421043044958e+00 2.890001452575623464e+00 3.220660035373446584e-01
2.065844751515602262e-01 2.243380004625981528e+00 2.883938001034684451e+00 3.213910975365996681e-01
2.057029961575931043e-01 2.236284262557245217e+00 2.877902697175607649e+00 3.207046898297506443e-01
2.048087811612845088e-01 2.229240619269721169e+00 2.871894512091479612e+00 3.200068602087184355e-01
2.039020292595906392e-01 2.222248504294115801e+00 2.865912415606285180e+00 3.192976896718723867e-01
2.029829416986060897e-01 2.215307352159997745e+00 2.859955377095006579e+00 3.185772604083710324e-01
2.020517217993592907e-01 2.208416602299295928e+00 2.854022365205160394e+00 3.178456557822988970e-01
2.011085748831039910e-01 2.201575698949609805e+00 2.848112348397773719e+00 3.171029603166012900e-01
2.001537081961484443e-01 2.194784091065592246e+00 2.842224295466987183e+00 3.163492596768233689e-01
1.991873308342578253e-01 2.188041232229787525e+00 2.836357175522498331e+00 3.155846406546568561e-01
1.982096536666700659e-01 2.181346580567788074e+00 2.830509958359111788e+00 3.148091911512988506e-01
1.972208892597632768e-01 2.174699598665392308e+00 2.824681614865788948e+00 3.140230001606277854e-01
1.962212518004120276e-01 2.168099753490251747e+00 2.818871117748837918e+00 3.132261577521999185e-01
1.952109570190733445e-01 2.161546516317531808e+00 2.813077441269097090e+00 3.124187550540726832e-01
1.941902221126377837e-01 2.155039362653189183e+00 2.807299561634794216e+00 3.116008842354573427e-01
1.931592656670872987e-01 2.148577772165746413e+00 2.801536457869006735e+00 3.107726384892074978e-01
1.921183075799947904e-01 2.142161228618713054e+00 2.795787111677492387e+00 3.099341120141463346e-01
1.910675689829067214e-01 2.135789219804624217e+00 2.790050508105769822e+00 3.090853999972392185e-01
1.900072721636441586e-01 2.129461237485021474e+00 2.784325635800615650e+00 3.082265985956145204e-01
1.889376404885620975e-01 2.123176777329207177e+00 2.778611487093958665e+00 3.073578049184387262e-01
1.878588983248032085e-01 2.116935338857715010e+00 2.772907058898037125e+00 3.064791170086497152e-01
1.867712709625847234e-01 2.110736425389914128e+00 2.767211352865414309e+00 3.055906338245535370e-01
1.856749845375554597e-01 2.104579543991234925e+00 2.761523375548609494e+00 3.046924552212898485e-01
1.845702659532586776e-01 2.098464205424483531e+00 2.755842138865895130e+00 3.037846819321693981e-01
1.834573428037402365e-01 2.092389924102739052e+00 2.750166660553503561e+00 3.028674155498906062e-01
1.823364432963350823e-01 2.086356218046165445e+00 2.744495964756253681e+00 3.019407585076376299e-01
1.812077961746715871e-01 2.080362608841211713e+00 2.738829082033927165e+00 3.010048140600674604e-01
1.800716306419265222e-01 2.074408621599729496e+00 2.733165049746527409e+00 3.000596862641885521e-01
1.789281762843689949e-01 2.068493784922981860e+00 2.727502912636184718e+00 2.991054799601379766e-01
1.777776629952250997e-01 2.062617630866747209e+00 2.721841722885034009e+00 2.981423007518599899e-01
1.766203208989013396e-01 2.056779694907755029e+00 2.716180540959762357e+00 2.971702549876933386e-01
1.754563802755988444e-01 2.050979515916393048e+00 2.710518435724949438e+00 2.961894497408701366e-01
1.742860714863522509e-01 2.045216636125718246e+00 2.704854484345432741e+00 2.951999927899323639e-01
1.731096248985282415e-01 2.039490601105383938e+00 2.699187773423025405e+00 2.942019925990714824e-01
1.719272708118142756e-01 2.033800959739910930e+00 2.693517398974964561e+00 2.931955582983943320e-01
1.707392393847322609e-01 2.028147264204088085e+00 2.687842466568191035e+00 2.921807996641225813e-01
1.695457605617066155e-01 2.022529069943765911e+00 2.682162092081776361e+00 2.911578270987288941e-01
1.683470640007205810e-01 2.016945935657780353e+00 2.676475401672913979e+00 2.901267516110161981e-01
1.671433790015889875e-01 2.011397423279969843e+00 2.670781532459387986e+00 2.890876847961436069e-01
1.659349344348801381e-01 2.005883097966983275e+00 2.665079632656555120e+00 2.880407388156058790e-01
1.647219586715142903e-01 2.000402528082460218e+00 2.659368861577266152e+00 2.869860263771690234e-01
1.635046795130694064e-01 1.994955285186139848e+00 2.653648390651618172e+00 2.859236607147696563e-01
1.622833241228221202e-01 1.989540944025872449e+00 2.647917403407310299e+00 2.848537555683812172e-01
1.610581189575506500e-01 1.984159082527676032e+00 2.642175095345097535e+00 2.837764251638520419e-01
1.598292897001294954e-01 1.978809281788033392e+00 2.636420674756766225e+00 2.826917841927224506e-01
1.585970611929387875e-01 1.973491126070265222e+00 2.630653363181490789e+00 2.815999477920217986e-01
1.573616573721181577e-01 1.968204202800682978e+00 2.624872395062877395e+00 2.805010315240553109e-01
1.561233012026868594e-01 1.962948102563615738e+00 2.619077018331978479e+00 2.793951513561812594e-01
1.548822146145573397e-01 1.957722419102182254e+00 2.613266494960768238e+00 2.782824236405861407e-01
1.536386184394639420e-01 1.952526749317598176e+00 2.607440100720386678e+00 2.771629650940615197e-01
1.523927323488321328e-01 1.947360693269104548e+00 2.601597125708137170e+00 2.760368927777880899e-01
1.511447747926082663e-01 1.942223854177319131e+00 2.595736874598837396e+00 2.749043240771307794e-01
1.498949629390735339e-01 1.937115838426339609e+00 2.589858666856837743e+00 2.737653766814510115e-01
1.486435126156627484e-01 1.932036255569005823e+00 2.583961836987018756e+00 2.726201685639405570e-01
1.473906382508065049e-01 1.926984718331063107e+00 2.578045734571729586e+00 2.714688179614801466e-01
1.461365528168193373e-01 1.921960842617111309e+00 2.572109724761593164e+00 2.703114433545307227e-01
1.448814677738491097e-01 1.916964247518266662e+00 2.566153188291220744e+00 2.691481634470585527e-01
1.436255930149091253e-01 1.911994555318527800e+00 2.560175521867397830e+00 2.679790971465023652e-01
1.423691368120068856e-01 1.907051391505193205e+00 2.554176138214757419e+00 2.668043635437836181e-01
1.411123057633892341e-01 1.902134384775720388e+00 2.548154465996015361e+00 2.656240818933678915e-01
1.398553047419162920e-01 1.897243167047869550e+00 2.542109950606633362e+00 2.644383715933792955e-01
1.385983368445821984e-01 1.892377373471692881e+00 2.536042054023265102e+00 2.632473521657741067e-01
1.373416033431950622e-01 1.887536642438795598e+00 2.529950254608008375e+00 2.620511432365780213e-01
1.360853036362290880e-01 1.882720615593186819e+00 2.523834047799957236e+00 2.608498645161897445e-01
1.348296352018638622e-01 1.877928937844888235e+00 2.517692946162954915e+00 2.596436357797585748e-01
1.335747935522194063e-01 1.873161257381015687e+00 2.511526479150894442e+00 2.584325768476368190e-01
1.323209721888014279e-01 1.868417225677887483e+00 2.505334193626020056e+00 2.572168075659145292e-01
1.310683625591636536e-01 1.863696497515224149e+00 2.499115653790545011e+00 2.559964477870382837e-01
1.298171540148002068e-01 1.858998730987667880e+00 2.492870441228578038e+00 2.547716173505206183e-01
1.285675337702733290e-01 1.854323587519093541e+00 2.486598155302034208e+00 2.535424360637419383e-01
1.273196868635876333e-01 1.849670731876333907e+00 2.480298412835628241e+00 2.523090236828516852e-01
1.260737961178151068e-01 1.845039832181305073e+00 2.473970848389861921e+00 2.510714998937704223e-01
1.248300421039796326e-01 1.840430559926152343e+00 2.467615114510121277e+00 2.498299842932985848e-01
1.235886031052055994e-01 1.835842589986566464e+00 2.461230881507560753e+00 2.485845963703358641e-01
1.223496550821346063e-01 1.831275600635251077e+00 2.454817837575652195e+00 2.473354554872133626e-01
1.211133716396170096e-01 1.826729273555585564e+00 2.448375688944578243e+00 2.460826808611457361e-01
1.198799239946780337e-01 1.822203293855634731e+00 2.441904159849001665e+00 2.448263915458033513e-01
1.186494809457648708e-01 1.817697350081182384e+00 2.435402992459586802e+00 2.435667064130121184e-01
1.174222088432731459e-01 1.813211134228884580e+00 2.428871947149677357e+00 2.423037441345811671e-01
1.161982715613569389e-01 1.808744341760438079e+00 2.422310802394346929e+00 2.410376231642655243e-01
1.149778304710198373e-01 1.804296671614609604e+00 2.415719354508419237e+00 2.397684617198640733e-01
1.137610444144895872e-01 1.799867826219327060e+00 2.409097417979984890e+00 2.384963777654595662e-01
1.125480696808727893e-01 1.795457511505178738e+00 2.402444825499526537e+00 2.372214889938017157e-01
1.113390599830893640e-01 1.791065436917094633e+00 2.395761427724239390e+00 2.359439128088382798e-01
1.101341664360844241e-01 1.786691315425865678e+00 2.389047093271229993e+00 2.346637663083975256e-01
1.089335375363127689e-01 1.782334863539192016e+00 2.382301708736084933e+00 2.333811662670241815e-01
1.077373191424945975e-01 1.777995801312709068e+00 2.375525178710984342e+00 2.320962291189740401e-01
1.065456544576355996e-01 1.773673852360512226e+00 2.368717425669280896e+00 2.308090709413687658e-01
1.053586840123084400e-01 1.769368743864857541e+00 2.361878389908281139e+00 2.295198074375155439e-01
1.041765456491874492e-01 1.765080206585705191e+00 2.355008029436808759e+00 2.282285539203929847e-01
1.029993745088329110e-01 1.760807974869096126e+00 2.348106320188490415e+00 2.269354252963085850e-01
1.018273030167146376e-01 1.756551786657273295e+00 2.341173255507617679e+00 2.256405360487279965e-01
1.006604608714706250e-01 1.752311383493354580e+00 2.334208846142178384e+00 2.243440002222820973e-01
9.949897503438892565e-02 1.748086510530777460e+00 2.327213120772323673e+00 2.230459314069513921e-01
9.834296972010735105e-02 1.743876916540303190e+00 2.320186125125196508e+00 2.217464427224339341e-01
9.719256638851830887e-02 1.739682353913626578e+00 2.313127922054007524e+00 2.204456468026963767e-01
9.604788373787156996e-02 1.735502578670178320e+00 2.306038591835950058e+00 2.191436557807133756e-01
9.490903769906199050e-02 1.731337350461720437e+00 2.298918231640951326e+00 2.178405812733958669e-01
9.377614143109268274e-02 1.727186432575381625e+00 2.291766955492456237e+00 2.165365343667122189e-01
9.264930531770179667e-02 1.723049591937343639e+00 2.284584894254859222e+00 2.152316256010043116e-01
9.152863696513921510e-02 1.718926599115087939e+00 2.277372195527244347e+00 2.139259649564998755e-01
9.041424120108311480e-02 1.714817228319767572e+00 2.270129023395137224e+00 2.126196618390255033e-01
8.930622007468033696e-02 1.710721257406334406e+00 2.262855558065630657e+00 2.113128250659201401e-01
8.820467285769965915e-02 1.706638467873165643e+00 2.255551996095921385e+00 2.100055628521535767e-01
8.710969604678149569e-02 1.702568644862800129e+00 2.248218550306870789e+00 2.086979827966498335e-01
8.602138336677159214e-02 1.698511577160360719e+00 2.240855449195100046e+00 2.073901918688195734e-01
8.493982577512178278e-02 1.694467057190314874e+00 2.233462936890384665e+00 2.060822963953014841e-01
8.386511146734410005e-02 1.690434881014012181e+00 2.226041273339704585e+00 2.047744020469161319e-01
8.279732588350184608e-02 1.686414848326799776e+00 2.218590733748916577e+00 2.034666138258336421e-01
8.173655171572058453e-02 1.682406762451781335e+00 2.211111608440235354e+00 2.021590360529558206e-01
8.068286891670448102e-02 1.678410430335532277e+00 2.203604202905548703e+00 2.008517723555165446e-01
7.963635470923885462e-02 1.674425662541508153e+00 2.196068837376217608e+00 1.995449256548996464e-01
7.859708359666406352e-02 1.670452273242772678e+00 2.188505846801396704e+00 1.982385981546783138e-01
7.756512737430060200e-02 1.666490080214689140e+00 2.180915580493956174e+00 1.969328913288745098e-01
7.654055514181050401e-02 1.662538904825112462e+00 2.173298401887170161e+00 1.956279059104432949e-01
7.552343331647390356e-02 1.658598572025200557e+00 2.165654688655717752e+00 1.943237418799796390e-01
7.451382564736501457e-02 1.654668910339702759e+00 2.157984832321683921e+00 1.930204984546524949e-01
7.351179323040676894e-02 1.650749751855074221e+00 2.150289237800156794e+00 1.917182740773643312e-01
7.251739452428655752e-02 1.646840932206799391e+00 2.142568323498930116e+00 1.904171664061391211e-01
7.153068536721370052e-02 1.642942290567560359e+00 2.134822521130642414e+00 1.891172723037397585e-01
7.055171899449813600e-02 1.639053669633039778e+00 2.127052275161422923e+00 1.878186878275137639e-01
6.958054605693284045e-02 1.635174915606683266e+00 2.119258042822036003e+00 1.865215082194716101e-01
6.861721463995802683e-02 1.631305878185135061e+00 2.111440293944071733e+00 1.852258278965949467e-01
6.766177028358923151e-02 1.627446410541691257e+00 2.103599510511203086e+00 1.839317404413784718e-01
6.671425600308726611e-02 1.623596369308962784e+00 2.095736186669571399e+00 1.826393385926034230e-01
6.577471231035189603e-02 1.619755614562010226e+00 2.087850828239374401e+00 1.813487142363461868e-01
6.484317723601665251e-02 1.615924009798067384e+00 2.079943952524284878e+00 1.800599583972192497e-01
6.391968635222687600e-02 1.612101421918378463e+00 2.072016088363653807e+00 1.787731612298485984e-01
6.300427279607780096e-02 1.608287721207865895e+00 2.064067775487724798e+00 1.774884120105842400e-01
6.209696729369427320e-02 1.604482781313323336e+00 2.056099564459897167e+00 1.762057991294473103e-01
6.119779818493041590e-02 1.600686479222551917e+00 2.048112016517471545e+00 1.749254100823125491e-01
6.030679144866800401e-02 1.596898695241480315e+00 2.040105703082880861e+00 1.736473314633253939e-01
5.942397072869447933e-02 1.593119312970582735e+00 2.032081205679604263e+00 1.723716489575569388e-01
5.854935736013757580e-02 1.589348219281400354e+00 2.024039115692503277e+00 1.710984473338925116e-01
5.768297039643798668e-02 1.585585304291573294e+00 2.015980034074853489e+00 1.698278104381581999e-01
5.682482663683722374e-02 1.581830461339744920e+00 2.007904570934003541e+00 1.685598211864814955e-01
5.597494065436196126e-02 1.578083586958393791e+00 1.999813345457269742e+00 1.672945615588892487e-01
5.513332482428177916e-02 1.574344580848315189e+00 1.991706985824682974e+00 1.660321125931393249e-01
5.429998935302188245e-02 1.570613345850946807e+00 1.983586128445936181e+00 1.647725543787888769e-01
5.347494230750880762e-02 1.566889787919008681e+00 1.975451418027866612e+00 1.635159660514972635e-01
5.265818964492828547e-02 1.563173816089212798e+00 1.967303507378011629e+00 1.622624257875622256e-01
5.184973524287614377e-02 1.559465342451943126e+00 1.959143056948052353e+00 1.610120107986918736e-01
5.104958092988019086e-02 1.555764282121783415e+00 1.950970734609929869e+00 1.597647973270084898e-01
5.025772651627423426e-02 1.552070553206193804e+00 1.942787215415573643e+00 1.585208606402864484e-01
4.947416982540266128e-02 1.548384076774995455e+00 1.934593181499167702e+00 1.572802750274214512e-01
4.869890672513692287e-02 1.544704776828720094e+00 1.926389321418085609e+00 1.560431137941321045e-01
4.793193115968245183e-02 1.541032580265061069e+00 1.918176330083735559e+00 1.548094492588912574e-01
4.717323518165791180e-02 1.537367416847137847e+00 1.909954908743226820e+00 1.535793527490884880e-01
4.642280898442539827e-02 1.533709219170090954e+00 1.901725764339797342e+00 1.523528945974204352e-01
4.568064093465354358e-02 1.530057922626526956e+00 1.893489609323789402e+00 1.511301441385098920e-01
4.494671760509371533e-02 1.526413465372537637e+00 1.885247161537531468e+00 1.499111697057522730e-01
4.422102380754956014e-02 1.522775788292930033e+00 1.876999143783943946e+00 1.486960386283870672e-01
4.350354262602249000e-02 1.519144834965550084e+00 1.868746283607692460e+00 1.474848172287956116e-01
4.279425545001263459e-02 1.515520551625883616e+00 1.860489313048893312e+00 1.462775708200211855e-01
4.209314200795841177e-02 1.511902887130641249e+00 1.852228968425043032e+00 1.450743637035131206e-01
4.140018040079506551e-02 1.508291792921790053e+00 1.843965989894087887e+00 1.438752591670907632e-01
4.071534713561539287e-02 1.504687222988567719e+00 1.835701121137064185e+00 1.426803194831287869e-01
4.003861715941358507e-02 1.501089133830571187e+00 1.827435109516066580e+00 1.414896059069598033e-01
3.936996389289581372e-02 1.497497484421050462e+00 1.819168705398155561e+00 1.403031786754951049e-01
3.870935926433964613e-02 1.493912236167415086e+00 1.810902661937642710e+00 1.391210970060609564e-01
3.805677374348490766e-02 1.490333352874150030e+00 1.802637734896216815e+00 1.379434190954481609e-01
3.741217637544041325e-02 1.486760800703121888e+00 1.794374682239799901e+00 1.367702021191758155e-01
3.677553481458846474e-02 1.483194548135325919e+00 1.786114264187843581e+00 1.356015022309643714e-01
3.614681535847256294e-02 1.479634565932100188e+00 1.777857242697159279e+00 1.344373745624195260e-01
3.552598298165081381e-02 1.476080827095231696e+00 1.769604381042974017e+00 1.332778732229225049e-01
3.491300136950081096e-02 1.472533306827035648e+00 1.761356443781671777e+00 1.321230512997274287e-01
3.430783295195928562e-02 1.468991982491082426e+00 1.753114196690434445e+00 1.309729608582612947e-01
3.371043893718288914e-02 1.465456833572794215e+00 1.744878405946207911e+00 1.298276529426279358e-01
3.312077934511394040e-02 1.461927841637316039e+00 1.736649838147920288e+00 1.286871775763108738e-01
3.253881304093773907e-02 1.458404990291109815e+00 1.728429260397299050e+00 1.275515837630755156e-01
3.196449776841701895e-02 1.454888265141039527e+00 1.720217439485678179e+00 1.264209194880677456e-01
3.139779018308919839e-02 1.451377653753269881e+00 1.712015141720636180e+00 1.252952317191065312e-01
3.083864588531405257e-02 1.447873145612549983e+00 1.703823132975882393e+00 1.241745664081700257e-01
3.028701945315712477e-02 1.444374732082295498e+00 1.695642178444047410e+00 1.230589684930706862e-01
2.974286447509784034e-02 1.440882406363750423e+00 1.687473041849890221e+00 1.219484818993205877e-01
2.920613358254779343e-02 1.437396163453660503e+00 1.679316485523527636e+00 1.208431495421809082e-01
2.867677848216891590e-02 1.433916000104822785e+00 1.671173270361959062e+00 1.197430133288972243e-01
2.815474998797814349e-02 1.430441914784626123e+00 1.663044155379276967e+00 1.186481141611153978e-01
2.763999805322817430e-02 1.426973907634749184e+00 1.654929897336319122e+00 1.175584919374780268e-01
2.713247180205212092e-02 1.423511980429210677e+00 1.646831250451226358e+00 1.164741855563972556e-01
2.663211956086214763e-02 1.420056136533985880e+00 1.638748966590255707e+00 1.153952329190035264e-01
2.613888888949104927e-02 1.416606380867008186e+00 1.630683794601956560e+00 1.143216709322669306e-01
2.565272661206624213e-02 1.413162719856115856e+00 1.622636480047847662e+00 1.132535355122881865e-01
2.517357884760738559e-02 1.409725161399139726e+00 1.614607765289762575e+00 1.121908615877589832e-01
2.470139104033673011e-02 1.406293714823416252e+00 1.606598388998149218e+00 1.111336831035864003e-01
2.423610798969449628e-02 1.402868390845043667e+00 1.598609085879306724e+00 1.100820330246823214e-01
2.377767388004884547e-02 1.399449201528520703e+00 1.590640586608833784e+00 1.090359433399116507e-01
2.332603231009361053e-02 1.396036160246994839e+00 1.582693617539888020e+00 1.079954450662008458e-01
2.288112632192402726e-02 1.392629281641971861e+00 1.574768900397476523e+00 1.069605682528005919e-01
2.244289842978378427e-02 1.389228581583615396e+00 1.566867152002816566e+00 1.059313419857026706e-01
2.201129064847552608e-02 1.385834077130652542e+00 1.558989084171202411e+00 1.049077943922078759e-01
2.158624452142711425e-02 1.382445786491595996e+00 1.551135403622650344e+00 1.038899526456411315e-01
2.116770114840781439e-02 1.379063728985620685e+00 1.543306811268722933e+00 1.028778429702135039e-01
2.075560121288682128e-02 1.375687925002274881e+00 1.535504002289125314e+00 1.018714906460262415e-01
2.034988500902887298e-02 1.372318395964069460e+00 1.527727666221226022e+00 1.008709200142163670e-01
1.995049246832024739e-02 1.368955164287907200e+00 1.519978486231512216e+00 9.987615448223927106e-02
1.955736318582031175e-02 1.365598253346171242e+00 1.512257138869576911e+00 9.888721652928732231e-02
1.917043644603274449e-02 1.362247687428618903e+00 1.504564294285265946e+00 9.790412771184048291e-02
1.878965124839218279e-02 1.358903491705752753e+00 1.496900615940433443e+00 9.692690866934780547e-02
1.841494633236090070e-02 1.355565692190995541e+00 1.489266760021922043e+00 9.595557913003521788e-02
1.804626020213200358e-02 1.352234315703215284e+00 1.481663375410150030e+00 9.499015791683895760e-02
1.768353115093465253e-02 1.348909389830253103e+00 1.474091103737193764e+00 9.403066295346070025e-02
1.732669728493761371e-02 1.345590942893130082e+00 1.466550578917520831e+00 9.307711127054173195e-02
1.697569654674815909e-02 1.342279003909217172e+00 1.459042426910200918e+00 9.212951901195447213e-02
1.663046673850259935e-02 1.338973602557023579e+00 1.451567265711070309e+00 9.118790144120710039e-02
1.629094554454637092e-02 1.335674769140817286e+00 1.444125704957323952e+00 9.025227294796062116e-02
1.595707055370023525e-02 1.332382534555395681e+00 1.436718345943307718e+00 8.932264705465303711e-02
1.562877928111145939e-02 1.329096930252264164e+00 1.429345781382476366e+00 8.839903642323104771e-02
1.530600918968686060e-02 1.325817988204992526e+00 1.422008595048012358e+00 8.748145286198344417e-02
1.498869771110699321e-02 1.322545740875551878e+00 1.414707361766519345e+00 8.656990733247608982e-02
1.467678226641932863e-02 1.319280221181151624e+00 1.407442647125654256e+00 8.566440995658386459e-02
1.437020028620978988e-02 1.316021462460989166e+00 1.400215007404381762e+00 8.476497002361821353e-02
1.406888923035150632e-02 1.312769498444341654e+00 1.393024989604466857e+00 8.387159599754706596e-02
1.377278660732992460e-02 1.309524363218917076e+00 1.385873130818068510e+00 8.298429552430364176e-02
1.348182999314450660e-02 1.306286091198119559e+00 1.378759958076860359e+00 8.210307543918347883e-02
1.319595704978606364e-02 1.303054717090380565e+00 1.371685988669067990e+00 8.122794177432438034e-02
1.291510554329057189e-02 1.299830275869071183e+00 1.364651729828300519e+00 8.035889976626911513e-02
1.263921336136919656e-02 1.296612802742180603e+00 1.357657678393993539e+00 7.949595386360615301e-02
1.236821853061547370e-02 1.293402333122493530e+00 1.350704320603695274e+00 7.863910773468717197e-02
1.210205923329017545e-02 1.290198902598016950e+00 1.343792132147996421e+00 7.778836427541774290e-02
1.184067382368498601e-02 1.287002546903841971e+00 1.336921578189097515e+00 7.694372561711898539e-02
1.158400084406626881e-02 1.283813301894096481e+00 1.330093112832368751e+00 7.610519313445787692e-02
1.133197904019997773e-02 1.280631203513390437e+00 1.323307179104171949e+00 7.527276745344220477e-02
1.108454737645992935e-02 1.277456287770168952e+00 1.316564209214951431e+00 7.444644845947967493e-02
1.084164505052056561e-02 1.274288590710518809e+00 1.309864624024982493e+00 7.362623530549611273e-02
1.060321150763692509e-02 1.271128148391072132e+00 1.303208832913407056e+00 7.281212642011261615e-02
1.036918645451327149e-02 1.267974996853802327e+00 1.296597233958933337e+00 7.200411951587655512e-02
1.013950987276354340e-02 1.264829172100968568e+00 1.290030213677237469e+00 7.120221159754640261e-02
9.914122031965391310e-03 1.261690710070396015e+00 1.283508146976076958e+00 7.040639897042523521e-02
9.692963502311302548e-03 1.258559646611657090e+00 1.277031396913712369e+00 6.961667724874300023e-02
9.475975166858907964e-03 1.255436017461898368e+00 1.270600314773996820e+00 6.883304136408222029e-02
9.263098233384260694e-03 1.252319858223645666e+00 1.264215240168336418e+00 6.805548557384724639e-02
9.054274245840782803e-03 1.249211204342307369e+00 1.257876500566005973e+00 6.728400346977274349e-02
8.849445095427342298e-03 1.246110091083711735e+00 1.251584411330567859e+00 6.651858798646939630e-02
8.648553031269200567e-03 1.243016553513059730e+00 1.245339275940678725e+00 6.575923141000508676e-02
8.451540670714990933e-03 1.239930626474488706e+00 1.239141385784764404e+00 6.500592538651761565e-02
8.258351009254035618e-03 1.236852344570598561e+00 1.232991019885510520e+00 6.425866093085831621e-02
8.068927430057361294e-03 1.233781742142358029e+00 1.226888445150664309e+00 6.351742843526239635e-02
7.883213713146871443e-03 1.230718853250704070e+00 1.220833916440029698e+00 6.278221767804507969e-02
7.701154044196439896e-03 1.227663711657863477e+00 1.214827676231573950e+00 6.205301783231996493e-02
7.522693022969412398e-03 1.224616350809040854e+00 1.208869954685890313e+00 6.132981747473822270e-02
7.347775671396789693e-03 1.221576803815129786e+00 1.202960969879560693e+00 6.061260459424586133e-02
7.176347441300330934e-03 1.218545103436298849e+00 1.197100927627881228e+00 5.990136660085615405e-02
7.008354221765549126e-03 1.215521282065234132e+00 1.191290021400280619e+00 5.919609033443656854e-02
6.843742346168692550e-03 1.212505371711554591e+00 1.185528432599772808e+00 5.849676207350579943e-02
6.682458598862928492e-03 1.209497403987022324e+00 1.179816330440291772e+00 5.780336754404075822e-02
6.524450221528068673e-03 1.206497410090597189e+00 1.174153872106585395e+00 5.711589192828939870e-02
6.369664919189116890e-03 1.203505420795174086e+00 1.168541202681888880e+00 5.643431987358896867e-02
6.218050865908176031e-03 1.200521466433387419e+00 1.162978455094041186e+00 5.575863550118571876e-02
6.069556710155108586e-03 1.197545576885150176e+00 1.157465750536201821e+00 5.508882241505579785e-02
5.924131579861619673e-03 1.194577781565711039e+00 1.152003198491444502e+00 5.442486371072333823e-02
5.781725087164218263e-03 1.191618109414162685e+00 1.146590896674136273e+00 5.376674198407514760e-02
5.642287332841054368e-03 1.188666588882182573e+00 1.141228931099976585e+00 5.311443934016932961e-02
5.505768910447776492e-03 1.185723247923603729e+00 1.135917376415214397e+00 5.246793740203523765e-02
5.372120910157937058e-03 1.182788113984991174e+00 1.130656295856109939e+00 5.182721731946418608e-02
5.241294922312881091e-03 1.179861213995857527e+00 1.125445741620219930e+00 5.119225977778711634e-02
5.113243040686811514e-03 1.176942574361136140e+00 1.120285754953100676e+00 5.056304500663904439e-02
4.987917865472066975e-03 1.174032220952356820e+00 1.115176366108877604e+00 4.993955278870680636e-02
4.865272505990278669e-03 1.171130179100690949e+00 1.110117594902808591e+00 4.932176246845949158e-02
4.745260583134548737e-03 1.168236473590455793e+00 1.105109450979498087e+00 4.870965296085853075e-02
4.627836231548343622e-03 1.165351128653571156e+00 1.100151933439707852e+00 4.810320276004677320e-02
4.512954101546251019e-03 1.162474167962508798e+00 1.095245031469008312e+00 4.750238994801340986e-02
4.400569360782317224e-03 1.159605614627214232e+00 1.090388725358880873e+00 4.690719220323423533e-02
4.290637695671275717e-03 1.156745491191599751e+00 1.085582985589478744e+00 4.631758680928484834e-02
4.183115312568051573e-03 1.153893819628170503e+00 1.080827773664227553e+00 4.573355066342461167e-02
4.077958938711218582e-03 1.151050621337476487e+00 1.076123042708955868e+00 4.515506028515087200e-02
3.975125822935631457e-03 1.148215917144885356e+00 1.071468737489532419e+00 4.458209182472055998e-02
3.874573736159836294e-03 1.145389727300452520e+00 1.066864795303110958e+00 4.401462107163843507e-02
3.776260971653548452e-03 1.142572071478626050e+00 1.062311145726780648e+00 4.345262346310949791e-02
3.680146345090792772e-03 1.139762968777650931e+00 1.057807711383835336e+00 4.289607409245508457e-02
3.586189194393896856e-03 1.136962437721777963e+00 1.053354408926968855e+00 4.234494771748984615e-02
3.494349379373901977e-03 1.134170496263715355e+00 1.048951149093504176e+00 4.179921876885919763e-02
3.404587281172633938e-03 1.131387161787144269e+00 1.044597837192211331e+00 4.125886135833509855e-02
3.316863801511779446e-03 1.128612451110700743e+00 1.040294374162850755e+00 4.072384928706875018e-02
3.231140361754321344e-03 1.125846380493623400e+00 1.036040657176207525e+00 4.019415605379917517e-02
3.147378901783523010e-03 1.123088965641473091e+00 1.031836580169601891e+00 3.966975486301574372e-02
3.065541878704790973e-03 1.120340221713295170e+00 1.027682034777790632e+00 3.915061863307393170e-02
2.985592265375469883e-03 1.117600163329936391e+00 1.023576911386941291e+00 3.863672000426194436e-02
2.907493548767951796e-03 1.114868804584089546e+00 1.019521100023732085e+00 3.812803134681852502e-02
2.831209728170934904e-03 1.112146159050959815e+00 1.015514491483975101e+00 3.762452476889864561e-02
2.756705313234188506e-03 1.109432239801284581e+00 1.011556978174747545e+00 3.712617212448778709e-02
2.683945321861624673e-03 1.106727059414091663e+00 1.007648455507066387e+00 3.663294502126211022e-02
2.612895277957811343e-03 1.104030629993327572e+00 1.003788824155132264e+00 3.614481482839420473e-02
2.543521209032807099e-03 1.101342963186546786e+00 9.999779904870245151e-01 3.566175268430316070e-02
2.475789643670134928e-03 1.098664070202257204e+00 9.962158682676117705e-01 3.518372950434713736e-02
2.409667608862866260e-03 1.095993961832874897e+00 9.925023815739735245e-01 3.471071598845856809e-02
2.345122627222437882e-03 1.093332648479574676e+00 9.888374662488264022e-01 3.424268262871965618e-02
2.282122714065047686e-03 1.090680140178581059e+00 9.852210721364419443e-01 3.377959971687829327e-02
2.220636374380170319e-03 1.088036446631459819e+00 9.816531658678674388e-01 3.332143735180229799e-02
2.160632599685911176e-03 1.085401577238250814e+00 9.781337338645319512e-01 3.286816544687207881e-02
2.102080864775640080e-03 1.082775541135084341e+00 9.746627855532216111e-01 3.241975373730991011e-02
2.044951124360446567e-03 1.080158347235086413e+00 9.712403571214742737e-01 3.197617178744546762e-02
1.989213809611819518e-03 1.077550004275126483e+00 9.678665157035287736e-01 3.153738899791658223e-02
1.934839824608853903e-03 1.074950520866857939e+00 9.645413640587460202e-01 3.110337461280410568e-02
1.881800542694379332e-03 1.072359905554795878e+00 9.612650461758389664e-01 3.067409772670077681e-02
1.830067802744087457e-03 1.069778166881010240e+00 9.580377531354772325e-01 3.024952729171224292e-02
1.779613905352962723e-03 1.067205313457351146e+00 9.548597307230918263e-01 2.982963212439069395e-02
1.730411608942967723e-03 1.064641354048805111e+00 9.517312871873241376e-01 2.941438091259926391e-02
1.682434125796120061e-03 1.062086297664491141e+00 9.486528023646479957e-01 2.900374222230745272e-02
1.635655118016795737e-03 1.059540153663221851e+00 9.456247399184071201e-01 2.859768450431604200e-02
1.590048693427249804e-03 1.057002931874713614e+00 9.426476588971806070e-01 2.819617610091171289e-02
1.545589401400056847e-03 1.054474642733137735e+00 9.397222285315789403e-01 2.779918525244990876e-02
1.502252228631294380e-03 1.051955297434637560e+00 9.368492469791853683e-01 2.740668010386605041e-02
1.460012594858106465e-03 1.049444908117187492e+00 9.340296611989543640e-01 2.701862871111436123e-02
1.418846348524216948e-03 1.046943488066869765e+00 9.312645916901977072e-01 2.663499904753346276e-02
1.378729762396949153e-03 1.044451051958822818e+00 9.285553619824047367e-01 2.625575901013860527e-02
1.339639529139179412e-03 1.041967616136455721e+00 9.259035340329039299e-01 2.588087642583978762e-02
1.301552756839658744e-03 1.039493198940149243e+00 9.233109504143891533e-01 2.551031905758588056e-02
1.264446964504926680e-03 1.037027821091174307e+00 9.207797859941390106e-01 2.514405461043352219e-02
1.228300077516118836e-03 1.034571506149039477e+00 9.183126118980491359e-01 2.478205073754105939e-02
1.193090423053770133e-03 1.032124281055061044e+00 9.159124722038092248e-01 2.442427504608652919e-02
1.158796725493817497e-03 1.029686176781314355e+00 9.135829804707452650e-01 2.407069510311051971e-02
1.125398101777670386e-03 1.027257229116149251e+00 9.113284405516827169e-01 2.372127844128210650e-02
1.092874056759384274e-03 1.024837479616660607e+00 9.091539979201932464e-01 2.337599256458839855e-02
1.061204478532840143e-03 1.022426976775278717e+00 9.070658327388804176e-01 2.303480495394784333e-02
1.030369633741635722e-03 1.020025777459763860e+00 9.050714072994439086e-01 2.269768307274594790e-02
1.000350162874504359e-03 1.017633948706328173e+00 9.031797878363856391e-01 2.236459437229417271e-02
9.711270755488731615e-04 1.015251569976945101e+00 9.014020668865759811e-01 2.203550629721124851e-02
9.426817457851932678e-04 1.012878736028504978e+00 8.997519251166563592e-01 2.171038629072722520e-02
9.149959072745106640e-04 1.010515560606368268e+00 8.982463892825501839e-01 2.138920179990958306e-02
8.880516486417772788e-04 1.008162181258277945e+00 8.969068708950929114e-01 2.107192028081182264e-02
8.618314087072254754e-04 1.005818765703612172e+00 8.957606146971933692e-01 2.075850920354380125e-02
8.363179717482066913e-04 1.003485520395118957e+00 8.948427572724489965e-01 2.044893605726477367e-02
8.114944627636337888e-04 1.001162702240589120e+00 8.941993188309249607e-01 2.014316835509788808e-02
7.873443427432651274e-04 9.988506349853950583e-01 8.938916601718412958e-01 1.984117363896683792e-02
7.638514039439568042e-04 9.965497326559278335e-01 8.940033165414537075e-01 1.954291948435489881e-02
7.409997651748518634e-04 9.942605340389082391e-01 8.946508313716278193e-01 1.924837350498545194e-02
7.187738670935633163e-04 9.919837550398930004e-01 8.960016218589801351e-01 1.895750335742504150e-02
6.971584675151971510e-04 9.897203712808604337e-01 8.983048724820024145e-01 1.867027674560820666e-02
6.761386367361290565e-04 9.874717545567834875e-01 9.019481565132452250e-01 1.838666142528503147e-02
6.556997528742534304e-04 9.852399115346288649e-01 9.075691316850477142e-01 1.810662520839062192e-02
6.358274972274695347e-04 9.830279329170521496e-01 9.162982464420899031e-01 1.783013596733728709e-02
6.165078496520381502e-04 9.808409247065925651e-01 9.303621161239603587e-01 1.755716163922913312e-02
5.977270839624514035e-04 9.786882215305017230e-01 9.549268204487064704e-01 1.728767022999992686e-02
5.794717633542845366e-04 9.765898848136029819e-01 1.006347609997777504e+00 1.702162981847338621e-02
5.617287358515600775e-04 9.746050172789463284e-01 1.064094275622048169e+00 1.675900856034688233e-02
5.444851297800465612e-04 9.727010669372404550e-01 1.109021237807515492e+00 1.649977469209877590e-02
