9.359001614974856234e-03 6.926925560993048236e+01 6.925236982014646969e+01 6.840687690201496807e-02
1.009726638951830013e-02 6.041216015726440247e+01 6.039281435860590364e+01 7.105373455884743394e-02
1.088384143896032469e-02 5.329334840698738418e+01 5.326903328414616112e+01 7.376937521411010279e-02
1.172100087319835268e-02 4.746972728621857129e+01 4.743926338875718329e+01 7.655390543009008009e-02
1.261105124891429528e-02 4.263387613305249602e+01 4.259898300911508073e+01 7.940733986513556775e-02
1.355632534055170417e-02 3.856616105762915936e+01 3.852747545466503709e+01 8.232959777793069645e-02
1.455917531151070497e-02 3.510596831231851667e+01 3.506384971511617721e+01 8.532049962204482640e-02
1.562196527874955623e-02 3.213342237619256281e+01 3.208813843959636358e+01 8.837976374360127785e-02
1.674706326747809823e-02 2.955743456057684782e+01 2.950922360305570535e+01 9.150700319505086777e-02
1.793683255641257551e-02 2.730768391545435847e+01 2.725678070788105600e+01 9.470172267813446731e-02
1.919362241812085437e-02 2.532911028714899615e+01 2.527575815785461089e+01 9.796331562917022506e-02
2.051975826330901601e-02 2.357805348726754247e+01 2.352251051613542998e+01 1.012910614598075409e-01
2.191753120246697425e-02 2.201949589445646893e+01 2.196203825499600981e+01 1.046841229663480893e-01
2.338918704307922300e-02 2.062505998437334398e+01 2.056598377578074377e+01 1.081415439206395435e-01
2.493691474559521851e-02 1.937153196794450949e+01 1.931115417517202815e+01 1.116622468554059194e-01
2.656283436651041621e-02 1.823975825790186533e+01 1.817841716191048107e+01 1.152450310566803110e-01
2.826898452220379457e-02 1.721381019789458833e+01 1.715186540623476574e+01 1.188885707757558058e-01
3.005730941257482580e-02 1.628034452494658524e+01 1.621817671545743522e+01 1.225914136727667136e-01
3.192964544898296148e-02 1.542810848519798661e+01 1.536611891452857037e+01 1.263519795036527338e-01
3.388770753647344508e-02 1.464755312149845423e+01 1.458616292769898770e+01 1.301685590618438249e-01
3.593307506573181764e-02 1.393052833892758180e+01 1.387017765489742693e+01 1.340393133855359298e-01
3.806717767559456012e-02 1.327004042277557971e+01 1.321118731051673123e+01 1.379622732409019059e-01
4.029128085220901739e-02 1.266005770103980232e+01 1.260317691313719379e+01 1.419353388910052638e-01
4.260647143602631221e-02 1.209535364827631554e+01 1.204093522146748718e+01 1.459562801595503667e-01
4.501364311267654073e-02 1.157137934665713352e+01 1.151992703208843238e+01 1.500227367979209692e-01
4.751348196835765425e-02 1.108415914292556259e+01 1.103618867828131478e+01 1.541322191632198135e-01
5.010645219461715844e-02 1.063020476556560823e+01 1.058624199535944577e+01 1.582821092142399355e-01
5.279278203125904040e-02 1.020644423324402617e+01 1.016702308510299346e+01 1.624696618314616925e-01
5.557245003951749585e-02 9.810162690720954259e+00 9.775823017311815022e+00 1.666920064662932299e-01
5.844517180054589756e-02 9.438952921073502367e+00 9.410238219277305305e+00 1.709461491238482012e-01
6.141038713662412551e-02 9.090673752852568512e+00 9.068128773902778050e+00 1.752289746825908545e-01
6.446724795424144117e-02 8.763414943638604626e+00 8.747583210075797311e+00 1.795372495531796786e-01
6.761460680931549727e-02 8.455467403645515745e+00 8.446888651039879292e+00 1.838676246778038759e-01
7.085100629522066151e-02 8.165297843909886666e+00 8.164505407349464505e+00 1.882166388702399829e-01
7.417466935398007999e-02 7.891527107581045364e+00 7.899045274809590289e+00 1.925807224957629127e-01
7.758349060989346013e-02 7.632911580663166440e+00 7.649252935428753730e+00 1.969562014889267854e-01
8.107502882299527647e-02 7.388327188375845900e+00 7.413989968979286971e+00 2.013393017060942369e-01
8.464650055704521503e-02 7.156755571255372317e+00 7.192221070402759153e+00 2.057261536084379616e-01
8.829477515322950443e-02 6.937272105926029830e+00 6.983002138725924901e+00 2.101127972699776969e-01
9.201637109638405310e-02 6.729035492747128089e+00 6.785469960017255886e+00 2.144951877040415789e-01
9.580745385534429615e-02 6.531278679089553840e+00 6.598833253039445346e+00 2.188692005003722574e-01
9.966383527297859035e-02 6.343300924990922240e+00 6.422364883755084186e+00 2.232306377639263484e-01
1.035809745745978477e-01 6.164460849083487126e+00 6.255395085507035269e+00 2.275752343452576154e-01
1.075539810557638726e-01 5.994170318323418734e+00 6.097305546863400316e+00 2.318986643512246093e-01
1.115776185020828509e-01 5.831889066230282914e+00 5.947524249818704867e+00 2.361965479236337595e-01
1.156463113844043156e-01 5.677119941910141243e+00 5.805520958161315193e+00 2.404644582723237944e-01
1.197541528629954971e-01 5.529404706754831977e+00 5.670803270051980149e+00 2.446979289481170661e-01
1.238949146237857124e-01 5.388320307919100216e+00 5.542913160699444397e+00 2.488924613400189945e-01
1.280620585587351201e-01 5.253475567906463084e+00 5.421423950990605256e+00 2.530435323800384606e-01
1.322487502908536450e-01 5.124508238194987797e+00 5.305937646307340216e+00 2.571466024380388848e-01
1.364478745324494424e-01 5.001082372083253347e+00 5.196082596874891379e+00 2.611971233881122401e-01
1.406520522529157435e-01 4.882885978069852584e+00 5.091511437087018699e+00 2.651905468271029132e-01
1.448536596198552184e-01 4.769628920279594730e+00 4.991899266438610816e+00 2.691223324251029170e-01
1.490448486646911985e-01 4.661041036873126764e+00 4.896942039272169644e+00 2.729879563869908043e-01
1.532175696112253460e-01 4.556870451150534684e+00 4.806355134485943204e+00 2.767829200034074844e-01
1.573635947929745149e-01 4.456882053285989187e+00 4.719872079779330321e+00 2.805027582689468835e-01
1.614745440726677861e-01 4.360856133397508216e+00 4.637243408132322386e+00 2.841430485448023235e-01
1.655419116651074829e-01 4.268587149037197825e+00 4.558235626925299044e+00 2.876994192426424179e-01
1.695570942528135672e-01 4.179882612238118966e+00 4.482630282517286346e+00 2.911675585061062055e-01
1.735114202725836774e-01 4.094562083028996824e+00 4.410223105315410841e+00 2.945432228660028739e-01
1.773961802404159793e-01 4.012456257865959053e+00 4.340823222295987271e+00 2.978222458450812127e-01
1.812026579722671726e-01 3.933406142767613023e+00 4.274252425739187622e+00 3.010005464880978754e-01
1.849221625489535503e-01 3.857262302106617469e+00 4.210344488470395774e+00 3.040741377928691258e-01
1.885460608652385073e-01 3.783884175028239039e+00 4.148944517372578744e+00 3.070391350180287082e-01
1.920658105958823192e-01 3.713139452362664628e+00 4.089908338218368300e+00 3.098917638433476562e-01
1.954729934052354401e-01 3.644903507681463317e+00 4.033101905965346567e+00 3.126283683586915108e-01
1.987593482219122409e-01 3.579058876842668546e+00 3.978400735767374297e+00 3.152454188580003924e-01
2.019168043962498438e-01 3.515494780981871958e+00 3.925689350822149759e+00 3.177395194150782753e-01
2.049375145556942834e-01 3.454106688449677609e+00 3.874860744001773938e+00 3.201074152184655852e-01
2.078138869720068393e-01 3.394795911679464595e+00 3.825815850978055987e+00 3.223459996432457841e-01
2.105386172542786649e-01 3.337469235400798429e+00 3.778463033182614783e+00 3.244523210382988521e-01
2.131047191832048937e-01 3.282038572998707160e+00 3.732717569490754617e+00 3.264235892082593682e-01
2.155055545049085475e-01 3.228420648163914386e+00 3.688501156093873412e+00 3.282571815702655105e-01
2.177348615068160353e-01 3.176536699290656074e+00 3.645741414413860237e+00 3.299506489664901787e-01
2.197867822036543295e-01 3.126312204355469859e+00 3.604371407306588448e+00 3.315017211144267173e-01
2.216558879685341654e-01 3.077676624263446570e+00 3.564329164197179711e+00 3.329083116779559814e-01
2.233372034522679850e-01 3.030563162874408523e+00 3.525557215996335536e+00 3.341685229433406512e-01
2.248262286434831725e-01 2.984908542125753517e+00 3.488002140980893007e+00 3.352806500854792482e-01
2.261189589326769445e-01 2.940652790855326604e+00 3.451614122943718499e+00 3.362431850109953713e-01
2.272119030550291130e-01 2.897739046091980963e+00 3.416346523112611777e+00 3.370548197660352963e-01
2.281020987994694937e-01 2.856113365735186260e+00 3.382155467512818703e+00 3.377144494979963940e-01
2.287871263850772274e-01 2.815724551679516185e+00 3.348999451373892988e+00 3.382211749617971552e-01
2.292651194202760256e-01 2.776523982561319492e+00 3.316838962379399458e+00 3.385743045627325754e-01
2.295347733753587971e-01 2.738465455417620209e+00 3.285636124490470600e+00 3.387733559294169305e-01
2.295953515145125745e-01 2.701505035642816299e+00 3.255354363947634333e+00 3.388180570118072832e-01
2.294466882495911630e-01 2.665600914717351611e+00 3.225958099109226040e+00 3.387083467008092375e-01
2.290891898942679639e-01 2.630713275260958106e+00 3.197412455560600275e+00 3.384443749674885260e-01
2.285238328137620123e-01 2.596804163029734713e+00 3.169683007803859809e+00 3.380265025214457819e-01
2.277521589819296033e-01 2.563837365537868340e+00 3.142735548628889486e+00 3.374552999894427363e-01
2.267762689740171200e-01 2.531778297034208869e+00 3.116535887008271111e+00 3.367315466168985805e-01
2.255988124396422212e-01 2.500593889609103115e+00 3.091049675197151458e+00 3.358562284963926281e-01
2.242229761164771795e-01 2.470252490243826760e+00 3.066242265335355821e+00 3.348305363288100467e-01
2.226524694605224730e-01 2.440723763643700028e+00 3.042078595585425482e+00 3.336558627242465214e-01
2.208915079836545059e-01 2.411978600720950272e+00 3.018523105592951783e+00 3.323337990512358897e-01
2.189447944031918669e-01 2.383989032611512737e+00 2.995539680685470163e+00 3.308661318442791544e-01
2.168174977214397114e-01 2.356728150122356702e+00 2.973091623943086237e+00 3.292548387810266819e-01
2.145152303654359327e-01 2.330170028514463088e+00 2.951141655001145114e+00 3.275020842417922240e-01
2.120440235283488628e-01 2.304289657530197655e+00 2.929651934148522763e+00 3.256102144653549302e-01
2.094103008640747776e-01 2.279062876573522800e+00 2.908584110055561833e+00 3.235817523162228260e-01
2.066208506954855251e-01 2.254466314948256223e+00 2.887899389249747539e+00 3.214193916796912465e-01
2.036827969044250619e-01 2.230477337052959363e+00 2.867558625229748248e+00 3.191259915021221194e-01
2.006035686778932237e-01 2.207073992421377362e+00 2.847522425030320381e+00 3.167045694948947276e-01
1.973908692898533046e-01 2.184234970487941130e+00 2.827751270860900501e+00 3.141582955214244355e-01
1.940526441017384196e-01 2.161939559942654743e+00 2.808205654405344642e+00 3.114904846875249378e-01
1.905970479669875928e-01 2.140167612528629526e+00 2.788846221406057868e+00 3.087045901561779604e-01
1.870324122258288091e-01 2.118899511119959556e+00 2.769633924029051730e+00 3.058041957084866591e-01
1.833672114760546146e-01 2.098116141902680809e+00 2.750530178632768052e+00 3.027930080732170737e-01
1.796100303037241885e-01 2.077798870467910675e+00 2.731497026639996495e+00 2.996748490478673421e-01
1.757695301546274569e-01 2.057929521611971513e+00 2.712497296305109273e+00 2.964536474346600725e-01
1.718544165229937415e-01 2.038490362625877239e+00 2.693494763284407068e+00 2.931334308152123147e-01
1.678734066283911475e-01 2.019464089843979959e+00 2.674454308088257015e+00 2.897183171879119667e-01
1.638351977451090458e-01 2.000833818212361059e+00 2.655342068664328536e+00 2.862125064922120266e-01
1.597484363406136421e-01 1.982583073628142012e+00 2.636125586500199791e+00 2.826202720441455263e-01
1.556216881710177080e-01 1.964695787794427773e+00 2.616773944878045377e+00 2.789459519073701488e-01
1.514634094719839730e-01 1.947156295331414100e+00 2.597257898085048478e+00 2.751939402239663712e-01
1.472819193731949583e-01 1.929949332881379043e+00 2.577549990528659407e+00 2.713686785290400638e-01
1.430853736535749043e-01 1.913060039944480373e+00 2.557624664936873682e+00 2.674746470729281178e-01
1.388817399429353172e-01 1.896473961184828916e+00 2.537458359016126597e+00 2.635163561744652827e-01
1.346787744637530926e-01 1.880177049950017443e+00 2.517029590043107667e+00 2.594983376283488963e-01
1.304840003944879312e-01 1.864155672752628945e+00 2.496319027085858622e+00 2.554251361891463623e-01
1.263046879233027942e-01 1.848396614471259802e+00 2.475309550694659855e+00 2.513013011539164121e-01
1.221478360483853193e-01 1.832887084037530423e+00 2.453986299978012653e+00 2.471313780647707570e-01
1.180201561683865974e-01 1.817614720386809157e+00 2.432336707167670919e+00 2.429199005519994403e-01
1.139280574938864865e-01 1.802567598463818754e+00 2.410350519867998198e+00 2.386713823376050425e-01
1.098776342983749099e-01 1.787734235087821810e+00 2.388019811247943380e+00 2.343903094182595570e-01
1.058746550150971993e-01 1.773103594497212665e+00 2.365338978549138549e+00 2.300811324458148510e-01
1.019245531743257493e-01 1.758665093409423230e+00 2.342304730332952722e+00 2.257482593225535183e-01
9.803242016429300487e-02 1.744408605448189764e+00 2.318916062965842073e+00 2.213960480273902687e-01
9.420299978820709241e-02 1.730324464807730944e+00 2.295174226877679136e+00 2.170287996882062365e-01
9.044068457955226070e-02 1.716403469039841978e+00 2.271082683153007764e+00 2.126507519144386349e-01
8.674951382830972668e-02 1.702636880867441693e+00 2.246647051066549938e+00 2.082660724029597177e-01
8.313317326186822620e-02 1.689016428944848602e+00 2.221875047154363347e+00 2.038788528291595736e-01
7.959499631627565963e-02 1.675534307501306941e+00 2.196776416492800976e+00 1.994931030340092448e-01
7.613796692615187878e-02 1.662183174821556753e+00 2.171362856796733798e+00 1.951127455167292191e-01
7.276472375505664558e-02 1.648956150531049714e+00 2.145647935928926220e+00 1.907416102415210313e-01
6.947756578241308378e-02 1.635846811669084300e+00 2.119647003520885420e+00 1.863834297656488115e-01
6.627845915823553369e-02 1.622849187547472427e+00 2.093377097267261178e+00 1.820418346949891908e-01
6.316904523289515461e-02 1.609957753403883141e+00 2.066856844499137758e+00 1.777203494719937216e-01
6.015064966598937524e-02 1.597167422872614706e+00 2.040106359643821143e+00 1.734223884998551402e-01
5.722429251603028399e-02 1.584473539305401912e+00 2.013147138094338207e+00 1.691512526055161669e-01
5.439069921112904549e-02 1.571871865985303707e+00 1.986001947056952321e+00 1.649101258430316075e-01
5.165031230009738128e-02 1.559358575285675341e+00 1.958694713877486837e+00 1.607020726376878206e-01
4.900330388337878484e-02 1.546930236833801153e+00 1.931250412341155798e+00 1.565300352701978759e-01
4.644958862393139265e-02 1.534583804745934366e+00 1.903694947414009908e+00 1.523968316992374283e-01
4.398883723956858310e-02 1.522316604005995888e+00 1.876055038835081401e+00 1.483051537195666514e-01
4.162049038027403058e-02 1.510126316064798635e+00 1.848358103991943002e+00 1.442575654519963613e-01
3.934377279660225546e-02 1.498010963741037260e+00 1.820632140486374118e+00 1.402565021605099438e-01
3.715770770840148146e-02 1.485968895507966403e+00 1.792905608699551401e+00 1.363042693909502501e-01
3.506113128669706425e-02 1.473998769251129159e+00 1.765207314711750630e+00 1.324030424248194282e-01
3.305270716559964572e-02 1.462099535584614918e+00 1.737566293926819716e+00 1.285548660409236432e-01
3.113094090549958434e-02 1.450270420813369654e+00 1.710011695649839014e+00 1.247616545768361895e-01
2.929419433351420146e-02 1.438510909628454071e+00 1.682572668910249147e+00 1.210251922814299941e-01
2.754069969212439434e-02 1.426820727621761264e+00 1.655278249811035440e+00 1.173471339490751997e-01
2.586857353210593458e-02 1.415199823704823112e+00 1.628157250642827014e+00 1.137290058254839670e-01
2.427583029118321120e-02 1.403648352514310416e+00 1.601238151014321209e+00 1.101722067746289946e-01
2.276039550525621111e-02 1.392166656884200160e+00 1.574548991255779518e+00 1.066780096956636420e-01
2.132011860452406524e-02 1.380755250461742412e+00 1.548117268328647933e+00 1.032475631783241338e-01
1.995278525230574987e-02 1.369414800540487587e+00 1.521969834505252583e+00 9.988189338490172098e-02
1.865612918979823662e-02 1.358146111180454474e+00 1.496132799101374644e+00 9.658190614654030282e-02
1.742784355536984575e-02 1.346950106681085169e+00 1.470631433519791198e+00 9.334838926133071091e-02
1.626559165222724382e-02 1.335827815468358715e+00 1.445490079951383011e+00 9.018201498144529094e-02
1.516701714338539349e-02 1.324780354453499287e+00 1.420732064051225541e+00 8.708334267638499770e-02
1.412975365777505848e-02 1.313808913915301968e+00 1.396379611961505507e+00 8.405282165928476545e-02
1.315143379602242042e-02 1.302914742954285110e+00 1.372453772115977744e+00 8.109079416315523314e-02
1.222969752890006381e-02 1.292099135561632695e+00 1.348974342261938686e+00 7.819749845391495147e-02
1.136219998566224965e-02 1.281363417341502942e+00 1.325959802231724716e+00 7.537307206709253915e-02
1.054661863342324507e-02 1.270708932920772805e+00 1.303427253006992137e+00 7.261755515515254389e-02
9.780659852400674925e-03 1.260137034075565987e+00 1.281392362671603946e+00 6.993089393251267216e-02
9.062064915219696787e-03 1.249649068599706370e+00 1.259869319971727020e+00 6.731294420547839774e-02
8.388615381550829433e-03 1.239246369936753078e+00 1.238870796251807072e+00 6.476347497452104862e-02
7.758137922130902905e-03 1.228930247593396974e+00 1.218407916483470022e+00 6.228217209655947245e-02
7.168508588693318570e-03 1.218701978347931147e+00 1.198490240412520613e+00 5.986864199517689944e-02
6.617656548513369680e-03 1.208562798267261984e+00 1.179125754844483343e+00 5.752241540701055061e-02
6.103567304160046822e-03 1.198513895541790886e+00 1.160320878098363373e+00 5.524295115288486990e-02
5.624285420645886747e-03 1.188556404147761425e+00 1.142080478182698089e+00 5.302963992262198223e-02
5.177916783490085599e-03 1.178691398348520325e+00 1.124407906190572737e+00 5.088180806285329955e-02
4.762630412266494716e-03 1.168919888045961253e+00 1.107305046876692733e+00 4.879872135756476575e-02
4.376659855011593402e-03 1.159242815000640858e+00 1.090772389122293351e+00 4.677958879154237026e-02
4.018304189429800291e-03 1.149661049946563818e+00 1.074809119512697864e+00 4.482356628733260434e-02
3.685928657170029973e-03 1.140175390638877406e+00 1.059413243739229626e+00 4.292976040679723215e-02
3.377964957573669023e-03 1.130786560894561754e+00 1.044581742370686017e+00 4.109723200882067079e-02
3.092911227225300479e-03 1.121495210714908985e+00 1.030310770286454014e+00 3.932499985521487745e-02
2.829331731390834648e-03 1.112301917624518355e+00 1.016595913857796907e+00 3.761204415736291162e-02
2.585856293019367542e-03 1.103207189431883561e+00 1.003432526996867802e+00 3.595731005664472291e-02
2.361179484431578327e-03 1.094211468721980607e+00 9.908161788071885301e-01 3.435971103219276346e-02
2.154059606135658427e-03 1.085315139559354325e+00 9.787432649634024706e-01 3.281813223003145208e-02
1.963317476417713453e-03 1.076518537147991950e+00 9.672118676446119778e-01 3.133143370816050821e-02
1.787835054462994866e-03 1.067821961635455397e+00 9.562230064620014236e-01 2.989845359264417524e-02
1.626553918792640260e-03 1.059225697998244620e+00 9.457825279951371789e-01 2.851801114026572895e-02
1.478473621762723886e-03 1.050730045267669555e+00 9.359040817903709897e-01 2.718890970379948813e-02
1.342649939781677404e-03 1.042335360787567167e+00 9.266140325883799322e-01 2.590993959643361766e-02
1.218193037772604933e-03 1.034042129908177676e+00 9.179600162613364978e-01 2.467988085235223519e-02
1.104265565250193981e-03 1.025851081222503014e+00 9.100268199596867058e-01 2.349750588094610959e-02
1.000080700209952283e-03 1.017763388980346795e+00 9.029682537242322837e-01 2.236158201257183384e-02
9.049001558504890215e-04 1.009781056797840915e+00 8.970779186806404626e-01 2.127087393421446884e-02
8.180321639774781927e-04 1.001907721419340369e+00 8.929698291939096588e-01 2.022414601383057398e-02
7.388294477791599799e-04 9.941505873442300079e-01 8.921482430621917592e-01 1.922016451255243591e-02
6.666871955259781211e-04 9.865261906076304710e-01 8.996646710030797855e-01 1.825769968432466861e-02
6.010410456375137002e-04 9.790859334445870532e-01 9.072551870878906577e-01 1.733552776291385003e-02
5.413650924847369147e-04 9.717734747518310678e-01 9.091277191418263293e-01 1.645243283658585562e-02
