6.690415327055575234e-02 8.468340198669997321e+00 1.176196647196086076e+01 1.828990886671605920e-01
6.780127263939357551e-02 8.407790014499992637e+00 1.114410185109198359e+01 1.841212543942083446e-01
6.870551927574793105e-02 8.343214354509914443e+00 1.034093411439445021e+01 1.853449746766120676e-01
6.961685834446547372e-02 8.272307991588576215e+00 9.588909103758579633e+00 1.865701722468860735e-01
7.053525301895548216e-02 8.199339045245219282e+00 9.174630351301697573e+00 1.877967691667717098e-01
7.146066446535440098e-02 8.125746978270457888e+00 8.893571564766885373e+00 1.890246868339614528e-01
7.239305182720154330e-02 8.052191399196084731e+00 8.680802868049537935e+00 1.902538459889859257e-01
7.333237221063951261e-02 7.979023637312124606e+00 8.508236601581973702e+00 1.914841667222638988e-01
7.427858067015255528e-02 7.906447851352405465e+00 8.361570136520352747e+00 1.927155684813146586e-01
7.523163019485584746e-02 7.834589020232944456e+00 8.232713222359024030e+00 1.939479700781318317e-01
7.619147169534896957e-02 7.763525830587426846e+00 8.116733980117590619e+00 1.951812896967188293e-01
7.715805399114651630e-02 7.693308200535005525e+00 8.010450589436791446e+00 1.964154449007848857e-01
7.813132379869838773e-02 7.623967320661918734e+00 7.911716285860411979e+00 1.976503526416009127e-01
7.911122572001288988e-02 7.555521743254803191e+00 7.819028793239797714e+00 1.988859292660153100e-01
8.009770223189474625e-02 7.487981247181155098e+00 7.731304259811061286e+00 2.001220905246279269e-01
8.109069367581073218e-02 7.421349384366034307e+00 7.647740092081257934e+00 2.013587515801222028e-01
8.209013824839492268e-02 7.355625210679142434e+00 7.567728395494514260e+00 2.025958270157543484e-01
8.309597199260589095e-02 7.290804493781406492e+00 7.490799503538622339e+00 2.038332308439989027e-01
8.410812878954751493e-02 7.226880575058363121e+00 7.416584067257523394e+00 2.050708765153495816e-01
8.512654035096518801e-02 7.163844996614143312e+00 7.344786964298653409e+00 2.063086769272746701e-01
8.615113621242900810e-02 7.101687964963008248e+00 7.275168946021452143e+00 2.075465444333258469e-01
8.718184372721497766e-02 7.040398698868117755e+00 7.207533474696811382e+00 2.087843908523994152e-01
8.821858806089573346e-02 6.979965693493780599e+00 7.141717118565413358e+00 2.100221274781489955e-01
8.926129218665128373e-02 6.920376923131756897e+00 7.077582433412682228e+00 2.112596650885484040e-01
9.030987688131060509e-02 6.861619998188927205e+00 7.015012611533887110e+00 2.124969139556038278e-01
9.136426072213442440e-02 6.803682287669465367e+00 6.953907407646749306e+00 2.137337838552137159e-01
9.242436008434926076e-02 6.746551015332953760e+00 6.894180000951175558e+00 2.149701840771753025e-01
9.349008913944290011e-02 6.690213335554820340e+00 6.835754551353381281e+00 2.162060234353369026e-01
9.456135985423032297e-02 6.634656393384291917e+00 6.778564277366934121e+00 2.174412102778936484e-01
9.563808199070032712e-02 6.579867372199454501e+00 6.722549930975875832e+00 2.186756524978264726e-01
9.672016310665096372e-02 6.525833531555305100e+00 6.667658576637178314e+00 2.199092575434819785e-01
9.780750855712327940e-02 6.472542237216186933e+00 6.613842605464383517e+00 2.211419324292921984e-01
9.890002149664135767e-02 6.419980984923605583e+00 6.561058934207767201e+00 2.223735837466327137e-01
9.999760288226712535e-02 6.368137419122555265e+00 6.509268349608382742e+00 2.236041176748173320e-01
1.011001514774776955e-01 6.316999347600738446e+00 6.458434967559212758e+00 2.248334399922281290e-01
1.022075638568725742e-01 6.266554752803670247e+00 6.408525784641802225e+00 2.260614560875787438e-01
1.033197344117181560e-01 6.216791800438026705e+00 6.359510304348482634e+00 2.272880709713096248e-01
1.044365553563362248e-01 6.167698845857415790e+00 6.311360223376104805e+00 2.285131892871133941e-01
1.055579167353431769e-01 6.119264438624036018e+00 6.264049166599232166e+00 2.297367153235886084e-01
1.066837064317454065e-01 6.071477325569664352e+00 6.217552462956161818e+00 2.309585530260195863e-01
1.078138101758980005e-01 6.024326452627951412e+00 6.171846954516181150e+00 2.321786060082819125e-01
1.089481115553302404e-01 5.977800965647267262e+00 6.126910832630573012e+00 2.333967775648694010e-01
1.100864920254449736e-01 5.931890210366354665e+00 6.082723497382165334e+00 2.346129706830432093e-01
1.112288309210947845e-01 5.886583731701741762e+00 6.039265436232636119e+00 2.358270880550989435e-01
1.123750054690403483e-01 5.841871272469030707e+00 5.996518118917315121e+00 2.370390320907511950e-01
1.135248908012942287e-01 5.797742771642410808e+00 5.954463905743683227e+00 2.382487049296325432e-01
1.146783599693540351e-01 5.754188362233473519e+00 5.913085967442221147e+00 2.394560084539058276e-01
1.158352839593269901e-01 5.711198368865320951e+00 5.872368215254115675e+00 2.406608443009861376e-01
1.169955317079502816e-01 5.668763305101625072e+00 5.832295239139320131e+00 2.418631138763725208e-01
1.181589701195073644e-01 5.626873870578289250e+00 5.792852253052000577e+00 2.430627183665847180e-01
1.193254640836435843e-01 5.585520947981378548e+00 5.754025046809194244e+00 2.442595587522048139e-01
1.204948764940815265e-01 5.544695599909800876e+00 5.715799943134591388e+00 2.454535358210200302e-01
1.216670682682376020e-01 5.504389065647999679e+00 5.678163759309043712e+00 2.466445501812655205e-01
1.228418983677395521e-01 5.464592757878522278e+00 5.641103772951698403e+00 2.478325022749634787e-01
1.240192238198460084e-01 5.425298259352226538e+00 5.604607691369665190e+00 2.490172923913578362e-01
1.251988997397663339e-01 5.386497319538277928e+00 5.568663623857239564e+00 2.501988206804404147e-01
1.263807793538810065e-01 5.348181851263539066e+00 5.533260056734990329e+00 2.513769871665672007e-01
1.275647140238605204e-01 5.310343927360146488e+00 5.498385830984357625e+00 2.525516917621623558e-01
1.287505532716811674e-01 5.272975777327991054e+00 5.464030121563610898e+00 2.537228342815060489e-01
1.299381448055353105e-01 5.236069784020854101e+00 5.430182419034056629e+00 2.548903144546054711e-01
1.311273345466338058e-01 5.199618480368429552e+00 5.396832512677136151e+00 2.560540319411450105e-01
1.323179666568963520e-01 5.163614546133888261e+00 5.363970474763537055e+00 2.572138863445132539e-01
1.335098835675276874e-01 5.128050804715593713e+00 5.331586646569522081e+00 2.583697772259051506e-01
1.347029260084732782e-01 5.092920219997933096e+00 5.299671625441798817e+00 2.595216041184946199e-01
1.358969330387521379e-01 5.058215893252548945e+00 5.268216252888352713e+00 2.606692665416774357e-01
1.370917420776596174e-01 5.023931060094512624e+00 5.237211603355505396e+00 2.618126640153791707e-01
1.382871889368361973e-01 4.990059087491118817e+00 5.206648974109921113e+00 2.629516960744275322e-01
1.394831078531945101e-01 4.956593470831933246e+00 5.176519876148338639e+00 2.640862622829844297e-01
1.406793315226998187e-01 4.923527831056599524e+00 5.146816025201643718e+00 2.652162622490368826e-01
1.418756911349949856e-01 4.890855911840061410e+00 5.117529333629102339e+00 2.663415956389416084e-01
1.430720164088640500e-01 4.858571576839443296e+00 5.088651903036854662e+00 2.674621621920230119e-01
1.442681356285249183e-01 4.826668807000441319e+00 5.060176017322902453e+00 2.685778617352190811e-01
1.454638756807440647e-01 4.795141697924669266e+00 5.032094135939130908e+00 2.696885941977747447e-01
1.466590620927623601e-01 4.763984457293829244e+00 5.004398887743566782e+00 2.707942596259772516e-01
1.478535190710248692e-01 4.733191402355831912e+00 4.977083065636431769e+00 2.718947581979329620e-01
1.490470695407020152e-01 4.702756957470444199e+00 4.950139620817173736e+00 2.729899902383803867e-01
1.502395351859942274e-01 4.672675651708697586e+00 4.923561657784652823e+00 2.740798562335384769e-01
1.514307364912066967e-01 4.642942116514473305e+00 4.897342429823910770e+00 2.751642568459852778e-01
1.526204927825850488e-01 4.613551083419832111e+00 4.871475334324411932e+00 2.762430929295654480e-01
1.538086222708978934e-01 4.584497381816702521e+00 4.845953908579800462e+00 2.773162655443220381e-01
1.549949420947560330e-01 4.555775936782560542e+00 4.820771825730388649e+00 2.783836759714513609e-01
1.561792683646532620e-01 4.527381766959662102e+00 4.795922891245472108e+00 2.794452257282751262e-01
1.573614162077177914e-01 4.499309982489226201e+00 4.771401039194296700e+00 2.805008165832301170e-01
1.585411998131581179e-01 4.471555782993193340e+00 4.747200328735968533e+00 2.815503505708686904e-01
1.597184324783915699e-01 4.444114455609240899e+00 4.723314941115321908e+00 2.825937300068701030e-01
1.608929266558385140e-01 4.416981373074175821e+00 4.699739176313309841e+00 2.836308575030567214e-01
1.620644940003692358e-01 4.390151991853823432e+00 4.676467450457312047e+00 2.846616359824143960e-01
1.632329454173862271e-01 4.363621850324714835e+00 4.653494292994539094e+00 2.856859686941119469e-01
1.643980911115271726e-01 4.337386566996511483e+00 4.630814343642333242e+00 2.867037592285172631e-01
1.655597406359711476e-01 4.311441838781041369e+00 4.608422350318477356e+00 2.877149115322067963e-01
1.667177029423324575e-01 4.285783439307628839e+00 4.586313166533263264e+00 2.887193299229655619e-01
1.678717864311234098e-01 4.260407217276910963e+00 4.564481748854353427e+00 2.897169191047732073e-01
1.690217990027696737e-01 4.235309094858694223e+00 4.542923155085551556e+00 2.907075841827743701e-01
1.701675481091592945e-01 4.210485066131638199e+00 4.521632541875067801e+00 2.916912306782287190e-01
1.713088408057075185e-01 4.185931195558923790e+00 4.500605162516818858e+00 2.926677645434388464e-01
1.724454838039179427e-01 4.161643616504822063e+00 4.479836365159076905e+00 2.936370921766509046e-01
1.735772835244215329e-01 4.137618529788054111e+00 4.459321590969545390e+00 2.945991204369265426e-01
1.747040461504735243e-01 4.113852202273021952e+00 4.439056372116452209e+00 2.955537566589820364e-01
1.758255776818877236e-01 4.090340965493654224e+00 4.419036329924498574e+00 2.965009086679901706e-01
1.769416839893895033e-01 4.067081214314258730e+00 4.399257173290788359e+00 2.974404847943445951e-01
1.780521708693648952e-01 4.044069405622778390e+00 4.379714697007408120e+00 2.983723938883797722e-01
1.791568440989864675e-01 4.021302057057977386e+00 4.360404780132078884e+00 2.992965453350459604e-01
1.802555094916935829e-01 3.998775745767151335e+00 4.341323384244163641e+00 3.002128490685346818e-01
1.813479729530060314e-01 3.976487107194610626e+00 4.322466552134383022e+00 3.011212155868513429e-01
1.824340405366490225e-01 3.954432833902357558e+00 4.303830406297342037e+00 3.020215559663325111e-01
1.835135185009674208e-01 3.932609674417712586e+00 4.285411147278546551e+00 3.029137818761036827e-01
1.845862133656061277e-01 3.911014432109969352e+00 4.267205052404017707e+00 3.037978055924747123e-01
1.856519319684349356e-01 3.889643964095345741e+00 4.249208474550661307e+00 3.046735400132697391e-01
1.867104815226942049e-01 3.868495180169420511e+00 4.231417840615673498e+00 3.055408986720879461e-01
1.877616696743380775e-01 3.847565041763481020e+00 4.213829650026140961e+00 3.063997957524923765e-01
1.888053045595518009e-01 3.826850560927027800e+00 4.196440473851830610e+00 3.072501461021229785e-01
1.898411948624197099e-01 3.806348799337590183e+00 4.179246953492790517e+00 3.080918652467309893e-01
1.908691498727200786e-01 3.786056867331362152e+00 4.162245798980368505e+00 3.089248694041320520e-01
1.918889795438220580e-01 3.765971922956409923e+00 4.145433788253519047e+00 3.097490754980731786e-01
1.929004945506607727e-01 3.746091171053413493e+00 4.128807765986553413e+00 3.105644011720119502e-01
1.939035063477665688e-01 3.726411862353542936e+00 4.112364641961161915e+00 3.113707648028043451e-01
1.948978272273231838e-01 3.706931292598751870e+00 4.096101390360091798e+00 3.121680855142972555e-01
1.958832703772302175e-01 3.687646801685513065e+00 4.080015048520006182e+00 3.129562831908238030e-01
1.968596499391450927e-01 3.668555772825006223e+00 4.064102715645158348e+00 3.137352784905971248e-01
1.978267810664795234e-01 3.649655631725209126e+00 4.048361551991041196e+00 3.145049928590001875e-01
1.987844799823253461e-01 3.630943845792018454e+00 4.032788777586947759e+00 3.152653485417683532e-01
1.997325640372845101e-01 3.612417923347218895e+00 4.017381671184011793e+00 3.160162685980616448e-01
2.006708517671775827e-01 3.594075412866200470e+00 4.002137569275883600e+00 3.167576769134234915e-01
2.015991629506061755e-01 3.575913902231911301e+00 3.987053865019441812e+00 3.174894982126229004e-01
2.025173186663432878e-01 3.557931018006649460e+00 3.972128007249454473e+00 3.182116580723774457e-01
2.034251413505262784e-01 3.540124424719752749e+00 3.957357499362886610e+00 3.189240829339533012e-01
2.043224548536270169e-01 3.522491824171022579e+00 3.942739898377012331e+00 3.196267001156403720e-01
2.052090844971737327e-01 3.505030954750449457e+00 3.928272813894297055e+00 3.203194378250980856e-01
2.060848571301996668e-01 3.487739590771910869e+00 3.913953907266214394e+00 3.210022251715707875e-01
2.069496011853918516e-01 3.470615541823848016e+00 3.899780890485029961e+00 3.216749921779682442e-01
2.078031467349159001e-01 3.453656652130718374e+00 3.885751524999103701e+00 3.223376697928089785e-01
2.086453255458906308e-01 3.436860799930013588e+00 3.871863621100731567e+00 3.229901899020236611e-01
2.094759711354881593e-01 3.420225896863749782e+00 3.858115037028223782e+00 3.236324853406160607e-01
2.102949188256329760e-01 3.403749887382331973e+00 3.844503677731772040e+00 3.242644899041776108e-01
2.111020057972760877e-01 3.387430748159399485e+00 3.831027493843902398e+00 3.248861383602539288e-01
2.118970711442187960e-01 3.371266487519938071e+00 3.817684481146247588e+00 3.254973664595604554e-01
2.126799559264612172e-01 3.355255144882541174e+00 3.804472679501175403e+00 3.260981109470439954e-01
2.134505032230509525e-01 3.339394790209856634e+00 3.791390171698916234e+00 3.266883095727875497e-01
2.142085581844072328e-01 3.323683523471876899e+00 3.778435082861526073e+00 3.272679011027564977e-01
2.149539680840963640e-01 3.308119474121098413e+00 3.765605579400082448e+00 3.278368253293826862e-01
2.156865823700341300e-01 3.292700800576261688e+00 3.752899868050022292e+00 3.283950230819843719e-01
2.164062527150912851e-01 3.277425689717986756e+00 3.740316195013651868e+00 3.289424362370195198e-01
2.171128330670780149e-01 3.262292356393148740e+00 3.727852845129571602e+00 3.294790077281692375e-01
2.178061796980843567e-01 3.247299042930762436e+00 3.715508141066860226e+00 3.300046815562502900e-01
2.184861512531529881e-01 3.232444018666156271e+00 3.703280442319020427e+00 3.305194027989529215e-01
2.191526087982610949e-01 3.217725579474521869e+00 3.691168144315606803e+00 3.310231176204020964e-01
2.198054158675889491e-01 3.203142047313111807e+00 3.679169677544992023e+00 3.315157732805401047e-01
2.204444385100526038e-01 3.188691769772349360e+00 3.667283506786308322e+00 3.319973181443282573e-01
2.210695453350784156e-01 3.174373119635891971e+00 3.655508130278312340e+00 3.324677016907645610e-01
2.216806075575974144e-01 3.160184494448587511e+00 3.643842078877364443e+00 3.329268745217164316e-01
2.222774990422381747e-01 3.146124316092790973e+00 3.632283915106883310e+00 3.333747883705651116e-01
2.228600963466970397e-01 3.132191030371243912e+00 3.620832232211390611e+00 3.338113961106608518e-01
2.234282787642644930e-01 3.118383106597897747e+00 3.609485653609343814e+00 3.342366517635854128e-01
2.239819283654874704e-01 3.104699037197903966e+00 3.598242832038938133e+00 3.346505105072211661e-01
2.245209300389472973e-01 3.091137337312693134e+00 3.587102448541931832e+00 3.350529286836240184e-01
2.250451715311338197e-01 3.077696544412576785e+00 3.576063211786425722e+00 3.354438638066985501e-01
2.255545434853958586e-01 3.064375217916600835e+00 3.565123857235020122e+00 3.358232745696729249e-01
2.260489394799498342e-01 3.051171938818324048e+00 3.554283146376757241e+00 3.361911208523730710e-01
2.265282560649273247e-01 3.038085309318942606e+00 3.543539865818534196e+00 3.365473637282925812e-01
2.269923927984437706e-01 3.025113952464851597e+00 3.532892826598463376e+00 3.368919654714577772e-01
2.274412522816713356e-01 3.012256511793911518e+00 3.522340863549168866e+00 3.372248895630861609e-01
2.278747401928973848e-01 2.999511650986084188e+00 3.511882834277236576e+00 3.375461006980360334e-01
2.282927653205534535e-01 2.986878053519555376e+00 3.501517618375844965e+00 3.378555647910460591e-01
2.286952395951974693e-01 2.974354422332648795e+00 3.491244116913826634e+00 3.381532489827633325e-01
2.290820781204340739e-01 2.961939479492956551e+00 3.481061251705538595e+00 3.384391216455583384e-01
2.294531992027574185e-01 2.949631965870239458e+00 3.470967964244357162e+00 3.387131523891251383e-01
2.298085243803022204e-01 2.937430640813731841e+00 3.460963215030045337e+00 3.389753120658657859e-01
2.301479784504884274e-01 2.925334281835886063e+00 3.451045983165487829e+00 3.392255727760574158e-01
2.304714894965463612e-01 2.913341684302186430e+00 3.441215265577003191e+00 3.394639078728005077e-01
2.307789889129088778e-01 2.901451661124258674e+00 3.431470075971098321e+00 3.396902919667478815e-01
2.310704114294580003e-01 2.889663042456842135e+00 3.421809444300354830e+00 3.399047009306123135e-01
2.313456951346142543e-01 2.877974675401584026e+00 3.412232416234594279e+00 3.401071119034518864e-01
2.316047814972571894e-01 2.866385423714398417e+00 3.402738052365460231e+00 3.402975032947326839e-01
2.318476153874659829e-01 2.854894167517430414e+00 3.393325427507539960e+00 3.404758547881669983e-01
2.320741450960702723e-01 2.843499803015023808e+00 3.383993630005554198e+00 3.406421473453264959e-01
2.322843223530010326e-01 2.832201242214095416e+00 3.374741761244988147e+00 3.407963632090291739e-01
2.324781023444328909e-01 2.820997412649756342e+00 3.365568934939615175e+00 3.409384859064996109e-01
2.326554437287087496e-01 2.809887257113417469e+00 3.356474276284691971e+00 3.410685002523017872e-01
2.328163086510394997e-01 2.798869733384970360e+00 3.347456921654798911e+00 3.411863923510428664e-01
2.329606627569708321e-01 2.787943813971198281e+00 3.338516017970134087e+00 3.412921495998485488e-01
2.330884752046109010e-01 2.777108485845544816e+00 3.329650721824967352e+00 3.413857606906085529e-01
2.331997186756126217e-01 2.766362750192218112e+00 3.320860199089729736e+00 3.414672156119915036e-01
2.332943693849049149e-01 2.755705622154883017e+00 3.312143624429333855e+00 3.415365056512297270e-01
2.333724070891683988e-01 2.745136130588823775e+00 3.303500180600003944e+00 3.415936233956720081e-01
2.334338150940512002e-01 2.734653317815885387e+00 3.294929057788977378e+00 3.416385627341058662e-01
2.334785802601208882e-01 2.724256239383020528e+00 3.286429453348010732e+00 3.416713188578468507e-01
2.335066930075502256e-01 2.713943963826249473e+00 3.278000571250788475e+00 3.416918882615961328e-01
2.335181473195339086e-01 2.703715572435986925e+00 3.269641621225141570e+00 3.417002687440660602e-01
2.335129407444346827e-01 2.693570159025294508e+00 3.261351818529224289e+00 3.416964594083721773e-01
2.334910743966579494e-01 2.683506829703957930e+00 3.253130383554675653e+00 3.416804606621938190e-01
2.334525529562542223e-01 2.673524702654001661e+00 3.244976541099693801e+00 3.416522742177009464e-01
2.333973846672497410e-01 2.663622907908512527e+00 3.236889520067830706e+00 3.416119030912489474e-01
2.333255813347059615e-01 2.653800587134770517e+00 3.228868552997087082e+00 3.415593516028407328e-01
2.332371583205094800e-01 2.644056893419276300e+00 3.220912875546243725e+00 3.414946253753560201e-01
2.331321345378946919e-01 2.634390991056633435e+00 3.213021726086357166e+00 3.414177313335488573e-01
2.330105324447014070e-01 2.624802055340893503e+00 3.205194345434067671e+00 3.413286777028128882e-01
2.328723780353713357e-01 2.615289272361600581e+00 3.197429976266923823e+00 3.412274740077148039e-01
2.327177008316868301e-01 2.605851838799850828e+00 3.189727862897616006e+00 3.411141310702964780e-01
2.325465338722575159e-01 2.596488961731487244e+00 3.182087250751695962e+00 3.409886610081466762e-01
2.323589137007586458e-01 2.587199858427975840e+00 3.174507385952897387e+00 3.408510772322412841e-01
2.321548803529284444e-01 2.577983756165124429e+00 3.166987515511321849e+00 3.407013944445549392e-01
2.319344773423296091e-01 2.568839892033477845e+00 3.159526886418535518e+00 3.405396286354420710e-01
2.316977516448835428e-01 2.559767512748725604e+00 3.152124745267604222e+00 3.403657970807903999e-01
2.314447536821833129e-01 2.550765874467401328e+00 3.144780338446842904e+00 3.401799183389455639e-01
2.311755373035952188e-01 2.541834242606419991e+00 3.137492911745901836e+00 3.399820122474093709e-01
2.308901597671567107e-01 2.532971891663612141e+00 3.130261709678686888e+00 3.397720999193111213e-01
2.305886817192807914e-01 2.524178105040017162e+00 3.123085975625487620e+00 3.395502037396537776e-01
2.302711671732766974e-01 2.515452174868774815e+00 3.115964951639575986e+00 3.393163473613353132e-01
2.299376834866977137e-01 2.506793401843225411e+00 3.108897877760467665e+00 3.390705557009467963e-01
2.295883013375268900e-01 2.498201095048095954e+00 3.101883992303696047e+00 3.388128549343478735e-01
2.292230946992132590e-01 2.489674571796550939e+00 3.094922531317878533e+00 3.385432724920207637e-01
2.288421408145699110e-01 2.481213157464358776e+00 3.088012728550947550e+00 3.382618370542041508e-01
2.284455201685476056e-01 2.472816185333416517e+00 3.081153815565577325e+00 3.379685785458076963e-01
2.280333164598970230e-01 2.464482996433170481e+00 3.074345020904986292e+00 3.376635281311093917e-01
2.276056165717337265e-01 2.456212939384800453e+00 3.067585570388367433e+00 3.373467182082358073e-01
2.271625105410198520e-01 2.448005370250970536e+00 3.060874687060193722e+00 3.370181824034275131e-01
2.267040915269787626e-01 2.439859652385771849e+00 3.054211590996844805e+00 3.366779555650910027e-01
2.262304557784564074e-01 2.431775156289173179e+00 3.047595498985650853e+00 3.363260737576380666e-01
2.257417026002470073e-01 2.423751259460636742e+00 3.041025624596040977e+00 3.359625742551147765e-01
2.252379343183987526e-01 2.415787346259879786e+00 3.034501178271378663e+00 3.355874955346211386e-01
2.247192562445163855e-01 2.407882807766737354e+00 3.028021366992793340e+00 3.352008772695235783e-01
2.241857766390785989e-01 2.400037041645189273e+00 3.021585394451841378e+00 3.348027603224610349e-01
2.236376066737878199e-01 2.392249452009823862e+00 3.015192460785239614e+00 3.343931867381479961e-01
2.230748603929705309e-01 2.384519449293376336e+00 3.008841762750903204e+00 3.339721997359739181e-01
2.224976546740474459e-01 2.376846450119610932e+00 3.002532493728476748e+00 3.335398437024034712e-01
2.219061091870921931e-01 2.369229877175937027e+00 2.996263843570697194e+00 3.330961641831771125e-01
2.213003463534982673e-01 2.361669159090293402e+00 2.990034998764627971e+00 3.326412078753159252e-01
2.206804913037740956e-01 2.354163730309720037e+00 2.983845142286556396e+00 3.321750226189306154e-01
2.200466718344872841e-01 2.346713030981063319e+00 2.977693453792037204e+00 3.316976573888390512e-01
2.193990183643774738e-01 2.339316506835510623e+00 2.971579109768085480e+00 3.312091622859922313e-01
2.187376638896599002e-01 2.331973609074875053e+00 2.965501283382077080e+00 3.307095885287119064e-01
2.180627439385413313e-01 2.324683794259599257e+00 2.959459144567099020e+00 3.301989884437422917e-01
2.173743965249685384e-01 2.317446524200000191e+00 2.953451860098910586e+00 3.296774154571165960e-01
2.166727621016334704e-01 2.310261265849072654e+00 2.947478593955726645e+00 3.291449240848425273e-01
2.159579835122562852e-01 2.303127491200342103e+00 2.941538507375938583e+00 3.286015699234076104e-01
2.152302059431682735e-01 2.296044677185108629e+00 2.935630758448361632e+00 3.280474096401069795e-01
2.144895768742200726e-01 2.289012305571591632e+00 2.929754502756062085e+00 3.274825009631965878e-01
2.137362460290352373e-01 2.282029862870405434e+00 2.923908893527717989e+00 3.269069026718732784e-01
2.129703653246350636e-01 2.275096840238489460e+00 2.918093081541512923e+00 3.263206745860849356e-01
2.121920888204574807e-01 2.268212733387708013e+00 2.912306215606455417e+00 3.257238775561729360e-01
2.114015726667932416e-01 2.261377042495597234e+00 2.906547442110005708e+00 3.251165734523489559e-01
2.105989750526649495e-01 2.254589272114529752e+00 2.900815905586647148e+00 3.244988251540095736e-01
2.097844561531724272e-01 2.247848931089768687e+00 2.895110749381049065e+00 3.238706965388906678e-01
2.089581780763279939e-01 2.241155532476330592e+00 2.889431114914884802e+00 3.232322524720638302e-01
2.081203048094089902e-01 2.234508593455529990e+00 2.883776142279633081e+00 3.225835587947787908e-01
2.072710021648489775e-01 2.227907635259037900e+00 2.878144970875140984e+00 3.219246823131530211e-01
2.064104377256950618e-01 2.221352183092720534e+00 2.872536738811598767e+00 3.212556907867120115e-01
2.055387807906556286e-01 2.214841766059865602e+00 2.866950583533814267e+00 3.205766529167833889e-01
2.046562023187628865e-01 2.208375917092158858e+00 2.861385642479283842e+00 3.198876383347463159e-01
2.037628748736764750e-01 2.201954172880088656e+00 2.855841052423602644e+00 3.191887175901401141e-01
2.028589725676534783e-01 2.195576073802509853e+00 2.850315950070533066e+00 3.184799621386355528e-01
2.019446710052085481e-01 2.189241163863724360e+00 2.844809472753230040e+00 3.177614443298687474e-01
2.010201472264925016e-01 2.182948990630286801e+00 2.839320758111194110e+00 3.170332373951448290e-01
2.000855796504115991e-01 2.176699105168617976e+00 2.833848944456100138e+00 3.162954154350103853e-01
1.991411480175152571e-01 2.170491061986774994e+00 2.828393171245790594e+00 3.155480534067000575e-01
1.981870333326770095e-01 2.164324418977633169e+00 2.822952579035298282e+00 3.147912271114595706e-01
1.972234178075932820e-01 2.158198737362766018e+00 2.817526309748203062e+00 3.140250131817474144e-01
1.962504848031270122e-01 2.152113581639774509e+00 2.812113507372444587e+00 3.132494890683199529e-01
1.952684187715199304e-01 2.146068519532952301e+00 2.806713317815082931e+00 3.124647330272009582e-01
1.942774051984999528e-01 2.140063121941888191e+00 2.801324889129982232e+00 3.116708241065402896e-01
1.932776305453082766e-01 2.134096962895817740e+00 2.795947372140341614e+00 3.108678421333640474e-01
1.922692821906713534e-01 2.128169619508309740e+00 2.790579920257016511e+00 3.100558677002189234e-01
1.912525483727431919e-01 2.122280671932511353e+00 2.785221690126316041e+00 3.092349821517151875e-01
1.902276181310430525e-01 2.116429703322001199e+00 2.779871841957179068e+00 3.084052675709698654e-01
1.891946812484116280e-01 2.110616299790008643e+00 2.774529539208143269e+00 3.075668067659542149e-01
1.881539281930138807e-01 2.104840050370176296e+00 2.769193949448740977e+00 3.067196832557488873e-01
1.871055500604090482e-01 2.099100546983108107e+00 2.763864244612662446e+00 3.058639812567091609e-01
1.860497385157147687e-01 2.093397384400450534e+00 2.758539600887731424e+00 3.049997856685433550e-01
1.849866857358894445e-01 2.087730160212477593e+00 2.753219199290987795e+00 3.041271820603096421e-01
1.839165843521547994e-01 2.082098474797466015e+00 2.747902225838866563e+00 3.032462566563310369e-01
1.828396273925848026e-01 2.076501931291947933e+00 2.742587871903454655e+00 3.023570963220350571e-01
1.817560082248836639e-01 2.070940135563887008e+00 2.737275334325246945e+00 3.014597885497198870e-01
1.806659204993746048e-01 2.065412696185115138e+00 2.731963815869363543e+00 3.005544214442490980e-01
1.795695580922261059e-01 2.059919224408849558e+00 2.726652525475549371e+00 2.996410837086814771e-01
1.784671150489344771e-01 2.054459334145052996e+00 2.721340678358771914e+00 2.987198646298354632e-01
1.773587855280878423e-01 2.049032641939937172e+00 2.716027496507323225e+00 2.977908540637941304e-01
1.762447637454339078e-01 2.043638766955726105e+00 2.710712208604145967e+00 2.968541424213530511e-01
1.751252439182710563e-01 2.038277330950902577e+00 2.705394050724933663e+00 2.959098206534138131e-01
1.740004202101877173e-01 2.032947958265540755e+00 2.700072266422870015e+00 2.949579802363276326e-01
1.728704866761697212e-01 2.027650275803181135e+00 2.694746106682213593e+00 2.939987131571920043e-01
1.717356372080953431e-01 2.022383913017000712e+00 2.689414830712684612e+00 2.930321118991017215e-01
1.705960654806429611e-01 2.017148501897671142e+00 2.684077705789286394e+00 2.920582694263620382e-01
1.694519648976266224e-01 2.011943676959515148e+00 2.678734007617944890e+00 2.910772791696619177e-01
1.683035285387834423e-01 2.006769075231614075e+00 2.673383020741747274e+00 2.900892350112146412e-01
1.671509491070312659e-01 2.001624336247367353e+00 2.668024038500139028e+00 2.890942312698674965e-01
1.659944188762150219e-01 1.996509102036225336e+00 2.662656363464457332e+00 2.880923626861835452e-01
1.648341296393621425e-01 1.991423017116759286e+00 2.657279307583318761e+00 2.870837244074994077e-01
1.636702726574655875e-01 1.986365728490072202e+00 2.651892192357766298e+00 2.860684119729628438e-01
1.625030386088105738e-01 1.981336885634688905e+00 2.646494349303018634e+00 2.850465212985510144e-01
1.613326175388666017e-01 1.976336140503499816e+00 2.641085119997943931e+00 2.840181486620763640e-01
1.601591988107580744e-01 1.971363147519598735e+00 2.635663856157655971e+00 2.829833906881798478e-01
1.589829710563334109e-01 1.966417563574305083e+00 2.630229920112957753e+00 2.819423443333170520e-01
1.578041221278483064e-01 1.961499048026508651e+00 2.624782684828223189e+00 2.808951068707394860e-01
1.566228390502783230e-01 1.956607262701333783e+00 2.619321534145661268e+00 2.798417758754742635e-01
1.554393079742782680e-01 1.951741871891487845e+00 2.613845863109631296e+00 2.787824492093057271e-01
1.542537141298028769e-01 1.946902542358349031e+00 2.608355078008129269e+00 2.777172250057627356e-01
1.530662417804018738e-01 1.942088943333994955e+00 2.602848596557657768e+00 2.766462016551120562e-01
1.518770741782082268e-01 1.937300746523807238e+00 2.597325848090637379e+00 2.755694777893664127e-01
1.506863935196278148e-01 1.932537626109998019e+00 2.591786273828610376e+00 2.744871522673035802e-01
1.494943809017488245e-01 1.927799258756175194e+00 2.586229326938091155e+00 2.733993241595055745e-01
1.483012162794815902e-01 1.923085323611498199e+00 2.580654472694174473e+00 2.723060927334179371e-01
1.471070784234409234e-01 1.918395502316487589e+00 2.575061188791454736e+00 2.712075574384321119e-01
1.459121448785847541e-01 1.913729479009260270e+00 2.569448965213407821e+00 2.701038178909960785e-01
1.447165919236200471e-01 1.909086940330753768e+00 2.563817304617321380e+00 2.689949738597545159e-01
1.435205945311854026e-01 1.904467575433429927e+00 2.558165722481169357e+00 2.678811252507214413e-01
1.423243263288244964e-01 1.899871075987482616e+00 2.552493746916145501e+00 2.667623720924903186e-01
1.411279595607567994e-01 1.895297136188548892e+00 2.546800919253599638e+00 2.656388145214821361e-01
1.399316650504578430e-01 1.890745452767465862e+00 2.541086793868561067e+00 2.645105527672363399e-01
1.387356121640576090e-01 1.886215724996960885e+00 2.535350938198181137e+00 2.633776871377467299e-01
1.375399687745644806e-01 1.881707654701562760e+00 2.529592933235386809e+00 2.622403180048450411e-01
1.363449012269251637e-01 1.877220946267171842e+00 2.523812373268658593e+00 2.610985457896358719e-01
1.351505743039270735e-01 1.872755306649399820e+00 2.518008866188557793e+00 2.599524709479860696e-01
1.339571511929492642e-01 1.868310445384885554e+00 2.512182033592878394e+00 2.588021939560687379e-01
1.327647934535726992e-01 1.863886074600140441e+00 2.506331510506567994e+00 2.576478152959701395e-01
1.315736609860506112e-01 1.859481909021133195e+00 2.500456945873038794e+00 2.564894354413555511e-01
1.303839120006494712e-01 1.855097665984868360e+00 2.494558002608566305e+00 2.553271548432025639e-01
1.291957029878640362e-01 1.850733065449106984e+00 2.488634357466671609e+00 2.541610739156018317e-01
1.280091886895101394e-01 1.846387830002979236e+00 2.482685701262262956e+00 2.529912930216276501e-01
1.268245220707020504e-01 1.842061684877797312e+00 2.476711738635498428e+00 2.518179124592828111e-01
1.256418542927171256e-01 1.837754357956077556e+00 2.470712188324923897e+00 2.506410324475195628e-01
1.244613346867494141e-01 1.833465579783708055e+00 2.464686783555651406e+00 2.494607531123377020e-01
1.232831107285596445e-01 1.829195083580908321e+00 2.458635271364256525e+00 2.482771744729664609e-01
1.221073280140185513e-01 1.824942605250229777e+00 2.452557412953377369e+00 2.470903964281276344e-01
1.209341302355499692e-01 1.820707883389287796e+00 2.446452984159035005e+00 2.459005187423869143e-01
1.197636591594732069e-01 1.816490659301075450e+00 2.440321774584256254e+00 2.447076410325934315e-01
1.185960546042453545e-01 1.812290677001417327e+00 2.434163588139992562e+00 2.435118627544101411e-01
1.174314544196057436e-01 1.808107683232059504e+00 2.427978243363285937e+00 2.423132831889388550e-01
1.162699944666219648e-01 1.803941427469513803e+00 2.421765572711511272e+00 2.411120014294414748e-01
1.151118085986355122e-01 1.799791661933777709e+00 2.415525423083438206e+00 2.399081163681582307e-01
1.139570286431103169e-01 1.795658141599751234e+00 2.409257655569245760e+00 2.387017266832294204e-01
1.128057843843782576e-01 1.791540624204110976e+00 2.402962145386312365e+00 2.374929308257176797e-01
1.116582035472835077e-01 1.787438870255982026e+00 2.396638782039447246e+00 2.362818270067373327e-01
1.105144117817226102e-01 1.783352643044264552e+00 2.390287469277367460e+00 2.350685131846911302e-01
1.093745326480766861e-01 1.779281708647633575e+00 2.383908125186134264e+00 2.338530870526158711e-01
1.082386876035349998e-01 1.775225835941911079e+00 2.377500681586671050e+00 2.326356460256413516e-01
1.071069959893052176e-01 1.771184796606270595e+00 2.371065084558468872e+00 2.314162872285626393e-01
1.059795750187058905e-01 1.767158365133076225e+00 2.364601294346204696e+00 2.301951074835278666e-01
1.048565397661401777e-01 1.763146318833060722e+00 2.358109285111418707e+00 2.289722032978459276e-01
1.037380031569421074e-01 1.759148437843331303e+00 2.351589045009650381e+00 2.277476708519124426e-01
1.026240759580938910e-01 1.755164505132469355e+00 2.345040575756146772e+00 2.265216059872588450e-01
1.015148667698076435e-01 1.751194306505684084e+00 2.338463893247409331e+00 2.252941041947254808e-01
1.004104820179652774e-01 1.747237630612831882e+00 2.331859027239990390e+00 2.240652606027597471e-01
9.931102594741209044e-02 1.743294268951265380e+00 2.325226020697525708e+00 2.228351699658427942e-01
9.821660061609677195e-02 1.739364015869824920e+00 2.318564930338065988e+00 2.216039266530455409e-01
9.712730589005012793e-02 1.735446668574181839e+00 2.311875826701184078e+00 2.203716246367146692e-01
9.604323943919866602e-02 1.731542027130656969e+00 2.305158793520658556e+00 2.191383574812938440e-01
9.496449673400113312e-02 1.727649894467652825e+00 2.298413927727644523e+00 2.179042183322768278e-01
9.389117104290448101e-02 1.723770076379018690e+00 2.291641339758746287e+00 2.166692999052986235e-01
9.282335343060878208e-02 1.719902381526624779e+00 2.284841153019860904e+00 2.154336944753637850e-01
9.176113275713290718e-02 1.716046621440328268e+00 2.278013503997541989e+00 2.141974938662132288e-01
9.070459567767362452e-02 1.712202610520668911e+00 2.271158542233754130e+00 2.129607894398328205e-01
8.965382664324809958e-02 1.708370166038177373e+00 2.264276429898631982e+00 2.117236720861039034e-01
8.860890790210980417e-02 1.704549108133311286e+00 2.257367341994602317e+00 2.104862322125960472e-01
8.756991950193122876e-02 1.700739259816359761e+00 2.250431466121502133e+00 2.092485597345071779e-01
8.653693929273961749e-02 1.696940446965637728e+00 2.243469002195791706e+00 2.080107440647473160e-01
8.551004293059898120e-02 1.693152498325435351e+00 2.236480162670751337e+00 2.067728741041713336e-01
8.448930388202678665e-02 1.689375245504902479e+00 2.229465172239337711e+00 2.055350382319603153e-01
8.347479342913394218e-02 1.685608522973941481e+00 2.222424267387218322e+00 2.042973242961516889e-01
8.246658067547917026e-02 1.681852168059312369e+00 2.215357696818589961e+00 2.030598196043214843e-01
8.146473255262554058e-02 1.678106020942304433e+00 2.208265721106307478e+00 2.018226109144185265e-01
8.046931382738717331e-02 1.674369924652534092e+00 2.201148612152876272e+00 2.005857844257503408e-01
7.948038710975767474e-02 1.670643725062414431e+00 2.194006653611250801e+00 1.993494257701256545e-01
7.849801286150454027e-02 1.666927270882709866e+00 2.186840140644400243e+00 1.981136200031493877e-01
7.752224940542115639e-02 1.663220413655312813e+00 2.179649379450980362e+00 1.968784515956750747e-01
7.655315293522303721e-02 1.659523007745966838e+00 2.172434687271961096e+00 1.956440044254142696e-01
7.559077752607526457e-02 1.655834910336688282e+00 2.165196392387562341e+00 1.944103617687021057e-01
7.463517514574069533e-02 1.652155981418085284e+00 2.157934833907995564e+00 1.931776062924228932e-01
7.368639566633526650e-02 1.648486083780328348e+00 2.150650361341364558e+00 1.919458200460943398e-01
7.274448687667690872e-02 1.644825083002913413e+00 2.143343334777437548e+00 1.907150844541103674e-01
7.180949449521835393e-02 1.641172847446234595e+00 2.136014124649236123e+00 1.894854803081470196e-01
7.088146218354680894e-02 1.637529248239780300e+00 2.128663111247860229e+00 1.882570877597266046e-01
6.996043156044096101e-02 1.633894159270956381e+00 2.121290685027317657e+00 1.870299863129452345e-01
6.904644221647043834e-02 1.630267457174515933e+00 2.113897246277860020e+00 1.858042548173620689e-01
6.813953172912469436e-02 1.626649021319424904e+00 2.106483204679987065e+00 1.845799714610508457e-01
6.723973567845839550e-02 1.623038733795802990e+00 2.099048979364106504e+00 1.833572137638145860e-01
6.634708766324004525e-02 1.619436479401836548e+00 2.091594998832855712e+00 1.821360585705642798e-01
6.546161931758888441e-02 1.615842145630074445e+00 2.084121700628656093e+00 1.809165820448596640e-01
6.458336032808940919e-02 1.612255622652460474e+00 2.076629531085337543e+00 1.796988596626163948e-01
6.371233845136689555e-02 1.608676803305201242e+00 2.069118945321294145e+00 1.784829662059756461e-01
6.284857953211152315e-02 1.605105583073563880e+00 2.061590406999620040e+00 1.772689757573382152e-01
6.199210752153883758e-02 1.601541860075384571e+00 2.054044388045134895e+00 1.760569616935650228e-01
6.114294449626946765e-02 1.597985535044325500e+00 2.046481368516989807e+00 1.748469966803397335e-01
6.030111067761853572e-02 1.594436511312617544e+00 2.038901836614378738e+00 1.736391526666991869e-01
5.946662445127714330e-02 1.590894694794215747e+00 2.031306288167921359e+00 1.724335008797263091e-01
5.863950238737421217e-02 1.587359993964956306e+00 2.023695226466655672e+00 1.712301118194083926e-01
5.781975926090574674e-02 1.583832319844818093e+00 2.016069162533259185e+00 1.700290552536620758e-01
5.700740807251457321e-02 1.580311585979304434e+00 2.008428614331683626e+00 1.688304002135198600e-01
5.620246006961095164e-02 1.576797708417847277e+00 2.000774106814970477e+00 1.676342149884846033e-01
5.540492476781683218e-02 1.573290605695415900e+00 1.993106171971202878e+00 1.664405671220463567e-01
5.461480997272142451e-02 1.569790198811085169e+00 1.985425348216320218e+00 1.652495234073632913e-01
5.383212180193579915e-02 1.566296411206782091e+00 1.977732180419615959e+00 1.640611498831088255e-01
5.305686470743035954e-02 1.562809168746001509e+00 1.970027219693024856e+00 1.628755118294803184e-01
5.228904149814288249e-02 1.559328399691592981e+00 1.962311023273789035e+00 1.616926737643714085e-01
5.152865336284503245e-02 1.555854034683985976e+00 1.954584154113565786e+00 1.605126994397094997e-01
5.077569989325050881e-02 1.552386006717125344e+00 1.946847180675535194e+00 1.593356518379526188e-01
5.003017910735549356e-02 1.548924251115875173e+00 1.939100677110485949e+00 1.581615931687517795e-01
4.929208747299497484e-02 1.545468705512876628e+00 1.931345222817155705e+00 1.569905848657730529e-01
4.856141993160268538e-02 1.542019309824034234e+00 1.923581401957375148e+00 1.558226875836806469e-01
4.783816992216336633e-02 1.538576006223318027e+00 1.915809803622744667e+00 1.546579611952830779e-01
4.712232940534127890e-02 1.535138739119208173e+00 1.908031021760160817e+00 1.534964647888368838e-01
4.641388888777397970e-02 1.531707455129320161e+00 1.900245654447394017e+00 1.523382566655106241e-01
4.571283744651918890e-02 1.528282103053774321e+00 1.892454304084097982e+00 1.511833943370090860e-01
4.501916275363952724e-02 1.524862633850945892e+00 1.884657577259144512e+00 1.500319345233532831e-01
4.433285110091578912e-02 1.521449000610459512e+00 1.876856084148422310e+00 1.488839331508201858e-01
4.365388742467370825e-02 1.518041158526518553e+00 1.869050438741618692e+00 1.477394453500379679e-01
4.298225533071286381e-02 1.514639064872211671e+00 1.861241258413610211e+00 1.465985254542365168e-01
4.231793711932669427e-02 1.511242678971224551e+00 1.853429163522777756e+00 1.454612269976550964e-01
4.166091381039964403e-02 1.507851962170718929e+00 1.845614777761845016e+00 1.443276027141025541e-01
4.101116516857042371e-02 1.504466877814944814e+00 1.837798727706141388e+00 1.431977045356705724e-01
4.036866972845095519e-02 1.501087391216471278e+00 1.829981642239753903e+00 1.420715835916017411e-01
3.973340481988660300e-02 1.497713469627679483e+00 1.822164152657808289e+00 1.409492902073057607e-01
3.910534659324957363e-02 1.494345082212876541e+00 1.814346892743204265e+00 1.398308739035295789e-01
3.848447004475148009e-02 1.490982200020537274e+00 1.806530498268626106e+00 1.387163833956744363e-01
3.787074904176531559e-02 1.487624795953676360e+00 1.798715606598024763e+00 1.376058665932621550e-01
3.726415634814654598e-02 1.484272844740857522e+00 1.790902856865248749e+00 1.364993705995499185e-01
3.666466364954094198e-02 1.480926322907827553e+00 1.783092889628783650e+00 1.353969417112900475e-01
3.607224157866954772e-02 1.477585208747523859e+00 1.775286346596504972e+00 1.342986254186347705e-01
3.548685974058123777e-02 1.474249482291070557e+00 1.767483870594594997e+00 1.332044664051870997e-01
3.490848673786037248e-02 1.470919125278186579e+00 1.759686105192785677e+00 1.321145085481915671e-01
3.433709019578241872e-02 1.467594121127147710e+00 1.751893694593201323e+00 1.310287949188696788e-01
3.377263678740525382e-02 1.464274454905310607e+00 1.744107283461966196e+00 1.299473677828936469e-01
3.321509225858762515e-02 1.460960113298948926e+00 1.736327516681536176e+00 1.288702686009997045e-01
3.266442145292604293e-02 1.457651084583357237e+00 1.728555039250290193e+00 1.277975380297406982e-01
3.212058833659929558e-02 1.454347358592891659e+00 1.720790495912912776e+00 1.267292159223738224e-01
3.158355602311229554e-02 1.451048926690174490e+00 1.713034531009570705e+00 1.256653413298835786e-01
3.105328679793142171e-02 1.447755781736189906e+00 1.705287788519993741e+00 1.246059525021405712e-01
3.052974214300038791e-02 1.444467918060340361e+00 1.697550911628304293e+00 1.235510868891900732e-01
3.001288276113101353e-02 1.441185331429436278e+00 1.689824542429806842e+00 1.225007811426747917e-01
2.950266860025817228e-02 1.437908019017280381e+00 1.682109322137999463e+00 1.214550711173851549e-01
2.899905887755221609e-02 1.434635979375224579e+00 1.674405890644109052e+00 1.204139918729385389e-01
2.850201210338137309e-02 1.431369212400689150e+00 1.666714886129494921e+00 1.193775776755864881e-01
2.801148610511527970e-02 1.428107719306929146e+00 1.659036945251932904e+00 1.183458620001461709e-01
2.752743805076289865e-02 1.424851502593073693e+00 1.651372702830788075e+00 1.173188775320555544e-01
2.704982447243847732e-02 1.421600566013407896e+00 1.643722791600427557e+00 1.162966561695530365e-01
2.657860128964648766e-02 1.418354914547228285e+00 1.636087842000278014e+00 1.152792290259752050e-01
2.611372383238114159e-02 1.415114554368103628e+00 1.628468482085070779e+00 1.142666264321764713e-01
2.565514686403220362e-02 1.411879492814213100e+00 1.620865337410601237e+00 1.132588779390653472e-01
2.520282460409107445e-02 1.408649738357980574e+00 1.613279030620086152e+00 1.122560123202563098e-01
2.475671075065215276e-02 1.405425300575645631e+00 1.605710181337860920e+00 1.112580575748384898e-01
2.431675850270182543e-02 1.402206190117361251e+00 1.598159406219202605e+00 1.102650409302554646e-01
2.388292058219021116e-02 1.398992418677827754e+00 1.590627318577495508e+00 1.092769888452967270e-01
2.345514925588091520e-02 1.395783998965828054e+00 1.583114528110489472e+00 1.082939270132007858e-01
2.303339635697144658e-02 1.392580944674712162e+00 1.575621640905067844e+00 1.073158803648636278e-01
2.261761330648161261e-02 1.389383270452866137e+00 1.568149259232358705e+00 1.063428730721565907e-01
2.220775113440302123e-02 1.386190991874336476e+00 1.560697981393315947e+00 1.053749285513471273e-01
2.180376050060580176e-02 1.383004125409632135e+00 1.553268401337237981e+00 1.044120694666229726e-01
2.140559171549872436e-02 1.379822688395849983e+00 1.545861108812615736e+00 1.034543177337193670e-01
2.101319476043699702e-02 1.376646699009015373e+00 1.538476689117773022e+00 1.025016945236443267e-01
2.062651930787459328e-02 1.373476176234199597e+00 1.531115722549316605e+00 1.015542202665024457e-01
2.024551474125750941e-02 1.370311139836783765e+00 1.523778784851815615e+00 1.006119146554162042e-01
1.987013017465304870e-02 1.367151610335245904e+00 1.516466446720055039e+00 9.967479665054011784e-02
1.950031447211322821e-02 1.363997608971529329e+00 1.509179273477638139e+00 9.874288448316979883e-02
1.913601626676760328e-02 1.360849157683659882e+00 1.501917825384519567e+00 9.781619565994069398e-02
1.877718397964309172e-02 1.357706279078243705e+00 1.494682656994464232e+00 9.689474696711657120e-02
1.842376583820832386e-02 1.354568996401721126e+00 1.487474317303129068e+00 9.597855447496675407e-02
1.807570989463877509e-02 1.351437333514446060e+00 1.480293349639772549e+00 9.506763354222817763e-02
1.773296404380076546e-02 1.348311314862537635e+00 1.473140291071221020e+00 9.416199882065154347e-02
1.739547604095243588e-02 1.345190965450835829e+00 1.466015672696298511e+00 9.326166425963144935e-02
1.706319351915822069e-02 1.342076310816862961e+00 1.458920019571930959e+00 9.236664311091483115e-02
1.673606400641658096e-02 1.338967377004530501e+00 1.451853850192369677e+00 9.147694793339079811e-02
1.641403494249765380e-02 1.335864190537265905e+00 1.444817676386508154e+00 9.059259059795578273e-02
1.609705369548990878e-02 1.332766778392410645e+00 1.437812003510040793e+00 8.971358229245421367e-02
1.578506757805484689e-02 1.329675167976080319e+00 1.430837330001247798e+00 8.883993352669408705e-02
1.547802386338741412e-02 1.326589387097024675e+00 1.423894147410273536e+00 8.797165413753288421e-02
1.517586980088164728e-02 1.323509463942647457e+00 1.416982940207626385e+00 8.710875329403368339e-02
1.487855263150103177e-02 1.320435427053237465e+00 1.410104185412274669e+00 8.625123950269071582e-02
1.458601960285158504e-02 1.317367305297754809e+00 1.403258352901596950e+00 8.539912061271938415e-02
1.429821798395860752e-02 1.314305127850196708e+00 1.396445905246466168e+00 8.455240382141304689e-02
1.401509507974530062e-02 1.311248924165849150e+00 1.389667297061987883e+00 8.371109567956119824e-02
1.373659824521363676e-02 1.308198723956457643e+00 1.382922975229271767e+00 8.287520209692895989e-02
1.346267489932754732e-02 1.305154557168328511e+00 1.376213379258412139e+00 8.204472834779681645e-02
1.319327253859784929e-02 1.302116453959770048e+00 1.369538940256339377e+00 8.121967907655708308e-02
1.292833875036927295e-02 1.299084444676701366e+00 1.362900081260467910e+00 8.040005830336589832e-02
1.266782122581050843e-02 1.296058559832316881e+00 1.356297217372754105e+00 7.958586942985076962e-02
1.241166777260648349e-02 1.293038830084164870e+00 1.349730755268335969e+00 7.877711524486817607e-02
1.215982632735491606e-02 1.290025286213199118e+00 1.343201093289886350e+00 7.797379793031411488e-02
1.191224496766656211e-02 1.287017959102209730e+00 1.336708621154929055e+00 7.717591906698151316e-02
1.166887192397072885e-02 1.284016879714927173e+00 1.330253720151369556e+00 7.638347964046521277e-02
1.142965559102716508e-02 1.281022079076135745e+00 1.323836762716026572e+00 7.559648004711319591e-02
1.119454453914477988e-02 1.278033588250392372e+00 1.317458112550384142e+00 7.481492010002008253e-02
1.096348752510883755e-02 1.275051438323550723e+00 1.311118124742626012e+00 7.403879903506281612e-02
1.073643350281830965e-02 1.272075660382870455e+00 1.304817145135221956e+00 7.326811551697746949e-02
1.051333163363382672e-02 1.269106285497470177e+00 1.298555510534585178e+00 7.250286764547257679e-02
1.029413129643913516e-02 1.266143344700132900e+00 1.292333548814290634e+00 7.174305296138133725e-02
1.007878209741654672e-02 1.263186868969071508e+00 1.286151578723296884e+00 7.098866845284726446e-02
9.867233879538790317e-03 1.260236889210074818e+00 1.280009909566401038e+00 7.023971056154341974e-02
9.659436731779318108e-03 1.257293436238218209e+00 1.273908841340810172e+00 6.949617518892431400e-02
9.455340998042478101e-03 1.254356540761420336e+00 1.267848664952277327e+00 6.875805770250668914e-02
9.254897285815981769e-03 1.251426233363772456e+00 1.261829661729151786e+00 6.802535294217877671e-02
9.058056474548159542e-03 1.248502544488482302e+00 1.255852103360237226e+00 6.729805522653740935e-02
8.864769723751417946e-03 1.245585504421943934e+00 1.249916252227143199e+00 6.657615835924830805e-02
8.674988480835322743e-03 1.242675143278646255e+00 1.244022361261938769e+00 6.585965563543177970e-02
8.488664488670879735e-03 1.239771490985683844e+00 1.238170673741342487e+00 6.514853984806903697e-02
8.305749792888835609e-03 1.236874577267903286e+00 1.232361423145162282e+00 6.444280329442859945e-02
8.126196748915006859e-03 1.233984431632857648e+00 1.226594833323662925e+00 6.374243778251270642e-02
7.949958028744565780e-03 1.231101083357347248e+00 1.220871118755688434e+00 6.304743463751941168e-02
7.776986627458541343e-03 1.228224561474005716e+00 1.215190484129669901e+00 6.235778470832066545e-02
7.607235869485372108e-03 1.225354894757373359e+00 1.209553124355797316e+00 6.167347837395492638e-02
7.440659414609957986e-03 1.222492111711350304e+00 1.203959224725443367e+00 6.099450555013114644e-02
7.277211263733748825e-03 1.219636240556558393e+00 1.198408960875445795e+00 6.032085569574485717e-02
7.116845764388353077e-03 1.216787309218473778e+00 1.192902498907251641e+00 5.965251781940286713e-02
6.959517616005910477e-03 1.213945345315910807e+00 1.187439995014406557e+00 5.898948048595575866e-02
6.805181874949606247e-03 1.211110376148783807e+00 1.182021595903848032e+00 5.833173182303782317e-02
6.653793959307011292e-03 1.208282428688614907e+00 1.176647438878255514e+00 5.767925952761101399e-02
6.505309653449709191e-03 1.205461529567234180e+00 1.171317651411292626e+00 5.703205087251250749e-02
6.359685112362656843e-03 1.202647705066729467e+00 1.166032351629778585e+00 5.639009271300525483e-02
6.216876865746043951e-03 1.199840981110271487e+00 1.160791648235230289e+00 5.575337149332784681e-02
6.076841821893623832e-03 1.197041383252482660e+00 1.155595640479437192e+00 5.512187325324505172e-02
5.939537271350350985e-03 1.194248936670841088e+00 1.150444418333725904e+00 5.449558363459534177e-02
5.804920890352930143e-03 1.191463666157169143e+00 1.145338062677891067e+00 5.387448788783485987e-02
5.672950744056934509e-03 1.188685596110197862e+00 1.140276645117453302e+00 5.325857087857753525e-02
5.543585289553519362e-03 1.185914750527097050e+00 1.135260228034129293e+00 5.264781709412803129e-02
5.416783378679485873e-03 1.183151152996763988e+00 1.130288865139516874e+00 5.204221065000739360e-02
5.292504260624314623e-03 1.180394826693506927e+00 1.125362601417955410e+00 5.144173529647067672e-02
5.170707584337280900e-03 1.177645794370671961e+00 1.120481473079662837e+00 5.084637442501323962e-02
5.051353400738724936e-03 1.174904078354692238e+00 1.115645507687375249e+00 5.025611107486693124e-02
4.934402164738620374e-03 1.172169700539563930e+00 1.110854724250582626e+00 4.967092793948297419e-02
4.819814737066133344e-03 1.169442682381623522e+00 1.106109133926920229e+00 4.909080737300076935e-02
4.707552385914029296e-03 1.166723044896464279e+00 1.101408739891003297e+00 4.851573139670280893e-02
4.597576788400991113e-03 1.164010808653720197e+00 1.096753537069946161e+00 4.794568170545179808e-02
4.489850031856050874e-03 1.161305993773636525e+00 1.092143512981150089e+00 4.738063967411188654e-02
4.384334614928240420e-03 1.158608619924591521e+00 1.087578647580805580e+00 4.682058636395020762e-02
4.280993448525304002e-03 1.155918706319561950e+00 1.083058913810734047e+00 4.626550252901887733e-02
4.179789856585191393e-03 1.153236271715507577e+00 1.078584277771095001e+00 4.571536862251682209e-02
4.080687576683658668e-03 1.150561334410589165e+00 1.074154698535586983e+00 4.517016480312895099e-02
3.983650760481714098e-03 1.147893912243311165e+00 1.069770129061932140e+00 4.462987094134215904e-02
3.888643974016671792e-03 1.145234022592515943e+00 1.065430516277630968e+00 4.409446662573815456e-02
3.795632197840028386e-03 1.142581682376962116e+00 1.061135801426703162e+00 4.356393116925989795e-02
3.704580827006152648e-03 1.139936908056465414e+00 1.056885920401121393e+00 4.303824361545294935e-02
3.615455670915030187e-03 1.137299715632544173e+00 1.052680804012996907e+00 4.251738274467885270e-02
3.528222953012733528e-03 1.134670120650439928e+00 1.048520378721409907e+00 4.200132708030029222e-02
3.442849310353329837e-03 1.132048138201856124e+00 1.044404566850201332e+00 4.149005489483793135e-02
3.359301793025403892e-03 1.129433782927641294e+00 1.040333287146167462e+00 4.098354421609607529e-02
3.277547863446943297e-03 1.126827069022090733e+00 1.036306455279181860e+00 4.048177283325758019e-02
3.197555395532106996e-03 1.124228010236999031e+00 1.032323984453776600e+00 3.998471830294735713e-02
3.119292673733069839e-03 1.121636619887601105e+00 1.028385786214565556e+00 3.949235795526186144e-02
3.042728391960753103e-03 1.119052910858736150e+00 1.024491770569770255e+00 3.900466889976604568e-02
2.967831652387511836e-03 1.116476895611040909e+00 1.020641847116464218e+00 3.852162803145469522e-02
2.894571964135369060e-03 1.113908586190024197e+00 1.016835925913306404e+00 3.804321203667856283e-02
2.822919241853184737e-03 1.111347994234426872e+00 1.013073917938606794e+00 3.756939739903466385e-02
2.752843804185942708e-03 1.108795130986336197e+00 1.009355736606251774e+00 3.710016040521888631e-02
2.684316372139536160e-03 1.106250007303341887e+00 1.005681298184961436e+00 3.663547715084065903e-02
2.617308067344482469e-03 1.103712633669485133e+00 1.002050522862126147e+00 3.617532354619985152e-02
2.551790410221467000e-03 1.101183020209938856e+00 9.984633367570037166e-01 3.571967532202292156e-02
2.487735318052327997e-03 1.098661176706897447e+00 9.949196724322713070e-01 3.526850803516026062e-02
2.425115102959359611e-03 1.096147112615192487e+00 9.914194706544617874e-01 3.482179707424187115e-02
2.363902469796183917e-03 1.093640837082361594e+00 9.879626823802855062e-01 3.437951766529152159e-02
2.304070513953410289e-03 1.091142358968939741e+00 9.845492697119994085e-01 3.394164487729940671e-02
2.245592719081960457e-03 1.088651686870463653e+00 9.811792085221432425e-01 3.350815362775126649e-02
2.188442954737195630e-03 1.086168829143980830e+00 9.778524908158141571e-01 3.307901868811403967e-02
2.132595473946940438e-03 1.083693793935480043e+00 9.745691267711187322e-01 3.265421468927817011e-02
2.078024910706133266e-03 1.081226589210922739e+00 9.713291475208468695e-01 3.223371612695419275e-02
2.024706277401281448e-03 1.078767222790024016e+00 9.681326084729540149e-01 3.181749736702496612e-02
1.972614962167419227e-03 1.076315702384922801e+00 9.649795930446214420e-01 3.140553265085165718e-02
1.921726726180442721e-03 1.073872035642523981e+00 9.618702160765885134e-01 3.099779610053304130e-02
1.872017700887770907e-03 1.071436230190809802e+00 9.588046286117271055e-01 3.059426172411887704e-02
1.823464385179867069e-03 1.069008293692182976e+00 9.557830228667729688e-01 3.019490342077506273e-02
1.776043642505469120e-03 1.066588233901095029e+00 9.528056382481291386e-01 2.979969498590102212e-02
1.729732697933257296e-03 1.064176058731225005e+00 9.498727680899314851e-01 2.940861011619945106e-02
1.684509135162398901e-03 1.061771776328551020e+00 9.469847665647247448e-01 2.902162241469624301e-02
1.640350893484796187e-03 1.059375395154235511e+00 9.441420583171183933e-01 2.863870539571225157e-02
1.597236264701393325e-03 1.056986924080044910e+00 9.413451483077451831e-01 2.825983248978480161e-02
1.555143889995102939e-03 1.054606372493816613e+00 9.385946332867888264e-01 2.788497704853908424e-02
1.514052756762907436e-03 1.052233750421305736e+00 9.358912161742132252e-01 2.751411234950991089e-02
1.473942195409390712e-03 1.049869068665010508e+00 9.332357219039633112e-01 2.714721160091207799e-02
1.434791876104131881e-03 1.047512338962657275e+00 9.306291162010374984e-01 2.678424794635955383e-02
1.396581805505389641e-03 1.045163574169577947e+00 9.280725280559755097e-01 2.642519446953408430e-02
1.359292323452140948e-03 1.042822788469466522e+00 9.255672764592922652e-01 2.607002419880101451e-02
1.322904099626937089e-03 1.040489997619068241e+00 9.231149023036316903e-01 2.571871011177404714e-02
1.287398130191599183e-03 1.038165219233437186e+00 9.207172062107840116e-01 2.537122513982719568e-02
1.252755734397947981e-03 1.035848473119072910e+00 9.183762943298592329e-01 2.502754217255409933e-02
1.218958551175743955e-03 1.033539781666531265e+00 9.160946345530143198e-01 2.468763406217517470e-02
1.185988535699761693e-03 1.031239170315684683e+00 9.138751249494475593e-01 2.435147362789120626e-02
1.153827955938084397e-03 1.028946668109477658e+00 9.117211771290169020e-01 2.401903366018379518e-02
1.122459389183607997e-03 1.026662308355859476e+00 9.096368204366901411e-01 2.369028692506285408e-02
1.091865718570580882e-03 1.024386129428042302e+00 9.076268326296761391e-01 2.336520616825989854e-02
1.062030129578158582e-03 1.022118175736365320e+00 9.056969028046957249e-01 2.304376411936815555e-02
1.032936106522731748e-03 1.019858498915848788e+00 9.038538399164069981e-01 2.272593349592852072e-02
1.004567429040827868e-03 1.017607159295202068e+00 9.021058407777173827e-01 2.241168700746139567e-02
9.769081685643702176e-04 1.015364227725169100e+00 9.004628361776717549e-01 2.210099735944478019e-02
9.499426847899425852e-04 1.013129787877598664e+00 8.989369464432152013e-01 2.179383725723791146e-02
9.236556221437100360e-04 1.010903939169996324e+00 8.975430876202517005e-01 2.149017940995037387e-02
8.980319062436910738e-04 1.008686800528447280e+00 8.962997880735378287e-01 2.118999653425751584e-02
8.730567403608081260e-04 1.006478515291785447e+00 8.952303066767199891e-01 2.089326135816053226e-02
8.487156018804002233e-04 1.004279257696756078e+00 8.943641921900193914e-01 2.059994662469298923e-02
8.249942387655436957e-04 1.002089241596174851e+00 8.937394982083575190e-01 2.031002509557218103e-02
8.018786660237001759e-04 9.999087323894073620e-01 8.934059986114595286e-01 2.002346955479619370e-02
7.793551621780870622e-04 9.977380636910199163e-01 8.934299766062792081e-01 1.974025281218666494e-02
7.574102657450889394e-04 9.955776611789717290e-01 8.939015615695824479e-01 1.946034770687678217e-02
7.360307717190487297e-04 9.934280776549342384e-01 8.949463495607985486e-01 1.918372711074478251e-02
7.152037280657481825e-04 9.912900462665673595e-01 8.967445513616935093e-01 1.891036393179343703e-02
6.949164322257320517e-04 9.891645644393903813e-01 8.995640701802631867e-01 1.864023111747453720e-02
6.751564276287732105e-04 9.870530324840918190e-01 9.038210579075338647e-01 1.837330165795975426e-02
6.559115002205455564e-04 9.849574959636941962e-01 9.101992240816463298e-01 1.810954858935674358e-02
6.371696750026700079e-04 9.828811015822715991e-01 9.199087052472587622e-01 1.784894499687124381e-02
6.189192125872267948e-04 9.808290420022297562e-01 9.353285181543427029e-01 1.759146401791543413e-02
6.011486057667264106e-04 9.788108004352530367e-01 9.619652059139414124e-01 1.733707884516198436e-02
5.838465761005804961e-04 9.768467377221980996e-01 1.017196596989358603e+00 1.708576272954445002e-02
5.670020705190483273e-04 9.749967808765599431e-01 1.079038585449155985e+00 1.683748898320424139e-02
5.506042579455394962e-04 9.732281884593158017e-01 1.127157790204649679e+00 1.659223098238358368e-02
