1.074642965213007811e-01 5.897620055398533623e+00 1.054280850978403272e+01 2.318019591389390843e-01
1.090848037316439478e-01 5.875358029055032461e+00 9.801497673946746758e+00 2.335431477603699124e-01
1.107140989559883271e-01 5.844274344930776799e+00 8.798088025516369370e+00 2.352807885867313209e-01
1.123518495068522999e-01 5.800304512286095893e+00 7.827097967240485232e+00 2.370146087342004937e-01
1.139977141404823341e-01 5.751323585180800890e+00 7.299753695472752213e+00 2.387443341112855943e-01
1.156513431246050383e-01 5.699994602078461980e+00 6.952782531461199511e+00 2.404696894876826585e-01
1.173123783132180298e-01 5.647547346237811183e+00 6.700015996285284103e+00 2.421903985640409540e-01
1.189804532284598204e-01 5.594645955959705930e+00 6.503318960917055414e+00 2.439061840426148542e-01
1.206551931495895152e-01 5.541684758211457229e+00 6.342929978031524030e+00 2.456167676987765502e-01
1.223362152091046900e-01 5.488912912940825173e+00 6.207518332236558578e+00 2.473218704533675927e-01
1.240231284960151975e-01 5.436494621470756350e+00 6.090103247356649874e+00 2.490212124458629217e-01
1.257155341662865022e-01 5.384541171070335253e+00 5.986143825759415726e+00 2.507145131083225453e-01
1.274130255604573048e-01 5.333129279308854720e+00 5.892556913292550824e+00 2.524014912401046917e-01
1.291151883284306634e-01 5.282312211197655927e+00 5.807174755587676707e+00 2.540818650833139292e-01
1.308216005614293853e-01 5.232126832429294438e+00 5.728428145382562064e+00 2.557553523989570254e-01
1.325318329311005738e-01 5.182598256114501645e+00 5.655152618932368647e+00 2.574216705437797348e-01
1.342454488357449072e-01 5.133743002074783846e+00 5.586465302435542846e+00 2.590805365477547029e-01
1.359620045536412969e-01 5.085571202946423064e+00 5.521684080613816548e+00 2.607316671921933171e-01
1.376810494034278742e-01 5.038088180311158126e+00 5.460273047206595010e+00 2.623747790884519149e-01
1.394021259114942568e-01 4.991295593207136783e+00 5.401804790377780385e+00 2.640095887572023736e-01
1.411247699863316940e-01 4.945192289532944763e+00 5.345933757365836314e+00 2.656358127082375509e-01
1.428485110997799457e-01 4.899774946749896998e+00 5.292377085466635656e+00 2.672531675207797663e-01
1.445728724751033645e-01 4.855038560410765314e+00 5.240900571750034764e+00 2.688613699242635158e-01
1.462973712818192995e-01 4.810976820991725411e+00 5.191308247632731465e+00 2.704601368795587213e-01
1.480215188371953039e-01 4.767582407541747891e+00 5.143434524892362525e+00 2.720491856606037651e-01
1.497448208143238868e-01 4.724847218561235351e+00 5.097138204421571395e+00 2.736282339364158878e-01
1.514667774566760550e-01 4.682762554955625767e+00 5.052297853792506288e+00 2.751969998534468664e-01
1.531868837990263132e-01 4.641319266002992272e+00 5.008808203166046802e+00 2.767552021182495547e-01
1.549046298946356037e-01 4.600507866498296572e+00 4.966577308010877267e+00 2.783025600804236444e-01
1.566195010485699202e-01 4.560318631237897158e+00 4.925524295349775983e+00 2.798387938158056198e-01
1.583309780570254788e-01 4.520741671542736206e+00 4.885577558588649616e+00 2.813636242098696560e-01
1.600385374525242488e-01 4.481766997442619527e+00 4.846673300485424996e+00 2.828767730413052628e-01
1.617416517548345700e-01 4.443384568334417750e+00 4.808754348583869742e+00 2.843779630657363167e-01
1.634397897274668943e-01 4.405584334320826301e+00 4.771769185473053732e+00 2.858669180995475623e-01
1.651324166395853887e-01 4.368356269967876848e+00 4.735671149805399160e+00 2.873433631037833891e-01
1.668189945331695623e-01 4.331690401867983375e+00 4.700417774286012929e+00 2.888070242680824684e-01
1.684989824952542736e-01 4.295576831117821293e+00 4.665970233829384917e+00 2.902576290946150550e-01
1.701718369350673776e-01 4.260005751602721880e+00 4.632292882984522464e+00 2.916949064819844839e-01
1.718370118658801848e-01 4.224967464811085094e+00 4.599352866283727082e+00 2.931185868090593893e-01
1.734939591913771950e-01 4.190452391768396900e+00 4.567119788539454994e+00 2.945284020186993978e-01
1.751421289963460970e-01 4.156451082574814215e+00 4.535565434315750544e+00 2.959240857013383796e-01
1.767809698414827546e-01 4.122954223939579776e+00 4.504663528181982457e+00 2.973053731783893983e-01
1.784099290620999867e-01 4.089952645042320256e+00 4.474389529269754640e+00 2.986720015854348320e-01
1.800284530705218156e-01 4.057437321993892176e+00 4.444720454039852164e+00 3.000237099551648634e-01
1.816359876619415836e-01 4.025399381118589304e+00 4.415634722939082657e+00 3.013602393000290869e-01
1.832319783235135946e-01 3.993830101250703368e+00 4.387112027453544449e+00 3.026813326945630989e-01
1.848158705464457152e-01 3.962720915202229577e+00 4.359133213984295985e+00 3.039867353573554309e-01
1.863871101408536290e-01 3.932063410532813386e+00 4.331680182245831290e+00 3.052761947326171899e-01
1.879451435531321601e-01 3.901849329735931349e+00 4.304735796222860067e+00 3.065494605713180443e-01
1.894894181855962811e-01 3.872070569935986306e+00 4.278283805591897249e+00 3.078062850118530869e-01
1.910193827181380088e-01 3.842719182174556991e+00 4.252308776084766428e+00 3.090464226602032682e-01
1.925344874316428923e-01 3.813787370353583395e+00 4.226796027854774707e+00 3.102696306695539863e-01
1.940341845329046910e-01 3.785267489895265403e+00 4.201731580647213526e+00 3.114756688193354717e-01
1.955179284807739559e-01 3.757152046165911585e+00 4.177102104597108401e+00 3.126642995936488312e-01
1.969851763132726696e-01 3.729433692704418934e+00 4.152894876281941983e+00 3.138352882590425552e-01
1.984353879754043315e-01 3.702105229294024191e+00 4.129097739241839982e+00 3.149884029416037956e-01
1.998680266473849831e-01 3.675159599904929575e+00 4.105699068055188583e+00 3.161234147033283315e-01
2.012825590730200342e-01 3.648589890532684787e+00 4.082687736091703989e+00 3.172400976177349730e-01
2.026784558879477227e-01 3.622389326958947997e+00 4.060053086299717506e+00 3.183382288446894304e-01
2.040551919474695164e-01 3.596551272449569847e+00 4.037784904272726294e+00 3.194175887044023998e-01
2.054122466536850156e-01 3.571069225406061420e+00 4.015873393796122848e+00 3.204779607505678363e-01
2.067491042816487767e-01 3.545936816986322793e+00 3.994309154423668851e+00 3.215191318426080525e-01
2.080652543042645630e-01 3.521147808704018889e+00 3.973083160809955938e+00 3.225408922169905046e-01
2.093601917156323600e-01 3.496696090018303948e+00 3.952186743705856653e+00 3.235430355575841799e-01
2.106334173525631903e-01 3.472575675921255378e+00 3.931611572251950903e+00 3.245253590650222231e-01
2.118844382139762339e-01 3.448780704529774255e+00 3.911349637617718589e+00 3.254876635250376626e-01
2.131127677778939244e-01 3.425305434689254636e+00 3.891393237694981799e+00 3.264297533757408165e-01
2.143179263157504177e-01 3.402144243591858519e+00 3.871734962785116085e+00 3.273514367738061814e-01
2.154994412037304352e-01 3.379291624415670547e+00 3.852367682391572679e+00 3.282525256595373309e-01
2.166568472308562365e-01 3.356742183988403738e+00 3.833284532559285029e+00 3.291328358207794014e-01
2.177896869035429450e-01 3.334490640475264556e+00 3.814478903831509893e+00 3.299921869556481924e-01
2.188975107463431991e-01 3.312531821095376916e+00 3.795944430331637420e+00 3.308304027340467912e-01
2.199798775986054056e-01 3.290860659871866822e+00 3.777674979156741220e+00 3.316473108579394147e-01
2.210363549067718703e-01 3.269472195410517479e+00 3.759664640064421359e+00 3.324427431203543781e-01
2.220665190120462706e-01 3.248361568712066383e+00 3.741907716086555258e+00 3.332165354630876042e-01
2.230699554331628531e-01 3.227524021019970490e+00 3.724398714304273383e+00 3.339685280330789152e-01
2.240462591439940365e-01 3.206954891700002808e+00 3.707132337041879833e+00 3.346985652374342424e-01
2.249950348457356863e-01 3.186649616156559173e+00 3.690103473703563175e+00 3.354064957970668837e-01
2.259158972334149029e-01 3.166603723784325197e+00 3.673307192411834787e+00 3.360921727989324426e-01
2.268084712564686634e-01 3.146812835950918430e+00 3.656738732375343304e+00 3.367554537468314679e-01
2.276723923731471810e-01 3.127272664019633108e+00 3.640393496665927930e+00 3.373962006107561473e-01
2.285073067985000095e-01 3.107979007404013228e+00 3.624267044680981709e+00 3.380142798747561850e-01
2.293128717457093291e-01 3.088927751655770493e+00 3.608355085378351923e+00 3.386095625833013267e-01
2.300887556605399620e-01 3.070114866589702007e+00 3.592653470477112698e+00 3.391819243861175504e-01
2.308346384486817393e-01 3.051536404438176753e+00 3.577158187986798854e+00 3.397312455814756049e-01
2.315502116957658674e-01 3.033188498043113857e+00 3.561865356013933948e+00 3.402574111579098615e-01
2.322351788798438788e-01 3.015067359077233000e+00 3.546771216325149911e+00 3.407603108343487119e-01
2.328892555761243321e-01 2.997169276297166007e+00 3.531872128683548162e+00 3.412398390986348118e-01
2.335121696537691138e-01 2.979490613831202506e+00 3.517164565090308948e+00 3.416958952444184017e-01
2.341036614645592706e-01 2.962027809494787611e+00 3.502645103884764133e+00 3.421283834064043905e-01
2.346634840232463548e-01 2.944777373136354015e+00 3.488310424568407786e+00 3.425372125939358248e-01
2.351914031794153648e-01 2.927735885015864792e+00 3.474157302418900528e+00 3.429222967228985341e-01
2.356871977806902219e-01 2.910899994208576480e+00 3.460182603243887822e+00 3.432835546459298559e-01
2.361506598271239654e-01 2.894266417040457284e+00 3.446383278532560546e+00 3.436209101809172273e-01
2.365815946166218153e-01 2.877831935550341669e+00 3.432756360341218560e+00 3.439342921377728790e-01
2.369798208812555484e-01 2.861593395978402565e+00 3.419298956694257541e+00 3.442236343434711965e-01
2.373451709143346300e-01 2.845547707284374894e+00 3.406008247019751689e+00 3.444888756653359807e-01
2.376774906881105875e-01 2.829691839689928212e+00 3.392881477484484432e+00 3.447299600325670621e-01
2.379766399619978046e-01 2.814022823247440463e+00 3.379915956749643069e+00 3.449468364559948874e-01
2.382424923812052064e-01 2.798537746435030726e+00 3.367109051655501784e+00 3.451394590460537537e-01
2.384749355656813063e-01 2.783233754774954161e+00 3.354458183195628607e+00 3.453077870289644191e-01
2.386738711892846809e-01 2.768108049479140575e+00 3.341960822531006681e+00 3.454517847611187631e-01
2.388392150491026877e-01 2.753157886116281095e+00 3.329614486910346116e+00 3.455714217416587242e-01
2.389708971248489244e-01 2.738380573303075050e+00 3.317416736184076953e+00 3.456666726232432985e-01
2.390688616282816981e-01 2.723773471421120806e+00 3.305365169197185260e+00 3.457375172209993797e-01
2.391330670425939053e-01 2.709333991354627713e+00 3.293457420073485853e+00 3.457839405196501681e-01
2.391634861517361876e-01 2.695059593250783703e+00 3.281691154867715010e+00 3.458059326788192611e-01
2.391601060596436346e-01 2.680947785302825181e+00 3.270064068508204524e+00 3.458034890365073166e-01
2.391229281993473010e-01 2.666996122556844817e+00 3.258573881590989707e+00 3.457766101107384582e-01
2.390519683319618782e-01 2.653202205737907882e+00 3.247218337272494981e+00 3.457253015993780876e-01
2.389472565355498512e-01 2.639563680099203058e+00 3.235995198479193924e+00 3.456495743781191621e-01
2.388088371838735791e-01 2.626078234291933544e+00 3.224902245065592865e+00 3.455494444966404344e-01
2.386367689150565574e-01 2.612743599256017291e+00 3.213937271268194174e+00 3.454249331729374317e-01
2.384311245901839238e-01 2.599557547132849145e+00 3.203098083248179240e+00 3.452760667858285615e-01
2.381919912418843099e-01 2.586517890198081204e+00 3.192382496550731918e+00 3.451028768656415613e-01
2.379194700129429185e-01 2.573622479814031472e+00 3.181788333882654030e+00 3.449054000830828470e-01
2.376136760850068030e-01 2.560869205403755178e+00 3.171313423102319451e+00 3.446836782362974194e-01
2.372747385974527945e-01 2.548255993445273759e+00 3.160955595079522507e+00 3.444377582361237145e-01
2.369028005564979555e-01 2.535780806484638994e+00 3.150712681766385970e+00 3.441676920895524461e-01
2.364980187346419349e-01 2.523441642169804489e+00 3.140582514594463248e+00 3.438735368813962134e-01
2.360605635605405039e-01 2.511236532305072711e+00 3.130562922762073264e+00 3.435553547541796982e-01
2.355906189994186606e-01 2.499163541923798970e+00 3.120651731675964324e+00 3.432132128862601661e-01
2.350883824241401521e-01 2.487220768381816161e+00 3.110846761584980413e+00 3.428471834681890429e-01
2.345540644770606475e-01 2.475406340469589850e+00 3.101145826270641503e+00 3.424573436773262203e-01
2.339878889227995640e-01 2.463718417544314310e+00 3.091546731955056249e+00 3.420437756507195837e-01
2.333900924920744857e-01 2.452155188681506726e+00 3.082047276285140747e+00 3.416065664562630277e-01
2.327609247167509443e-01 2.440714871845966361e+00 3.072645247342533192e+00 3.411458080621473377e-01
2.321006477562685966e-01 2.429395713081178965e+00 3.063338422820854223e+00 3.406615973046188683e-01
2.314095362156122770e-01 2.418195985718470276e+00 3.054124569470959560e+00 3.401540358540614539e-01
2.306878769550054220e-01 2.407113989605940141e+00 3.045001442459136953e+00 3.396232301794191444e-01
2.299359688915101341e-01 2.396148050355044301e+00 3.035966784868974866e+00 3.390692915109757566e-01
2.291541227927260949e-01 2.385296518607176619e+00 3.027018327339919157e+00 3.384923358015112238e-01
2.283426610627871944e-01 2.374557769318005995e+00 3.018153787992550185e+00 3.378924836858517855e-01
2.275019175208632116e-01 2.363930201063436431e+00 3.009370872223401161e+00 3.372698604388355559e-01
2.266322371723780149e-01 2.353412235360839322e+00 3.000667272436133182e+00 3.366245959317129555e-01
2.257339759731647744e-01 2.343002316010261765e+00 2.992040668454366781e+00 3.359568245870031000e-01
2.248075005867836706e-01 2.332698908456308118e+00 2.983488727566864007e+00 3.352666853318292950e-01
2.238531881352330000e-01 2.322500499165325305e+00 2.975009104668208781e+00 3.345543215497544520e-01
2.228714259432916234e-01 2.312405595023188987e+00 2.966599442780340379e+00 3.338198810311420184e-01
2.218626112767342617e-01 2.302412722750923013e+00 2.958257373422469971e+00 3.330635159220642350e-01
2.208271510746682431e-01 2.292520428338447491e+00 2.949980517183427242e+00 3.322853826717843129e-01
2.197654616762428348e-01 2.282727276497084734e+00 2.941766484282104077e+00 3.314856419788365649e-01
2.186779685419888708e-01 2.273031850129065834e+00 2.933612875240865225e+00 3.306644587357317477e-01
2.175651059700481615e-01 2.263432749815913247e+00 2.925517281766258915e+00 3.298220019723124286e-01
2.164273168075589171e-01 2.253928593324803220e+00 2.917477287564520072e+00 3.289584447977881854e-01
2.152650521574632492e-01 2.244518015132234368e+00 2.909490469168615423e+00 3.280739643414753437e-01
2.140787710810100608e-01 2.235199665964887394e+00 2.901554396926499191e+00 3.271687416922726688e-01
2.128689402962261890e-01 2.225972212358408253e+00 2.893666636160395100e+00 3.262429618369001583e-01
2.116360338726320234e-01 2.216834336234064118e+00 2.885824748197167278e+00 3.252968135969303010e-01
2.103805329224820442e-01 2.207784734491251122e+00 2.878026291481676768e+00 3.243304895646430541e-01
2.091029252888091661e-01 2.198822118617822952e+00 2.870268822860342794e+00 3.233441860377337385e-01
2.078037052305563293e-01 2.189945214316985300e+00 2.862549898749638277e+00 3.223381029529058805e-01
2.064833731050783328e-01 2.181152761150139341e+00 2.854867076465785303e+00 3.213124438183793119e-01
2.051424350482984604e-01 2.172443512196991833e+00 2.847217915678724509e+00 3.202674156453466647e-01
2.037814026528042277e-01 2.163816233731937544e+00 2.839599979641388661e+00 3.192032288784092398e-01
2.024007926441680205e-01 2.155269704914868356e+00 2.832010836551152710e+00 3.181200973250259967e-01
2.010011265557777871e-01 2.146802717498757840e+00 2.824448061152029066e+00 3.170182380840081970e-01
1.995829304024618056e-01 2.138414075553093596e+00 2.816909236155239693e+00 3.158978714730931725e-01
1.981467343531921887e-01 2.130102595201691873e+00 2.809391953578554979e+00 3.147592209556315801e-01
1.966930724031490108e-01 2.121867104374917101e+00 2.801893816350826683e+00 3.136025130664206184e-01
1.952224820454283860e-01 2.113706442578016542e+00 2.794412439937763892e+00 3.124279773367202862e-01
1.937355039426720549e-01 2.105619460673324284e+00 2.786945453674305018e+00 3.112358462184843244e-01
1.922326815988986692e-01 2.097605020675248344e+00 2.779490502342320202e+00 3.100263550078433683e-01
1.907145610318114193e-01 2.089661995560734731e+00 2.772045247759894693e+00 3.087997417678740586e-01
1.891816904458541171e-01 2.081789269091915084e+00 2.764607370298245659e+00 3.075562472506891964e-01
1.876346199062892683e-01 2.073985735652971840e+00 2.757174570495225741e+00 3.062961148188866889e-01
1.860739010145607830e-01 2.066250300099405024e+00 2.749744570397987253e+00 3.050195903663900365e-01
1.845000865852095551e-01 2.058581877618489209e+00 2.742315115198709741e+00 3.037269222387188883e-01
1.829137303245986224e-01 2.050979393604180245e+00 2.734883974856713529e+00 3.024183611527238580e-01
1.813153865117068386e-01 2.043441783542441659e+00 2.727448945388266655e+00 3.010941601158239056e-01
1.797056096812404413e-01 2.035967992907517843e+00 2.720007850450437026e+00 2.997545743447799782e-01
1.780849543093120657e-01 2.028556977070681722e+00 2.712558542859150545e+00 2.983998611840428250e-01
1.764539745019295114e-01 2.021207701218758590e+00 2.705098905878863480e+00 2.970302800237120122e-01
1.748132236865318490e-01 2.013919140282578457e+00 2.697626854829379806e+00 2.956460922171404437e-01
1.731632543068066798e-01 2.006690278877473421e+00 2.690140338414768628e+00 2.942475609982236340e-01
1.715046175210144241e-01 1.999520111250682630e+00 2.682637339890460826e+00 2.928349513984067065e-01
1.698378629040439292e-01 1.992407641238939542e+00 2.675115878697914784e+00 2.914085301634493641e-01
1.681635381534132279e-01 1.985351882236526144e+00 2.667574011636404840e+00 2.899685656699819147e-01
1.664821887994272775e-01 1.978351857168933137e+00 2.660009834137502249e+00 2.885153278418906564e-01
1.647943579196969599e-01 1.971406598477461802e+00 2.652421481505304879e+00 2.870490880665683142e-01
1.631005858582153245e-01 1.964515148108597620e+00 2.644807130008970386e+00 2.855701191110646686e-01
1.614014099491852816e-01 1.957676557512654458e+00 2.637164998299831087e+00 2.840786950381753440e-01
1.596973642457807374e-01 1.950889887649484233e+00 2.629493348298475475e+00 2.825750911225021200e-01
1.579889792540215832e-01 1.944154208998446043e+00 2.621790486346742721e+00 2.810595837665223473e-01
1.562767816719320690e-01 1.937468601577340355e+00 2.614054764321113389e+00 2.795324504167021051e-01
1.545612941341482083e-01 1.930832154964781777e+00 2.606284580476800450e+00 2.779939694796887406e-01
1.528430349621296425e-01 1.924243968328872789e+00 2.598478380643044261e+00 2.764444202386165395e-01
1.511225179201270419e-01 1.917703150461885553e+00 2.590634658873395946e+00 2.748840827695622213e-01
1.494002519770477599e-01 1.911208819816200277e+00 2.582751958291986671e+00 2.733132378581832889e-01
1.476767410743539399e-01 1.904760104547617239e+00 2.574828872334890217e+00 2.717321669165742581e-01
1.459524839001221930e-01 1.898356142562815041e+00 2.566864045119950255e+00 2.701411519003742989e-01
1.442279736693831971e-01 1.891996081566454935e+00 2.558856172119374328e+00 2.685404752261595362e-01
1.425036979108565416e-01 1.885679079114747081e+00 2.550804001183100578e+00 2.669304196891547076e-01
1.407801382601830964e-01 1.879404302671182858e+00 2.542706332950447567e+00 2.653112683812949846e-01
1.390577702597546039e-01 1.873170929663291018e+00 2.534562021435948331e+00 2.636833046096724309e-01
1.373370631652298113e-01 1.866978147542746047e+00 2.526369974648070116e+00 2.620468118153985726e-01
1.356184797588175783e-01 1.860825153846437763e+00 2.518129154985123908e+00 2.604020734929136105e-01
1.339024761694050658e-01 1.854711156258778804e+00 2.509838579788326918e+00 2.587493731097769145e-01
1.321895016995934813e-01 1.848635372675996758e+00 2.501497321672859542e+00 2.570889940269647789e-01
1.304799986597049433e-01 1.842597031269550323e+00 2.493104508872184155e+00 2.554212194197116315e-01
1.287744022088087581e-01 1.836595370551419970e+00 2.484659325563928434e+00 2.537463321989194553e-01
1.270731402028135726e-01 1.830629639438112077e+00 2.476161012032201736e+00 2.520646149331690622e-01
1.253766330496605130e-01 1.824699097315000351e+00 2.467608865051178046e+00 2.503763497713596964e-01
1.236852935716465929e-01 1.818803014100954796e+00 2.459002237975315808e+00 2.486818183660061965e-01
1.219995268749015926e-01 1.812940670310708491e+00 2.450340540782771193e+00 2.469813017972226910e-01
1.203197302260309437e-01 1.807111357116981232e+00 2.441623240204596090e+00 2.452750804974191956e-01
1.186462929359333035e-01 1.801314376410848572e+00 2.432849859767137968e+00 2.435634341767389521e-01
1.169795962507912818e-01 1.795549040861007306e+00 2.424019979785201784e+00 2.418466417492615150e-01
1.153200132502307101e-01 1.789814673970741010e+00 2.415133237241137376e+00 2.401249812600000089e-01
1.136679087526317744e-01 1.784110610132743080e+00 2.406189325824772851e+00 2.383987298127150101e-01
1.120236392275733989e-01 1.778436194682797566e+00 2.397187995664423532e+00 2.366681634985717819e-01
1.103875527153826003e-01 1.772790783948737792e+00 2.388129053015509484e+00 2.349335573256645382e-01
1.087599887537540888e-01 1.767173745297888177e+00 2.379012360434254347e+00 2.331951851494302175e-01
1.071412783114013140e-01 1.761584457183489327e+00 2.369837836251991625e+00 2.314533196039768592e-01
1.055317437286899807e-01 1.756022309183991492e+00 2.360605454169228956e+00 2.297082320343460937e-01
1.039316986652029234e-01 1.750486702042320264e+00 2.351315243214758155e+00 2.279601924297342264e-01
1.023414480541762761e-01 1.744977047700740025e+00 2.341967287157227684e+00 2.262094693576909843e-01
1.007612880637423769e-01 1.739492769331413946e+00 2.332561724140379322e+00 2.244563298993173528e-01
9.919150606490884092e-02 1.734033301364301449e+00 2.323098746308156937e+00 2.227010395854819857e-01
9.763238060619706948e-02 1.728598089510635649e+00 2.313578599269519476e+00 2.209438623340746477e-01
9.608418139486003817e-02 1.723186590782531669e+00 2.304001581536826659e+00 2.191850603883166437e-01
9.454716928459146186e-02 1.717798273507987750e+00 2.294368044078198388e+00 2.174248942561447517e-01
9.302159626963538153e-02 1.712432617342926733e+00 2.284678389751972016e+00 2.156636226506864762e-01
9.150770548519850112e-02 1.707089113277742154e+00 2.274933072590488159e+00 2.139015024318418612e-01
9.000573121406632571e-02 1.701767263639829553e+00 2.265132597258681546e+00 2.121387885489901814e-01
8.851589889931467392e-02 1.696466582091997743e+00 2.255277518351778809e+00 2.103757339848332797e-01
8.703842516300881738e-02 1.691186593625720880e+00 2.245368439701227903e+00 2.086125897003927310e-01
8.557351783077586649e-02 1.685926834550436570e+00 2.235406013703864492e+00 2.068496045811737405e-01
8.412137596213083157e-02 1.680686852477934368e+00 2.225390940543802820e+00 2.050870253845069879e-01
8.268218988643788459e-02 1.675466206302109073e+00 2.215323967398095562e+00 2.033250966880845723e-01
8.125614124437849362e-02 1.670264466173800644e+00 2.205205887670458331e+00 2.015640608396974398e-01
7.984340303480068346e-02 1.665081213471339083e+00 2.195037540244063834e+00 1.998041579081885344e-01
7.844413966681652861e-02 1.659916040766434620e+00 2.184819808522831863e+00 1.980456256356303846e-01
7.705850701701427719e-02 1.654768551784378205e+00 2.174553619621622413e+00 1.962886993907370647e-01
7.568665249164763242e-02 1.649638361360838523e+00 2.164239943581536263e+00 1.945336121235191895e-01
7.432871509366277551e-02 1.644525095393283953e+00 2.153879792305853691e+00 1.927805943211904072e-01
7.298482549442199263e-02 1.639428390787173839e+00 2.143474218721649116e+00 1.910298739653329692e-01
7.165510610997902208e-02 1.634347895398583272e+00 2.133024315962706030e+00 1.892816764903288429e-01
7.033967118176162603e-02 1.629283267971904925e+00 2.122531216255112874e+00 1.875362247430634732e-01
6.903862686151202022e-02 1.624234178072058610e+00 2.111996089926198472e+00 1.857937389439052456e-01
6.775207130033872316e-02 1.619200306012892110e+00 2.101420144624045694e+00 1.840544366489690609e-01
6.648009474172715538e-02 1.614181342781743966e+00 2.090804624194035011e+00 1.823185327136645772e-01
6.522277961835924731e-02 1.609176989957983750e+00 2.080150807644871147e+00 1.805862392575348641e-01
6.398020065258945566e-02 1.604186959628598030e+00 2.069460008194392575e+00 1.788577656303877994e-01
6.275242496042304774e-02 1.599210974298496124e+00 2.058733572127273259e+00 1.771333183797207667e-01
6.153951215884505971e-02 1.594248766796812156e+00 2.047972877992239038e+00 1.754131012194429240e-01
6.034151447634395621e-02 1.589300080180475083e+00 2.037179335355187249e+00 1.736973149998927712e-01
5.915847686647737746e-02 1.584364667630940193e+00 2.026354383650274205e+00 1.719861576791536228e-01
5.799043712432507686e-02 1.579442292349164223e+00 2.015499491350054573e+00 1.702798242956649888e-01
5.683742600567541492e-02 1.574532727446101621e+00 2.004616154770801462e+00 1.685785069421298077e-01
5.569946734879139411e-02 1.569635755829221324e+00 1.993705896991275095e+00 1.668823947407146180e-01
5.457657819860323167e-02 1.564751170085566745e+00 1.982770266713395069e+00 1.651916738195409740e-01
5.346876893317535628e-02 1.559878772360700383e+00 1.971810837245170145e+00 1.635065272904653033e-01
5.237604339229571387e-02 1.555018374235264345e+00 1.960829205369637451e+00 1.618271352281435427e-01
5.129839900803687125e-02 1.550169796596902350e+00 1.949826990184170938e+00 1.601536746503758324e-01
5.023582693713891240e-02 1.545332869509880247e+00 1.938805832062358014e+00 1.584863194997267188e-01
4.918831219506673846e-02 1.540507432081119621e+00 1.927767391551952203e+00 1.568252406264162846e-01
4.815583379159369543e-02 1.535693332323766036e+00 1.916713348238498815e+00 1.551706057724749899e-01
4.713836486776699919e-02 1.530890427017199462e+00 1.905645399450734523e+00 1.535225795571566743e-01
4.613587283411117734e-02 1.526098581563844592e+00 1.894565259376770339e+00 1.518813234636029463e-01
4.514831950992666265e-02 1.521317669845321463e+00 1.883474657987343370e+00 1.502469958267496630e-01
4.417566126354516287e-02 1.516547574074369464e+00 1.872375339609712697e+00 1.486197518224700309e-01
4.321784915340205757e-02 1.511788184644190514e+00 1.861269061982344208e+00 1.469997434579429219e-01
4.227482906979148497e-02 1.507039399976886296e+00 1.850157595258084209e+00 1.453871195632396585e-01
4.134654187716952506e-02 1.502301126369198547e+00 1.839042720688077281e+00 1.437820257841179727e-01
4.043292355687499312e-02 1.497573277835608785e+00 1.827926229483447740e+00 1.421846045760141175e-01
3.953390535013831530e-02 1.492855775950137076e+00 1.816809921919501969e+00 1.405949951992216396e-01
3.864941390125268411e-02 1.488148549687225763e+00 1.805695606033359546e+00 1.390133337152459625e-01
3.777937140078400924e-02 1.483451535259048271e+00 1.794585096466841945e+00 1.374397529843240373e-01
3.692369572869842048e-02 1.478764675953097019e+00 1.783480213605663112e+00 1.358743826640960717e-01
3.608230059728930600e-02 1.474087921968199488e+00 1.772382782212816421e+00 1.343173492094176802e-01
3.525509569378836722e-02 1.469421230247989874e+00 1.761294630418174689e+00 1.327687758732985501e-01
3.444198682254890481e-02 1.464764564315241602e+00 1.750217588771910693e+00 1.312287827089562431e-01
3.364287604669100734e-02 1.460117894104212555e+00 1.739153488877881903e+00 1.296974865729691173e-01
3.285766182910321298e-02 1.455481195791609395e+00 1.728104162429303203e+00 1.281750011295166858e-01
3.208623917269676912e-02 1.450854451628209141e+00 1.717071440258448156e+00 1.266614368556917281e-01
3.132849975981207707e-02 1.446237649769350764e+00 1.706057151115798698e+00 1.251569010478688626e-01
3.058433209068118011e-02 1.441630784104738217e+00 1.695063120591015382e+00 1.236614978291165207e-01
2.985362162085139839e-02 1.437033854088172857e+00 1.684091170031576601e+00 1.221753281576345856e-01
2.913625089748019328e-02 1.432446864566794931e+00 1.673143115645190138e+00 1.206984898362034042e-01
2.843209969441391413e-02 1.427869825611516097e+00 1.662220767401493493e+00 1.192310775226281261e-01
2.774104514596557186e-02 1.423302752345979583e+00 1.651325927809592420e+00 1.177731827411604981e-01
2.706296187931194613e-02 1.418745664776252635e+00 1.640460391027340536e+00 1.163248938948837907e-01
2.639772214543163742e-02 1.414198587621110725e+00 1.629625941925388011e+00 1.148862962790419967e-01
2.574519594851009535e-02 1.409661550142963682e+00 1.618824354961588385e+00 1.134574720952967741e-01
2.510525117374099932e-02 1.405134585978490502e+00 1.608057393070617680e+00 1.120385004668952994e-01
2.447775371345612891e-02 1.400617732970211193e+00 1.597326806897988893e+00 1.106294574547306703e-01
2.386256759151919940e-02 1.396111032999828971e+00 1.586634333692489074e+00 1.092304160742766789e-01
2.325955508592347093e-02 1.391614531820766665e+00 1.575981696299178836e+00 1.078414463133805373e-01
2.266857684953420965e-02 1.387128278893223321e+00 1.565370602294238855e+00 1.064626151508927809e-01
2.208949202892264430e-02 1.382652327219317634e+00 1.554802742875153410e+00 1.050939865761182507e-01
2.152215838123965053e-02 1.378186733179597390e+00 1.544279792058188105e+00 1.037356216090684347e-01
2.096643238908084406e-02 1.373731556371422080e+00 1.533803405737014902e+00 1.023875783214957258e-01
2.042216937329911081e-02 1.369286859448082705e+00 1.523375220706337130e+00 1.010499118586926648e-01
1.988922360372185824e-02 1.364852707959747224e+00 1.512996853734536185e+00 9.972267446203460228e-02
1.936744840773527848e-02 1.360429170195528004e+00 1.502669900691577576e+00 9.840591549224893264e-02
1.885669627669969012e-02 1.356016317027780138e+00 1.492395935779693206e+00 9.709968145339017975e-02
1.835681897016347083e-02 1.351614221758135725e+00 1.482176510552673632e+00 9.580401601750176965e-02
1.786766761784637156e-02 1.347222959964779587e+00 1.472013152992633023e+00 9.451896004994546352e-02
1.738909281936573681e-02 1.342842609351866168e+00 1.461907366794271024e+00 9.324455163537903601e-02
1.692094474168155324e-02 1.338473249601312531e+00 1.451860630595660950e+00 9.198082610436142392e-02
1.646307321424024181e-02 1.334114962226518042e+00 1.441874397012258502e+00 9.072781606056723458e-02
1.601532782179893727e-02 1.329767830427536657e+00 1.431950091953287707e+00 8.948555140859036638e-02
1.557755799491475010e-02 1.325431938949671817e+00 1.422089113859899223e+00 8.825405938231609126e-02
1.514961309808734308e-02 1.321107373943154029e+00 1.412292832759763250e+00 8.703336457384415470e-02
1.473134251554381914e-02 1.316794222825399041e+00 1.402562589843402208e+00 8.582348896294014762e-02
1.432259573465973282e-02 1.312492574146953306e+00 1.392899696604755544e+00 8.462445194699855233e-02
1.392322242701069489e-02 1.308202517457866421e+00 1.383305434007202184e+00 8.343627037149579928e-02
1.353307252705221800e-02 1.303924143177942252e+00 1.373781052041094908e+00 8.225895856091365588e-02
1.315199630842849542e-02 1.299657542469303761e+00 1.364327768904147975e+00 8.109252835011526717e-02
1.277984445791146249e-02 1.295402807111007082e+00 1.354946770411605383e+00 7.993698911615154667e-02
1.241646814697554453e-02 1.291160029377081964e+00 1.345639209565376859e+00 7.879234781048076453e-02
1.206171910101457370e-02 1.286929301917337787e+00 1.336406205713498219e+00 7.765860899158114061e-02
1.171544966620932660e-02 1.282710717639622633e+00 1.327248843951069901e+00 7.653577485793597313e-02
1.137751287405733627e-02 1.278504369595995227e+00 1.318168174990299812e+00 7.542384528137416333e-02
1.104776250357732831e-02 1.274310350872465802e+00 1.309165214349041984e+00 7.432281784074568076e-02
1.072605314120307976e-02 1.270128754479389999e+00 1.300240941767149661e+00 7.323268785591267871e-02
1.041224023838352962e-02 1.265959673246493944e+00 1.291396301135722346e+00 7.215344842203846865e-02
1.010618016690739175e-02 1.261803199720801016e+00 1.282632199830223696e+00 7.108509044415499412e-02
9.807730271972077418e-03 1.257659426066360719e+00 1.273949508248533258e+00 7.002760267198955557e-02
9.516748923019081527e-03 1.253528443967769190e+00 1.265349059713531510e+00 6.898097173503386914e-02
9.233095562358439520e-03 1.249410344537017270e+00 1.256831650069302420e+00 6.794518217783523939e-02
8.956630751607382382e-03 1.245305218222626298e+00 1.248398037294307983e+00 6.692021649549327600e-02
8.687216215969082236e-03 1.241213154722097256e+00 1.240048941370942348e+00 6.590605516934343322e-02
8.424714886378718501e-03 1.237134242897654168e+00 1.231785044073923530e+00 6.490267670280909507e-02
8.168990939545898652e-03 1.233068570694803245e+00 1.223606988835809650e+00 6.391005765740592759e-02
7.919909835922826769e-03 1.229016225064382795e+00 1.215515380577317561e+00 6.292817268887929139e-02
7.677338355629594914e-03 1.224977291887116682e+00 1.207510785623295613e+00 6.195699458345924060e-02
7.441144632368368837e-03 1.220951855901890815e+00 1.199593731731471991e+00 6.099649429421484526e-02
7.211198185359458078e-03 1.216940000636836716e+00 1.191764708112464488e+00 6.004664097749123214e-02
6.987369949333345660e-03 1.212941808343927175e+00 1.184024165617645785e+00 5.910740202941314192e-02
6.769532302613395260e-03 1.208957359936902565e+00 1.176372516609699881e+00 5.817874312243860591e-02
6.557559093324625936e-03 1.204986734931167369e+00 1.168810135309335863e+00 5.726062824194572826e-02
6.351325663765085977e-03 1.201030011388864116e+00 1.161337358104692852e+00 5.635301972283777300e-02
6.150708872976675713e-03 1.197087265865506067e+00 1.153954483684016541e+00 5.545587828615049231e-02
5.955587117552796524e-03 1.193158573360858066e+00 1.146661773581597821e+00 5.456916307564555618e-02
5.765840350721250160e-03 1.189244007272870274e+00 1.139459452578936549e+00 5.369283169437634451e-02
5.581350099740545363e-03 1.185343639355013190e+00 1.132347709191806828e+00 5.282684024120951061e-02
5.401999481648953570e-03 1.181457539676791013e+00 1.125326696101613733e+00 5.197114334728914625e-02
5.227673217405448200e-03 1.177585776587196209e+00 1.118396531134101757e+00 5.112569421242829648e-02
5.058257644462151210e-03 1.173728416683316622e+00 1.111557297904169239e+00 5.029044464141349535e-02
4.893640727808424955e-03 1.169885524780237773e+00 1.104809046527515326e+00 4.946534508020956206e-02
4.733712069526431650e-03 1.166057163886143444e+00 1.098151794823520655e+00 4.865034465204964853e-02
4.578362916898632423e-03 1.162243395180384109e+00 1.091585529187639736e+00 4.784539119339830532e-02
4.427486169107540045e-03 1.158444277995147154e+00 1.085110205867049649e+00 4.705043128977427075e-02
4.280976382568029044e-03 1.154659869801415661e+00 1.078725752270696558e+00 4.626541031141963994e-02
4.138729774932799199e-03 1.150890226198357791e+00 1.072432068289979057e+00 4.549027244880381876e-02
4.000644227811296118e-03 1.147135400906755809e+00 1.066229028142609891e+00 4.472496074794977267e-02
3.866619288242324499e-03 1.143395445767599217e+00 1.060116482173737884e+00 4.396941714557019848e-02
3.736556168960643038e-03 1.139670410744199058e+00 1.054094258353248437e+00 4.322358250400262086e-02
3.610357747497574491e-03 1.135960343927988392e+00 1.048162164812167063e+00 4.248739664593239457e-02
3.487928564155224655e-03 1.132265291551537878e+00 1.042319992507356075e+00 4.176079838889113632e-02
3.369174818894217580e-03 1.128585298005334137e+00 1.036567517440747155e+00 4.104372557952200296e-02
3.254004367173901104e-03 1.124920405859720640e+00 1.030904503645468262e+00 4.033611512759936735e-02
3.142326714784256063e-03 1.121270655893171986e+00 1.025330706796020452e+00 3.963790303979421864e-02
3.034053011708037415e-03 1.117636087127682698e+00 1.019845877856675020e+00 3.894902445317493384e-02
2.929096045051358434e-03 1.114016736870185431e+00 1.014449766965919819e+00 3.826941366843342879e-02
2.827370231080735766e-03 1.110412640761558434e+00 1.009142128353578860e+00 3.759900418282867418e-02
2.728791606403833774e-03 1.106823832835067911e+00 1.003922725649295300e+00 3.693772872283726527e-02
2.633277818331015204e-03 1.103250345583331793e+00 9.987913376204131666e-01 3.628551927650350978e-02
2.540748114454120018e-03 1.099692210035798645e+00 9.937477651634929465e-01 3.564230712548024926e-02
2.451123331478400214e-03 1.096149455848814291e+00 9.887918391047245681e-01 3.500802287675212204e-02
2.364325883343149949e-03 1.092622111408538821e+00 9.839234289060133642e-01 3.438259649403423157e-02
2.280279748665856379e-03 1.089110203949110289e+00 9.791424531989296742e-01 3.376595732883828915e-02
2.198910457544154574e-03 1.085613759689590507e+00 9.744488917930694827e-01 3.315803415119897291e-02
2.120145077749418811e-03 1.082132803990672798e+00 9.698427993044108630e-01 3.255875518005425101e-02
2.043912200345022415e-03 1.078667361535136537e+00 9.653243217098742557e-01 3.196804811327259160e-02
1.970141924761778778e-03 1.075217456537606697e+00 9.608937158053428851e-01 3.138584015732077265e-02
1.898765843362514982e-03 1.071783112987312325e+00 9.565513718290505896e-01 3.081205805656703559e-02
1.829717025526862544e-03 1.068364354930159799e+00 9.522978408917383009e-01 3.024662812221275143e-02
1.762930001286936062e-03 1.064961206799464710e+00 9.481338679076586340e-01 2.968947626084818617e-02
1.698340744543782969e-03 1.061573693803798291e+00 9.440604313928987468e-01 2.914052800262705370e-02
1.635886655893714582e-03 1.058201842385806390e+00 9.400787919749548083e-01 2.859970852905422897e-02
1.575506545093215529e-03 1.054845680766536953e+00 9.361905517681085032e-01 2.806694270038345013e-02
1.517140613190107352e-03 1.051505239596229657e+00 9.323977285054250164e-01 2.754215508261932677e-02
1.460730434348217260e-03 1.048180552739139459e+00 9.287028475488222634e-01 2.702526997412067755e-02
1.406218937391930882e-03 1.044871658223462951e+00 9.251090574913330977e-01 2.651621143180083948e-02
1.353550387096395758e-03 1.041578599403017336e+00 9.216202780413387252e-01 2.601490329692189921e-02
1.302670365248350141e-03 1.038301426390839666e+00 9.182413896828841571e-01 2.552126922047912375e-02
1.253525751501986200e-03 1.035040197842879151e+00 9.149784796991280444e-01 2.503523268817354347e-02
1.206064704053295446e-03 1.031794983200815086e+00 9.118391659518803039e-01 2.455671704496852417e-02
1.160236640155969719e-03 1.028565865544081470e+00 9.088330279360328223e-01 2.408564551922959956e-02
1.115992216500919301e-03 1.025352945259518034e+00 9.059721896971342225e-01 2.362194124644415374e-02
1.073283309480924574e-03 1.022156344829498131e+00 9.032721196057912350e-01 2.316552729251942361e-02
1.032062995361242037e-03 1.018976215167398891e+00 9.007527473754257663e-01 2.271632667665749589e-02
9.922855303761304695e-04 1.015812744143341995e+00 8.984400561859050560e-01 2.227426239380476611e-02
9.539063307708198301e-04 1.012666168269309219e+00 8.963684007550053456e-01 2.183925743667604336e-02
9.168819528075122837e-04 1.009536789049431560e+00 8.945839702609245103e-01 2.141123481735129203e-02
8.811700727534616971e-04 1.006424996413633366e+00 8.931501125294682986e-01 2.099011758844458730e-02
8.467294668684701570e-04 1.003331303234443084e+00 8.921557993593411950e-01 2.057582886384495130e-02
8.135199914084251509e-04 1.000256397833125588e+00 8.917296333211340853e-01 2.016829183902822675e-02
7.815025626609170984e-04 9.972012269614974889e-01 8.920641556836199637e-01 1.976742981094048446e-02
7.506391370282522370e-04 9.941671331561262592e-01 8.934605766384267067e-01 1.937316619745275623e-02
7.208926911725537564e-04 9.911560954902403076e-01 8.964174122180351700e-01 1.898542455638737789e-02
6.922272022370267244e-04 9.881711835496237439e-01 9.018240775233727913e-01 1.860412860411670560e-02
6.646076281568035924e-04 9.852175007192250922e-01 9.114450483762679411e-01 1.822920223373479878e-02
6.379998880721597437e-04 9.823044311477965307e-01 9.294095020217441050e-01 1.786056953280269408e-02
6.123708428563566421e-04 9.794522522585850099e-01 9.689368353213579921e-01 1.749815480066907805e-02
5.876882757696644298e-04 9.767210198811899780e-01 1.013652828144700146e+00 1.714188256536697263e-02
5.639208732506096082e-04 9.740758717151241086e-01 1.048100663445814762e+00 1.679167760008823049e-02
