3.817135453987002824e-02 1.323621779074744076e+01 1.396735127470548399e+01 1.381509220741396760e-01
3.915618911491181714e-02 1.296864171449500347e+01 1.355985679819434608e+01 1.399217444054207948e-01
4.015914196165421696e-02 1.270816731832944591e+01 1.310838928663776137e+01 1.417024028759819865e-01
4.118030839923538661e-02 1.245320163839478411e+01 1.268056488117893110e+01 1.434926973738304690e-01
4.221977613533463985e-02 1.220536328615946253e+01 1.235164343162460732e+01 1.452924226092583149e-01
4.327762500815580254e-02 1.196494597061712462e+01 1.206423119608156291e+01 1.471013681244260352e-01
4.435392672910589557e-02 1.173189570959549499e+01 1.180093321820608665e+01 1.489193183054265401e-01
4.544874462647068708e-02 1.150603393481843284e+01 1.155434493012648289e+01 1.507460523968549571e-01
4.656213339039411842e-02 1.128713256896129025e+01 1.132066180659848342e+01 1.525813445189059259e-01
4.769413881947583145e-02 1.107494487661424287e+01 1.109766030571690187e+01 1.544249636870215214e-01
4.884479756930568128e-02 1.086921974173900374e+01 1.088390787541258931e+01 1.562766738341101191e-01
5.001413690325981487e-02 1.066970875853324152e+01 1.067840734235822175e+01 1.581362338353544672e-01
5.120217444588825995e-02 1.047616987219925200e+01 1.048041979071546415e+01 1.600033975356277560e-01
5.240891793922818065e-02 1.028836923685057236e+01 1.028936922197859793e+01 1.618779137795335332e-01
5.363436500238127208e-02 1.010608210143842101e+01 1.010478794212361642e+01 1.637595264440839804e-01
5.487850289469759640e-02 9.929093145455709646e+00 9.926283622487416025e+00 1.656479744740297078e-01
5.614130828291252068e-02 9.757196495779705714e+00 9.753518539792914055e+00 1.675429919198540007e-01
5.742274701258442970e-02 9.590195557075670507e+00 9.586195980172703912e+00 1.694443079784393735e-01
5.872277388418629257e-02 9.427902734162238119e+00 9.424051025761986722e+00 1.713516470364179201e-01
6.004133243420330113e-02 9.270139093988484902e+00 9.266844115348982669e+00 1.732647287162094318e-01
6.137835472159278161e-02 9.116733996743901614e+00 9.114356414889234870e+00 1.751832679247546931e-01
6.273376111996305238e-02 8.967524714622921778e+00 8.966386401456849953e+00 1.771069749049470066e-01
6.410746011582788006e-02 8.822356049920298204e+00 8.822747280996635411e+00 1.790355552897634484e-01
6.549934811329416462e-02 8.681079959785957811e+00 8.683264992267881510e+00 1.809687101590965186e-01
6.690930924554022718e-02 8.543555192165129597e+00 8.547776631666694769e+00 1.829061360992848551e-01
6.833721519344053419e-02 8.409646935612808960e+00 8.416129186108927129e+00 1.848475252653393464e-01
6.978292501169196249e-02 8.279226484462123281e+00 8.288178495867825291e+00 1.867925654458602314e-01
7.124628496279419854e-02 8.152170920029471191e+00 8.163788392064438071e+00 1.887409401306380519e-01
7.272712835923454688e-02 8.028362808006114903e+00 8.042829968820521813e+00 1.906923285809297430e-01
7.422527541422485609e-02 7.907689911837147534e+00 7.925180961079726139e+00 1.926464059024004527e-01
7.574053310133346817e-02 7.790044921666352096e+00 7.810725206725526171e+00 1.946028431207178777e-01
7.727269502335191997e-02 7.675325198285584349e+00 7.699352176631436784e+00 1.965613072597859057e-01
7.882154129073075388e-02 7.563432531439438833e+00 7.590956560207325232e+00 1.985214614226012975e-01
8.038683840991354967e-02 7.454272911795208678e+00 7.485437897189754608e+00 2.004829648747164239e-01
8.196833918189204427e-02 7.347756315873847477e+00 7.382700248132437970e+00 2.024454731302876564e-01
8.356578261129908591e-02 7.243796503234583462e+00 7.282651897538571006e+00 2.044086380406893166e-01
8.517889382634823148e-02 7.142310825221230175e+00 7.185205085138490766e+00 2.063721078856687874e-01
8.680738400992170367e-02 7.043220044603019758e+00 7.090275761479954753e+00 2.083355274670185830e-01
8.845095034209987661e-02 6.946448165466245328e+00 6.997783364562092601e+00 2.102985382047386775e-01
9.010927595441554916e-02 6.851922272743671272e+00 6.907650615155660034e+00 2.122607782356593920e-01
9.178202989610863283e-02 6.759572380803432701e+00 6.819803328530680275e+00 2.142218825144955041e-01
9.346886711264427994e-02 6.669331290544862512e+00 6.734170240720851908e+00 2.161814829172983010e-01
9.516942843674895680e-02 6.581134454485358276e+00 6.650682848074445985e+00 2.181392083472718513e-01
9.688334059220599093e-02 6.494919849353030017e+00 6.569275258519057914e+00 2.200946848429170821e-01
9.861021621064153253e-02 6.410627855724821522e+00 6.489884053428672139e+00 2.220475356884664131e-01
1.003496538615180345e-01 6.328201144283428725e+00 6.412448159287224669e+00 2.239973815265683399e-01
1.021012380955409055e-01 6.247584568291175700e+00 6.336908728141676939e+00 2.259438404731814176e-01
1.038645395016692258e-01 6.168725061904005713e+00 6.263209026125815981e+00 2.278865282346339283e-01
1.056391147779078415e-01 6.091571543974113823e+00 6.191294329422832199e+00 2.298250582268041575e-01
1.074245068160440686e-01 6.016074827011667736e+00 6.121111826990742522e+00 2.317590416963749012e-01
1.092202448004760129e-01 5.942187530996648093e+00 6.052610529610885415e+00 2.336880878441132958e-01
1.110258443212654156e-01 5.869864001754034888e+00 5.985741184789064029e+00 2.356118039501262085e-01
1.128408075015309014e-01 5.799060233621850635e+00 5.920456196905550250e+00 2.375297955010390871e-01
1.146646231392811355e-01 5.729733796158447134e+00 5.856709552435915178e+00 2.394416663190443162e-01
1.164967668637717363e-01 5.661843764655761113e+00 5.794456749815878993e+00 2.413470186927650085e-01
1.183367013064508810e-01 5.595350654234968246e+00 5.733654733512911328e+00 2.432454535098763915e-01
1.201838762865420074e-01 5.530216357318752607e+00 5.674261832183697507e+00 2.451365703914269167e-01
1.220377290112936997e-01 5.466404084286780929e+00 5.616237700505647190e+00 2.470199678277990030e-01
1.238976842909089299e-01 5.403878307131696701e+00 5.559543264505143689e+00 2.488952433162483491e-01
1.257631547681461737e-01 5.342604705947220367e+00 5.504140670148810699e+00 2.507619934999582023e-01
1.276335411625676708e-01 5.282550118087650404e+00 5.449993234889311644e+00 2.526198143085451320e-01
1.295082325293895054e-01 5.223682489849481136e+00 5.397065402128585099e+00 2.544683010999498896e-01
1.313866065328687105e-01 5.165970830536267044e+00 5.345322698214578061e+00 2.563070488036455763e-01
1.332680297341453657e-01 5.109385168772043961e+00 5.294731691945847807e+00 2.581356520650967545e-01
1.351518578934346737e-01 5.053896510943681086e+00 5.245259956482463792e+00 2.599537053913972273e-01
1.370374362864461293e-01 4.999476801653734093e+00 5.196876033183645660e+00 2.617608032980168198e-01
1.389241000348867272e-01 4.946098886073657219e+00 5.149549397651425053e+00 2.635565404565846648e-01
1.408111744508846463e-01 4.893736474099123157e+00 5.103250427616779383e+00 2.653405118436352184e-01
1.426979753951498897e-01 4.842364106206096253e+00 5.057950372421545993e+00 2.671123128902427313e-01
1.445838096486683211e-01 4.791957120919645874e+00 5.013621324314750716e+00 2.688715396324686258e-01
1.464679752977051941e-01 4.742491623810142443e+00 4.970236191261180991e+00 2.706177888625442840e-01
1.483497621318750903e-01 4.693944457936121140e+00 4.927768671103164522e+00 2.723506582807126986e-01
1.502284520550135061e-01 4.646293175657328689e+00 4.886193227018861940e+00 2.740697466476494371e-01
1.521033195085679246e-01 4.599516011746861643e+00 4.845485064304573264e+00 2.757746539373840955e-01
1.539736319072038395e-01 4.553591857736078552e+00 4.805620108311697614e+00 2.774649814906413048e-01
1.558386500863038482e-01 4.508500237427796264e+00 4.766574983400658994e+00 2.791403321685204109e-01
1.576976287610177552e-01 4.464221283518005734e+00 4.728326992857421196e+00 2.808003105064324489e-01
1.595498169965027524e-01 4.420735715268879318e+00 4.690854099878041694e+00 2.824445228682110343e-01
1.613944586889737853e-01 4.378024817182371464e+00 4.654134909300099210e+00 2.840725776003148462e-01
1.632307930571660903e-01 4.336070418619438094e+00 4.618148650060057925e+00 2.856840851860373287e-01
1.650580551437944299e-01 4.294854874320704674e+00 4.582875158631537715e+00 2.872786583996402854e-01
1.668754763265748176e-01 4.254361045783288553e+00 4.548294862910829295e+00 2.888559124603258255e-01
1.686822848383578155e-01 4.214572283447802548e+00 4.514388766804237285e+00 2.904154651859623404e-01
1.704777062959060008e-01 4.175472409659500173e+00 4.481138435537328490e+00 2.919569371464788565e-01
1.722609642368321536e-01 4.137045702362748933e+00 4.448525981250821992e+00 2.934799518168422772e-01
1.740312806641977350e-01 4.099276879491628556e+00 4.416534049234143389e+00 2.949841357295318600e-01
1.757878765982582303e-01 4.062151084025326320e+00 4.385145804702232475e+00 2.964691186264247769e-01
1.775299726348247287e-01 4.025653869673919694e+00 4.354344919883780030e+00 2.979345336100069352e-01
1.792567895096995600e-01 3.989771187164063981e+00 4.324115561370720506e+00 2.993800172938230197e-01
1.809675486686293799e-01 3.954489371093233174e+00 4.294442378067355293e+00 3.008052099520795997e-01
1.826614728422062961e-01 3.919795127330347739e+00 4.265310489445282016e+00 3.022097556683158159e-01
1.843377866251365016e-01 3.885675520930445437e+00 4.236705473757520046e+00 3.035933024830558824e-01
1.859957170592836939e-01 3.852117964539917505e+00 4.208613356945096307e+00 3.049555025403572484e-01
1.876344942198854837e-01 3.819110207272844004e+00 4.181020601631394662e+00 3.062960122331708224e-01
1.892533518043298946e-01 3.786640324029309834e+00 4.153914096206213102e+00 3.076144923474265491e-01
1.908515277228716167e-01 3.754696705239176424e+00 4.127281144327477058e+00 3.089106082047617385e-01
1.924282646906583794e-01 3.723268047008896353e+00 4.101109454460835302e+00 3.101840298038072707e-01
1.939828108204313395e-01 3.692343341652137845e+00 4.075387129667523922e+00 3.114344319599482991e-01
1.955144202152576394e-01 3.661911868586814833e+00 4.050102657548760199e+00 3.126614944434776833e-01
1.970223535606467069e-01 3.631963185580095121e+00 4.025244900240095625e+00 3.138649021160591079e-01
1.985058787153978488e-01 3.602487120324588510e+00 4.000803084692310385e+00 3.150443450654192290e-01
1.999642713005234107e-01 3.573473762332241233e+00 3.976766792933762673e+00 3.161995187381880235e-01
2.013968152855889759e-01 3.544913455126771584e+00 3.953125952449669356e+00 3.173301240708081283e-01
2.028028035718100752e-01 3.516796788724782630e+00 3.929870826793185223e+00 3.184358676184343429e-01
2.041815385712442144e-01 3.489114592389248148e+00 3.906992006126857930e+00 3.195164616817451342e-01
2.055323327814172207e-01 3.461857927643162025e+00 3.884480397929932494e+00 3.205716244315903185e-01
2.068545093547243530e-01 3.435018081531477474e+00 3.862327217781511557e+00 3.216010800313988116e-01
2.081474026619485329e-01 3.408586560119238662e+00 3.840523980261352222e+00 3.226045587572721751e-01
2.094103588492405577e-01 3.382555082215823905e+00 3.819062489787252712e+00 3.235817971156911277e-01
2.106427363879114778e-01 3.356915573312034606e+00 3.797934831656749832e+00 3.245325379587626902e-01
2.118439066163908813e-01 3.331660159724582293e+00 3.777133363133443833e+00 3.254565305969376876e-01
2.130132542737123436e-01 3.306781162933518647e+00 3.756650704452540790e+00 3.263535309091295522e-01
2.141501780238930508e-01 3.282271094106775422e+00 3.736479730217969308e+00 3.272233014501664816e-01
2.152540909705830396e-01 3.258122648804144816e+00 3.716613560480477751e+00 3.280656115555111163e-01
2.163244211613684354e-01 3.234328701846741261e+00 3.697045552062629525e+00 3.288802374431826769e-01
2.173606120811231446e-01 3.210882302352490392e+00 3.677769290121664980e+00 3.296669623128189452e-01
2.183621231338130908e-01 3.187776668923985923e+00 3.658778579340647319e+00 3.304255764418162489e-01
2.193284301121708468e-01 3.165005184982698783e+00 3.640067435683570718e+00 3.311558772784886084e-01
2.202590256546684278e-01 3.142561394248169382e+00 3.621630077914250734e+00 3.318576695321869829e-01
2.211534196892323834e-01 3.120438996346702076e+00 3.603460919176573629e+00 3.325307652603232134e-01
2.220111398631568755e-01 3.098631842552897364e+00 3.585554558905012623e+00 3.331749839522445966e-01
2.228317319586884948e-01 3.077133931652050070e+00 3.567905774508054684e+00 3.337901526099058547e-01
2.236147602937697265e-01 3.055939405920750307e+00 3.550509513492709601e+00 3.343761058252889828e-01
2.243598081074473782e-01 3.035042547222309928e+00 3.533360885269802854e+00 3.349326858545216279e-01
2.250664779294680173e-01 3.014437773205532078e+00 3.516455153297131542e+00 3.354597426886481437e-01
2.257343919336024241e-01 2.994119633612159603e+00 3.499787727523584913e+00 3.359571341210083606e-01
2.263631922742587177e-01 2.974082806681142443e+00 3.483354156444480321e+00 3.364247258111825456e-01
2.269525414059647972e-01 2.954322095647461399e+00 3.467150119623815918e+00 3.368623913454608099e-01
2.275021223853208874e-01 2.934832425334291006e+00 3.451171420310967797e+00 3.372700122938006584e-01
2.280116391550438548e-01 2.915608838832020933e+00 3.435413978084693287e+00 3.376474782632352678e-01
2.284808168097470227e-01 2.896646494262599347e+00 3.419873821614709986e+00 3.379946869476996851e-01
2.289094018431216959e-01 2.877940661624088570e+00 3.404547081669110575e+00 3.383115441742430840e-01
2.292971623762087852e-01 2.859486719715768732e+00 3.389429984222880332e+00 3.385979639455978796e-01
2.296438883664734532e-01 2.841280153137167641e+00 3.374518843572618554e+00 3.388538684790786681e-01
2.299493917974182178e-01 2.823316549360650463e+00 3.359810055857917366e+00 3.390791882417868441e-01
2.302135068484954528e-01 2.805591595875847943e+00 3.345300092622910171e+00 3.392738619820980794e-01
2.304360900451038752e-01 2.788101077401468064e+00 3.330985494450073858e+00 3.394378367574126809e-01
2.306170203884793102e-01 2.770840873163469720e+00 3.316862864840115055e+00 3.395710679581516733e-01
2.307561994653153092e-01 2.753806954237353999e+00 3.302928864353383176e+00 3.396735193279830090e-01
2.308535515369739277e-01 2.736995380953941570e+00 3.289180204867841795e+00 3.397451629802651918e-01
2.309090236081742797e-01 2.720402300364867632e+00 3.275613643955344489e+00 3.397859794106977693e-01
2.309225854750711349e-01 2.704023943767427607e+00 3.262225979622637162e+00 3.397959575061709758e-01
2.308942297526624943e-01 2.687856624287990659e+00 3.249014045001944684e+00 3.397750945498084207e-01
2.308239718814917019e-01 2.671896734518978356e+00 3.235974703452719758e+00 3.397233962221999359e-01
2.307118501136352362e-01 2.656140744214188221e+00 3.223104843962325994e+00 3.396408765988240264e-01
2.305579254779939191e-01 2.640585198036115688e+00 3.210401376364796278e+00 3.395275581436608126e-01
2.303622817249321997e-01 2.625226713354882335e+00 3.197861227108813154e+00 3.393834716990002387e-01
2.301250252503349303e-01 2.610061978100851388e+00 3.185481335222524635e+00 3.392086564714518748e-01
2.298462849991789181e-01 2.595087748666553118e+00 3.173258648370137269e+00 3.390031600141648616e-01
2.295262123487409323e-01 2.580300847859037461e+00 3.161190119219429828e+00 3.387670382052694329e-01
2.291649809715908259e-01 2.565698162900793555e+00 3.149272701977094080e+00 3.385003552225542278e-01
2.287627866785426622e-01 2.551276643478894712e+00 3.137503349242396489e+00 3.382031835143947118e-01
2.283198472417634073e-01 2.537033299842269329e+00 3.125879008989302932e+00 3.378756037669510270e-01
2.278364021982622889e-01 2.522965200944712993e+00 3.114396621841220458e+00 3.375177048676574754e-01
2.273127126340095117e-01 2.509069472635510056e+00 3.103053118664788723e+00 3.371295838650247290e-01
2.267490609489564712e-01 2.495343295895593450e+00 3.091845418178805094e+00 3.367113459247820240e-01
2.261457506032532871e-01 2.481783905117857181e+00 3.080770424912673722e+00 3.362631042823857608e-01
2.255031058449834813e-01 2.468388586433373888e+00 3.069825027497224301e+00 3.357849801919254307e-01
2.248214714197571962e-01 2.455154676081934717e+00 3.059006097040990912e+00 3.352771028714585655e-01
2.241012122625275771e-01 2.442079558826051766e+00 3.048310485741252407e+00 3.347396094448097936e-01
2.233427131720153447e-01 2.429160666408581193e+00 3.037735025862901228e+00 3.341726448798699733e-01
2.225463784681485091e-01 2.416395476054592262e+00 3.027276528728697791e+00 3.335763619234346500e-01
2.217126316329443292e-01 2.403781509013811046e+00 3.016931784021316787e+00 3.329509210326233037e-01
2.208419149352791322e-01 2.391316329147683994e+00 3.006697559530375763e+00 3.322964903029214656e-01
2.199346890400124266e-01 2.378997541558768525e+00 2.996570600707038956e+00 3.316132453928917201e-01
2.189914326019476165e-01 2.366822791259703074e+00 2.986547630597410574e+00 3.309013694456005017e-01
2.180126418451311388e-01 2.354789761885794253e+00 2.976625350127644509e+00 3.301610530068099236e-01
2.169988301280067755e-01 2.342896174448099167e+00 2.966800438389455064e+00 3.293924939399854868e-01
2.159505274949590214e-01 2.331139786127390590e+00 2.957069553224128455e+00 3.285958973381735704e-01
2.148682802147924842e-01 2.319518389109123113e+00 2.947429331906807448e+00 3.277714754328024949e-01
2.137526503067106176e-01 2.308029809457717185e+00 2.937876392062849451e+00 3.269194474994647770e-01
2.126042150543686060e-01 2.296671906031790389e+00 2.928407332813510955e+00 3.260400397607390310e-01
2.114235665085879290e-01 2.285442569438587146e+00 2.919018735945940968e+00 3.251334852861113012e-01
2.102113109793320445e-01 2.274339721027173411e+00 2.909707167334645739e+00 3.242000238890583863e-01
2.089680685175516750e-01 2.263361311921117114e+00 2.900469178507592005e+00 3.232399020213559959e-01
2.076944723875200627e-01 2.252505322089094264e+00 2.891301308347808074e+00 3.222533726646782948e-01
2.063911685302841914e-01 2.241769759454131261e+00 2.882200084949223751e+00 3.212406952195535625e-01
2.050588150188685510e-01 2.231152659040146702e+00 2.873162027488266990e+00 3.202021353917463564e-01
2.036980815058714589e-01 2.220652082155115892e+00 2.864183648348146871e+00 3.191379650761340114e-01
2.023096486641029479e-01 2.210266115612061100e+00 2.855261455342566368e+00 3.180484622381493098e-01
2.008942076209153937e-01 2.199992870985594706e+00 2.846391953895380134e+00 3.169339107928618171e-01
1.994524593868831353e-01 2.189830483903798530e+00 2.837571649484007086e+00 3.157946004817713259e-01
1.979851142794888108e-01 2.179777113376430986e+00 2.828797050167213722e+00 3.146308267473872378e-01
1.964928913424780210e-01 2.169830941157360638e+00 2.820064668967404931e+00 3.134428906056715980e-01
1.949765177615423173e-01 2.159990171139943627e+00 2.811371026501408021e+00 3.122310985164212793e-01
1.934367282769920704e-01 2.150253028787374454e+00 2.802712653764560358e+00 3.109957622516680287e-01
1.918742645940791913e-01 2.140617760595695973e+00 2.794086094705919621e+00 3.097371987621758138e-01
1.902898747916265398e-01 2.131082633587876973e+00 2.785487909032510423e+00 3.084557300421136294e-01
1.886843127296202183e-01 2.121645934841199121e+00 2.776914675016399325e+00 3.071516829919870295e-01
1.870583374564145085e-01 2.112305971044002195e+00 2.768362992217326291e+00 3.058253892799079887e-01
1.854127126161965733e-01 2.103061068083273089e+00 2.759829484353542917e+00 3.044771852012861379e-01
1.837482058573497445e-01 2.093909570661469655e+00 2.751310802169321779e+00 3.031074115370240851e-01
1.820655882423506955e-01 2.084849841942565618e+00 2.742803626204172840e+00 3.017164134103004769e-01
1.803656336598260801e-01 2.075880263224804789e+00 2.734304669723162551e+00 3.003045401420249005e-01
1.786491182393864785e-01 2.066999233642807354e+00 2.725810681495692833e+00 2.988721451050486144e-01
1.769168197698472444e-01 2.058205169893332354e+00 2.717318448409627774e+00 2.974195855772172048e-01
1.751695171214337210e-01 2.049496505987380868e+00 2.708824798517198484e+00 2.959472225933483247e-01
1.734079896725611858e-01 2.040871693028837974e+00 2.700326603723234520e+00 2.944554207962227221e-01
1.716330167417645935e-01 2.032329199014456300e+00 2.691820782368629761e+00 2.929445482866719908e-01
1.698453770253442185e-01 2.023867508658048653e+00 2.683304301926240143e+00 2.914149764728506953e-01
1.680458480412771738e-01 2.015485123235809972e+00 2.674774181699350439e+00 2.898670799187768599e-01
1.662352055799354023e-01 2.007180560454591589e+00 2.666227495347250454e+00 2.883012361922295264e-01
1.644142231621325279e-01 1.998952354338296322e+00 2.657661373296610563e+00 2.867178257120862606e-01
1.625836715050101022e-01 1.990799055134941264e+00 2.649073005268282266e+00 2.851172315951897018e-01
1.607443179962560198e-01 1.982719229241733050e+00 2.640459642625613501e+00 2.834998395028258122e-01
1.588969261771347452e-01 1.974711459147898029e+00 2.631818600700508881e+00 2.818660374869015328e-01
1.570422552347901513e-01 1.966774343394171343e+00 2.623147260916352419e+00 2.802162158359060573e-01
1.551810595042657226e-01 1.958906496546937381e+00 2.614443073028448250e+00 2.785507669207407666e-01
1.533140879806705881e-01 1.951106549189117745e+00 2.605703557151645366e+00 2.768700850405028668e-01
1.514420838418995274e-01 1.943373147922537791e+00 2.596926305677559998e+00 2.751745662683049432e-01
1.495657839823002211e-01 1.935704955385006976e+00 2.588108985296649678e+00 2.734646082972165826e-01
1.476859185576595568e-01 1.928100650278843364e+00 2.579249338668997638e+00 2.717406102864085571e-01
1.458032105418643476e-01 1.920558927409774741e+00 2.570345186178607300e+00 2.700029727075836661e-01
1.439183752955699724e-01 1.913078497737169981e+00 2.561394427566497711e+00 2.682520971917740638e-01
1.420321201471949901e-01 1.905658088432538255e+00 2.552395043396557206e+00 2.664883863765877270e-01
1.401451439865361026e-01 1.898296442946918017e+00 2.543345096539708639e+00 2.647122437539828899e-01
1.382581368712807457e-01 1.890992321085840366e+00 2.534242733459173724e+00 2.629240735186498257e-01
1.363717796466746568e-01 1.883744499090471258e+00 2.525086185452710019e+00 2.611242804170790244e-01
1.344867435785792320e-01 1.876551769725149699e+00 2.515873769757459577e+00 2.593132695973918156e-01
1.326036900001373864e-01 1.869412942369038655e+00 2.506603890577300486e+00 2.574914464600109865e-01
1.307232699722428171e-01 1.862326843112738661e+00 2.497275040157041381e+00 2.556592165092457791e-01
1.288461239579905548e-01 1.855292314858723923e+00 2.487885799454502056e+00 2.538169852058669296e-01
1.269728815112630416e-01 1.848308217422328426e+00 2.478434838779025817e+00 2.519651578207421916e-01
1.251041609795901233e-01 1.841373427635677906e+00 2.468920918663966901e+00 2.501041392896068416e-01
1.232405692213978388e-01 1.834486839453695728e+00 2.459342890413508176e+00 2.482343340690383315e-01
1.213827013377437314e-01 1.827647364059445501e+00 2.449699696322676257e+00 2.463561459937053388e-01
1.195311404186134019e-01 1.820853929968064833e+00 2.439990370135176612e+00 2.444699781349577161e-01
1.176864573038382961e-01 1.814105483131734253e+00 2.430214037365422186e+00 2.425762326608259245e-01
1.158492103586707400e-01 1.807400987041481111e+00 2.420369915352793999e+00 2.406753106974942047e-01
1.140199452640356659e-01 1.800739422827194014e+00 2.410457313426316528e+00 2.387676121923110184e-01
1.121991948214601936e-01 1.794119789355062666e+00 2.400475632779811352e+00 2.368535357784005979e-01
1.103874787726606688e-01 1.787541103320247515e+00 2.390424366369047871e+00 2.349334786409343068e-01
1.085853036337528221e-01 1.781002399336886421e+00 2.380303098777036830e+00 2.330078363851233458e-01
1.067931625440292215e-01 1.774502730022716968e+00 2.370111505952171349e+00 2.310770029059893427e-01
1.050115351292331134e-01 1.768041166079651783e+00 2.359849354763765117e+00 2.291413702599697788e-01
1.032408873792381998e-01 1.761616796367110327e+00 2.349516502427263731e+00 2.272013285384112680e-01
1.014816715400308211e-01 1.755228727970014724e+00 2.339112896203142000e+00 2.252572657430064185e-01
9.973432601987071433e-02 1.748876086261777596e+00 2.328638572724521349e+00 2.233095676632225191e-01
9.799927530949405219e-02 1.742558014958526469e+00 2.318093657165991139e+00 2.213586177557743673e-01
9.627692991620416529e-02 1.736273676166906865e+00 2.307478362624612700e+00 2.194047970261864822e-01
9.456768631168352424e-02 1.730022250424897212e+00 2.296792989225448167e+00 2.174484839124930791e-01
9.287192689334365647e-02 1.723802936733779045e+00 2.286037923208255052e+00 2.154900541711190498e-01
9.119001995901739044e-02 1.717614952582990462e+00 2.275213635961453651e+00 2.135298807649849695e-01
8.952231969478294249e-02 1.711457533965703881e+00 2.264320682948142593e+00 2.115683337538760145e-01
8.786916617569887067e-02 1.705329935386460383e+00 2.253359702660280739e+00 2.096057801871156201e-01
8.623088537921423657e-02 1.699231429859857867e+00 2.242331415437152753e+00 2.076425839985794330e-01
8.460778921100849115e-02 1.693161308900273054e+00 2.231236622190405861e+00 2.056791059040860570e-01
8.300017554300263833e-02 1.687118882502021133e+00 2.220076203105263435e+00 2.037157033011969820e-01
8.140832826327501492e-02 1.681103479110553245e+00 2.208851116392318126e+00 2.017527301714589216e-01
7.983251733760311775e-02 1.675114445584724443e+00 2.197562396814588315e+00 1.997905369851173951e-01
7.827299888234405534e-02 1.669151147148459913e+00 2.186211154297102333e+00 1.978294706083298105e-01
7.673001524835819376e-02 1.663212967334475767e+00 2.174798572380556294e+00 1.958698742129046655e-01
7.520379511567094888e-02 1.657299307916377362e+00 2.163325906657233233e+00 1.939120871885903763e-01
7.369455359856155741e-02 1.651409588833034681e+00 2.151794483315948359e+00 1.919564450579369919e-01
7.220249236075991506e-02 1.645543248102530942e+00 2.140205697432816301e+00 1.900032793937514175e-01
7.072779974042611717e-02 1.639699741726693416e+00 2.128561011281459692e+00 1.880529177391647433e-01
6.927065088458100872e-02 1.633878543585754572e+00 2.116861952623438015e+00 1.861056835303277479e-01
6.783120789265310868e-02 1.628079145323854338e+00 2.105110113073848321e+00 1.841618960217518974e-01
6.640961996879927998e-02 1.622301056225693427e+00 2.093307146228347904e+00 1.822218702143067193e-01
6.500602358265547553e-02 1.616543803082552744e+00 2.081454765877400082e+00 1.802859167858869016e-01
6.362054263816867283e-02 1.610806930050660224e+00 2.069554744227555698e+00 1.783543420247579447e-01
6.225328865015821583e-02 1.605089998499423576e+00 2.057608909954039778e+00 1.764274477655874973e-01
6.090436092825444320e-02 1.599392586851200004e+00 2.045619146351519646e+00 1.745055313281708709e-01
5.957384676785743016e-02 1.593714290412211909e+00 2.033587389460043138e+00 1.725888854588519539e-01
5.826182164776101680e-02 1.588054721195321983e+00 2.021515626127568854e+00 1.706777982746452704e-01
5.696834943408302099e-02 1.582413507733985369e+00 2.009405891964395341e+00 1.687725532100569636e-01
5.569348259014609420e-02 1.576790294887792987e+00 1.997260269432845181e+00 1.668734289666064519e-01
5.443726239195074978e-02 1.571184743640799741e+00 1.985080885910979420e+00 1.649806994650446224e-01
5.319971914888498715e-02 1.565596530891775640e+00 1.972869911604029802e+00 1.630946338002648432e-01
5.198087242931602459e-02 1.560025349236674685e+00 1.960629557574486315e+00 1.612154961989014645e-01
5.078073129070993785e-02 1.554470906744511494e+00 1.948362073681902729e+00 1.593435459796064824e-01
4.959929451392999095e-02 1.548932926725345993e+00 1.936069746514636369e+00 1.574790375159976497e-01
4.843655084136485461e-02 1.543411147492237845e+00 1.923754897467123914e+00 1.556222202022655432e-01
4.729247921854230763e-02 1.537905322116950968e+00 1.911419880556990414e+00 1.537733384214284293e-01
4.616704903888679129e-02 1.532415218178305727e+00 1.899067080368914473e+00 1.519326315162196905e-01
4.506022039128466938e-02 1.526940617505848641e+00 1.886698910043283384e+00 1.501003337625947398e-01
4.397194431012346749e-02 1.521481315917064592e+00 1.874317809183320804e+00 1.482766743458381331e-01
4.290216302747815874e-02 1.516037122949929206e+00 1.861926241799165771e+00 1.464618773392553364e-01
4.185081022712051207e-02 1.510607861589860157e+00 1.849526694176918840e+00 1.446561616854264987e-01
4.081781130003559604e-02 1.505193367992085030e+00 1.837121672850125398e+00 1.428597411800042460e-01
3.980308360113279931e-02 1.499793491199736595e+00 1.824713702531330695e+00 1.410728244580309043e-01
3.880653670684661855e-02 1.494408092857661297e+00 1.812305324010705432e+00 1.392956149827528078e-01
3.782807267332814749e-02 1.489037046922330410e+00 1.799899092098684372e+00 1.375283110369064088e-01
3.686758629493427225e-02 1.483680239368353249e+00 1.787497573631550374e+00 1.357711057164488755e-01
3.592496536273030727e-02 1.478337567892102467e+00 1.775103345347967876e+00 1.340241869267079500e-01
3.500009092272675371e-02 1.473008941611623657e+00 1.762718991802512125e+00 1.322877373809204504e-01
3.409283753358018088e-02 1.467694280764503256e+00 1.750347103426238560e+00 1.305619346011313020e-01
3.320307352349375490e-02 1.462393516403565963e+00 1.737990274456763906e+00 1.288469509214202335e-01
3.233066124606328445e-02 1.457106590090189169e+00 1.725651100898842216e+00 1.271429534934266081e-01
3.147545733482001035e-02 1.451833453586212519e+00 1.713332178532353423e+00 1.254501042941376099e-01
3.063731295623107337e-02 1.446574068544306924e+00 1.701036100904227633e+00 1.237685601359066329e-01
2.981607406092643200e-02 1.441328406197361689e+00 1.688765457364842959e+00 1.220984726786670943e-01
2.901158163292862774e-02 1.436096447047130242e+00 1.676522831103458122e+00 1.204399884443049656e-01
2.822367193667147181e-02 1.430878180552386247e+00 1.664310797165104105e+00 1.187932488331543829e-01
2.745217676160104439e-02 1.425673604816714679e+00 1.652131920487904360e+00 1.171583901425780200e-01
2.669692366416199017e-02 1.420482726276421248e+00 1.639988754063061549e+00 1.155355435875946996e-01
2.595773620697931772e-02 1.415305559389329781e+00 1.627883836973076592e+00 1.139248353235134542e-01
2.523443419505650917e-02 1.410142126323353784e+00 1.615819692430379595e+00 1.123263864705361798e-01
2.452683390881770648e-02 1.404992456646422916e+00 1.603798826098866481e+00 1.107403131402871360e-01
2.383474833383129529e-02 1.399856587018372123e+00 1.591823724119906025e+00 1.091667264642283142e-01
2.315798738706048576e-02 1.394734560882711083e+00 1.579896851182113648e+00 1.076057326239185236e-01
2.249635813949583257e-02 1.389626428161075289e+00 1.568020648889611124e+00 1.060574328830748009e-01
2.184966503503223134e-02 1.384532244949754798e+00 1.556197533941910072e+00 1.045219236213920655e-01
2.121771010546240691e-02 1.379452073218076835e+00 1.544429896373510580e+00 1.029992963700781944e-01
2.060029318146703106e-02 1.374385980509587490e+00 1.532720097699219242e+00 1.014896378490608014e-01
1.999721209948982642e-02 1.369334039644838796e+00 1.521070469303060335e+00 9.999303000582046574e-02
1.940826290439510646e-02 1.364296328428767469e+00 1.509483310805984413e+00 9.850955005580704082e-02
1.883324004781259178e-02 1.359272929359791826e+00 1.497960888262637624e+00 9.703927052439283163e-02
1.827193658208333543e-02 1.354263929342780282e+00 1.486505432699153362e+00 9.558225929031845258e-02
1.772414434972762950e-02 1.349269419405992210e+00 1.475119138407352315e+00 9.413857963058405720e-02
1.718965416836501503e-02 1.344289494420666031e+00 1.463804161315027219e+00 9.270829026674209938e-02
1.666825601102308110e-02 1.339324252825270234e+00 1.452562617609797435e+00 9.129144541254421985e-02
1.615973918177992380e-02 1.334373796354032082e+00 1.441396582207322252e+00 8.988809482289610020e-02
1.566389248669304221e-02 1.329438229769381419e+00 1.430308087152134311e+00 8.849828384407530668e-02
1.518050439997352050e-02 1.324517660598450330e+00 1.419299120325803409e+00 8.712205346516323223e-02
1.470936322537322490e-02 1.319612198875361964e+00 1.408371624032663805e+00 8.575944037064731074e-02
1.425025725275825064e-02 1.314721956886953036e+00 1.397527493561564693e+00 8.441047699414525041e-02
1.380297490984969469e-02 1.309847048924259516e+00 1.386768575962966654e+00 8.307519157320582270e-02
1.336730490911853565e-02 1.304987591038677675e+00 1.376096668780875776e+00 8.175360820513837001e-02
1.294303638982907678e-02 1.300143700803661595e+00 1.365513518846062091e+00 8.044574690382666482e-02
1.252995905523047668e-02 1.295315497081440892e+00 1.355020821015564536e+00 7.915162365747931139e-02
1.212786330490258323e-02 1.290503099794975350e+00 1.344620217111170302e+00 7.787125048727092103e-02
1.173654036226827284e-02 1.285706629705974713e+00 1.334313294827148333e+00 7.660463550682906908e-02
1.135578239728940800e-02 1.280926208197916472e+00 1.324101586743112513e+00 7.535178298251941909e-02
1.098538264437006785e-02 1.276161957065616415e+00 1.313986569354194334e+00 7.411269339448563198e-02
1.062513551549499648e-02 1.271413998309760984e+00 1.303969662123682483e+00 7.288736349839729234e-02
1.027483670863686173e-02 1.266682453937999275e+00 1.294052226672416817e+00 7.167578638786205325e-02
9.934283311470183328e-03 1.261967445771548180e+00 1.284235565975624827e+00 7.047795155745584239e-02
9.603273900435214949e-03 1.257269095258217950e+00 1.274520923728945876e+00 6.929384496632877422e-02
9.281608635198612678e-03 1.252587523291620375e+00 1.264909483590249684e+00 6.812344910234145734e-02
8.969089348562480496e-03 1.247922850035924291e+00 1.255402368629281007e+00 6.696674304668878697e-02
8.665519631877009049e-03 1.243275194757629043e+00 1.246000640927399816e+00 6.582370253896771550e-02
8.370704916016101158e-03 1.238644675663347572e+00 1.236705301067323237e+00 6.469430004264711820e-02
8.084452547978441053e-03 1.234031409743763241e+00 1.227517287821226155e+00 6.357850481089674655e-02
7.806571863180175770e-03 1.229435512624276416e+00 1.218437477892451604e+00 6.247628295273405241e-02
7.536874253508478796e-03 1.224857098421744173e+00 1.209466685726138468e+00 6.138759749944804056e-02
7.275173231207804868e-03 1.220296279607898438e+00 1.200605663594974892e+00 6.031240847125823867e-02
7.021284488674102951e-03 1.215753166879808500e+00 1.191855101506477332e+00 5.925067294417044744e-02
6.775025954234074194e-03 1.211227869035732541e+00 1.183215627260244096e+00 5.820234511698851865e-02
6.536217843989307677e-03 1.206720492858350591e+00 1.174687806873773832e+00 5.716737637844379605e-02
6.304682709807048896e-03 1.202231143004697689e+00 1.166272144855638571e+00 5.614571537440345150e-02
6.080245483541564175e-03 1.197759921902264546e+00 1.157969084711526486e+00 5.513730807512080834e-02
5.862733517571481513e-03 1.193306929652441450e+00 1.149779009562706733e+00 5.414209784248982110e-02
5.651976621740329755e-03 1.188872263940136564e+00 1.141702242824709002e+00 5.316002549726782378e-02
5.447807096788822440e-03 1.184456019950512085e+00 1.133739049175176428e+00 5.219102938623083887e-02
5.250059764368495210e-03 1.180058290292699485e+00 1.125889635576436509e+00 5.123504544922594106e-02
5.058571993727651803e-03 1.175679164930316212e+00 1.118154152412352165e+00 5.029200728608698018e-02
4.873183725161168642e-03 1.171318731118924150e+00 1.110532695033168205e+00 4.936184622337969757e-02
4.693737490316650905e-03 1.166977073351563865e+00 1.103025305219524688e+00 4.844449138094367169e-02
4.520078429449687039e-03 1.162654273310223196e+00 1.095631972830246381e+00 4.753986973819809836e-02
4.352054305721816084e-03 1.158350409825623206e+00 1.088352638001231831e+00 4.664790620018124945e-02
4.189515516634603580e-03 1.154065558844769912e+00 1.081187193323945861e+00 4.576852366329180188e-02
4.032315102693710164e-03 1.149799793406044213e+00 1.074135486317620236e+00 4.490164308070312971e-02
3.880308753396473961e-03 1.145553183622697535e+00 1.067197322271268289e+00 4.404718352742019449e-02
3.733354810636763804e-03 1.141325796674819149e+00 1.060372467337285851e+00 4.320506226495202801e-02
3.591314269620228886e-03 1.137117696810096001e+00 1.053660651967942341e+00 4.237519480557127433e-02
3.454050777382829725e-03 1.132928945353804950e+00 1.047061575021353441e+00 4.155749497613414611e-02
3.321430629005087815e-03 1.128759600729751345e+00 1.040574908071522753e+00 4.075187498143544029e-02
3.193322761613578368e-03 1.124609718490494403e+00 1.034200300195246891e+00 3.995824546707211350e-02
3.069598746260817669e-03 1.120479351359778386e+00 1.027937383738676935e+00 3.917651558179222060e-02
2.950132777773592334e-03 1.116368549287589218e+00 1.021785780515158226e+00 3.840659303930506197e-02
2.834801662658914360e-03 1.112277359518331066e+00 1.015745108959289711e+00 3.764838417952963423e-02
2.723484805155748471e-03 1.108205826674749650e+00 1.009814992265389844e+00 3.690179402925925639e-02
2.616064191519638232e-03 1.104153992858109223e+00 1.003995067602267977e+00 3.616672636222165865e-02
2.512424372626013893e-03 1.100121897767579515e+00 9.982849970350524682e-01 3.544308375851355081e-02
2.412452444976781810e-03 1.096109578841862220e+00 9.926844797355550698e-01 3.473076766339020655e-02
2.316038030193473887e-03 1.092117071424106411e+00 9.871932664235264498e-01 3.402967844539141196e-02
2.223073253078737543e-03 1.088144408956988940e+00 9.818111764876994441e-01 3.333971545378527912e-02
2.133452718326603152e-03 1.084191623210608135e+00 9.765381176796665841e-01 3.266077707531316043e-02
2.047073485960327049e-03 1.080258744549426497e+00 9.713741097897733434e-01 3.199276079021882990e-02
1.963835045575140163e-03 1.076345802246470473e+00 9.663193130557800048e-01 3.133556322754658952e-02
1.883639289461472906e-03 1.072452824853720843e+00 9.613740622870335928e-01 3.068908021969274369e-02
1.806390484682756986e-03 1.068579840640513812e+00 9.565389080048972703e-01 3.005320685619720239e-02
1.731995244179999416e-03 1.064726878113680497e+00 9.518146671385913082e-01 2.942783753676099859e-02
1.660362496973764521e-03 1.060893966640948483e+00 9.472024856400906856e-01 2.881286602347781639e-02
1.591403457532284543e-03 1.057081137200048815e+00 9.427039160922644490e-01 2.820818549226699820e-02
1.525031594372754833e-03 1.053288423286497189e+00 9.383210156684522740e-01 2.761368858349744909e-02
1.461162597961004938e-03 1.049515862022794455e+00 9.340564703577474148e-01 2.702926745179200230e-02
1.399714347972849790e-03 1.045763495524112852e+00 9.299137543377653525e-01 2.645481381500208035e-02
1.340606879978747902e-03 1.042031372596739391e+00 9.258973370285409343e-01 2.589021900234476578e-02
1.283762351611324615e-03 1.038319550871715791e+00 9.220129552920389715e-01 2.533537400169301457e-02
1.229105008273603675e-03 1.034628099516083477e+00 9.182679756843312724e-01 2.479016950601188943e-02
1.176561148443965249e-03 1.030957102718698781e+00 9.146718844070713672e-01 2.425449595893475890e-02
1.126059088631779217e-03 1.027306664236536937e+00 9.112369604186588701e-01 2.372824359947212081e-02
1.077529128035988092e-03 1.023676913410333844e+00 9.079792155709088819e-01 2.321130250584818241e-02
1.030903512957054551e-03 1.020068013257087847e+00 9.049197360494162234e-01 2.270356263846111042e-02
9.861164010106387469e-04 1.016480171565459223e+00 9.020866382692044327e-01 2.220491388196134050e-02
9.431038251898231969e-04 1.012913656425877384e+00 8.995179933609859235e-01 2.171524608644607654e-02
9.018036578206005752e-04 1.009368818497898390e+00 8.972663302461981738e-01 2.123444910776590630e-02
8.621555744537056070e-04 1.005846123830685057e+00 8.954058072816079017e-01 2.076241284694177458e-02
8.241010177340742354e-04 1.002346203826093962e+00 8.940440989372950842e-01 2.029902728869137363e-02
7.875831612872529874e-04 9.988699342673021953e-01 8.933430648751873315e-01 1.984418253906233484e-02
7.525468736606256027e-04 9.954185662506938037e-01 8.935568694588766903e-01 1.939776886217363036e-02
7.189386823553131156e-04 9.919939559129746787e-01 8.951077115070865675e-01 1.895967671606392513e-02
6.867067379830692209e-04 9.885989980828047141e-01 8.987517154104127659e-01 1.852979678764812149e-02
6.558007785807993357e-04 9.852385283567128837e-01 9.059952696360225044e-01 1.810802002678370271e-02
6.261720941135718969e-04 9.819214744587543287e-01 9.203815017932432951e-01 1.769423767944767675e-02
5.977734911955465960e-04 9.786671953599960228e-01 9.533306507052314860e-01 1.728834132002758997e-02
5.705592580564824295e-04 9.755332095428908001e-01 9.907392519800155561e-01 1.689022288272837638e-02
5.444851297800465612e-04 9.724848067194213908e-01 1.019263949848926876e+00 1.649977469209877590e-02
