1.983960718156370026e-02 2.444249156561242486e+01 2.484106737974684620e+01 9.959821078102683301e-02
2.015444054558342829e-02 2.403924785139913922e+01 2.435477789534731841e+01 1.003853588567163169e-01
2.047323089894641929e-02 2.364612311588658855e+01 2.385186428725750574e+01 1.011761604799925607e-01
2.079600821738556565e-02 2.326220216911226046e+01 2.337017796144480641e+01 1.019706041400794266e-01
2.112280233819309808e-02 2.288795892618044903e+01 2.294927045211780481e+01 1.027686779573258324e-01
2.145364295193346801e-02 2.252330802635044549e+01 2.255691611624751047e+01 1.035703696815200858e-01
2.178855959406323511e-02 2.216802266401470689e+01 2.218324556912412859e+01 1.043756666902378033e-01
2.212758163645919818e-02 2.182183001535889133e+01 2.182396553038166331e+01 1.051845559872246622e-01
2.247073827885585906e-02 2.148444323231123931e+01 2.147679582586377478e+01 1.059970242008139024e-01
2.281805854019346505e-02 2.115557444997211078e+01 2.114034425635681202e+01 1.068130575823795642e-01
2.316957124987792729e-02 2.083494067063635669e+01 2.081366605988996454e+01 1.076326420048256682e-01
2.352530503895380876e-02 2.052226655875034211e+01 2.049606529496005791e+01 1.084557629611119511e-01
2.388528833119191869e-02 2.021728575543378881e+01 2.018699568614087170e+01 1.092824055628167368e-01
2.424954933409274524e-02 1.991974143145640141e+01 1.988600708848678522e+01 1.101125545387371951e-01
2.461811602980741587e-02 1.962938642877139017e+01 1.959271470144411964e+01 1.109461942335279450e-01
2.499101616597747960e-02 1.934598317287105829e+01 1.930678040917979388e+01 1.117833086063779874e-01
2.536827724649517307e-02 1.906930345597666587e+01 1.902790094817406086e+01 1.126238812297267050e-01
2.574992652218597439e-02 1.879912814827167722e+01 1.875580009918128255e+01 1.134678952880196351e-01
2.613599098141471816e-02 1.853524687096764012e+01 1.849022334697590253e+01 1.143153335765038914e-01
2.652649734061754763e-02 1.827745765165519032e+01 1.823093410641555323e+01 1.151661785000647337e-01
2.692147203476084188e-02 1.802556657450462296e+01 1.797771097344440605e+01 1.160204120721022997e-01
2.732094120772960918e-02 1.777938743310125957e+01 1.773034566600921025e+01 1.168780159134505670e-01
2.772493070264678977e-02 1.753874139071857030e+01 1.748864144081120386e+01 1.177389712513379899e-01
2.813346605212547341e-02 1.730345665093463836e+01 1.725241184609410539e+01 1.186032589183903391e-01
2.854657246845634239e-02 1.707336814027991423e+01 1.702147971710202512e+01 1.194708593516769363e-01
2.896427483373184564e-02 1.684831720380579512e+01 1.679567635066427300e+01 1.203417525917996750e-01
2.938659768990981719e-02 1.662815131394733470e+01 1.657484081407441323e+01 1.212159182820264219e-01
2.981356522881810356e-02 1.641272379269519277e+01 1.635881935671629606e+01 1.220933356674681614e-01
3.024520128210295838e-02 1.620189354688137584e+01 1.614746490231226517e+01 1.229739835943012699e-01
3.068152931112293896e-02 1.599552481623420519e+01 1.594063660453911346e+01 1.238578405090346723e-01
3.112257239679110457e-02 1.579348693376103618e+01 1.573819945392116892e+01 1.247448844578227661e-01
3.156835322936744903e-02 1.559565409797565039e+01 1.554002392670554933e+01 1.256350930858242398e-01
3.201889409820431187e-02 1.540190515644794900e+01 1.534598566838302958e+01 1.265284436366074794e-01
3.247421688144707524e-02 1.521212340015148179e+01 1.515596520660183799e+01 1.274249129516027423e-01
3.293434303569267585e-02 1.502619636808191572e+01 1.496984768878939498e+01 1.283244774696017942e-01
3.339929358560848188e-02 1.484401566162717678e+01 1.478752264129781935e+01 1.292271132263049516e-01
3.386908911351433488e-02 1.466547676819121548e+01 1.460888374708182624e+01 1.301327958539167384e-01
3.434374974893009136e-02 1.449047889358113927e+01 1.443382863971127428e+01 1.310415005807894773e-01
3.482329515809175907e-02 1.431892480269940826e+01 1.426225871197827644e+01 1.319532022311163122e-01
3.530774453343865638e-02 1.415072066809380047e+01 1.409407893721822624e+01 1.328678752246731931e-01
3.579711658307472427e-02 1.398577592594458707e+01 1.392919770233132049e+01 1.337854935766107645e-01
3.629142952020666946e-02 1.382400313908946110e+01 1.376752665123912678e+01 1.347060308972962694e-01
3.679070105256181805e-02 1.366531786670575954e+01 1.360898053780607242e+01 1.356294603922057473e-01
3.729494837178876782e-02 1.350963854029206779e+01 1.345347708751058491e+01 1.365557548618672734e-01
3.780418814284390583e-02 1.335688634561064880e+01 1.330093686707053990e+01 1.374848867018551579e-01
3.831843649336659496e-02 1.320698511027035416e+01 1.315128316125623442e+01 1.384168279028359372e-01
3.883770900304637369e-02 1.305986119664647482e+01 1.300444185657352847e+01 1.393515500506656846e-01
3.936202069298522233e-02 1.291544339985608048e+01 1.286034133125603418e+01 1.402890243265402792e-01
3.989138601505813619e-02 1.277366285051768457e+01 1.271891235093427497e+01 1.412292215071975499e-01
4.042581884127510738e-02 1.263445292204267822e+01 1.258008796969222232e+01 1.421721119651725151e-01
4.096533245314802618e-02 1.249774914221896616e+01 1.244380343637581277e+01 1.431176656691060256e-01
4.150993953106558304e-02 1.236348910886582431e+01 1.230999610544810174e+01 1.440658521841063910e-01
4.205965214367971688e-02 1.223161240934116734e+01 1.217860535212158624e+01 1.450166406721651313e-01
4.261448173730697508e-02 1.210206054370622830e+01 1.204957249208279180e+01 1.459699998926268782e-01
4.317443912534813660e-02 1.197477685136047576e+01 1.192284070461866818e+01 1.469258982027132898e-01
4.373953447772969266e-02 1.184970644096041958e+01 1.179835495948967505e+01 1.478843035581019483e-01
4.430977731037063355e-02 1.172679612346470357e+01 1.167606194761481042e+01 1.488451835135598811e-01
4.488517647467828164e-02 1.160599434814193920e+01 1.155591001456093281e+01 1.498085052236325376e-01
4.546574014707640415e-02 1.148725114139102210e+01 1.143784909719849630e+01 1.507742354433879994e-01
4.605147581856964406e-02 1.137051804823539491e+01 1.132183066343299593e+01 1.517423405292168959e-01
4.664239028434769702e-02 1.125574807635809726e+01 1.120780765443674021e+01 1.527127864396883028e-01
4.723848963343287716e-02 1.114289564254860210e+01 1.109573442955885092e+01 1.536855387364615966e-01
4.783977923837519353e-02 1.103191652144726653e+01 1.098556671368982585e+01 1.546605625852550681e-01
4.844626374499814286e-02 1.092276779647045082e+01 1.087726154686645508e+01 1.556378227568706030e-01
4.905794706219946538e-02 1.081540781281385932e+01 1.077077723624752181e+01 1.566172836282756220e-01
4.967483235181049256e-02 1.070979613243225437e+01 1.066607330988564151e+01 1.575989091837416423e-01
5.029692201851782007e-02 1.060589349089825895e+01 1.056311047272094505e+01 1.585826630160400152e-01
5.092421769985162883e-02 1.050366175605603658e+01 1.046185056433341032e+01 1.595685083276954519e-01
5.155672025624392224e-02 1.040306388837744933e+01 1.036225651840188711e+01 1.605564079322963633e-01
5.219442976116116240e-02 1.030406390294674246e+01 1.026429232423932980e+01 1.615463242558634605e-01
5.283734549131490627e-02 1.020662683299565288e+01 1.016792298941186523e+01 1.625382193382758078e-01
5.348546591695462621e-02 1.011071869491171782e+01 1.007311450400867869e+01 1.635320548347549974e-01
5.413878869224651030e-02 1.001630645465803937e+01 9.979833806801480023e+00 1.645277920174073594e-01
5.479731064574244054e-02 9.923357995538131249e+00 9.888048752334725577e+00 1.655253917768244321e-01
5.546102777094303465e-02 9.831842087239889949e+00 9.797728079417728608e+00 1.665248146237416349e-01
5.612993521695886640e-02 9.741728356105856079e+00 9.708841381088976874e+00 1.675260206907554783e-01
5.680402727927379852e-02 9.652987256571309516e+00 9.621359075490699908e+00 1.685289697340991155e-01
5.748329739061483479e-02 9.565590043717055124e+00 9.535252378086205738e+00 1.695336211354769029e-01
5.816773811193196725e-02 9.479508746890005000e+00 9.450493274931410781e+00 1.705399339039568862e-01
5.885734112349284841e-02 9.394716144340517161e+00 9.367054497041825911e+00 1.715478666779229333e-01
5.955209721609568130e-02 9.311185738835746406e+00 9.284909495679361413e+00 1.725573777270848486e-01
6.025199628240499733e-02 9.228891734200827202e+00 9.204032418355241774e+00 1.735684249545478286e-01
6.095702730841392331e-02 9.147809012749918978e+00 9.124398086394721830e+00 1.745809658989403157e-01
6.166717836503766287e-02 9.067913113573435879e+00 9.045981972809439497e+00 1.755949577366013870e-01
6.238243659984158557e-02 8.989180211632721296e+00 8.968760180866107490e+00 1.766103572838263469e-01
6.310278822890859340e-02 8.911587097637921673e+00 8.892709424269378715e+00 1.776271209991714672e-01
6.382821852884972003e-02 8.835111158674317622e+00 8.817807007403716923e+00 1.786452049858177904e-01
6.455871182896193161e-02 8.759730359538535183e+00 8.744030806220790097e+00 1.796645649939936362e-01
6.529425150353736218e-02 8.685423224760596028e+00 8.671359250290931797e+00 1.806851564234557839e-01
6.603481996432809809e-02 8.612168821282205400e+00 8.599771305531668020e+00 1.817069343260296344e-01
6.678039865317046686e-02 8.539946741764747884e+00 8.529246457081743671e+00 1.827298534082081316e-01
6.753096803477312560e-02 8.468737088494298959e+00 8.459764693012617798e+00 1.837538680338091923e-01
6.828650758967268197e-02 8.398520457868183797e+00 8.391306489084970011e+00 1.847789322266917555e-01
6.904699580736138598e-02 8.329277925434846352e+00 8.323852793324499899e+00 1.858049996735305631e-01
6.981241017959029238e-02 8.260991031460553913e+00 8.257385011560728572e+00 1.868320237266490325e-01
7.058272719385252914e-02 8.193641767010129584e+00 8.191884993535152759e+00 1.878599574069106104e-01
7.135792232705033544e-02 8.127212560512671047e+00 8.127335019233322910e+00 1.888887534066683582e-01
7.213797003934982466e-02 8.061686264798185064e+00 8.063717786043987701e+00 1.899183640927725458e-01
7.292284376822759373e-02 7.997046144584519567e+00 8.001016395989204000e+00 1.909487415096360330e-01
7.371251592271298170e-02 7.933275864394299326e+00 7.939214343559882536e+00 1.919798373823576598e-01
7.450695787782994628e-02 7.870359476889053241e+00 7.878295504310628417e+00 1.930116031199030635e-01
7.530613996924243048e-02 7.808281411603364752e+00 7.818244123266688383e+00 1.940439898183430323e-01
7.611003148810695229e-02 7.747026464057832129e+00 7.759044803945283064e+00 1.950769482641490360e-01
7.691860067613646990e-02 7.686579785244088470e+00 7.700682498213503813e+00 1.961104289375458776e-01
7.773181472087893618e-02 7.626926871464120516e+00 7.643142495699761341e+00 1.971443820159211879e-01
7.854963975121466435e-02 7.568053554505194569e+00 7.586410414046448558e+00 1.981787573772914035e-01
7.937204083307600189e-02 7.509945992147768479e+00 7.530472189713059095e+00 1.992135046038244761e-01
8.019898196539280988e-02 7.452590658985462468e+00 7.475314068433686288e+00 2.002485729854183161e-01
8.103042607626793903e-02 7.395974337546730837e+00 7.420922596460852283e+00 2.012839115233355514e-01
8.186633501938547774e-02 7.340084109710224070e+00 7.367284612133828681e+00 2.023194689338936036e-01
8.270666957065597735e-02 7.284907348399602078e+00 7.314387237460586277e+00 2.033551936522103865e-01
8.355138942510186018e-02 7.230431709547829655e+00 7.262217870111379092e+00 2.043910338360049872e-01
8.440045319398631340e-02 7.176645124321812119e+00 7.210764175755733696e+00 2.054269373694529721e-01
8.525381840218937413e-02 7.123535791597597644e+00 7.160014080541689196e+00 2.064628518670966195e-01
8.611144148583423086e-02 7.071092170675905564e+00 7.109955763889058034e+00 2.074987246778088323e-01
8.697327779016716942e-02 7.019302974230873460e+00 7.060577651457713877e+00 2.085345028888111463e-01
8.783928156769428564e-02 6.968157161481141060e+00 7.011868408318934875e+00 2.095701333297451119e-01
8.870940597657830939e-02 6.917643931577361016e+00 6.963816932573950069e+00 2.106055625767969952e-01
8.958360307929837119e-02 6.867752717198346346e+00 6.916412348990688130e+00 2.116407369568750751e-01
9.046182384157588907e-02 6.818473178346394548e+00 6.869644002694608176e+00 2.126756025518393711e-01
9.134401813156951822e-02 6.769795196335194554e+00 6.823501453400597327e+00 2.137101052027834125e-01
9.223013471934204954e-02 6.721708867966232681e+00 6.777974469748027531e+00 2.147441905143676333e-01
9.312012127660215799e-02 6.674204499883343189e+00 6.733053023520017000e+00 2.157778038592039205e-01
9.401392437672362323e-02 6.627272603099969572e+00 6.688727284517779204e+00 2.168108903822910105e-01
9.491148949504482624e-02 6.580903887696777588e+00 6.644987615219775989e+00 2.178433950055002621e-01
9.581276100945100571e-02 6.535089257676205854e+00 6.601824565639303088e+00 2.188752624321110840e-01
9.671768220124200843e-02 6.489819805976384970e+00 6.559228868805176305e+00 2.199064371513962945e-01
9.762619525628786488e-02 6.445086809635283132e+00 6.517191435793343146e+00 2.209368634432559708e-01
9.853824126647449388e-02 6.400881725097884001e+00 6.475703351038261779e+00 2.219664853829002027e-01
9.945376023144190947e-02 6.357196183664768796e+00 6.434755868182572947e+00 2.229952468455795589e-01
1.003726910606174971e-01 6.314021987077635067e+00 6.394340405894814339e+00 2.240230915113635146e-01
1.012949715755455532e-01 6.271351103235113023e+00 6.354448543215391432e+00 2.250499628699653420e-01
1.022205385125163069e-01 6.229175662030905336e+00 6.315072015797750460e+00 2.260758042256140188e-01
1.031493275254955072e-01 6.187487951320791879e+00 6.276202712337167533e+00 2.271005587019718219e-01
1.040812731893567683e-01 6.146280413003916365e+00 6.237832670423222758e+00 2.281241692470974969e-01
1.050163090034186009e-01 6.105545639218583176e+00 6.199954073062095894e+00 2.291465786384542513e-01
1.059543673952874077e-01 6.065276368649699990e+00 6.162559244905001954e+00 2.301677294879621027e-01
1.068953797250084409e-01 6.025465482939503126e+00 6.125640649057694453e+00 2.311875642470939962e-01
1.078392762895258455e-01 5.986106003207178894e+00 6.089190883945359900e+00 2.322060252120149437e-01
1.087859863274537875e-01 5.947191086664195936e+00 6.053202679563574051e+00 2.332230545287641565e-01
1.097354380241591376e-01 5.908714023325555509e+00 6.017668894673675162e+00 2.342385941984786724e-01
1.106875585171574333e-01 5.870668232818029075e+00 5.982582514006775654e+00 2.352525860826586435e-01
1.116422739018234495e-01 5.833047261277188866e+00 5.947936645031379754e+00 2.362649719084733979e-01
1.125995092374165174e-01 5.795844778330837777e+00 5.913724515038198959e+00 2.372756932741073299e-01
1.135591885534224521e-01 5.759054574167593366e+00 5.879939468598644581e+00 2.382846916541455640e-01
1.145212348562123228e-01 5.722670556688862042e+00 5.846574965028643156e+00 2.392919084049984491e-01
1.154855701360186504e-01 5.686686748739918862e+00 5.813624575488542945e+00 2.402972847703638282e-01
1.164521153742301973e-01 5.651097285415340288e+00 5.781081980637060802e+00 2.413007618867273607e-01
1.174207905510051136e-01 5.615896411442859559e+00 5.748940968258615669e+00 2.423022807888992047e-01
1.183915146532032586e-01 5.581078478635792095e+00 5.717195430777375798e+00 2.433017824155869757e-01
1.193642056826378361e-01 5.546637943417759509e+00 5.685839363232240373e+00 2.442992076150041769e-01
1.203387806646463443e-01 5.512569364414862783e+00 5.654866860659848449e+00 2.452944971505132965e-01
1.213151556569811440e-01 5.478867400110175367e+00 5.624272116345278683e+00 2.462875917063029330e-01
1.222932457590188982e-01 5.445526806568564915e+00 5.594049419602892037e+00 2.472784318930978942e-01
1.232729651212898792e-01 5.412542435215031311e+00 5.564193153584851004e+00 2.482669582539024367e-01
1.242542269553254947e-01 5.379909230679510657e+00 5.534697793751331751e+00 2.492531112697748130e-01
1.252369435438243084e-01 5.347622228696398139e+00 5.505557905453126288e+00 2.502368313656327947e-01
1.262210262511360703e-01 5.315676554058984316e+00 5.476768142544411688e+00 2.512180589160899480e-01
1.272063855340626881e-01 5.284067418633468627e+00 5.448323245367491907e+00 2.521967342513208310e-01
1.281929309529755145e-01 5.252790119418611070e+00 5.420218038918886982e+00 2.531727976629554178e-01
1.291805711832482439e-01 5.221840036663019546e+00 5.392447431659035395e+00 2.541461894100010555e-01
1.301692140270040987e-01 5.191212632029738039e+00 5.365006413317650491e+00 2.551168497247918721e-01
1.311587664251761265e-01 5.160903446806716310e+00 5.337890053409137359e+00 2.560847188189643853e-01
1.321491344698798587e-01 5.130908100167275165e+00 5.311093500157340941e+00 2.570497368894586465e-01
1.331402234170959153e-01 5.101222287476516293e+00 5.284611978562486989e+00 2.580118441245439209e-01
1.341319376996624735e-01 5.071841778637534937e+00 5.258440788908860242e+00 2.589709807098687921e-01
1.351241809405743788e-01 5.042762416484369403e+00 5.232575305815514000e+00 2.599270868345336383e-01
1.361168559665884292e-01 5.013980115216178035e+00 5.207010976476259323e+00 2.608801026971858117e-01
1.371098648221322769e-01 4.985490858868736552e+00 5.181743319304176865e+00 2.618299685121360243e-01
1.381031087835150328e-01 4.957290699827870739e+00 5.156767922974956342e+00 2.627766245154951052e-01
1.390964883734376045e-01 4.929375757380737966e+00 5.132080445023128767e+00 2.637200109713307428e-01
1.400899033758006840e-01 4.901742216302896971e+00 5.107676610390464944e+00 2.646600681778427111e-01
1.410832528508070560e-01 4.874386325480446480e+00 5.083552210613950351e+00 2.655967364735559721e-01
1.420764351503573386e-01 4.847304396570751628e+00 5.059703102703036137e+00 2.665299562435312075e-01
1.430693479337349916e-01 4.820492802693344458e+00 5.036125207471356724e+00 2.674596679255911713e-01
1.440618881835788179e-01 4.793947977152941853e+00 5.012814508924980927e+00 2.683858120165620864e-01
1.450539522221396538e-01 4.767666412198978243e+00 4.989767053357089921e+00 2.693083290785300288e-01
1.460454357278185566e-01 4.741644657812674524e+00 4.966978947910358322e+00 2.702271597451101348e-01
1.470362337519830476e-01 4.715879320524502205e+00 4.944446359645239042e+00 2.711422447277286873e-01
1.480262407360586341e-01 4.690367062261270981e+00 4.922165514867523406e+00 2.720535248219168034e-01
1.490153505288916713e-01 4.665104599223733217e+00 4.900132697982379604e+00 2.729609409136146692e-01
1.500034564043808138e-01 4.640088700788223441e+00 4.878344250307036667e+00 2.738644339854856002e-01
1.509904510793727561e-01 4.615316188436842992e+00 4.856796569678388131e+00 2.747639451232391505e-01
1.519762267318192916e-01 4.590783934716138326e+00 4.835486109435110258e+00 2.756594155219618814e-01
1.529606750191911391e-01 4.566488862217719991e+00 4.814409377200123075e+00 2.765507864924552361e-01
1.539436870971451210e-01 4.542427942584331468e+00 4.793562934434199896e+00 2.774379994675793548e-01
1.549251536384405881e-01 4.518598195542279150e+00 4.772943395756727547e+00 2.783209960086020507e-01
1.559049648521005915e-01 4.494996687955924664e+00 4.752547427600075203e+00 2.791997178115520617e-01
1.568830105028138910e-01 4.471620532901992462e+00 4.732371747696907605e+00 2.800741067135749107e-01
1.578591799305733012e-01 4.448466888771036132e+00 4.712413124748432658e+00 2.809441046992918189e-01
1.588333620705457139e-01 4.425532958388586735e+00 4.692668377147257708e+00 2.818096539071592299e-01
1.598054454731694940e-01 4.402815988154936910e+00 4.673134372279550419e+00 2.826706966358287776e-01
1.607753183244739204e-01 4.380313267207848860e+00 4.653808026200826120e+00 2.835271753505066994e-01
1.617428684666169791e-01 4.358022126605413327e+00 4.634686302724992935e+00 2.843790326893114728e-01
1.627079834186351270e-01 4.335939938526137460e+00 4.615766212565839410e+00 2.852262114696290651e-01
1.636705503974009990e-01 4.314064115488518425e+00 4.597044812954153237e+00 2.860686546944640196e-01
1.646304563387837039e-01 4.292392109590259075e+00 4.578519207003744818e+00 2.869063055587866562e-01
1.655875879190061850e-01 4.270921411763933584e+00 4.560186543012410887e+00 2.877391074558741657e-01
1.665418315761944823e-01 4.249649551050791452e+00 4.542044013651309164e+00 2.885670039836454315e-01
1.674930735321134845e-01 4.228574093889124974e+00 4.524088855565648437e+00 2.893899389509883013e-01
1.684411998140835365e-01 4.207692643422896062e+00 4.506318348893975312e+00 2.902078563840782000e-01
1.693860962770722955e-01 4.187002838823258521e+00 4.488729816407827755e+00 2.910207005326874707e-01
1.703276486259556743e-01 4.166502354626646643e+00 4.471320623096159963e+00 2.918284158764835601e-01
1.712657424379434024e-01 4.146188900088110252e+00 4.454088175509540726e+00 2.926309471313170985e-01
1.722002631851610177e-01 4.126060218548570191e+00 4.437029921440222680e+00 2.934282392554958263e-01
1.731310962573845424e-01 4.106114086818940301e+00 4.420143349150635004e+00 2.942202374560463074e-01
1.740581269849202917e-01 4.086348314573951868e+00 4.403425986729016195e+00 2.950068871949604876e-01
1.749812406616240712e-01 4.066760743763079056e+00 4.386875402011061631e+00 2.957881341954271548e-01
1.759003225680537408e-01 4.047349248034431746e+00 4.370489201705880511e+00 2.965639244480469117e-01
1.768152579947482039e-01 4.028111732169177728e+00 4.354265030976648632e+00 2.973342042170293298e-01
1.777259322656270513e-01 4.009046131531572854e+00 4.338200572804762345e+00 2.980989200463723954e-01
1.786322307615036686e-01 3.990150411527143781e+00 4.322293547613449860e+00 2.988580187660218046e-01
1.795340389437059536e-01 3.971422567077774080e+00 4.306541713194354415e+00 2.996114474980102749e-01
1.804312423777973684e-01 3.952860622106322275e+00 4.290942863589465972e+00 3.003591536625755953e-01
1.813237267573917511e-01 3.934462629029976455e+00 4.275494828670599823e+00 3.011010849842555293e-01
1.822113779280553625e-01 3.916226668267621225e+00 4.260195474020251005e+00 3.018371894979604564e-01
1.830940819112891471e-01 3.898150847757410720e+00 4.245042700412628989e+00 3.025674155550207023e-01
1.839717249285839074e-01 3.880233302484876301e+00 4.230034443211097006e+00 3.032917118292089986e-01
1.848441934255422858e-01 3.862472194020049709e+00 4.215168671807984602e+00 3.040100273227367422e-01
1.857113740960594506e-01 3.844865710064903741e+00 4.200443389439521447e+00 3.047223113722224985e-01
1.865731539065563216e-01 3.827412064011912474e+00 4.185856632796760124e+00 3.054285136546326940e-01
1.874294201202574839e-01 3.810109494510895090e+00 4.171406471214418765e+00 3.061285841931928320e-01
1.882800603215071811e-01 3.792956265043490482e+00 4.157091006376002262e+00 3.068224733632684553e-01
1.891249624401154239e-01 3.775950663509113348e+00 4.142908372144778362e+00 3.075101318982151888e-01
1.899640147757280517e-01 3.759091001818870126e+00 4.128856734013012009e+00 3.081915108951965299e-01
1.907971060222117543e-01 3.742375615497793184e+00 4.114934288452939626e+00 3.088665618209680552e-01
1.916241252920486138e-01 3.725802863293887324e+00 4.101139262640415950e+00 3.095352365176286535e-01
1.924449621407312294e-01 3.709371126797694984e+00 4.087469914218896605e+00 3.101974872083357315e-01
1.932595065911514032e-01 3.693078810068465501e+00 4.073924530669898125e+00 3.108532665029848374e-01
1.940676491579757801e-01 3.676924339267674480e+00 4.060501428985416439e+00 3.115025274038525360e-01
1.948692808719993674e-01 3.660906162300852529e+00 4.047198955191151803e+00 3.121452233112012031e-01
1.956642933044709376e-01 3.645022748465305718e+00 4.034015483982885009e+00 3.127813080288454062e-01
1.964525785913817102e-01 3.629272588106564612e+00 4.020949418521382768e+00 3.134107357696778728e-01
1.972340294577102082e-01 3.613654192281409827e+00 4.007999189628369763e+00 3.140334611611557136e-01
1.980085392416160162e-01 3.598166092425101770e+00 3.995163255706088101e+00 3.146494392507445670e-01
1.987760019185737526e-01 3.582806840029893802e+00 3.982440102428202788e+00 3.152586255113202784e-01
1.995363121254412897e-01 3.567575006325712561e+00 3.969828241803546653e+00 3.158609758465275030e-01
2.002893651844528666e-01 3.552469181967548018e+00 3.957326212377967334e+00 3.164564465960938988e-01
2.010350571271309339e-01 3.537487976732501593e+00 3.944932578874510654e+00 3.170449945410989678e-01
2.017732847181082922e-01 3.522630019219269215e+00 3.932645931108567972e+00 3.176265769091971558e-01
2.025039454788531701e-01 3.507893956552088799e+00 3.920464884269565964e+00 3.182011513797939894e-01
2.032269377112895237e-01 3.493278454096191865e+00 3.908388078510760089e+00 3.187686760891740301e-01
2.039421605213054545e-01 3.478782195172557046e+00 3.896414177892974617e+00 3.193291096355806991e-01
2.046495138421412507e-01 3.464403880779622913e+00 3.884541871037952454e+00 3.198824110842461432e-01
2.053488984576503640e-01 3.450142229325600329e+00 3.872769870081722576e+00 3.204285399723706962e-01
2.060402160254254378e-01 3.435995976355813664e+00 3.861096909990012982e+00 3.209674563140517689e-01
2.067233690997817008e-01 3.421963874293056040e+00 3.849521749276017868e+00 3.214991206051594497e-01
2.073982611545905630e-01 3.408044692182003121e+00 3.838043168746750666e+00 3.220234938281604231e-01
2.080647966059555598e-01 3.394237215433104193e+00 3.826659971139060534e+00 3.225405374568873773e-01
2.087228808347237063e-01 3.380540245576401315e+00 3.815370981150467244e+00 3.230502134612541210e-01
2.093724202088242670e-01 3.366952600017115049e+00 3.804175044982278209e+00 3.235524843119151894e-01
2.100133221054282240e-01 3.353473111797700579e+00 3.793071029806992289e+00 3.240473129848697176e-01
2.106454949329203130e-01 3.340100629360904794e+00 3.782057823551116638e+00 3.245346629660076365e-01
2.112688481526773521e-01 3.326834016321238874e+00 3.771134334397860499e+00 3.250144982555988604e-01
2.118832923006445657e-01 3.313672151235281138e+00 3.760299490387976284e+00 3.254867833727235760e-01
2.124887390087036310e-01 3.300613927380951385e+00 3.749552239498217254e+00 3.259514833596433014e-01
2.130851010258247025e-01 3.287658252538466996e+00 3.738891548571407597e+00 3.264085637861119937e-01
2.136722922389955037e-01 3.274804048772505638e+00 3.728316403639347243e+00 3.268579907536264262e-01
2.142502276939206862e-01 3.262050252225130453e+00 3.717825809208044952e+00 3.272997308996149490e-01
2.148188236154842667e-01 3.249395812902719616e+00 3.707418787804912519e+00 3.277337514015639663e-01
2.153779974279681764e-01 3.236839694475407203e+00 3.697094380006650027e+00 3.281600199810819074e-01
2.159276677750204543e-01 3.224380874073323078e+00 3.686851643581067428e+00 3.285785049078990272e-01
2.164677545393658697e-01 3.212018342089480338e+00 3.676689653690848658e+00 3.289891750038030360e-01
2.169981788622527552e-01 3.199751101986192392e+00 3.666607502117724682e+00 3.293919996465098921e-01
2.175188631626290559e-01 3.187578170101540653e+00 3.656604297211168308e+00 3.297869487734688132e-01
2.180297311560412676e-01 3.175498575464013040e+00 3.646679163441871818e+00 3.301739928856006201e-01
2.185307078732499908e-01 3.163511359604350037e+00 3.636831240541046117e+00 3.305531030509696877e-01
2.190217196785551323e-01 3.151615576372839289e+00 3.627059684055630839e+00 3.309242509083877293e-01
2.195026942878254284e-01 3.139810291762811012e+00 3.617363664809265078e+00 3.312874086709495236e-01
2.199735607862251252e-01 3.128094583732253131e+00 3.607742367874190226e+00 3.316425491294995864e-01
2.204342496456325740e-01 3.116467542028424909e+00 3.598194992835967998e+00 3.319896456560298970e-01
2.208846927417439654e-01 3.104928268018808168e+00 3.588720753489344606e+00 3.323286722070065147e-01
2.213248233708571544e-01 3.093475874521166791e+00 3.579318877044956437e+00 3.326596033266266406e-01
2.217545762663291342e-01 3.082109485636729040e+00 3.569988604375812002e+00 3.329824141500036805e-01
2.221738876147016095e-01 3.070828236589025817e+00 3.560729189330419597e+00 3.332970804062808101e-01
2.225826950714893948e-01 3.059631273559665132e+00 3.551539898313393451e+00 3.336035784216720423e-01
2.229809377766260037e-01 3.048517753531462926e+00 3.542420010290535437e+00 3.339018851224308526e-01
2.233685563695606557e-01 3.037486844131016550e+00 3.533368816290974657e+00 3.341919780377445304e-01
2.237454930040023160e-01 3.026537723475345221e+00 3.524385619179773776e+00 3.344738353025556998e-01
2.241116913623047435e-01 3.015669580019549656e+00 3.515469732897638533e+00 3.347474356603085122e-01
2.244670966694882752e-01 3.004881612405067237e+00 3.506620482787270898e+00 3.350127584656204527e-01
2.248116557068930432e-01 2.994173029315771117e+00 3.497837205118606629e+00 3.352697836868788195e-01
2.251453168254587134e-01 2.983543049329348662e+00 3.489119246308602484e+00 3.355184919087610407e-01
2.254680299586268311e-01 2.972990900774619139e+00 3.480465963177747479e+00 3.357588643346790525e-01
2.257797466348603899e-01 2.962515821590531839e+00 3.471876722346370681e+00 3.359908827891467942e-01
2.260804199897767652e-01 2.952117059185550563e+00 3.463350900096769269e+00 3.362145297200708205e-01
2.263700047778897384e-01 2.941793870301589564e+00 3.454887881898602409e+00 3.364297882009630869e-01
2.266484573839560868e-01 2.931545520876086552e+00 3.446487061919436545e+00 3.366366419330760196e-01
2.269157358339235764e-01 2.921371285908497928e+00 3.438147843545805937e+00 3.368350752474596477e-01
2.271717998054752496e-01 2.911270449331134991e+00 3.429869638408472365e+00 3.370250731069390771e-01
2.274166106381678709e-01 2.901242303874898898e+00 3.421651865842318063e+00 3.372066211080143039e-01
2.276501313431594786e-01 2.891286150942135702e+00 3.413493953330173802e+00 3.373797054826797592e-01
2.278723266125235181e-01 2.881401300480346261e+00 3.405395335796983947e+00 3.375443131001643060e-01
2.280831628281461687e-01 2.871587070855767365e+00 3.397355455344407194e+00 3.377004314685917996e-01
2.282826080702031468e-01 2.861842788730504683e+00 3.389373761208317681e+00 3.378480487365608242e-01
2.284706321252141237e-01 2.852167788940806137e+00 3.381449709175642582e+00 3.379871536946442157e-01
2.286472064936703463e-01 2.842561414375459616e+00 3.373582761402886820e+00 3.381177357768077596e-01
2.288123043972344062e-01 2.833023015857774940e+00 3.365772386389500603e+00 3.382397850617475665e-01
2.289659007855084083e-01 2.823551952028529044e+00 3.358018058388145821e+00 3.383532922741467885e-01
2.291079723423686265e-01 2.814147589228945812e+00 3.350319257294864794e+00 3.384582487858499578e-01
2.292384974918645624e-01 2.804809301387567455e+00 3.342675468316028908e+00 3.385546466169565005e-01
2.293574564036797991e-01 2.795536469905661736e+00 3.335086181890443591e+00 3.386424784368315399e-01
2.294648309981532630e-01 2.786328483548069723e+00 3.327550893603969495e+00 3.387217375650352635e-01
2.295606049508588098e-01 2.777184738332393543e+00 3.320069103033535196e+00 3.387924179721698015e-01
2.296447636967414718e-01 2.768104637417072578e+00 3.312640314464455837e+00 3.388545142806433375e-01
2.297172944338091993e-01 2.759087590999229622e+00 3.305264036625816804e+00 3.389080217653524518e-01
2.297781861263783199e-01 2.750133016205178471e+00 3.297939781671964443e+00 3.389529363542808649e-01
2.298274295078722440e-01 2.741240336986206838e+00 3.290667065727074903e+00 3.389892546290164121e-01
2.298650170831714190e-01 2.732408984016405640e+00 3.283445408388451447e+00 3.390169738251843090e-01
2.298909431305149464e-01 2.723638394589362299e+00 3.276274332485120677e+00 3.390360918327980366e-01
2.299052037029520046e-01 2.714928012518430300e+00 3.269153363768152243e+00 3.390466071965269057e-01
2.299077966293433528e-01 2.706277288035352502e+00 3.262082030742826877e+00 3.390485191158806311e-01
2.298987215149123631e-01 2.697685677693314688e+00 3.255059864884874976e+00 3.390418274453111946e-01
2.298779797413449677e-01 2.689152644270552450e+00 3.248086399916284339e+00 3.390265326942309976e-01
2.298455744664392453e-01 2.680677656672663112e+00 3.241161171480301029e+00 3.390026360269483563e-01
2.298015106233041172e-01 2.672260189837874389e+00 3.234283717591274865e+00 3.389701392625197873e-01
2.297457949191076820e-01 2.663899724645598432e+00 3.227453578108752108e+00 3.389290448745191919e-01
2.296784358333758269e-01 2.655595747821971830e+00 3.220670294255207899e+00 3.388793559907241071e-01
2.295994436158412810e-01 2.647347751848967423e+00 3.213933408920958801e+00 3.388210763927188562e-01
2.295088302838442507e-01 2.639155234875127931e+00 3.207242466409661930e+00 3.387542105154150440e-01
2.294066096192855231e-01 2.631017700626443467e+00 3.200597011888357102e+00 3.386787634464888397e-01
2.292927971651326502e-01 2.622934658317059409e+00 3.193996591575972932e+00 3.385947409257360485e-01
2.291674102214814879e-01 2.614905622564513088e+00 3.187440752691072632e+00 3.385021493443442497e-01
2.290304678411729800e-01 2.606930113303247420e+00 3.180929042667914430e+00 3.384009957440824445e-01
2.288819908249684343e-01 2.599007655698302610e+00 3.174461009649940824e+00 3.382912878164086035e-01
2.287220017162835128e-01 2.591137780064848961e+00 3.168036202520835509e+00 3.381730339014951126e-01
2.285505247954837671e-01 2.583320021785008525e+00 3.161654169930365743e+00 3.380462429871716190e-01
2.283675860737433838e-01 2.575553921224585263e+00 3.155314460514498265e+00 3.379109247077869971e-01
2.281732132864693063e-01 2.567839023654138408e+00 3.149016623151660088e+00 3.377670893429889354e-01
2.279674358862930905e-01 2.560174879170062923e+00 3.142760206409746182e+00 3.376147478164224780e-01
2.277502850356329656e-01 2.552561042615207665e+00 3.136544758555061652e+00 3.374539116943475192e-01
2.275217935988288198e-01 2.544997073502797136e+00 3.130369827491257695e+00 3.372845931841749745e-01
2.272819961338529426e-01 2.537482535939400208e+00 3.124234960431080843e+00 3.371068051329229043e-01
2.270309288835988537e-01 2.530016998549616591e+00 3.118139704222111064e+00 3.369205610255916472e-01
2.267686297667524109e-01 2.522600034403592151e+00 3.112083604927285752e+00 3.367258749834592391e-01
2.264951383682473340e-01 2.515231220941815948e+00 3.106066207448619831e+00 3.365227617622969514e-01
2.262104959293090023e-01 2.507910139903021918e+00 3.100087055982242656e+00 3.363112367505053935e-01
2.259147453370900782e-01 2.500636377254151554e+00 3.094145694000541180e+00 3.360913159671714001e-01
2.256079311139015942e-01 2.493409523120596827e+00 3.088241663557705685e+00 3.358630160600460934e-01
2.252900994060429152e-01 2.486229171714535724e+00 3.082374505521825458e+00 3.356263543034447849e-01
2.249612979722348804e-01 2.479094921268952589e+00 3.076543759747126572e+00 3.353813485960682184e-01
2.246215761716603698e-01 2.472006373969288351e+00 3.070748964610523934e+00 3.351280174587469296e-01
2.242709849516156539e-01 2.464963135887091816e+00 3.064989657281784741e+00 3.348663800321074469e-01
2.239095768347780513e-01 2.457964816915502837e+00 3.059265373445292813e+00 3.345964560741626070e-01
2.235374059060930008e-01 2.451011030703513338e+00 3.053575647318086173e+00 3.343182659578242122e-01
2.231545277992864063e-01 2.444101394593763743e+00 3.047920011685604447e+00 3.340318306683409677e-01
2.227609996830061112e-01 2.437235529559150571e+00 3.042297997595272196e+00 3.337371718006597043e-01
2.223568802465976102e-01 2.430413060140987014e+00 3.036709134669724364e+00 3.334343115567124927e-01
2.219422296855188825e-01 2.423633614389496316e+00 3.031152951208608837e+00 3.331232727426281515e-01
2.215171096863997879e-01 2.416896823804585814e+00 3.025628973424766333e+00 3.328040787658707589e-01
2.210815834117505763e-01 2.410202323273956448e+00 3.020136725701208391e+00 3.324767536323032791e-01
2.206357154843252844e-01 2.403549751017384217e+00 3.014675731288094962e+00 3.321413219431792463e-01
2.201795719711453214e-01 2.396938748530722307e+00 3.009245511685276320e+00 3.317978088920610635e-01
2.197132203671887385e-01 2.390368960528534537e+00 3.003845586316147287e+00 3.314462402616665249e-01
2.192367295787508441e-01 2.383840034888141446e+00 2.998475473168242367e+00 3.310866424206440617e-01
2.187501699064819116e-01 2.377351622597756897e+00 2.993134688627244522e+00 3.307190423202766572e-01
2.182536130281077513e-01 2.370903377701354398e+00 2.987822746991442457e+00 3.303434674911158164e-01
2.177471319808391426e-01 2.364494957245853790e+00 2.982539161279436968e+00 3.299599460395452044e-01
2.172308011434763153e-01 2.358126021232320291e+00 2.977283442875930053e+00 3.295685066442759492e-01
2.167046962182143099e-01 2.351796232562808786e+00 2.972055100987085474e+00 3.291691785527727232e-01
2.161688942121555712e-01 2.345505256990203957e+00 2.966853643583307942e+00 3.287619915776119339e-01
2.156234734185364377e-01 2.339252763072053209e+00 2.961678577251290800e+00 3.283469760927732461e-01
2.150685133976732166e-01 2.333038422121144873e+00 2.956529406645442393e+00 3.279241630298636578e-01
2.145040949576349776e-01 2.326861908157860537e+00 2.951405634892297236e+00 3.274935838742760730e-01
2.139303001346493649e-01 2.320722897864601286e+00 2.946306763765220715e+00 3.270552706612823712e-01
2.133472121732480353e-01 2.314621070540646475e+00 2.941232293579579604e+00 3.266092559720621402e-01
2.127549155061584651e-01 2.308556108057489009e+00 2.936181722985242715e+00 3.261555729296668482e-01
2.121534957339491767e-01 2.302527694814006765e+00 2.931154549643455010e+00 3.256942551949214004e-01
2.115430396044347683e-01 2.296535517697057216e+00 2.926150269949240545e+00 3.252253369622628010e-01
2.109236349918481301e-01 2.290579266036456119e+00 2.921168378624888984e+00 3.247488529555170866e-01
2.102953708757864804e-01 2.284658631564744802e+00 2.916208369315344662e+00 3.242648384236151426e-01
2.096583373199385758e-01 2.278773308376847773e+00 2.911269734672961462e+00 3.237733291362481780e-01
2.090126254506000647e-01 2.272922992891649674e+00 2.906351966437950463e+00 3.232743613794635817e-01
2.083583274349839198e-01 2.267107383813396826e+00 2.901454555126643520e+00 3.227679719512020484e-01
2.076955364593338627e-01 2.261326182092823878e+00 2.896576990237190952e+00 3.222541981567764169e-01
2.070243467068469956e-01 2.255579090890983629e+00 2.891718760566736268e+00 3.217330778042933881e-01
2.063448533354139691e-01 2.249865815543359293e+00 2.886879354228791605e+00 3.212046492000185660e-01
2.056571524551834562e-01 2.244186063524992392e+00 2.882058258504785364e+00 3.206689511436860984e-01
2.049613411059583445e-01 2.238539544414953841e+00 2.877254960102202830e+00 3.201260229237529176e-01
2.042575172344313350e-01 2.232925969864083537e+00 2.872468945257658834e+00 3.195759043125993570e-01
2.035457796712672740e-01 2.227345053561142763e+00 2.867699699720124062e+00 3.190186355616763114e-01
2.028262281080393525e-01 2.221796511201592494e+00 2.862946708785235383e+00 3.184542573965995493e-01
2.020989630740274712e-01 2.216280060455019463e+00 2.858209457711754720e+00 3.178828110121931783e-01
2.013640859128856264e-01 2.210795420937285982e+00 2.853487431703047861e+00 3.173043380674818725e-01
2.006216987591858680e-01 2.205342314178860619e+00 2.848780115361624343e+00 3.167188806806328083e-01
1.998719045148471540e-01 2.199920463595037567e+00 2.844086993717721334e+00 3.161264814238496923e-01
1.991148068254556258e-01 2.194529594460915778e+00 2.839407551972874977e+00 3.155271833182171637e-01
1.983505100564846857e-01 2.189169433881142268e+00 2.834741275548816830e+00 3.149210298284989551e-01
1.975791192694222598e-01 2.183839710766161790e+00 2.830087650222933959e+00 3.143080648578892577e-01
1.968007401978127124e-01 2.178540155803597500e+00 2.825446161846536963e+00 3.136883327427182899e-01
1.960154792232211007e-01 2.173270501433921531e+00 2.820816297160731789e+00 3.130618782471135675e-01
1.952234433511274569e-01 2.168030481827163847e+00 2.816197543586711927e+00 3.124287465576170986e-01
1.944247401867588154e-01 2.162819832858298152e+00 2.811589389224699254e+00 3.117889832777601677e-01
1.936194779108658670e-01 2.157638292084813170e+00 2.806991323063166899e+00 3.111426344225955432e-01
1.928077652554530952e-01 2.152485598724066307e+00 2.802402835264134584e+00 3.104897464131892160e-01
1.919897114794685833e-01 2.147361493633215268e+00 2.797823416774174010e+00 3.098303660710716723e-01
1.911654263444621249e-01 2.142265719285250558e+00 2.793252559665534651e+00 3.091645406126502515e-01
1.903350200902184652e-01 2.137198019751594291e+00 2.788689757922949042e+00 3.084923176435828696e-01
1.894986034103735562e-01 2.132158140683090508e+00 2.784134506636614326e+00 3.078137451531149371e-01
1.886562874280212354e-01 2.127145829288990431e+00 2.779586302055439440e+00 3.071288715083793641e-01
1.878081836713176578e-01 2.122160834318991718e+00 2.775044642608492040e+00 3.064377454486617580e-01
1.869544040490909720e-01 2.117202906048410771e+00 2.770509028638197702e+00 3.057404160796303727e-01
1.860950608264639872e-01 2.112271796259436396e+00 2.765978962062740631e+00 3.050369328675332503e-01
1.852302666004961851e-01 2.107367258225186113e+00 2.761453946819576455e+00 3.043273456333625004e-01
1.843601342758535711e-01 2.102489046693988506e+00 2.756933488833724244e+00 3.036117045469867715e-01
1.834847770405130529e-01 2.097636917873914264e+00 2.752417096733492663e+00 3.028900601212534682e-01
1.826043083415082591e-01 2.092810629421489654e+00 2.747904281435371576e+00 3.021624632060609383e-01
1.817188418607248168e-01 2.088009940424578659e+00 2.743394555895204423e+00 3.014289649824024586e-01
1.808284914907512808e-01 2.083234611390406332e+00 2.738887436121353769e+00 3.006896169563818555e-01
1.799333713107934829e-01 2.078484404234379301e+00 2.734382440741335074e+00 2.999444709532028130e-01
1.790335955626589648e-01 2.073759082266338094e+00 2.729879090917945561e+00 2.991935791111324794e-01
1.781292786268184325e-01 2.069058410179500651e+00 2.725376911223652332e+00 2.984369938754396490e-01
1.772205349985513934e-01 2.064382154041854989e+00 2.720875429067665774e+00 2.976747679923101852e-01
1.763074792641824151e-01 2.059730081282548753e+00 2.716374174801290398e+00 2.969069545027384627e-01
1.753902260774151678e-01 2.055101960684378337e+00 2.711872682544190116e+00 2.961336067363979363e-01
1.744688901357706878e-01 2.050497562374972826e+00 2.707370489546525150e+00 2.953547783054903397e-01
1.735435861571363036e-01 2.045916657816381878e+00 2.702867136402909765e+00 2.945705230985750656e-01
1.726144288564324669e-01 2.041359019797857055e+00 2.698362167526497490e+00 2.937808952743800051e-01
1.716815329224030129e-01 2.036824422428344494e+00 2.693855131320903151e+00 2.929859492555940137e-01
1.707450129945360107e-01 2.032312641130574526e+00 2.689345579609379477e+00 2.921857397226428898e-01
1.698049836401211987e-01 2.027823452630957757e+00 2.684833068056782235e+00 2.913803216074493108e-01
1.688615593314501118e-01 2.023356634956317013e+00 2.680317157028065722e+00 2.905697500871779471e-01
1.679148544231653384e-01 2.018911967428593357e+00 2.675797410665941012e+00 2.897540805779664219e-01
1.669649831297647935e-01 2.014489230657122043e+00 2.671273396938153688e+00 2.889333687286437247e-01
1.660120595032669732e-01 2.010088206533972244e+00 2.666744688839179034e+00 2.881076704144363565e-01
1.650561974110431041e-01 2.005708678232797748e+00 2.662210863813154749e+00 2.872770417306638180e-01
1.640975105138219037e-01 2.001350430201450870e+00 2.657671503410044878e+00 2.864415389864238271e-01
1.631361122438729216e-01 1.997013248159405840e+00 2.653126194220568834e+00 2.856012186982689882e-01
1.621721157833735938e-01 1.992696919095496177e+00 2.648574527355911812e+00 2.847561375838750797e-01
1.612056340429659784e-01 1.988401231262917346e+00 2.644016098952770566e+00 2.839063525557027345e-01
1.602367796405081146e-01 1.984125974179863361e+00 2.639450510171948761e+00 2.830519207146527383e-01
1.592656648800258312e-01 1.979870938624742838e+00 2.634877367025581840e+00 2.821928993437164968e-01
1.582924017308697806e-01 1.975635916636201195e+00 2.630296280675195497e+00 2.813293459016227294e-01
1.573171018070828042e-01 1.971420701510083973e+00 2.625706867568395886e+00 2.804613180164804986e-01
1.563398763469829866e-01 1.967225087800402727e+00 2.621108749659418979e+00 2.795888734794206854e-01
1.553608361929668391e-01 1.963048871317601307e+00 2.616501553961509074e+00 2.787120702382360204e-01
1.543800917715376919e-01 1.958891849127450069e+00 2.611884913004943076e+00 2.778309663910213945e-01
1.533977530735639028e-01 1.954753819551849459e+00 2.607258465201148567e+00 2.769456201798142780e-01
1.524139296347711281e-01 1.950634582169735953e+00 2.602621854501553589e+00 2.760560899842377514e-01
1.514287305164736253e-01 1.946533937816301574e+00 2.597974730197873061e+00 2.751624343151455876e-01
1.504422642865485826e-01 1.942451688583062941e+00 2.593316747725149529e+00 2.742647118082716107e-01
1.494546390006576408e-01 1.938387637821304077e+00 2.588647568484936379e+00 2.733629812178833274e-01
1.484659621837198518e-01 1.934341590141342548e+00 2.583966859574966968e+00 2.724573014104410551e-01
1.474763408116402386e-01 1.930313351414756129e+00 2.579274294281267199e+00 2.715477313582643770e-01
1.464858812932971766e-01 1.926302728776235096e+00 2.574569551808462364e+00 2.706343301332049811e-01
1.454946894527933965e-01 1.922309530624548568e+00 2.569852317565446853e+00 2.697171569003289915e-01
1.445028705119729140e-01 1.918333566625939124e+00 2.565122283361779054e+00 2.687962709116077931e-01
1.435105290732087979e-01 1.914374647716137190e+00 2.560379146941042627e+00 2.678717314996197918e-01
1.425177691024639981e-01 1.910432586101494357e+00 2.555622612647828529e+00 2.669435980712629997e-01
1.415246939126293124e-01 1.906507195264415255e+00 2.550852391368044980e+00 2.660119301014799431e-01
1.405314061471410469e-01 1.902598289964209322e+00 2.546068199812178356e+00 2.650767871269955611e-01
1.395380077638820882e-01 1.898705686239020807e+00 2.541269761846190356e+00 2.641382287400690365e-01
1.385446000193685245e-01 1.894829201413356090e+00 2.536456807833720628e+00 2.631963145822605599e-01
1.375512834532251483e-01 1.890968654096708779e+00 2.531629073983700184e+00 2.622511043382135809e-01
1.365581578729524737e-01 1.887123864187936428e+00 2.526786304118117332e+00 2.613026577294541020e-01
1.355653223389874651e-01 1.883294652882640641e+00 2.521928248528400029e+00 2.603510345082072908e-01
1.345728751500607501e-01 1.879480842671828356e+00 2.517054663744423770e+00 2.593962944512322455e-01
1.335809138288525100e-01 1.875682257348216364e+00 2.512165313496289354e+00 2.584384973536765218e-01
1.325895351079492412e-01 1.871898722009591953e+00 2.507259968244789139e+00 2.574777030229503660e-01
1.315988349161032189e-01 1.868130063062785062e+00 2.502338405540345256e+00 2.565139712726220989e-01
1.306089083647972160e-01 1.864376108228756657e+00 2.497400409379045172e+00 2.555473619163355914e-01
1.296198497351154222e-01 1.860636686543369223e+00 2.492445770762022672e+00 2.545779347617497246e-01
1.286317524649229493e-01 1.856911628365214728e+00 2.487474288126061417e+00 2.536057496045022175e-01
1.276447091363552555e-01 1.853200765378382631e+00 2.482485766376345104e+00 2.526308662221970480e-01
1.266588114636189866e-01 1.849503930595529200e+00 2.477480017665983247e+00 2.516533443684178528e-01
1.256741502811050959e-01 1.845820958364396969e+00 2.472456861193714772e+00 2.506732437667661406e-01
1.246908155318166844e-01 1.842151684369795372e+00 2.467416122828853364e+00 2.496906241049277886e-01
1.237088962561108396e-01 1.838495945638259244e+00 2.462357635835174641e+00 2.487055450287657399e-01
1.227284805807571794e-01 1.834853580543448270e+00 2.457281240857120963e+00 2.477180661364418723e-01
1.217496557083128927e-01 1.831224428810622307e+00 2.452186785341508468e+00 2.467282469725678717e-01
1.207725079068152491e-01 1.827608331519156470e+00 2.447074123570321280e+00 2.457361470223858313e-01
1.197971224997924078e-01 1.824005131107105937e+00 2.441943117232048266e+00 2.447418257059798263e-01
1.188235838565927655e-01 1.820414671376356486e+00 2.436793635386829582e+00 2.437453423725187418e-01
1.178519753830332695e-01 1.816836797496890865e+00 2.431625553997688982e+00 2.427467562945314350e-01
1.168823795123670184e-01 1.813271356009579671e+00 2.426438756005196762e+00 2.417461266622146221e-01
1.159148776965703842e-01 1.809718194830706617e+00 2.421233131862024823e+00 2.407435125777747653e-01
1.149495503979493932e-01 1.806177163257178364e+00 2.416008578968249498e+00 2.397389730498040994e-01
1.139864770810655320e-01 1.802648111968212730e+00 2.410765001839050736e+00 2.387325669876918244e-01
1.130257362049807840e-01 1.799130893031244405e+00 2.405502312356921024e+00 2.377243531960711587e-01
1.120674052158214112e-01 1.795625359904648555e+00 2.400220429278476786e+00 2.367143903693028628e-01
1.111115605396600647e-01 1.792131367441179846e+00 2.394919278792167816e+00 2.357027370859957338e-01
1.101582775757165011e-01 1.788648771893193823e+00 2.389598794078735100e+00 2.346894518035658461e-01
1.092076306898742966e-01 1.785177430913844621e+00 2.384258915319706240e+00 2.336745928528327354e-01
1.082596932085152647e-01 1.781717203562223073e+00 2.378899590048741963e+00 2.326582184326563552e-01
1.073145374126690532e-01 1.778267950306034351e+00 2.373520772649301946e+00 2.316403866046128912e-01
1.063722345324775720e-01 1.774829533024232076e+00 2.368122424815058746e+00 2.306211552877115989e-01
1.054328547419730172e-01 1.771401815011694358e+00 2.362704515266059957e+00 2.296005822531521912e-01
1.044964671541685763e-01 1.767984660980352452e+00 2.357267019509496464e+00 2.285787251191245262e-01
1.035631398164602729e-01 1.764577937062615121e+00 2.351809920380766972e+00 2.275556413456500948e-01
1.026329397063388549e-01 1.761181510814839202e+00 2.346333207600765913e+00 2.265313882294668346e-01
1.017059327274100200e-01 1.757795251218521537e+00 2.340836877880514866e+00 2.255060228989572146e-01
1.007821837057216036e-01 1.754419028684099935e+00 2.335320934909795199e+00 2.244796023091202852e-01
9.986175638639614716e-02 1.751052715051909292e+00 2.329785389142474017e+00 2.234521832365888305e-01
9.894471343056684964e-02 1.747696183594836139e+00 2.324230258010121730e+00 2.224238222746912075e-01
9.803111641261531839e-02 1.744349309020081007e+00 2.318655565912062233e+00 2.213945758285592313e-01
9.712102581770903909e-02 1.741011967471593369e+00 2.313061344205477265e+00 2.203645001102821077e-01
9.621450103963680167e-02 1.737684036531599086e+00 2.307447630560795382e+00 2.193336511341075490e-01
9.531160037893957049e-02 1.734365395219927164e+00 2.301814469600639068e+00 2.183020847116897978e-01
9.441238104133506392e-02 1.731055923998304547e+00 2.296161912951355522e+00 2.172698564473855565e-01
9.351689913643344843e-02 1.727755504769697525e+00 2.290490018603182243e+00 2.162370217335984335e-01
9.262520967674214845e-02 1.724464020879548087e+00 2.284798851424119981e+00 2.152036357461719895e-01
9.173736657695681640e-02 1.721181357117265165e+00 2.279088482671464799e+00 2.141697534398319391e-01
9.085342265353661684e-02 1.717907399715072891e+00 2.273358990086196574e+00 2.131354295436784230e-01
8.997342962456066073e-02 1.714642036349776966e+00 2.267610458259555539e+00 2.121007185567279629e-01
8.909743810986335555e-02 1.711385156143066633e+00 2.261842978064787957e+00 2.110656747435064873e-01
8.822549763144567347e-02 1.708136649660556117e+00 2.256056646647885078e+00 2.100303521296930098e-01
8.735765661415970107e-02 1.704896408911890093e+00 2.250251567692788779e+00 2.089948044978148511e-01
8.649396238666345882e-02 1.701664327350796313e+00 2.244427851207577262e+00 2.079590853829948183e-01
8.563446118264333995e-02 1.698440299874060644e+00 2.238585613359065807e+00 2.069232480687505371e-01
8.477919814230065743e-02 1.695224222820683968e+00 2.232724976701370601e+00 2.058873455828461874e-01
8.392821731409992603e-02 1.692015993971705878e+00 2.226846069852667753e+00 2.048514306931976670e-01
8.308156165677497984e-02 1.688815512547755304e+00 2.220949027355588967e+00 2.038155559038305753e-01
8.223927304159041329e-02 1.685622679208117702e+00 2.215033990064123604e+00 2.027797734508922922e-01
8.140139225485479302e-02 1.682437396049824008e+00 2.209101104690237349e+00 2.017441352987179026e-01
8.056795900068208782e-02 1.679259566604556442e+00 2.203150523934988669e+00 2.007086931359502446e-01
7.973901190399876326e-02 1.676089095838173337e+00 2.197182406440061353e+00 1.996734983717152745e-01
7.891458851379194728e-02 1.672925890147232808e+00 2.191196916428381769e+00 1.986386021318514439e-01
7.809472530659652967e-02 1.669769857356818266e+00 2.185194224108665928e+00 1.976040552551952822e-01
7.727945769021649092e-02 1.666620906718671469e+00 2.179174505256004313e+00 1.965699082899217409e-01
7.646882000767776799e-02 1.663478948907044064e+00 2.173137941299013942e+00 1.955362114899408810e-01
7.566284554140857710e-02 1.660343896017083543e+00 2.167084719294668282e+00 1.945030148113501278e-01
7.486156651764379333e-02 1.657215661560422770e+00 2.161015031580755696e+00 1.934703679089433415e-01
7.406501411104951527e-02 1.654094160461948793e+00 2.154929076206459015e+00 1.924383201327759529e-01
7.327321844956431740e-02 1.650979309057108102e+00 2.148827056505638655e+00 1.914069205247870831e-01
7.248620861945319349e-02 1.647871025086706576e+00 2.142709180839809768e+00 1.903762178154787266e-01
7.170401267057052719e-02 1.644769227693013702e+00 2.136575663054473218e+00 1.893462604206517241e-01
7.092665762182838451e-02 1.641673837416387505e+00 2.130426722284608054e+00 1.883170964381996604e-01
7.015416946686588162e-02 1.638584776190415981e+00 2.124262582397903554e+00 1.872887736449596607e-01
6.938657317991614448e-02 1.635501967336081108e+00 2.118083472397576106e+00 1.862613394936213640e-01
6.862389272186675271e-02 1.632425335558512325e+00 2.111889626420938804e+00 1.852348411096934322e-01
6.786615104650976782e-02 1.629354806941017308e+00 2.105681283205737220e+00 1.842093252885284305e-01
6.711337010697739081e-02 1.626290308939502216e+00 2.099458686348258496e+00 1.831848384924055217e-01
6.636557086235903014e-02 1.623231770377499217e+00 2.093222084264457106e+00 1.821614268476713372e-01
6.562277328449626912e-02 1.620179121440326275e+00 2.086971729998950309e+00 1.811391361419396051e-01
6.488499636495129175e-02 1.617132293669230281e+00 2.080707881098939449e+00 1.801180118213490666e-01
6.415225812214475631e-02 1.614091219954943313e+00 2.074430799589647823e+00 1.790980989878797613e-01
6.342457560865916166e-02 1.611055834531654352e+00 2.068140751946342615e+00 1.780794423967280438e-01
6.270196491870383415e-02 1.608026072970377696e+00 2.061838008980917625e+00 1.770620864537406081e-01
6.198444119573698341e-02 1.605001872172389099e+00 2.055522845842386648e+00 1.760460752129069661e-01
6.127201864024103828e-02 1.601983170362534015e+00 2.049195541690367772e+00 1.750314523739105455e-01
6.056471051764720365e-02 1.598969907081267516e+00 2.042856379871457850e+00 1.740182612797392669e-01
5.986252916640495692e-02 1.595962023178647771e+00 2.036505647871042157e+00 1.730065449143542711e-01
5.916548600619256360e-02 1.592959460806114391e+00 2.030143636898415593e+00 1.719963459004181239e-01
5.847359154626419198e-02 1.589962163408764173e+00 2.023770642194499647e+00 1.709877064970815319e-01
5.778685539392994230e-02 1.586970075718349582e+00 2.017386962778173753e+00 1.699806685978290099e-01
5.710528626316421080e-02 1.583983143744482458e+00 2.010992901193266125e+00 1.689752737283834183e-01
5.642889198333904399e-02 1.581001314766603771e+00 2.004588763753182512e+00 1.679715630446699248e-01
5.575767950807695300e-02 1.578024537326154331e+00 1.998174860396952024e+00 1.669695773308373654e-01
5.509165492422083560e-02 1.575052761217939690e+00 1.991751504204907208e+00 1.659693569973397786e-01
5.443082346091564216e-02 1.572085937480366846e+00 1.985319011907754616e+00 1.649709420790759218e-01
5.377518949879830923e-02 1.569124018388850850e+00 1.978877703645647523e+00 1.639743722335876286e-01
5.312475657929149886e-02 1.566166957445063845e+00 1.972427902246593590e+00 1.629796867393165372e-01
5.247952741399755650e-02 1.563214709367518385e+00 1.965969934038670708e+00 1.619869244939194930e-01
5.183950389418816307e-02 1.560267230084052992e+00 1.959504128521960320e+00 1.609961240126422388e-01
5.120468710038593441e-02 1.557324476721110962e+00 1.953030817817758003e+00 1.600073234267512245e-01
5.057507731203395723e-02 1.554386407594105624e+00 1.946550337008766673e+00 1.590205604820237595e-01
4.995067401724900824e-02 1.551452982198074926e+00 1.940063024127528957e+00 1.580358725372961182e-01
4.933147592265484105e-02 1.548524161198029381e+00 1.933569219640254078e+00 1.570532965630693778e-01
4.871748096329134303e-02 1.545599906417641112e+00 1.927069266893410848e+00 1.560728691401733481e-01
4.810868631259557215e-02 1.542680180831390357e+00 1.920563511844300075e+00 1.550946264584875389e-01
4.750508839245099618e-02 1.539764948552237334e+00 1.914052302306272324e+00 1.541186043157201091e-01
4.690668288330088198e-02 1.536854174820949881e+00 1.907535988917553382e+00 1.531448381162435479e-01
4.631346473432206012e-02 1.533947825997580505e+00 1.901014924787309157e+00 1.521733628699879493e-01
4.572542817365500556e-02 1.531045869549472416e+00 1.894489464921957467e+00 1.512042131913906018e-01
4.514256671868688287e-02 1.528148274040637578e+00 1.887959966337364959e+00 1.502374232984027280e-01
4.456487318638317069e-02 1.525255009120287664e+00 1.881426788197640532e+00 1.492730270115521785e-01
4.399233970366477758e-02 1.522366045512834942e+00 1.874890291687312471e+00 1.483110577530629970e-01
4.342495771782632630e-02 1.519481355006021550e+00 1.868350839771383498e+00 1.473515485460304419e-01
4.286271800699237994e-02 1.516600910440127681e+00 1.861808797118829517e+00 1.463945320136520456e-01
4.230561069060765483e-02 1.513724685695918337e+00 1.855264530153655000e+00 1.454400403785141571e-01
4.175362523995787556e-02 1.510852655684166823e+00 1.848718406885766941e+00 1.444881054619339134e-01
4.120675048871738633e-02 1.507984796333079469e+00 1.842170796712681469e+00 1.435387586833559437e-01
4.066497464352030605e-02 1.505121084577220270e+00 1.835622070729361344e+00 1.425920310598041418e-01
4.012828529455138987e-02 1.502261498346212365e+00 1.829072601168333145e+00 1.416479532053876722e-01
3.959666942615352320e-02 1.499406016551717569e+00 1.822522761450356077e+00 1.407065553308614048e-01
3.907011342744796251e-02 1.496554619076491788e+00 1.815972926245272845e+00 1.397678672432400848e-01
3.854860310296438775e-02 1.493707286761729369e+00 1.809423471345548817e+00 1.388319183454662098e-01
3.803212368327708176e-02 1.490864001395811878e+00 1.802874773618201587e+00 1.378987376361311690e-01
3.752065983564416285e-02 1.488024745701628682e+00 1.796327210678794861e+00 1.369683537092495074e-01
3.701419567464646343e-02 1.485189503324312765e+00 1.789781161046465119e+00 1.360407947540855644e-01
3.651271477282292538e-02 1.482358258819300278e+00 1.783237003876039894e+00 1.351160885550327928e-01
3.601620017129932710e-02 1.479530997639272094e+00 1.776695119076315832e+00 1.341942624915449245e-01
3.552463439040716431e-02 1.476707706122833974e+00 1.770155887197590650e+00 1.332753435381187901e-01
3.503799944028972851e-02 1.473888371481225645e+00 1.763619689191203488e+00 1.323593582643284861e-01
3.455627683149221918e-02 1.471072981786344158e+00 1.757086906387039349e+00 1.314463328349106397e-01
3.407944758553292652e-02 1.468261525957571534e+00 1.750557920497553877e+00 1.305362930098999952e-01
3.360749224545268865e-02 1.465453993750021944e+00 1.744033113579731120e+00 1.296292641448154870e-01
3.314039088633947278e-02 1.462650375741435971e+00 1.737512867522065463e+00 1.287252711908960512e-01
3.267812312582552697e-02 1.459850663318834174e+00 1.730997564559268787e+00 1.278243386953860361e-01
3.222066813455411183e-02 1.457054848667460378e+00 1.724487586975617770e+00 1.269264908018694626e-01
3.176800464661310580e-02 1.454262924756595021e+00 1.717983316655506965e+00 1.260317512506533011e-01
3.132011096993286142e-02 1.451474885327171505e+00 1.711485135577037742e+00 1.251401433791987927e-01
3.087696499664558877e-02 1.448690724879551306e+00 1.704993425371952975e+00 1.242516901226007192e-01
3.043854421340376482e-02 1.445910438659838926e+00 1.698508567251976187e+00 1.233664140141143978e-01
3.000482571165486237e-02 1.443134022647661219e+00 1.692030942192582321e+00 1.224843371857293056e-01
2.957578619787015750e-02 1.440361473543360527e+00 1.685560930600969787e+00 1.216054813687897779e-01
2.915140200372491608e-02 1.437592788754883166e+00 1.679098912217786621e+00 1.207298678946616688e-01
2.873164909622776333e-02 1.434827966384902176e+00 1.672645265996508757e+00 1.198575176954448790e-01
2.831650308779680783e-02 1.432067005217563915e+00 1.666200370556165433e+00 1.189884513047312631e-01
2.790593924628024733e-02 1.429309904707423362e+00 1.659764603637540414e+00 1.181226888584074042e-01
2.749993250491931940e-02 1.426556664964587329e+00 1.653338341447261328e+00 1.172602500955019222e-01
2.709845747225118895e-02 1.423807286741743727e+00 1.646921959847204686e+00 1.164011543590766778e-01
2.670148844194995819e-02 1.421061771423609787e+00 1.640515833772848708e+00 1.155454205971616077e-01
2.630899940260349526e-02 1.418320121012244917e+00 1.634120336451636124e+00 1.146930673637327897e-01
2.592096404742413179e-02 1.415582338114196981e+00 1.627735840175501547e+00 1.138441128197328761e-01
2.553735578389125169e-02 1.412848425928706408e+00 1.621362715870882543e+00 1.129985747341338137e-01
2.515814774332394282e-02 1.410118388233700504e+00 1.615001333154966190e+00 1.121564704850414457e-01
2.478331279038173060e-02 1.407392229374501369e+00 1.608652060531891026e+00 1.113178170608410122e-01
2.441282353249154755e-02 1.404669954250754804e+00 1.602315264547599982e+00 1.104826310613834656e-01
2.404665232919957554e-02 1.401951568302664874e+00 1.595991310039903910e+00 1.096509286992125159e-01
2.368477130144549733e-02 1.399237077499083659e+00 1.589680560353936123e+00 1.088227258008305359e-01
2.332715234075835586e-02 1.396526488324763449e+00 1.583383377387112434e+00 1.079980378080045433e-01
2.297376711837186697e-02 1.393819807768905683e+00 1.577100121117244180e+00 1.071768797791106259e-01
2.262458709425778716e-02 1.391117043311182133e+00 1.570831149066464594e+00 1.063592663905166963e-01
2.227958352607594533e-02 1.388418202908905608e+00 1.564576817313996226e+00 1.055452119380030085e-01
2.193872747803938053e-02 1.385723294986664023e+00 1.558337479971355632e+00 1.047347303382201444e-01
2.160198982969314951e-02 1.383032328422096668e+00 1.552113488706154287e+00 1.039278351301833603e-01
2.126934128460570422e-02 1.380345312534361213e+00 1.545905193218556128e+00 1.031245394768037366e-01
2.094075237897128836e-02 1.377662257071772034e+00 1.539712940860691992e+00 1.023248561664547029e-01
2.061619349012221158e-02 1.374983172199392811e+00 1.533537076557710099e+00 1.015287976145738957e-01
2.029563484494995018e-02 1.372308068486777000e+00 1.527377943109483160e+00 1.007363758652998903e-01
1.997904652823366892e-02 1.369636956896863378e+00 1.521235880804046925e+00 9.994760259314294792e-02
1.966639849087534891e-02 1.366969848772828344e+00 1.515111226997698068e+00 9.916248910468955513e-02
1.935766055804035574e-02 1.364306755826037554e+00 1.509004316986031213e+00 9.838104634034025575e-02
1.905280243720237909e-02 1.361647690125982635e+00 1.502915483317145640e+00 9.760328487607980441e-02
1.875179372609206765e-02 1.358992664086414281e+00 1.496845055231688759e+00 9.682921492527982177e-02
1.845460392054819668e-02 1.356341690453932047e+00 1.490793359735790746e+00 9.605884634053284132e-02
1.816120242227064335e-02 1.353694782297803600e+00 1.484760720955245361e+00 9.529218861551728981e-02
1.787155854647451067e-02 1.351051952996893624e+00 1.478747459728394942e+00 9.452925088689349831e-02
1.758564152944432774e-02 1.348413216228617317e+00 1.472753894396061192e+00 9.377004193622909267e-02
1.730342053598801430e-02 1.345778585958652851e+00 1.466780339860399351e+00 9.301457019195437381e-02
1.702486466678968663e-02 1.343148076427370219e+00 1.460827107714818718e+00 9.226284373134638339e-02
1.674994296566076346e-02 1.340521702140343052e+00 1.454894506975745516e+00 9.151487028254141898e-02
1.647862442668891064e-02 1.337899477857343866e+00 1.448982843115147245e+00 9.077065722657545743e-02
1.621087800128421727e-02 1.335281418580291479e+00 1.443092417964288998e+00 9.003021159945204244e-02
1.594667260512210721e-02 1.332667539542351065e+00 1.437223530458623832e+00 8.929354009423667859e-02
1.568597712498266336e-02 1.330057856198490818e+00 1.431376476221779770e+00 8.856064906317778762e-02
1.542876042548593958e-02 1.327452384213682057e+00 1.425551546776018474e+00 8.783154451985328293e-02
1.517499135572285447e-02 1.324851139451495685e+00 1.419749030584596339e+00 8.710623214134237402e-02
1.492463875578147088e-02 1.322254137965787946e+00 1.413969212421807953e+00 8.638471727042194848e-02
1.467767146316836281e-02 1.319661395987774322e+00 1.408212373159669406e+00 8.566700491778722615e-02
1.443405831912484769e-02 1.317072929917492141e+00 1.402478790427198918e+00 8.495309976429596399e-02
1.419376817483789313e-02 1.314488756313167306e+00 1.396768737764260360e+00 8.424300616323557311e-02
1.395676989754566014e-02 1.311908891880573025e+00 1.391082485062167695e+00 8.353672814261299540e-02
1.372303237653743797e-02 1.309333353464066985e+00 1.385420298229328218e+00 8.283426940746636824e-02
1.349252452904807845e-02 1.306762158035339239e+00 1.379782439195820887e+00 8.213563334219831091e-02
1.326521530604675772e-02 1.304195322684856384e+00 1.374169166156819610e+00 8.144082301292994430e-02
1.304107369792023054e-02 1.301632864611669493e+00 1.368580733118176962e+00 8.074984116987546368e-02
1.282006874005050222e-02 1.299074801113926592e+00 1.363017390100817128e+00 8.006269024973650117e-02
1.260216951828714398e-02 1.296521149579641818e+00 1.357479383092024205e+00 7.937937237811579227e-02
1.238734517431420296e-02 1.293971927477434392e+00 1.351966953814781602e+00 7.869988937194957734e-02
1.217556491091213548e-02 1.291427152347009111e+00 1.346480339670048210e+00 7.802424274195852993e-02
1.196679799711466638e-02 1.288886841790109816e+00 1.341019774004848397e+00 7.735243369511610179e-02
1.176101377326100109e-02 1.286351013462126325e+00 1.335585486101809050e+00 7.668446313713424278e-02
1.155818165594360743e-02 1.283819685063367855e+00 1.330177700661072437e+00 7.602033167496577426e-02
1.135827114285186713e-02 1.281292874329579279e+00 1.324796637830441659e+00 7.536003961932301320e-02
1.116125181751184692e-02 1.278770599023677734e+00 1.319442513513078286e+00 7.470358698721182855e-02
1.096709335392272514e-02 1.276252876927489011e+00 1.314115539415068312e+00 7.405097350448110183e-02
1.077576552109005791e-02 1.273739725833963110e+00 1.308815922672171173e+00 7.340219860838657906e-02
1.058723818745644155e-02 1.271231163538224518e+00 1.303543865783973299e+00 7.275726145016880864e-02
1.040148132523000847e-02 1.268727207829974502e+00 1.298299566765315882e+00 7.211616089764487370e-02
1.021846501461114685e-02 1.266227876485303661e+00 1.293083218938975820e+00 7.147889553781293370e-02
1.003815944791805297e-02 1.263733187258881951e+00 1.287895011283588298e+00 7.084546367946946421e-02
9.860534933611551575e-03 1.261243157877067755e+00 1.282735128163740468e+00 7.021586335583844540e-02
9.685561900219874856e-03 1.258757806029690229e+00 1.277603749020115753e+00 6.959009232721233285e-02
9.513210900163762349e-03 1.256277149362670986e+00 1.272501048665025669e+00 6.896814808360364479e-02
9.343452613482780555e-03 1.253801205470949531e+00 1.267427197397102523e+00 6.835002784740756843e-02
9.176257851463186579e-03 1.251329991891743099e+00 1.262382360844882534e+00 6.773572857607418340e-02
9.011597560168248255e-03 1.248863526097373944e+00 1.257366699660122489e+00 6.712524696479055253e-02
8.849442823871534261e-03 1.246401825488039794e+00 1.252380369631687973e+00 6.651857944917169418e-02
8.689764868393930544e-03 1.243944907385281073e+00 1.247423522198561452e+00 6.591572220796010351e-02
8.532535064345144610e-03 1.241492789026431565e+00 1.242496303810428637e+00 6.531667116573357246e-02
8.377724930270306555e-03 1.239045487556689196e+00 1.237598855744547643e+00 6.472142199562022635e-02
8.225306135702638299e-03 1.236603020023420596e+00 1.232731315152673313e+00 6.412997012202109604e-02
8.075250504122761727e-03 1.234165403371292991e+00 1.227893813833808911e+00 6.354231072333914321e-02
7.927530015825518320e-03 1.231732654433639551e+00 1.223086478719269898e+00 6.295843873471418384e-02
7.782116810695222271e-03 1.229304789929198005e+00 1.218309432555609861e+00 6.237834885076400798e-02
7.638983190890030577e-03 1.226881826455522795e+00 1.213562792404903057e+00 6.180203552833041930e-02
7.498101623436333879e-03 1.224463780482119901e+00 1.208846670821203340e+00 6.122949298923000688e-02
7.359444742734096157e-03 1.222050668347221869e+00 1.204161175944129747e+00 6.066071522300942737e-02
7.222985352973926472e-03 1.219642506251412906e+00 1.199506410384829413e+00 6.009569598970431609e-02
7.088696430466855103e-03 1.217239310251822859e+00 1.194882472124263684e+00 5.953442882260169544e-02
6.956551125887708298e-03 1.214841096258348685e+00 1.190289454743467479e+00 5.897690703100540166e-02
6.826522766432958564e-03 1.212447880028683755e+00 1.185727446515602246e+00 5.842312370300375285e-02
6.698584857894085247e-03 1.210059677162485858e+00 1.181196530989478743e+00 5.787307170823959707e-02
6.572711086647278940e-03 1.207676503098165766e+00 1.176696787153775681e+00 5.732674370068161634e-02
6.448875321560584330e-03 1.205298373107705601e+00 1.172228288924609396e+00 5.678413212139719196e-02
6.327051615819314148e-03 1.202925302292407128e+00 1.167791105691993847e+00 5.624522920132566522e-02
6.207214208670830576e-03 1.200557305579329714e+00 1.163385302098422613e+00 5.571002696405213256e-02
6.089337527089639518e-03 1.198194397716707549e+00 1.159010938084805931e+00 5.517851722858108793e-02
5.973396187363774409e-03 1.195836593270738435e+00 1.154668068781260715e+00 5.465069161210941995e-02
5.859364996603581496e-03 1.193483906620948831e+00 1.150356744635571138e+00 5.412654153279877756e-02
5.747218954173765292e-03 1.191136351957532202e+00 1.146077011724684569e+00 5.360605821254611075e-02
5.636933253049908506e-03 1.188793943277687726e+00 1.141828911570403449e+00 5.308923267975300397e-02
5.528483281100318204e-03 1.186456694382704624e+00 1.137612481227940231e+00 5.257605577209228942e-02
5.421844622294415966e-03 1.184124618874716983e+00 1.133427752693911161e+00 5.206651813927264810e-02
5.316993057838550682e-03 1.181797730152534420e+00 1.129274754027056460e+00 5.156061024579979696e-02
5.213904567240417939e-03 1.179476041411343434e+00 1.125153509157752252e+00 5.105832237373461591e-02
5.112555329303073055e-03 1.177159565638219663e+00 1.121064037052383444e+00 5.055964462544744464e-02
5.012921723049608945e-03 1.174848315609987814e+00 1.117006352885251630e+00 5.006456692636823691e-02
4.914980328579601244e-03 1.172542303891749738e+00 1.112980467472581170e+00 4.957307902773238489e-02
4.818707927858321624e-03 1.170241542833520443e+00 1.108986387435509924e+00 4.908517050932145742e-02
4.724081505439864208e-03 1.167946044569317943e+00 1.105024115679102970e+00 4.860083078219890051e-02
4.631078249125196444e-03 1.165655821015086913e+00 1.101093650614086261e+00 4.812004909144002723e-02
4.539675550556267203e-03 1.163370883866062355e+00 1.097194987069500138e+00 4.764281451885618579e-02
4.449851005747195581e-03 1.161091244597025174e+00 1.093328116289816077e+00 4.716911598571249531e-02
4.361582415553648916e-03 1.158816914459759762e+00 1.089493025409320248e+00 4.669894225543898270e-02
4.274847786081494190e-03 1.156547904482190026e+00 1.085689698107666912e+00 4.623228193633478061e-02
4.189625329035771492e-03 1.154284225467507197e+00 1.081918114592815838e+00 4.576912348426486615e-02
4.105893462011105804e-03 1.152025887993362696e+00 1.078178251713824309e+00 4.530945520534927773e-02
4.023630808724596233e-03 1.149772902411359876e+00 1.074470082995917064e+00 4.485326525864419267e-02
3.942816199192289428e-03 1.147525278846416974e+00 1.070793578818409753e+00 4.440054165881475445e-02
3.863428669850289734e-03 1.145283027196759118e+00 1.067148706469259745e+00 4.395127227879921938e-02
3.785447463621610664e-03 1.143046157133482454e+00 1.063535430793258518e+00 4.350544485246422149e-02
3.708852029929773832e-03 1.140814678102123558e+00 1.059953713765688477e+00 4.306304697725053809e-02
3.633622024660312835e-03 1.138588599321270767e+00 1.056403514000216148e+00 4.262406611680960578e-02
3.559737310071160905e-03 1.136367929783067998e+00 1.052884788644201430e+00 4.218848960362980849e-02
3.487177954653036035e-03 1.134152678256258318e+00 1.049397492946241961e+00 4.175630464165283606e-02
3.415924232940868721e-03 1.131942853285685002e+00 1.045941579091621110e+00 4.132749830887945397e-02
3.345956625277293241e-03 1.129738463192694775e+00 1.042516998049070276e+00 4.090205755996446924e-02
3.277255817529313529e-03 1.127539516078916337e+00 1.039123699479877372e+00 4.047996922880076759e-02
3.209802700759124220e-03 1.125346019826428678e+00 1.035761631102985136e+00 4.006122003109194307e-02
3.143578370850153708e-03 1.123157982100101870e+00 1.032430739923878349e+00 3.964579656691333276e-02
3.078564128089364416e-03 1.120975410350557144e+00 1.029130972054366655e+00 3.923368532326121372e-02
3.014741476706833765e-03 1.118798311816065150e+00 1.025862273040895944e+00 3.882487267658989855e-02
2.952092124373609412e-03 1.116626693526226788e+00 1.022624588247018629e+00 3.841934489533632008e-02
2.890597981658904296e-03 1.114460562304686153e+00 1.019417862892153082e+00 3.801708814243211221e-02
2.830241161447598613e-03 1.112299924772855997e+00 1.016242042831543513e+00 3.761808847780279130e-02
2.771003978319044447e-03 1.110144787354321760e+00 1.013097075102253886e+00 3.722233186085367046e-02
2.712868947888200013e-03 1.107995156279709237e+00 1.009982907310819522e+00 3.682980415294249271e-02
2.655818786110064524e-03 1.105851037589628216e+00 1.006899488573468338e+00 3.644049111983854727e-02
2.599836408548365611e-03 1.103712437141570080e+00 1.003846771295076490e+00 3.605437843416778310e-02
2.544904929609507170e-03 1.101579360616684378e+00 1.000824709617733177e+00 3.567145167784391974e-02
2.491007661742716990e-03 1.099451813523085519e+00 9.978332606650266445e-01 3.529169634448531961e-02
2.438128114607360838e-03 1.097329801205293665e+00 9.948723859718637819e-01 3.491509784181737880e-02
2.386249994208348903e-03 1.095213328850529244e+00 9.919420510113952094e-01 3.454164149406010326e-02
2.335357202000577868e-03 1.093102401496948595e+00 9.890422268334447820e-01 3.417131254430079423e-02
2.285433833963383069e-03 1.090997024043368402e+00 9.861728903506372657e-01 3.380409615685193297e-02
2.236464179645799178e-03 1.088897201257917668e+00 9.833340248523742000e-01 3.343997741959314762e-02
2.188432721183678452e-03 1.086802937788683199e+00 9.805256213583111169e-01 3.307894134629824068e-02
2.141324132289481024e-03 1.084714238175091605e+00 9.777476798571528294e-01 3.272097287894631945e-02
2.095123277215635380e-03 1.082631106860999282e+00 9.750002100805136296e-01 3.236605689001700870e-02
2.049815209692376714e-03 1.080553548207473291e+00 9.722832323531094278e-01 3.201417818476976623e-02
2.005385171840899303e-03 1.078481566507438094e+00 9.695967799201606896e-01 3.166532150350679503e-02
1.961818593062721484e-03 1.076415166003180657e+00 9.669408997165737096e-01 3.131947152381982236e-02
1.919101088906068802e-03 1.074354350902291033e+00 9.643156533894957638e-01 3.097661286282014578e-02
1.877218459910141597e-03 1.072299125397013109e+00 9.617211208516956988e-01 3.063673007935198769e-02
1.836156690428104258e-03 1.070249493687435383e+00 9.591574013167031287e-01 3.029980767618916868e-02
1.795901947429581324e-03 1.068205460002590534e+00 9.566246147664300148e-01 2.996583010221460022e-02
1.756440579283494391e-03 1.066167028626331614e+00 9.541229060304969867e-01 2.963478175458269040e-02
1.717759114522035644e-03 1.064134203926650368e+00 9.516524467993939806e-01 2.930664698086455841e-02
1.679844260586542794e-03 1.062106990385266680e+00 9.492134386702808513e-01 2.898141008117567988e-02
1.642682902556077528e-03 1.060085392632840184e+00 9.468061173004121978e-01 2.865905531028611550e-02
1.606262101859450573e-03 1.058069415486726061e+00 9.444307558981708262e-01 2.833956687971298655e-02
1.570569094971458173e-03 1.056059063992873082e+00 9.420876704523487577e-01 2.802292895979521109e-02
1.535591292094070281e-03 1.054054343473879607e+00 9.397772244512686557e-01 2.770912568175032051e-02
1.501316275823301634e-03 1.052055259580001456e+00 9.374998345684073531e-01 2.739814113971330775e-02
1.467731799802451812e-03 1.050061818348289266e+00 9.352559783890670442e-01 2.708995939275704937e-02
1.434825787362528724e-03 1.048074026268859926e+00 9.330462017153196008e-01 2.678456446689518947e-02
1.402586330150368786e-03 1.046091890358269660e+00 9.308711272306902096e-01 2.648194035706568847e-02
1.371001686745372322e-03 1.044115418242762550e+00 9.287314653704324963e-01 2.618207102909710787e-02
1.340060281265279853e-03 1.042144618253095345e+00 9.266280258563731609e-01 2.588494042165521286e-02
1.309750701961893710e-03 1.040179499530445639e+00 9.245617317765625343e-01 2.559053244817205419e-02
1.280061699807174538e-03 1.038220072149052209e+00 9.225336363847941312e-01 2.529883099875540262e-02
1.250982187070561608e-03 1.036266347255383025e+00 9.205449415265199997e-01 2.500981994208036768e-02
1.222501235887941528e-03 1.034318337227193796e+00 9.185970198555740707e-01 2.472348312726123029e-02
1.194608076823084133e-03 1.032376055856754515e+00 9.166914418154065158e-01 2.443980438570534167e-02
1.167292097421956682e-03 1.030439518563581069e+00 9.148300071433485003e-01 2.415876753294708690e-02
1.140542840760699807e-03 1.028508742640386942e+00 9.130147823912386773e-01 2.388035637046377613e-02
1.114350003987674620e-03 1.026583747540664060e+00 9.112481456923273715e-01 2.360455468747159682e-02
1.088703436860309105e-03 1.024664555214090056e+00 9.095328409010620119e-01 2.333134626270319881e-02
1.063593140277159076e-03 1.022751190502546592e+00 9.078720445980626996e-01 2.306071486616535077e-02
1.039009264805886446e-03 1.020843681610088094e+00 9.062694461897057296e-01 2.279264426087818443e-02
1.014942109207523030e-03 1.018942060660059878e+00 9.047293466603090195e-01 2.252711820459424655e-02
9.913821189577358764e-04 1.017046364364193822e+00 9.032567817274353983e-01 2.226412045149926688e-02
9.683198847654189527e-04 1.015156634828695115e+00 9.018576754882733360e-01 2.200363475389258139e-02
9.457461410892940238e-04 1.013272920534759924e+00 9.005390330995478587e-01 2.174564486384910483e-02
9.236517646528575763e-04 1.011395277536247583e+00 8.993091857223968200e-01 2.149013453486108005e-02
9.020277729583026311e-04 1.009523770939501963e+00 8.981781060862548127e-01 2.123708752346119971e-02
8.808653227997502444e-04 1.007658476746319698e+00 8.971578151225800823e-01 2.098648759082555673e-02
8.601557087763872251e-04 1.005799484168105273e+00 8.962629168784186362e-01 2.073831850435790825e-02
8.398903618058234030e-04 1.003946898570446056e+00 8.955113099173710456e-01 2.049256403925364678e-02
8.200608476382480628e-04 1.002100845258131478e+00 8.949251427680606774e-01 2.024920798004514744e-02
8.006588653716871680e-04 1.000261474403840722e+00 8.945321229502708471e-01 2.000823412212690902e-02
7.816762459688967549e-04 9.984289675644502093e-01 8.943673387152020204e-01 1.976962627326192892e-02
7.631049507761867483e-04 9.966035464307514413e-01 8.944758429085455376e-01 1.953336825506787541e-02
7.449370700446911707e-04 9.947854847949768597e-01 8.949163995145172912e-01 1.929944390448454228e-02
7.271648214543583984e-04 9.929751252561302977e-01 8.957670526583124682e-01 1.906783707522117371e-02
7.097805486411471864e-04 9.911729030996736522e-01 8.971336439543209362e-01 1.883853163918498136e-02
6.927767197276995127e-04 9.893793813729004905e-01 8.991632788275959465e-01 1.861151148788968770e-02
6.761459258579312955e-04 9.875953040847382791e-01 9.020664688036554857e-01 1.838676053384515063e-02
6.598808797358156125e-04 9.858216800217124431e-01 9.061552907187032657e-01 1.816426271192717046e-02
6.439744141687719350e-04 9.840599210283501597e-01 9.119130705037399309e-01 1.794400198072843358e-02
6.284194806159054333e-04 9.823120835702587872e-01 9.201312777698056333e-01 1.772596232388957624e-02
6.132091477415086735e-04 9.805813226472538391e-01 9.322055718246116118e-01 1.751012775141158953e-02
5.983365999740377760e-04 9.788728315465473617e-01 9.508677228467784515e-01 1.729648230094833067e-02
5.837951360709571448e-04 9.771960720251682275e-01 9.824070422976193262e-01 1.708501003908041369e-02
5.695781676896584378e-04 9.755713118811598639e-01 1.046534223023118271e+00 1.687569506256940063e-02
5.556792179648142784e-04 9.740580646399715770e-01 1.117860614649371032e+00 1.666852149959339308e-02
5.420919200923581763e-04 9.726243389911181092e-01 1.173346039897981141e+00 1.646347351096296222e-02
