9.359001614974856234e-03 6.926540298686022368e+01 6.930535974253120912e+01 6.840687690201496807e-02
9.538479828951324999e-03 6.686698762763593606e+01 6.689580784007685565e+01 6.905968371253710936e-02
9.720850203295479039e-03 6.460363261295290727e+01 6.461598235980432037e+01 6.971674907543910782e-02
9.906147212717469203e-03 6.246470251428268483e+01 6.246142022485798861e+01 7.037807617688007777e-02
1.009440548887227153e-02 6.044104446315443369e+01 6.043006711550917487e+01 7.104366787009336326e-02
1.028565981544387296e-02 5.852421234758094926e+01 5.850842838596483375e+01 7.171352667190435126e-02
1.047994512309251801e-02 5.670650328121252670e+01 5.668731091083407847e+01 7.238765475926305093e-02
1.067729648426404658e-02 5.498090072877082690e+01 5.495908455670759452e+01 7.306605396579196610e-02
1.087774910786071247e-02 5.334100808567274754e+01 5.331705183048552499e+01 7.374872577835060727e-02
1.108133833377239301e-02 5.178098575164089112e+01 5.175520815015256204e+01 7.443567133361662924e-02
1.128809962726772496e-02 5.029549422059699282e+01 5.026811614706430476e+01 7.512689141468494036e-02
1.149806857324430290e-02 4.887964334195395821e+01 4.885082411329796059e+01 7.582238644768543590e-02
1.171128087033718873e-02 4.752894729065196344e+01 4.749880570044448547e+01 7.652215649841942469e-02
1.192777232488536829e-02 4.623928464200294286e+01 4.620791182255595686e+01 7.722620126901674764e-02
1.214757884475530132e-02 4.500686295262387659e+01 4.497433059108176678e+01 7.793452009461308838e-02
1.237073643302122675e-02 4.382818729930637858e+01 4.379455307900835948e+01 7.864711194004909978e-02
1.259728118150162460e-02 4.270003228925070005e+01 4.266534360483822752e+01 7.936397539659169331e-02
1.282724926415141319e-02 4.161941711548254119e+01 4.158371367627908910e+01 8.008510867867825456e-02
1.306067693030961603e-02 4.058358328632119338e+01 4.054689898220350130e+01 8.081050962068490884e-02
1.329760049780193652e-02 3.958997470641245542e+01 3.955233897170886337e+01 8.154017567371907305e-02
1.353805634589814837e-02 3.863621982919617892e+01 3.859765865711623434e+01 8.227410390243745930e-02
1.378208090812402600e-02 3.772011563730442418e+01 3.768065234618470072e+01 8.301229098189022437e-02
1.402971066492756866e-02 3.683961323896436824e+01 3.679926905911803203e+01 8.375473319439197262e-02
1.428098213619942783e-02 3.599280489567450303e+01 3.595159942448923118e+01 8.450142642642025081e-02
1.453593187364753993e-02 3.517791231985306410e+01 3.513586387868740957e+01 8.525236616554270064e-02
1.479459645302583920e-02 3.439327610135880064e+01 3.435040201832705975e+01 8.600754749737327121e-02
1.505701246621721917e-02 3.363734613923325156e+01 3.359366297540402257e+01 8.676696510255853256e-02
1.532321651317066283e-02 3.290867297009759085e+01 3.286419670193845377e+01 8.753061325379442315e-02
1.559324519369302206e-02 3.220589989770943617e+01 3.216064606542679627e+01 8.829848581287513820e-02
1.586713509909534747e-02 3.152775583953149763e+01 3.148173966859221196e+01 8.907057622777385386e-02
1.614492280369414501e-02 3.087304881602704398e+01 3.082628531732077093e+01 8.984687752975654973e-02
1.642664485616811623e-02 3.024066001698909290e+01 3.019316406995642055e+01 9.062738233052998471e-02
1.671233777077061472e-02 2.962953838671555573e+01 2.958132480875206127e+01 9.141208281942440894e-02
1.700203801839816203e-02 2.903869567639239335e+01 2.898977928095325751e+01 9.220097076061119223e-02
1.729578201751596697e-02 2.846720191779343523e+01 2.841759756344434962e+01 9.299403749035732580e-02
1.759360612494071871e-02 2.791418127745209787e+01 2.786390390948426443e+01 9.379127391431656136e-02
1.789554662648143793e-02 2.737880825487663117e+01 2.732787294056346994e+01 9.459267050485845041e-02
1.820163972743919778e-02 2.686030419228847776e+01 2.680872615100552636e+01 9.539821729843592224e-02
1.851192154296648837e-02 2.635793406680536677e+01 2.630572869586513818e+01 9.620790389299230250e-02
1.882642808828712683e-02 2.587100353902138039e+01 2.581818643582537121e+01 9.702171944540852189e-02
1.914519526877754563e-02 2.539885623462954456e+01 2.534544321575691228e+01 9.783965266899087576e-02
1.946825886991076365e-02 2.494087123811245732e+01 2.488687835579518648e+01 9.866169183100086115e-02
1.979565454706397332e-02 2.449646077963988233e+01 2.444190433597856682e+01 9.948782475022753535e-02
2.012741781519077414e-02 2.406506809819080317e+01 2.400996465746990438e+01 1.003180387946025764e-01
2.046358403835964179e-02 2.364616546559066279e+01 2.359053186493988008e+01 1.011523208788598222e-01
2.080418841915977410e-02 2.323925235764165720e+01 2.318310571625576344e+01 1.019906574622395784e-01
2.114926598797562882e-02 2.284385375985712585e+01 2.278721148702905097e+01 1.028330345462381834e-01
2.149885159213177008e-02 2.245951859649777305e+01 2.240239839846013936e+01 1.036794376724038957e-01
2.185297988490957077e-02 2.208581827266755226e+01 2.202823815850341660e+01 1.045298519201801335e-01
2.221168531443741545e-02 2.172234532019012576e+01 2.166432360700110848e+01 1.053842619047963280e-01
2.257500211245586086e-02 2.136871213882992393e+01 2.131026745602876460e+01 1.062426517752071697e-01
2.294296428296003360e-02 2.102454982519486038e+01 2.096570111814899917e+01 1.071050052120815499e-01
2.331560559072060751e-02 2.068950708235156455e+01 2.063027361549771754e+01 1.079713054258412824e-01
2.369295954968560214e-02 2.036324920380009829e+01 2.030365056316391659e+01 1.088415351547505489e-01
2.407505941126510465e-02 2.004545712601735374e+01 1.998551322122755991e+01 1.097156766630573710e-01
2.446193815250060147e-02 1.973582654428603789e+01 1.967555761019929861e+01 1.105937117391865981e-01
2.485362846412168467e-02 1.943406708698146446e+01 1.937349368483817713e+01 1.114756216939867123e-01
2.525016273849180898e-02 1.913990154389912846e+01 1.907904456209617905e+01 1.123613873590296325e-01
2.565157305744590610e-02 1.885306514458633131e+01 1.879194579921775343e+01 1.132509890849654061e-01
2.605789118002211496e-02 1.857330488297480287e+01 1.851194471792981133e+01 1.141444067399321055e-01
2.646914853008989002e-02 1.830037888491700571e+01 1.823879977167729649e+01 1.150416197080210839e-01
2.688537618387759273e-02 1.803405581551729853e+01 1.797227995274027279e+01 1.159426068877994348e-01
2.730660485740174503e-02 1.777411432339204467e+01 1.771216423617446623e+01 1.168473466908892672e-01
2.773286489380102568e-02 1.752034251923116770e+01 1.745824105812553384e+01 1.177558170406053095e-01
2.816418625057753172e-02 1.727253748623996188e+01 1.721030782605905785e+01 1.186679953706506613e-01
2.860059848674854216e-02 1.703050482023469314e+01 1.696817045861051909e+01 1.195838586238722745e-01
2.904213074991165294e-02 1.679405819733614891e+01 1.673164295298114368e+01 1.205033832510765124e-01
2.948881176322617689e-02 1.656301896736905377e+01 1.650054697821207839e+01 1.214265452099049375e-01
2.994066981231420510e-02 1.633721577122104662e+01 1.627471149235201509e+01 1.223533199637717311e-01
3.039773273208462925e-02 1.611648418054404175e+01 1.605397238188158227e+01 1.232836824808632714e-01
3.086002789348290393e-02 1.590066635830725694e+01 1.583817212204989389e+01 1.242176072331996478e-01
3.132758219017087870e-02 1.568961073882129575e+01 1.562715945679822660e+01 1.251550681957604161e-01
3.180042202513904542e-02 1.548317172595827351e+01 1.542078909679015375e+01 1.260960388456731918e-01
3.227857329725592611e-02 1.528120940838022435e+01 1.521892143434978628e+01 1.270404921614678162e-01
3.276206138775715482e-02 1.508358929068152321e+01 1.502142227450333678e+01 1.279884006223945825e-01
3.325091114667880904e-02 1.489018203942865703e+01 1.482816258082046801e+01 1.289397362078091303e-01
3.374514687923842876e-02 1.470086324315038695e+01 1.463901823521991119e+01 1.298944703966231629e-01
3.424479233216733143e-02 1.451551318540418833e+01 1.445386981092216594e+01 1.308525741668220554e-01
3.474987067999885798e-02 1.433401663010200089e+01 1.427260235747271722e+01 1.318140179950502422e-01
3.526040451131585984e-02 1.415626261833609689e+01 1.409510519749531454e+01 1.327787718562644659e-01
3.577641581496204815e-02 1.398214427600487575e+01 1.392127173419789976e+01 1.337468052234558058e-01
3.629792596622101464e-02 1.381155863157575325e+01 1.375099926884829848e+01 1.347180870674405950e-01
3.682495571296744846e-02 1.364440644337697606e+01 1.358418882791473514e+01 1.356925858567214482e-01
3.735752516179479538e-02 1.348059203584658228e+01 1.342074499919594999e+01 1.366702695574183724e-01
3.789565376412355746e-02 1.332002314420869205e+01 1.326057577642402663e+01 1.376511056332704597e-01
3.843936030229500728e-02 1.316261076707927735e+01 1.310359241147018139e+01 1.386350610457091626e-01
3.898866287565474348e-02 1.300826902653408901e+01 1.294970927444894926e+01 1.396221022540033718e-01
3.954357888663048021e-02 1.285691503521674051e+01 1.279884372067150444e+01 1.406121952154763821e-01
4.010412502680920505e-02 1.270846877006763442e+01 1.265091596398203500e+01 1.416053053857961874e-01
4.067031726301787581e-02 1.256285295230636301e+01 1.250584895689489251e+01 1.426013977193384130e-01
4.124217082341306156e-02 1.241999293331041976e+01 1.236356827614491749e+01 1.436004366696234380e-01
4.181970018358394103e-02 1.227981658605384219e+01 1.222400201397293351e+01 1.446023861898273477e-01
4.240291905267368905e-02 1.214225420180276949e+01 1.208708067468805858e+01 1.456072097333674098e-01
4.299184035952476057e-02 1.200723839176912122e+01 1.195273707615667114e+01 1.466148702545631288e-01
4.358647623885202049e-02 1.187470399345673222e+01 1.182090625608425860e+01 1.476253302093716302e-01
4.418683801745022094e-02 1.174458798143778360e+01 1.169152538249845108e+01 1.486385515561999549e-01
4.479293620043975355e-02 1.161682938232191198e+01 1.156453366868264609e+01 1.496544957567926826e-01
4.540478045755695635e-02 1.149136919369334997e+01 1.143987229193140998e+01 1.506731237771968268e-01
4.602237960949329826e-02 1.136815030680073413e+01 1.131748431604068195e+01 1.516943960888030019e-01
4.664574161428961668e-02 1.124711743280353460e+01 1.119731461750148505e+01 1.527182726694641668e-01
4.727487355379036971e-02 1.112821703238647153e+01 1.107930981496972578e+01 1.537447130046922517e-01
4.790978162016333586e-02 1.101139724856563262e+01 1.096341820183745241e+01 1.547736760889320828e-01
4.855047110249034736e-02 1.089660784251914549e+01 1.084958968196002438e+01 1.558051204269139955e-01
4.919694637343479532e-02 1.078380013228936463e+01 1.073777570834819350e+01 1.568390040350849668e-01
4.984921087599110401e-02 1.067292693420759697e+01 1.062792922433255782e+01 1.578752844431184355e-01
5.050726711032187122e-02 1.056394250690106418e+01 1.052000460740888954e+01 1.589139186955030036e-01
5.117111662068871136e-02 1.045680249775461945e+01 1.041395761568282552e+01 1.599548633532108521e-01
5.184075998248222072e-02 1.035146389170263959e+01 1.030974533648497271e+01 1.609980744954457865e-01
5.251619678935656732e-02 1.024788496223403556e+01 1.020732613724523574e+01 1.620435077214705533e-01
5.319742564047486716e-02 1.014602522450205058e+01 1.010665961855299777e+01 1.630911181525144527e-01
5.388444412787126575e-02 1.004584539043483282e+01 1.000770656902795608e+01 1.641408604337616928e-01
5.457724882393481108e-02 9.947307325746875151e+00 9.910428922286381948e+00 1.651926887364189855e-01
5.527583526902200145e-02 9.850374008763420619e+00 9.814789715735232178e+00 1.662465567598649663e-01
5.598019795920285840e-02 9.755009490965948160e+00 9.720753050875943657e+00 1.673024177338792440e-01
5.669033033414742906e-02 9.661178859177839584e+00 9.628284055412985154e+00 1.683602244209531640e-01
5.740622476515772760e-02 9.568848199312391500e+00 9.537348846983944028e+00 1.694199291186809231e-01
5.812787254335170101e-02 9.477984561609547498e+00 9.447914498327030230e+00 1.704814836622319252e-01
5.885526386800520732e-02 9.388555927290166636e+00 9.359949003640892329e+00 1.715448394269049603e-01
5.958838783505706477e-02 9.300531176559847069e+00 9.273421246647135519e+00 1.726099473307622922e-01
6.032723242578454104e-02 9.213880057905578624e+00 9.188300969898232751e+00 1.736767578373464294e-01
6.107178449565413975e-02 9.128573158618799255e+00 9.104558745017486743e+00 1.747452209584773319e-01
6.182202976335417210e-02 9.044581876491694317e+00 9.022165944469834997e+00 1.758152862571314701e-01
6.257795280001526850e-02 8.961878392634273993e+00 8.941094714237141972e+00 1.768869028504022334e-01
6.333953701862408969e-02 8.880435645357723118e+00 8.861317947611698997e+00 1.779600194125412205e-01
6.410676466363746107e-02 8.800227305080182916e+00 8.782809260207010027e+00 1.790345841780819902e-01
6.487961680080130134e-02 8.721227750207196650e+00 8.705542965585646442e+00 1.801105449450438323e-01
6.565807330718217982e-02 8.643412043941047784e+00 8.629494052075097343e+00 1.811878490782179718e-01
6.644211286141565864e-02 8.566755911983248595e+00 8.554638160520088519e+00 1.822664435125342375e-01
6.723171293417866401e-02 8.491235721085937271e+00 8.480951562706428248e+00 1.833462747565091089e-01
6.802684977889142393e-02 8.416828458417803915e+00 8.408411140703709208e+00 1.844272888957751710e-01
6.882749842265444007e-02 8.343511711707538581e+00 8.336994366916401944e+00 1.855094315966905882e-01
6.963363265742730790e-02 8.271263650131871259e+00 8.266679285121677268e+00 1.865926481100304568e-01
7.044522503145424219e-02 8.200063005918226011e+00 8.197444491973053360e+00 1.876768832747579552e-01
7.126224684094278894e-02 8.129889056626483423e+00 8.129269119142849220e+00 1.887620815218760961e-01
7.208466812200169105e-02 8.060721608085412271e+00 8.062132816423877912e+00 1.898481868783603865e-01
7.291245764284264019e-02 7.992540977955101766e+00 7.996015735215192599e+00 1.909351429711705073e-01
7.374558289625311736e-02 7.925327979887230256e+00 7.930898512697953429e+00 1.920228930313429005e-01
7.458401009234455481e-02 7.859063908261062714e+00 7.866762256653938579e+00 1.931113798981620722e-01
7.542770415158274455e-02 7.793730523469070803e+00 7.803588530619327557e+00 1.942005460234120240e-01
7.627662869810503121e-02 7.729310037729118399e+00 7.741359339805252482e+00 1.952903334757061515e-01
7.713074605333061773e-02 7.665785101404614110e+00 7.680057117503144681e+00 1.963806839448964392e-01
7.799001722986893814e-02 7.603138789808429721e+00 7.619664711808282753e+00 1.974715387465608152e-01
7.885440192573181517e-02 7.541354590472513664e+00 7.560165373053044036e+00 1.985628388265687216e-01
7.972385851885489816e-02 7.480416390865395115e+00 7.501542741569972250e+00 1.996545247657248723e-01
8.059834406193309986e-02 7.420308466537143488e+00 7.443780835705219090e+00 2.007465367844898929e-01
8.147781427757611050e-02 7.361015469675231238e+00 7.386864040596478276e+00 2.018388147477785111e-01
8.236222355378863824e-02 7.302522418058076781e+00 7.330777097269044695e+00 2.029312981698346008e-01
8.325152493978021928e-02 7.244814684386509995e+00 7.275505091854390649e+00 2.040239262191817227e-01
8.414567014211066232e-02 7.187877985979575612e+00 7.221033445416296992e+00 2.051166377236506300e-01
8.504460952117469386e-02 7.131698374821593411e+00 7.167347904306545558e+00 2.062093711754811320e-01
8.594829208803189680e-02 7.076262227947460737e+00 7.114434530395446821e+00 2.073020647364997859e-01
8.685666550158621657e-02 7.021556238147461215e+00 7.062279691741417231e+00 2.083946562433718064e-01
8.776967606611917050e-02 6.967567404986196422e+00 7.010870054161834730e+00 2.094870832129264726e-01
8.868726872918278326e-02 6.914283026122593157e+00 6.960192572393743227e+00 2.105792828475569478e-01
8.960938707985503793e-02 6.861690688913133940e+00 6.910234481779336413e+00 2.116711920406920133e-01
9.053597334736387947e-02 6.809778262296433127e+00 6.860983290472137952e+00 2.127627473823412163e-01
9.146696840008272655e-02 6.758533888941939516e+00 6.812426771433754524e+00 2.138538851647109051e-01
9.240231174490275146e-02 6.707945977654675040e+00 6.764552955242487897e+00 2.149445413878923739e-01
9.334194152698538360e-02 6.658003196030137794e+00 6.717350122869240714e+00 2.160346517656199783e-01
9.428579452989911680e-02 6.608694463343445236e+00 6.670806798410280791e+00 2.171241517310995850e-01
9.523380617614499166e-02 6.560008943667900994e+00 6.624911742773334389e+00 2.182129764429065755e-01
9.618591052807376474e-02 6.511936039217839145e+00 6.579653947161600236e+00 2.193010607909521292e-01
9.714204028919903866e-02 6.464465383899904438e+00 6.535022626300709625e+00 2.203883394025181186e-01
9.810212680590964240e-02 6.417586837068198768e+00 6.491007212850396613e+00 2.214747466483590332e-01
9.906610006958453674e-02 6.371290477482506098e+00 6.447597351545358180e+00 2.225602166488707123e-01
1.000338887191139642e-01 6.325566597450845485e+00 6.404782893180775538e+00 2.236446832803252183e-01
1.010054200438291888e-01 6.280405697157941169e+00 6.362553889457355005e+00 2.247280801811704920e-01
1.019806199868449614e-01 6.235798479171174691e+00 6.320900587485363431e+00 2.258103407583950395e-01
1.029594131488166808e-01 6.191735843114413385e+00 6.279813424814500777e+00 2.268913981939560953e-01
1.039417227921150821e-01 6.148208880510570573e+00 6.239283024394003618e+00 2.279711854512704305e-01
1.049274708454220328e-01 6.105208869777698943e+00 6.199300189699100905e+00 2.290496352817681658e-01
1.059165779087481857e-01 6.062727271382702732e+00 6.159855900390984296e+00 2.301266802315065918e-01
1.069089632588767352e-01 6.020755723141116178e+00 6.120941307473620085e+00 2.312022526478459128e-01
1.079045448552337916e-01 5.979286035657812803e+00 6.082547729164558881e+00 2.322762846861833597e-01
1.089032393461885351e-01 5.938310187909223714e+00 6.044666646796795106e+00 2.333487083167470055e-01
1.099049620757844986e-01 5.897820322955571903e+00 6.007289700508406050e+00 2.344194553314469520e-01
1.109096270909037257e-01 5.857808743782176641e+00 5.970408685449478448e+00 2.354884573507836643e-01
1.119171471488657338e-01 5.818267909265440352e+00 5.934015548216600600e+00 2.365556458308126497e-01
1.129274337254618510e-01 5.779190430260221945e+00 5.898102382824092160e+00 2.376209520701634825e-01
1.139403970234274532e-01 5.740569065798094783e+00 5.862661427176488971e+00 2.386843072171141444e-01
1.149559459813519757e-01 5.702396719402793579e+00 5.827685059974780479e+00 2.397456422767179074e-01
1.159739882830281427e-01 5.664666435511713338e+00 5.793165797054945720e+00 2.408048881179825074e-01
1.169944303672414421e-01 5.627371396000975245e+00 5.759096288406308162e+00 2.418619754811010270e-01
1.180171774379997207e-01 5.590504916814830416e+00 5.725469314900522910e+00 2.429168349847327102e-01
1.190421334752041344e-01 5.554060444688103004e+00 5.692277785218820441e+00 2.439693971333332378e-01
1.200692012457608149e-01 5.518031553967457370e+00 5.659514733203680592e+00 2.450195923245331031e-01
1.210982823151341425e-01 5.482411943522265574e+00 5.627173314857572883e+00 2.460673508565633938e-01
1.221292770593412486e-01 5.447195433744188797e+00 5.595246805565350812e+00 2.471126029357277043e-01
1.231620846773869016e-01 5.412375963631760989e+00 5.563728597570386292e+00 2.481552786839189007e-01
1.241966032041392914e-01 5.377947587959537756e+00 5.532612197431935996e+00 2.491953081461800723e-01
1.252327295236453086e-01 5.343904474525825066e+00 5.501891223346790483e+00 2.502326212983084774e-01
1.262703593828848891e-01 5.310240901477884634e+00 5.471559402883319656e+00 2.512671480545008440e-01
1.273093874059633701e-01 5.276951254713629247e+00 5.441610570907724487e+00 2.522988182750400266e-01
1.283497071087403574e-01 5.244030025356926750e+00 5.412038666834501299e+00 2.533275617740204932e-01
1.293912109138943833e-01 5.211471807298042158e+00 5.382837732566284394e+00 2.543533083271125594e-01
1.304337901664211208e-01 5.179271294808810211e+00 5.354001910893841476e+00 2.553759876793637584e-01
1.314773351495637232e-01 5.147423280221821607e+00 5.325525442872584669e+00 2.563955295530361833e-01
1.325217351011738209e-01 5.115922651670607557e+00 5.297402665955018186e+00 2.574118636554790229e-01
1.335668782304997859e-01 5.084764390895978536e+00 5.269628012146275964e+00 2.584249196870338494e-01
1.346126517354017671e-01 5.053943571108967525e+00 5.242196006220362747e+00 2.594346273489737675e-01
1.356589418199891095e-01 5.023455354916249505e+00 5.215101263912335305e+00 2.604409163514722070e-01
1.367056337126793808e-01 4.993294992297677481e+00 5.188338489867168057e+00 2.614437164216032450e-01
1.377526116846742310e-01 4.963457818640349295e+00 5.161902476244844884e+00 2.624429573113691294e-01
1.387997590688506977e-01 4.933939252826533561e+00 5.135788100983634585e+00 2.634385688057566122e-01
1.398469582790639598e-01 4.904734795371401113e+00 5.109990326297473295e+00 2.644304807308188732e-01
1.408940908298576544e-01 4.875840026613095901e+00 5.084504196937265519e+00 2.654186229617824244e-01
1.419410373565795080e-01 4.847250604947043406e+00 5.059324838667506263e+00 2.664029254311779393e-01
1.429876776358968149e-01 4.818962265111211174e+00 5.034447457176193907e+00 2.673833181369930090e-01
1.440338906067091806e-01 4.790970816515909725e+00 5.009867336203312149e+00 2.683597311508464367e-01
1.450795543914537855e-01 4.763272141614820043e+00 4.985579836355337413e+00 2.693320946261824611e-01
1.461245463177983095e-01 4.735862194323455121e+00 4.961580393877732753e+00 2.703003388064823542e-01
1.471687429407181336e-01 4.708736998475397506e+00 4.937864519029701249e+00 2.712643940334946713e-01
1.482120200649519048e-01 4.681892646319948170e+00 4.914427795324181503e+00 2.722241907554799889e-01
1.492542527678315800e-01 4.655325297062000267e+00 4.891265877947396312e+00 2.731796595354709090e-01
1.502953154224805354e-01 4.629031175433780732e+00 4.868374492374057283e+00 2.741307310595443858e-01
1.513350817213764410e-01 4.603006570308084910e+00 4.845749433672857265e+00 2.750773361451070431e-01
1.523734247002710429e-01 4.577247833346480554e+00 4.823386565113979785e+00 2.760194057491891506e-01
1.534102167624631918e-01 4.551751377680891331e+00 4.801281817099803284e+00 2.769568709767489811e-01
1.544453297034184824e-01 4.526513676630528948e+00 4.779431186108660690e+00 2.778896630889843844e-01
1.554786347357289822e-01 4.501531262450083837e+00 4.757830733610650675e+00 2.788177135116499117e-01
1.565100025144082474e-01 4.476800725110894774e+00 4.736476585187605615e+00 2.797409538433801024e-01
1.575393031625136331e-01 4.452318711112919658e+00 4.715364929409501471e+00 2.806593158640147689e-01
1.585664062970909283e-01 4.428081922325715070e+00 4.694492016709779669e+00 2.815727315429273903e-01
1.595911810554332122e-01 4.404087114858294960e+00 4.673854158730829766e+00 2.824811330473534499e-01
1.606134961216483248e-01 4.380331097959914821e+00 4.653447727495333197e+00 2.833844527507184408e-01
1.616332197535270132e-01 4.356810732946403419e+00 4.633269154089396658e+00 2.842826232409633169e-01
1.626502198097048157e-01 4.333522932151820939e+00 4.613314928003166671e+00 2.851755773288666695e-01
1.636643637771106052e-01 4.310464657909275132e+00 4.593581596297258152e+00 2.860632480563612967e-01
1.646755187986938540e-01 4.287632921553908183e+00 4.574065762781842182e+00 2.869455687048449999e-01
1.656835517014231263e-01 4.265024782453625818e+00 4.554764087222655355e+00 2.878224728034827207e-01
1.666883290245481652e-01 4.242637347060572495e+00 4.535673284186828802e+00 2.886938941375000178e-01
1.676897170481170540e-01 4.220467767986108676e+00 4.516790122651004324e+00 2.895597667564652200e-01
1.686875818217409839e-01 4.198513243101077208e+00 4.498111425284058384e+00 2.904200249825595326e-01
1.696817891935976097e-01 4.176771014655511927e+00 4.479634067346728976e+00 2.912746034188335997e-01
1.706722048396651648e-01 4.155238368419345463e+00 4.461354976105000425e+00 2.921234369574488565e-01
1.716586942931787041e-01 4.133912632845271773e+00 4.443271130122810497e+00 2.929664607879020610e-01
1.726411229742990661e-01 4.112791178250361668e+00 4.425379558402337210e+00 2.938036104052323405e-01
1.736193562199867535e-01 4.091871416017424323e+00 4.407677340198401517e+00 2.946348216182081980e-01
1.745932593140709366e-01 4.071150797819157674e+00 4.390161603670040158e+00 2.954600305574943131e-01
1.755626975175048898e-01 4.050626814851769453e+00 4.372829525295158781e+00 2.962791736837951384e-01
1.765275360987982045e-01 4.030296997096416867e+00 4.355678329798572612e+00 2.970921877959754043e-01
1.774876403646171164e-01 4.010158912592716618e+00 4.338705288734111321e+00 2.978990100391549767e-01
1.784428756905429014e-01 3.990210166728782593e+00 4.321907720330228742e+00 2.986995779127775141e-01
1.793931075519784868e-01 3.970448401552057582e+00 4.305282988805497091e+00 2.994938292786501477e-01
1.803382015551948381e-01 3.950871295091471058e+00 4.288828503367207112e+00 3.002817023689545728e-01
1.812780234685054115e-01 3.931476560697151790e+00 4.272541718019135182e+00 3.010631357942262221e-01
1.822124392535606208e-01 3.912261946396658363e+00 4.256420130883442177e+00 3.018380685513016859e-01
1.831413150967513004e-01 3.893225234264096279e+00 4.240461283352723321e+00 3.026064400312320490e-01
1.840645174407106732e-01 3.874364239803669285e+00 4.224662759610009921e+00 3.033681900271604781e-01
1.849819130159060798e-01 3.855676811348041522e+00 4.209022186125177534e+00 3.041232587421636713e-01
1.858933688723083122e-01 3.837160829470099177e+00 4.193537231277565169e+00 3.048715867970548388e-01
1.867987524111300868e-01 3.818814206409674838e+00 4.178205604297617448e+00 3.056131152381472149e-01
1.876979314166213331e-01 3.800634885507744531e+00 4.163025054601233066e+00 3.063477855449761034e-01
1.885907740879123329e-01 3.782620840657925143e+00 4.147993372067643847e+00 3.070755396379792335e-01
1.894771490708933026e-01 3.764770075771625368e+00 4.133108385811656404e+00 3.077963198861328742e-01
1.903569254901196217e-01 3.747080624248530167e+00 4.118367963626718975e+00 3.085100691145425400e-01
1.912299729807327708e-01 3.729550548465193405e+00 4.103770011764993342e+00 3.092167306119874004e-01
1.920961617203851557e-01 3.712177939270655536e+00 4.089312474050508683e+00 3.099162481384165613e-01
1.929553624611589080e-01 3.694960915494675202e+00 4.074993331673934627e+00 3.106085659323957748e-01
1.938074465614674780e-01 3.677897623467341504e+00 4.060810602276541559e+00 3.112936287185038564e-01
1.946522860179283054e-01 3.660986236545445305e+00 4.046762339752373983e+00 3.119713817146761436e-01
1.954897534971973827e-01 3.644224954655004733e+00 4.032846633784517465e+00 3.126417706394951646e-01
1.963197223677525804e-01 3.627612003837863419e+00 4.019061608740185143e+00 3.133047417194260720e-01
1.971420667316164388e-01 3.611145635809335008e+00 4.005405423707349755e+00 3.139602416959960118e-01
1.979566614560066828e-01 3.594824127527693314e+00 3.991876271934009068e+00 3.146082178329157042e-01
1.987633822049029164e-01 3.578645780769746931e+00 3.978472380042556100e+00 3.152486179231424601e-01
1.995621054705195296e-01 3.562608921716182042e+00 3.965192007787588402e+00 3.158813902958826914e-01
2.003527086046725247e-01 3.546711900546422491e+00 3.952033447408091149e+00 3.165064838235328581e-01
2.011350698500304623e-01 3.530953091039810587e+00 3.938995022886951247e+00 3.171238479285580780e-01
2.019090683712369549e-01 3.515330890185214496e+00 3.926075089892581360e+00 3.177334325903058976e-01
2.026745842858948543e-01 3.499843717801420340e+00 3.913272035273377192e+00 3.183351883517551717e-01
2.034314986954007809e-01 3.484490016162199222e+00 3.900584276189491995e+00 3.189290663261979963e-01
2.041796937156181158e-01 3.469268249629202661e+00 3.888010259703053695e+00 3.195150182038538622e-01
2.049190525073787128e-01 3.454176904292407979e+00 3.875548462436674058e+00 3.200929962584144750e-01
2.056494593068012300e-01 3.439214487618452498e+00 3.863197390058665359e+00 3.206629533535182430e-01
2.063707994554157821e-01 3.424379528104876780e+00 3.850955576899371735e+00 3.212248429491528223e-01
2.070829594300837573e-01 3.409670574942810450e+00 3.838821585226903199e+00 3.217786191079852753e-01
2.077858268727015290e-01 3.395086197682744888e+00 3.826794004597499743e+00 3.223242365016176780e-01
2.084792906196780982e-01 3.380624985909001179e+00 3.814871452025255127e+00 3.228616504167676204e-01
2.091632407311748154e-01 3.366285548922678839e+00 3.803052571011927174e+00 3.233908167613722129e-01
2.098375685200973284e-01 3.352066515424830140e+00 3.791336030909792321e+00 3.239116920706145986e-01
2.105021665808284037e-01 3.337966533210279252e+00 3.779720527017246923e+00 3.244242335128715293e-01
2.111569288176915193e-01 3.323984268866402747e+00 3.768204779612474464e+00 3.249283988955809499e-01
2.118017504731344591e-01 3.310118407474763824e+00 3.756787533768502829e+00 3.254241466710287578e-01
2.124365281556221674e-01 3.296367652322969022e+00 3.745467558792563434e+00 3.259114359420532403e-01
2.130611598672292883e-01 3.282730724616329532e+00 3.734243647510743003e+00 3.263902264676665221e-01
2.136755450309209825e-01 3.269206363198501997e+00 3.723114616151720124e+00 3.268604786685910812e-01
2.142795845175129443e-01 3.255793324275752187e+00 3.712079303752535697e+00 3.273221536327116099e-01
2.148731806722997406e-01 3.242490381146603706e+00 3.701136571876538106e+00 3.277752131204400010e-01
2.154562373413415333e-01 3.229296323937017377e+00 3.690285303662339533e+00 3.282196195699927377e-01
2.160286598973998884e-01 3.216209959336033375e+00 3.679524403661946330e+00 3.286553361025801867e-01
2.165903552655122077e-01 3.203230110342257131e+00 3.668852797772804042e+00 3.290823265275060194e-01
2.171412319481952624e-01 3.190355616011053552e+00 3.658269432163715251e+00 3.295005553471763715e-01
2.176812000502688915e-01 3.177585331205481811e+00 3.647773272851225990e+00 3.299099877620173538e-01
2.182101713032892076e-01 3.164918126352232797e+00 3.637363305712885353e+00 3.303105896753003035e-01
2.187280590895835375e-01 3.152352887204025844e+00 3.627038535945593889e+00 3.307023276978736104e-01
2.192347784658763843e-01 3.139888514602934055e+00 3.616797986986458380e+00 3.310851691528000074e-01
2.197302461864991119e-01 3.127523924246354170e+00 3.606640700716682968e+00 3.314590820798994919e-01
2.202143807261724429e-01 3.115258046462487496e+00 3.596565737214478808e+00 3.318240352401950477e-01
2.206871023023550815e-01 3.103089825985044126e+00 3.586572173540933051e+00 3.321799981202623875e-01
2.211483328971484141e-01 3.091018221730774673e+00 3.576659103736141265e+00 3.325269409364814410e-01
2.215979962787496260e-01 3.079042206584293062e+00 3.566825638502479912e+00 3.328648346391892554e-01
2.220360180224446311e-01 3.067160767183313208e+00 3.557070904403675460e+00 3.331936509167338634e-01
2.224623255311328762e-01 3.055372903707785692e+00 3.547394043883832282e+00 3.335133621994273989e-01
2.228768480553762477e-01 3.043677629674799157e+00 3.537794214626921896e+00 3.338239416633985712e-01
2.232795167129638936e-01 3.032073971732688111e+00 3.528270588952919340e+00 3.341253632343434421e-01
2.236702645079856056e-01 3.020560969461084433e+00 3.518822353649101675e+00 3.344176015911734523e-01
2.240490263494070156e-01 3.009137675172874005e+00 3.509448709502626329e+00 3.347006321695605857e-01
2.244157390691377818e-01 2.997803153719934777e+00 3.500148870800188661e+00 3.349744311653785056e-01
2.247703414395877952e-01 2.986556482300401605e+00 3.490922064956393456e+00 3.352389755380389968e-01
2.251127741907027469e-01 2.975396750270440371e+00 3.481767532322628700e+00 3.354942430137235476e-01
2.254429800264735884e-01 2.964323058958559187e+00 3.472684525427574442e+00 3.357402120885086827e-01
2.257609036409131686e-01 2.953334521480509789e+00 3.463672308759878415e+00 3.359768620313853815e-01
2.260664917334932744e-01 2.942430262560230325e+00 3.454730158341654089e+00 3.362041728871708046e-01
2.263596930240369953e-01 2.931609418349771623e+00 3.445857361269094810e+00 3.364221254793128280e-01
2.266404582670595858e-01 2.920871136254996614e+00 3.437053215675584195e+00 3.366307014125862196e-01
2.269087402655532715e-01 2.910214574762842510e+00 3.428317029956353679e+00 3.368298830756805695e-01
2.271644938842092842e-01 2.899638903269361911e+00 3.419648122348431407e+00 3.370196536436779189e-01
2.274076760620734883e-01 2.889143301911601291e+00 3.411045820928684247e+00 3.371999970804221980e-01
2.276382458246290486e-01 2.878726961402832796e+00 3.402509463004045998e+00 3.373708981407769758e-01
2.278561642953029209e-01 2.868389082867484952e+00 3.394038394585195295e+00 3.375323423727739081e-01
2.280613947063901137e-01 2.858128877679921853e+00 3.385631970471261187e+00 3.376843161196490528e-01
2.282539024093929725e-01 2.847945567306758186e+00 3.377289553568929570e+00 3.378268065217686078e-01
2.284336548847699100e-01 2.837838383147880172e+00 3.369010514469762629e+00 3.379598015184423487e-01
2.286006217510911653e-01 2.827806566382646380e+00 3.360794231439232949e+00 3.380832898496250460e-01
2.287547747735966808e-01 2.817849367817302664e+00 3.352640089883679231e+00 3.381972610575052496e-01
2.288960878721536807e-01 2.807966047734085979e+00 3.344547481716641180e+00 3.383017054879813301e-01
2.290245371286104836e-01 2.798155875740802045e+00 3.336515805490535502e+00 3.383966142920245557e-01
2.291401007935434109e-01 2.788418130626975522e+00 3.328544466230243692e+00 3.384819794269285920e-01
2.292427592923945434e-01 2.778752100218339294e+00 3.320632874306265414e+00 3.385577936574452607e-01
2.293324952309975795e-01 2.769157081231672368e+00 3.312780445645098215e+00 3.386240505568067216e-01
2.294092934004897388e-01 2.759632379136542024e+00 3.304986601627474041e+00 3.386807445076334133e-01
2.294731407816078816e-01 2.750177308015187894e+00 3.297250768433068302e+00 3.387278707027278624e-01
2.295240265483668440e-01 2.740791190425709178e+00 3.289572376678358445e+00 3.387654251457539734e-01
2.295619420711188796e-01 2.731473357265176372e+00 3.281950861268303044e+00 3.387934046518016884e-01
2.295868809189927640e-01 2.722223147637363727e+00 3.274385661399817682e+00 3.388118068478375711e-01
2.295988388617115628e-01 2.713039908721219362e+00 3.266876219843081408e+00 3.388206301730397607e-01
2.295978138707887029e-01 2.703922995639273630e+00 3.259421982671297346e+00 3.388198738790190179e-01
2.295838061201013747e-01 2.694871771329602872e+00 3.252022399301091493e+00 3.388095380299242509e-01
2.295568179858413493e-01 2.685885606419596172e+00 3.244676922081659143e+00 3.387896235024335234e-01
2.295168540458432660e-01 2.676963879100306976e+00 3.237385005909219515e+00 3.387601319856302640e-01
2.294639210782904448e-01 2.668105975002709407e+00 3.230146108171177310e+00 3.387210659807642354e-01
2.293980280597988086e-01 2.659311287076555175e+00 3.222959688328870254e+00 3.386724288008980954e-01
2.293191861628798567e-01 2.650579215468740202e+00 3.215825207895306459e+00 3.386142245704393261e-01
2.292274087527833848e-01 2.641909167406735204e+00 3.208742130194621733e+00 3.385464582245569787e-01
2.291227113837215890e-01 2.633300557080001880e+00 3.201709919676475558e+00 3.384691355084844533e-01
2.290051117944754411e-01 2.624752805523653088e+00 3.194728042260218004e+00 3.383822629767076484e-01
2.288746299033857790e-01 2.616265340506516601e+00 3.187795964884423849e+00 3.382858479920389794e-01
2.287312878027307761e-01 2.607837596416302084e+00 3.180913155317863339e+00 3.381798987245773214e-01
2.285751097524917064e-01 2.599469014150821877e+00 3.174079082080853542e+00 3.380644241505542658e-01
2.284061221735100566e-01 2.591159041006859898e+00 3.167293213952102615e+00 3.379394340510663564e-01
2.282243536400381245e-01 2.582907130572497767e+00 3.160555019950434197e+00 3.378049390106945271e-01
2.280298348716867929e-01 2.574712742619957861e+00 3.153863969453309934e+00 3.376609504160103525e-01
2.278225987247723960e-01 2.566575343002694076e+00 3.147219531742640353e+00 3.375074804539688889e-01
2.276026801830676738e-01 2.558494403549317564e+00 3.140621175395124087e+00 3.373445421101901043e-01
2.273701163479591725e-01 2.550469401960830496e+00 3.134068368935053250e+00 3.371721491671273441e-01
2.271249464280155062e-01 2.542499821712435715e+00 3.127560580550416969e+00 3.369903162021243292e-01
2.268672117279707801e-01 2.534585151952706727e+00 3.121097277487375532e+00 3.367990585853609664e-01
2.265969556371268678e-01 2.526724887405363162e+00 3.114677925938055481e+00 3.365983924776876357e-01
2.263142236171798993e-01 2.518918528271380630e+00 3.108301991437539602e+00 3.363883348283497887e-01
2.260190631894749280e-01 2.511165580136803577e+00 3.101968938565677014e+00 3.361689033726014686e-01
2.257115239216946068e-01 2.503465553876456084e+00 3.095678230312983725e+00 3.359401166292101393e-01
2.253916574139864237e-01 2.495817965561337282e+00 3.089429328610295400e+00 3.357019938978516027e-01
2.250595172845339664e-01 2.488222336368968612e+00 3.083221694044778971e+00 3.354545552563968358e-01
2.247151591545787364e-01 2.480678192492339118e+00 3.077054785574174112e+00 3.351978215580903586e-01
2.243586406328969551e-01 2.473185065051784370e+00 3.070928060627804879e+00 3.349318144286214105e-01
2.239900212997386897e-01 2.465742490007748255e+00 3.064840974888411118e+00 3.346565562630879342e-01
2.236093626902348475e-01 2.458350008074482229e+00 3.058792982496722601e+00 3.343720702228543118e-01
2.232167282772788142e-01 2.451007164637145408e+00 3.052783535621426569e+00 3.340783802323032958e-01
2.228121834538893398e-01 2.443713509665900396e+00 3.046812084515326813e+00 3.337755109754828586e-01
2.223957955150611121e-01 2.436468597636381794e+00 3.040878077808319091e+00 3.334634878926485135e-01
2.219676336391112614e-01 2.429271987448458070e+00 3.034980961932936427e+00 3.331423371767023300e-01
2.215277688685272084e-01 2.422123242346097438e+00 3.029120181252052735e+00 3.328120857695279211e-01
2.210762740903252366e-01 2.415021929839749060e+00 3.023295178363677227e+00 3.324727613582240671e-01
2.206132240159259517e-01 2.407967621630812793e+00 3.017505393696271465e+00 3.321243923712363655e-01
2.201386951605547870e-01 2.400959893534269973e+00 3.011750265249094838e+00 3.317670079743876288e-01
2.196527658221761325e-01 2.393998325404300687e+00 3.006029229492053201e+00 3.314006380668089169e-01
2.191555160599681362e-01 2.387082501064953899e+00 3.000341720772742526e+00 3.310253132767705386e-01
2.186470276723475048e-01 2.380212008234703802e+00 2.994687170675933707e+00 3.306410649574153537e-01
2.181273841745518527e-01 2.373386438455864056e+00 2.989065009136772311e+00 3.302479251823937090e-01
2.175966707757888974e-01 2.366605387028308805e+00 2.983474664248164654e+00 3.298459267414021734e-01
2.170549743559608002e-01 2.359868452940106387e+00 2.977915561718350368e+00 3.294351031356257953e-01
2.165023834419725901e-01 2.353175238800394364e+00 2.972387125141272346e+00 3.290154885730857126e-01
2.159389881836343839e-01 2.346525350773991381e+00 2.966888776100767178e+00 3.285871179638927830e-01
2.153648803291650926e-01 2.339918398517178311e+00 2.961419934468729753e+00 3.281500269154072891e-01
2.147801532003087710e-01 2.333353995116329127e+00 2.955980018050553326e+00 3.277042517273072719e-01
2.141849016670716865e-01 2.326831757023769320e+00 2.950568442510216549e+00 3.272498293865649388e-01
2.135792221220899068e-01 2.320351303998154258e+00 2.945184621820492232e+00 3.267867975623325871e-01
2.129632124546378680e-01 2.313912259045108666e+00 2.939827968213317710e+00 3.263151946007401549e-01
2.123369720242867520e-01 2.307514248359387565e+00 2.934497892310752754e+00 3.258350595196032318e-01
2.117006016342233010e-01 2.301156901268316179e+00 2.929193802793091272e+00 3.253464320030444723e-01
2.110542035042383135e-01 2.294839850173978402e+00 2.923915106606174152e+00 3.248493523960285789e-01
2.103978812433958678e-01 2.288562730499874132e+00 2.918661209502626974e+00 3.243438616988117418e-01
2.097317398223931262e-01 2.282325180638192119e+00 2.913431515901692581e+00 3.238300015613077010e-01
2.090558855456201848e-01 2.276126841897496700e+00 2.908225428490809783e+00 3.233078142773695429e-01
2.083704260229322369e-01 2.269967358449503259e+00 2.903042348574556009e+00 3.227773427789907834e-01
2.076754701411422377e-01 2.263846377280650302e+00 2.897881676702685816e+00 3.222386306304244608e-01
2.069711280352469762e-01 2.257763548144294141e+00 2.892742812223274118e+00 3.216917220222234586e-01
2.062575110593947436e-01 2.251718523511366588e+00 2.887625153265662270e+00 3.211366617652013922e-01
2.055347317576076971e-01 2.245710958524188339e+00 2.882528097235887543e+00 3.205734952843167229e-01
2.048029038342678299e-01 2.239740510951672814e+00 2.877451040795125703e+00 3.200022686124801563e-01
2.040621421243781486e-01 2.233806841144613475e+00 2.872393379662099289e+00 3.194230283842870999e-01
2.033125625636098555e-01 2.227909611991331307e+00 2.867354509312636246e+00 3.188358218296760693e-01
2.025542821581467479e-01 2.222048488878597183e+00 2.862333824977658203e+00 3.182406967675149301e-01
2.017874189543366337e-01 2.216223139648726193e+00 2.857330721010704178e+00 3.176377015991148078e-01
2.010120920081623352e-01 2.210433234558349280e+00 2.852344591619755843e+00 3.170268853016746657e-01
2.002284213545419966e-01 2.204678446241217227e+00 2.847374831301978659e+00 3.164082974216558264e-01
1.994365279764707122e-01 2.198958449670878501e+00 2.842420834715022160e+00 3.157819880680900471e-01
1.986365337740133852e-01 2.193272922124104074e+00 2.837481996334087153e+00 3.151480079058198713e-01
1.978285615331611402e-01 2.187621543142939107e+00 2.832557710912174009e+00 3.145064081486744212e-01
1.970127348945618917e-01 2.182003994502147215e+00 2.827647373977353773e+00 3.138572405525814069e-01
1.961891783221353380e-01 2.176419960175373092e+00 2.822750381451176960e+00 3.132005574086158539e-01
1.953580170715850384e-01 2.170869126301654628e+00 2.817866130038159778e+00 3.125364115359881012e-01
1.945193771588173137e-01 2.165351181155067195e+00 2.812994017340428421e+00 3.118648562749715691e-01
1.936733853282790740e-01 2.159865815113078291e+00 2.808133442031937044e+00 3.111859454797718527e-01
1.928201690212243968e-01 2.154412720628367417e+00 2.803283804040193505e+00 3.104997335113384715e-01
1.919598563439222083e-01 2.148991592199341216e+00 2.798444504271563993e+00 3.098062752301203870e-01
1.910925760358156977e-01 2.143602126341522141e+00 2.793614945213472200e+00 3.091056259887675628e-01
1.902184574376434567e-01 2.138244021562591080e+00 2.788794531230903928e+00 3.083978416247781240e-01
1.893376304595349446e-01 2.132916978336495184e+00 2.783982668237795721e+00 3.076829784530946132e-01
1.884502255490901612e-01 2.127620699077659161e+00 2.779178763913140227e+00 3.069610932586491203e-01
1.875563736594542397e-01 2.122354888117337524e+00 2.774382228243331472e+00 3.062322432888593404e-01
1.866562062173985348e-01 2.117119251681876424e+00 2.769592473450701142e+00 3.054964862460766151e-01
1.857498550914189472e-01 2.111913497869594813e+00 2.764808913877906615e+00 3.047538802799883428e-01
1.848374525598608653e-01 2.106737336629334045e+00 2.760030966491412663e+00 3.040044839799742604e-01
1.839191312790833532e-01 2.101590479741088036e+00 2.755258050981680640e+00 3.032483563674198690e-01
1.829950242516719117e-01 2.096472640795982834e+00 2.750489589919433264e+00 3.024855568879875611e-01
1.820652647947103575e-01 2.091383535178639619e+00 2.745725008630206077e+00 3.017161454038467250e-01
1.811299865081227589e-01 2.086322880047264405e+00 2.740963735568176851e+00 3.009401821858646020e-01
1.801893232430955005e-01 2.081290394318950021e+00 2.736205202867215469e+00 3.001577279057591752e-01
1.792434090705903316e-01 2.076285798653594306e+00 2.731448845648704715e+00 2.993688436282158638e-01
1.782923782499568066e-01 2.071308815436085915e+00 2.726694102604311443e+00 2.985735908029683583e-01
1.773363651976567756e-01 2.066359168764249077e+00 2.721940416489394554e+00 2.977720312568465366e-01
1.763755044561091945e-01 2.061436584434458208e+00 2.717187233739297714e+00 2.969642271857918514e-01
1.754099306626651922e-01 2.056540789928136714e+00 2.712434004624281414e+00 2.961502411468418527e-01
1.744397785187241923e-01 2.051671514398911711e+00 2.707680183955480047e+00 2.953301360500856232e-01
1.734651827589996920e-01 2.046828488663681167e+00 2.702925230953882707e+00 2.945039751505908465e-01
1.724862781209454687e-01 2.042011445189625185e+00 2.698168608612388386e+00 2.936718220403052859e-01
1.715031993143498468e-01 2.037220118082378129e+00 2.693409784933020301e+00 2.928337406399319498e-01
1.705160809911094588e-01 2.032454243080484613e+00 2.688648232997716381e+00 2.919897951907818312e-01
1.695250577151907745e-01 2.027713557544462031e+00 2.683883430374061518e+00 2.911400502466044982e-01
1.685302639327873608e-01 2.022997800448545380e+00 2.679114859669122772e+00 2.902845706653967017e-01
1.675318339426842829e-01 2.018306712373326928e+00 2.674342008739316601e+00 2.894234216011933869e-01
1.665299018668362496e-01 2.013640035499146386e+00 2.669564371003689374e+00 2.885566684958400518e-01
1.655246016211696092e-01 2.008997513600920826e+00 2.664781444925847342e+00 2.876843770707488424e-01
1.645160668866157416e-01 2.004378892039143434e+00 2.659992734403636039e+00 2.868066133186399913e-01
1.635044310803849543e-01 1.999783917757335105e+00 2.655197749610482383e+00 2.859234434952693249e-01
1.624898273274893445e-01 1.995212339278022551e+00 2.650396006385743686e+00 2.850349341111448331e-01
1.614723884325214021e-01 1.990663906697249796e+00 2.645587026212277593e+00 2.841411519232310834e-01
1.604522468516978717e-01 1.986138371680844728e+00 2.640770336729436174e+00 2.832421639266458624e-01
1.594295346651765088e-01 1.981635487462097833e+00 2.635945472059736172e+00 2.823380373463488247e-01
1.584043835496515562e-01 1.977155008840130623e+00 2.631111972527500065e+00 2.814288396288229799e-01
1.573769247512382674e-01 1.972696692176366007e+00 2.626269384783829874e+00 2.805146384337529053e-01
1.563472890586513897e-01 1.968260295393910564e+00 2.621417261991709768e+00 2.795955016256980175e-01
1.553156067766865711e-01 1.963845577975313894e+00 2.616555164093402830e+00 2.786714972657650113e-01
1.542820077000098822e-01 1.959452300963681948e+00 2.611682658163304804e+00 2.777426936032790228e-01
1.532466210872641121e-01 1.955080226962568002e+00 2.606799317601626420e+00 2.768091590674557900e-01
1.522095756354978346e-01 1.950729120133001260e+00 2.601904722664142966e+00 2.758709622590767019e-01
1.511709994549224334e-01 1.946398746196501106e+00 2.596998461441272443e+00 2.749281719421660664e-01
1.501310200440059972e-01 1.942088872437525149e+00 2.592080128775630765e+00 2.739808570356750406e-01
1.490897642649077759e-01 1.937799267700863970e+00 2.587149326760254997e+00 2.730290866051708343e-01
1.480473583192612186e-01 1.933529702396993954e+00 2.582205665136694694e+00 2.720729298545347952e-01
1.470039277243090359e-01 1.929279948501706921e+00 2.577248760624204493e+00 2.711124561176680992e-01
1.459595972893985016e-01 1.925049779558080765e+00 2.572278238164348085e+00 2.701477348502097642e-01
1.449144910928408803e-01 1.920838970682863245e+00 2.567293730005183683e+00 2.691788356212658218e-01
1.438687324591399752e-01 1.916647298563650459e+00 2.562294875800241734e+00 2.682058281051513116e-01
1.428224439365959608e-01 1.912474541465988498e+00 2.557281323624913227e+00 2.672287820731479302e-01
1.417757472752890491e-01 1.908320479235970035e+00 2.552252729075515258e+00 2.662477673852768900e-01
1.407287634054468217e-01 1.904184893302663939e+00 2.547208756014906594e+00 2.652628539820896525e-01
1.396816124162009731e-01 1.900067566684722653e+00 2.542149076249250683e+00 2.642741118764766473e-01
1.386344135347370998e-01 1.895968283991134262e+00 2.537073369226290787e+00 2.632816111454967523e-01
1.375872851058420054e-01 1.891886831426336846e+00 2.531981323067511003e+00 2.622854219222277017e-01
1.365403445718518793e-01 1.887822996796399089e+00 2.526872634176087651e+00 2.612856143876389203e-01
1.354937084530056512e-01 1.883776569512068066e+00 2.521747006974022209e+00 2.602822587624881168e-01
1.344474923282078238e-01 1.879747340593607596e+00 2.516604154315602582e+00 2.592754252992441333e-01
1.334018108162018934e-01 1.875735102675995636e+00 2.511443797517933341e+00 2.582651842740343873e-01
1.323567775571602434e-01 1.871739650013898082e+00 2.506265666475964604e+00 2.572516059786219000e-01
1.313125051946915645e-01 1.867760778487433049e+00 2.501069499416723740e+00 2.562347607124095261e-01
1.302691053582701319e-01 1.863798285605822391e+00 2.495855043087271241e+00 2.552147187744763790e-01
1.292266886460876063e-01 1.859851970514100561e+00 2.490622052814790433e+00 2.541915504556431782e-01
1.281853646083323250e-01 1.855921633996999276e+00 2.485370292701649220e+00 2.531653260305726794e-01
1.271452417308963634e-01 1.852007078486610725e+00 2.480099535705512448e+00 2.521361157499024119e-01
1.261064274195127510e-01 1.848108108066564226e+00 2.474809562895745607e+00 2.511039898324126107e-01
1.250690279843260089e-01 1.844224528475804092e+00 2.469500164559740529e+00 2.500690184572311181e-01
1.240331486248963944e-01 1.840356147118366925e+00 2.464171139825416912e+00 2.490312717560752287e-01
1.229988934156392849e-01 1.836502773065051386e+00 2.458822296116956796e+00 2.479908198055315871e-01
1.219663652917022945e-01 1.832664217060353096e+00 2.453453450044578155e+00 2.469477326193766642e-01
1.209356660352800955e-01 1.828840291528533557e+00 2.448064426995455012e+00 2.459020801409375068e-01
1.199068962623687090e-01 1.825030810578325058e+00 2.442655061002126260e+00 2.448539322354949532e-01
1.188801554099589569e-01 1.821235590008205119e+00 2.437225195167280312e+00 2.438033586827291488e-01
1.178555417236710201e-01 1.817454447313103794e+00 2.431774681527128834e+00 2.427504291692097194e-01
1.168331522458301713e-01 1.813687201688813033e+00 2.426303380789824882e+00 2.416952132809317422e-01
1.158130828039826699e-01 1.809933674037224050e+00 2.420811162576430586e+00 2.406377804958966526e-01
1.147954279998537747e-01 1.806193686971783396e+00 2.415297905329238493e+00 2.395782001767416403e-01
1.137802811987467105e-01 1.802467064822091514e+00 2.409763496492986601e+00 2.385165415634172559e-01
1.127677345193825315e-01 1.798753633640094218e+00 2.404207832504184239e+00 2.374528737659143685e-01
1.117578788241801180e-01 1.795053221204415461e+00 2.398630818485339766e+00 2.363872657570412761e-01
1.107508037099762116e-01 1.791365657024837077e+00 2.393032368323458670e+00 2.353197863652525534e-01
1.097465974991850696e-01 1.787690772346840706e+00 2.387412404911181341e+00 2.342505042675309401e-01
1.087453472313950203e-01 1.784028400157076533e+00 2.381770860018535885e+00 2.331794879823212707e-01
1.077471386554029603e-01 1.780378375187049000e+00 2.376107674218058463e+00 2.321068058625198605e-01
1.067520562216843355e-01 1.776740533918010678e+00 2.370422796773126173e+00 2.310325260885189025e-01
1.057601830752975536e-01 1.773114714583874596e+00 2.364716185678628513e+00 2.299567166613073199e-01
1.047716010492204530e-01 1.769500757176106553e+00 2.358987807972421358e+00 2.288794453956279340e-01
1.037863906581184270e-01 1.765898503447929313e+00 2.353237639178182850e+00 2.278007799131934741e-01
1.028046310925417040e-01 1.762307796916248614e+00 2.347465663409546099e+00 2.267207876359617069e-01
1.018264002135487317e-01 1.758728482866165121e+00 2.341671873826378647e+00 2.256395357794692136e-01
1.008517745477551242e-01 1.755160408354877521e+00 2.335856272014208646e+00 2.245570913462266172e-01
9.988082928280531125e-02 1.751603422212926420e+00 2.330018867974775088e+00 2.234735211191756776e-01
9.891363826326302067e-02 1.748057375047842310e+00 2.324159680508286918e+00 2.223888916552072548e-01
9.795027398692027210e-02 1.744522119246994851e+00 2.318278736893887526e+00 2.213032692787436917e-01
9.699080760152019309e-02 1.740997508979451602e+00 2.312376073013996614e+00 2.202167200753841481e-01
9.603530890189222735e-02 1.737483400199187678e+00 2.306451732883493033e+00 2.191293098856155197e-01
9.508384632749482257e-02 1.733979650644427384e+00 2.300505768894517633e+00 2.180411042985872794e-01
9.413648696036458485e-02 1.730486119841825543e+00 2.294538242163287833e+00 2.169521686459535970e-01
9.319329652346745874e-02 1.727002669107196464e+00 2.288549221769395015e+00 2.158625679957822951e-01
9.225433937944785279e-02 1.723529161545816812e+00 2.282538785117949054e+00 2.147723671465301132e-01
9.131967852977378175e-02 1.720065462054656491e+00 2.276507017820240453e+00 2.136816306210875260e-01
9.038937561427300149e-02 1.716611437321858613e+00 2.270454013540127214e+00 2.125904226608915371e-01
8.946349091105736118e-02 1.713166955828013593e+00 2.264379873926398279e+00 2.114988072201086367e-01
8.854208333683012688e-02 1.709731887845070908e+00 2.258284708766613136e+00 2.104068479598871499e-01
8.762521044757375088e-02 1.706306105438118337e+00 2.252168635837178190e+00 2.093146082426806665e-01
8.671292843961349306e-02 1.702889482463326720e+00 2.246031780543531031e+00 2.082221511266434677e-01
8.580529215105152374e-02 1.699481894567820506e+00 2.239874276352289417e+00 2.071295393600964818e-01
8.490235506356907935e-02 1.696083219189415292e+00 2.233696264366812567e+00 2.060368353760670124e-01
8.400416930459105036e-02 1.692693335554262157e+00 2.227497893252238903e+00 2.049441012869009648e-01
8.311078564980828309e-02 1.689312124676023652e+00 2.221279319365940808e+00 2.038513988789484310e-01
8.222225352605393167e-02 1.685939469353896492e+00 2.215040706525164271e+00 2.027587896073237139e-01
8.133862101452841997e-02 1.682575254170487034e+00 2.208782226105256985e+00 2.016663345907397931e-01
8.045993485436864212e-02 1.679219365490072891e+00 2.202504056874093674e+00 2.005740946064180075e-01
7.958624044655569774e-02 1.675871691455486756e+00 2.196206384678988766e+00 1.994821300850726509e-01
7.871758185815747044e-02 1.672532121984733999e+00 2.189889402765881066e+00 1.983905011059721446e-01
7.785400182690027648e-02 1.669200548769147918e+00 2.183553311470359137e+00 1.972992673920765938e-01
7.699554176606386580e-02 1.665876865268364870e+00 2.177198318063993998e+00 1.962084883052512829e-01
7.614224176969613955e-02 1.662560966707601784e+00 2.170824636900967608e+00 1.951182228415584696e-01
7.529414061814075632e-02 1.659252750073095584e+00 2.164432489268834914e+00 1.940285296266257287e-01
7.445127578387365774e-02 1.655952114108512285e+00 2.158022103206645781e+00 1.929394669110932048e-01
7.361368343764160271e-02 1.652658959309372566e+00 2.151593713358537663e+00 1.918510925661378597e-01
7.278139845489874082e-02 1.649373187918627304e+00 2.145147561001302883e+00 1.907634640790771829e-01
7.195445442253531332e-02 1.646094703921038072e+00 2.138683894018667431e+00 1.896766385490518403e-01
7.113288364589176460e-02 1.642823413038469571e+00 2.132202966868333771e+00 1.885906726827864255e-01
7.031671715605466999e-02 1.639559222723941279e+00 2.125705040162167769e+00 1.875056227904308426e-01
6.950598471742702733e-02 1.636302042154893277e+00 2.119190380659962791e+00 1.864215447814804305e-01
6.870071483556863812e-02 1.633051782227072035e+00 2.112659261436871994e+00 1.853384941607768566e-01
6.790093476529937555e-02 1.629808355548395316e+00 2.106111961745021244e+00 1.842565260245880299e-01
6.710667051906085701e-02 1.626571676432070568e+00 2.099548766631523566e+00 1.831756950567690057e-01
6.631794687553059509e-02 1.623341660888641735e+00 2.092969967024941091e+00 1.820960555250038804e-01
6.553478738848121654e-02 1.620118226619375434e+00 2.086375859695282831e+00 1.810176612771267901e-01
6.475721439588127959e-02 1.616901293008001783e+00 2.079766747023471307e+00 1.799405657375252321e-01
6.398524902923019564e-02 1.613690781112985251e+00 2.073142936973867645e+00 1.788648219036239051e-01
6.321891122312120470e-02 1.610486613659037447e+00 2.066504743037204328e+00 1.777904823424488190e-01
6.245821972502781788e-02 1.607288715029043802e+00 2.059852484096296177e+00 1.767175991872736718e-01
6.170319210530635090e-02 1.604097011254892013e+00 2.053186484134562839e+00 1.756462241343467456e-01
6.095384476740964286e-02 1.600911430008064240e+00 2.046507072413554340e+00 1.745764084396995985e-01
6.021019295830493112e-02 1.597731900591162102e+00 2.039814583292257844e+00 1.735082029160364137e-01
5.947225077909095575e-02 1.594558353927634453e+00 2.033109356040962989e+00 1.724416579297052554e-01
5.874003119580793048e-02 1.591390722552457060e+00 2.026391734919295917e+00 1.713768233977510935e-01
5.801354605043350376e-02 1.588228940602129713e+00 2.019662068635716956e+00 1.703137487850489296e-01
5.729280607206039405e-02 1.585072943803005119e+00 2.012920710635611954e+00 1.692524831015196629e-01
5.657782088824819811e-02 1.581922669462501263e+00 2.006168019271306502e+00 1.681930748994265312e-01
5.586859903654446680e-02 1.578778056458089774e+00 1.999404356943014660e+00 1.671355722707534019e-01
5.516514797616789423e-02 1.575639045224849655e+00 1.992630090245374186e+00 1.660800228446634996e-01
5.446747409984897814e-02 1.572505577745093364e+00 1.985845590372382174e+00 1.650264737850399843e-01
5.377558274582140002e-02 1.569377597537607416e+00 1.979051232414230421e+00 1.639749717881076596e-01
5.308947820995801870e-02 1.566255049644313280e+00 1.972247395398335712e+00 1.629255630801348664e-01
5.240916375804615529e-02 1.563137880619719366e+00 1.965434462594616516e+00 1.618782934152169783e-01
5.173464163819618128e-02 1.560026038518856240e+00 1.958612820623723882e+00 1.608332080731404434e-01
5.106591309337669277e-02 1.556919472883043554e+00 1.951782859786262980e+00 1.597903518573269288e-01
5.040297837407167053e-02 1.553818134729264333e+00 1.944944974197677867e+00 1.587497690928583172e-01
4.974583675105281183e-02 1.550721976536509228e+00 1.938099561341643406e+00 1.577115036245815838e-01
4.909448652826192000e-02 1.547630952233366886e+00 1.931247022102196897e+00 1.566755988152940260e-01
4.844892505579682235e-02 1.544545017184557389e+00 1.924387760331160990e+00 1.556420975440077070e-01
4.780914874299583422e-02 1.541464128176831982e+00 1.917522183124028334e+00 1.546110422042938082e-01
4.717515307161495447e-02 1.538388243406729083e+00 1.910650700684579872e+00 1.535824747027064729e-01
4.654693260909131824e-02 1.535317322465989953e+00 1.903773725967349950e+00 1.525564364572850884e-01
4.592448102188852882e-02 1.532251326327970453e+00 1.896891674844342957e+00 1.515329683961357254e-01
4.530779108891738044e-02 1.529190217333834978e+00 1.890004965712537510e+00 1.505121109560911274e-01
4.469685471502693463e-02 1.526133959177503385e+00 1.883114019493508540e+00 1.494939040814489695e-01
4.409166294455996865e-02 1.523082516891976823e+00 1.876219259764738689e+00 1.484783872227873613e-01
4.349220597496782775e-02 1.520035856834929255e+00 1.869321112323419465e+00 1.474655993358583717e-01
4.289847317047951886e-02 1.516993946673434568e+00 1.862420005160524639e+00 1.464555788805594061e-01
4.231045307581848131e-02 1.513956755369608942e+00 1.855516368231539648e+00 1.454483638199799145e-01
4.172813342996324615e-02 1.510924253164590780e+00 1.848610633700606298e+00 1.444439916195257301e-01
4.115150117994617607e-02 1.507896411565325279e+00 1.841703235702609076e+00 1.434424992461198201e-01
4.058054249468443647e-02 1.504873203327748099e+00 1.834794609842056889e+00 1.424439231674774486e-01
4.001524277883920094e-02 1.501854602441813347e+00 1.827885193582081014e+00 1.414482993514577513e-01
3.945558668669740809e-02 1.498840584116391872e+00 1.820975425797878744e+00 1.404556632654899440e-01
3.890155813607130975e-02 1.495831124762750264e+00 1.814065746960620507e+00 1.394660498760743328e-01
3.835314032221034952e-02 1.492826201980382406e+00 1.807156598923876700e+00 1.384794936483563776e-01
3.781031573172143057e-02 1.489825794539855419e+00 1.800248424393998681e+00 1.374960285457755282e-01
3.727306615649216698e-02 1.486829882366848876e+00 1.793341667447390986e+00 1.365156880297868358e-01
3.674137270761214380e-02 1.483838446527224075e+00 1.786436773285476898e+00 1.355385050596548124e-01
3.621521582928827893e-02 1.480851469210344051e+00 1.779534187645827270e+00 1.345645120923200100e-01
3.569457531274908973e-02 1.477868933712156219e+00 1.772634357203723754e+00 1.335937410823371807e-01
3.517943031013368027e-02 1.474890824420312052e+00 1.765737729418806357e+00 1.326262234818847696e-01
3.466975934836047379e-02 1.471917126796912223e+00 1.758844752073286166e+00 1.316619902408445175e-01
3.416554034297197839e-02 1.468947827362162561e+00 1.751955873520116169e+00 1.307010718069518684e-01
3.366675061195113089e-02 1.465982913678345101e+00 1.745071542418117350e+00 1.297434981260161824e-01
3.317336688950421608e-02 1.463022374332755726e+00 1.738192207629541297e+00 1.287892986422090325e-01
3.268536533980733599e-02 1.460066198921598168e+00 1.731318318276267920e+00 1.278385022984220853e-01
3.220272157071151636e-02 1.457114378033429025e+00 1.724450323273265973e+00 1.268911375366922889e-01
3.172541064740302952e-02 1.454166903231628671e+00 1.717588671398141642e+00 1.259472322986952830e-01
3.125340710601409722e-02 1.451223767038441803e+00 1.710733811436710550e+00 1.250068140263043692e-01
3.078668496718128811e-02 1.448284962918298113e+00 1.703886191782823856e+00 1.240699096622168290e-01
3.032521774954703708e-02 1.445350485260712858e+00 1.697046260369913906e+00 1.231365456506455652e-01
2.986897848320060542e-02 1.442420329363703013e+00 1.690214464524841587e+00 1.222067479380754274e-01
2.941793972305523780e-02 1.439494491416502653e+00 1.683391251057716698e+00 1.212805419740842772e-01
2.897207356215793922e-02 1.436572968483666779e+00 1.676577066102068692e+00 1.203579527122282389e-01
2.853135164492766329e-02 1.433655758487555332e+00 1.669772354650217006e+00 1.194390046109889136e-01
2.809574518031970197e-02 1.430742860191137611e+00 1.662977561009196803e+00 1.185237216347843625e-01
2.766522495491205436e-02 1.427834273182498892e+00 1.656193128450687668e+00 1.176121272550412905e-01
2.723976134591111348e-02 1.424929997856750896e+00 1.649419498856992128e+00 1.167042444513290006e-01
2.681932433407279923e-02 1.422030035399677539e+00 1.642657112935069774e+00 1.158000957125528418e-01
2.640388351653712856e-02 1.419134387770801142e+00 1.635906410054438265e+00 1.148997030382087753e-01
2.599340811957241704e-02 1.416243057686855211e+00 1.629167828285772668e+00 1.140030879396966568e-01
2.558786701122634302e-02 1.413356048605380888e+00 1.622441803866443433e+00 1.131102714416916816e-01
2.518722871388141132e-02 1.410473364706729127e+00 1.615728771352303195e+00 1.122212740835743100e-01
2.479146141671168674e-02 1.407595010878631481e+00 1.609029163769698734e+00 1.113361159209168838e-01
2.440053298803854936e-02 1.404720992699135973e+00 1.602343412115779353e+00 1.104548165270273496e-01
2.401441098758220344e-02 1.401851316419867599e+00 1.595671945416877513e+00 1.095773949945475778e-01
2.363306267860735416e-02 1.398985988949605686e+00 1.589015190575924441e+00 1.087038699371079276e-01
2.325645503996003755e-02 1.396125017837458238e+00 1.582373572484201185e+00 1.078342594910356861e-01
2.288455477799321292e-02 1.393268411257270190e+00 1.575747513746039941e+00 1.069685813171166872e-01
2.251732833837936237e-02 1.390416177990284829e+00 1.569137434418863108e+00 1.061068526024105674e-01
2.215474191780756469e-02 1.387568327409135716e+00 1.562543752352447024e+00 1.052490900621177866e-01
2.179676147556280572e-02 1.384724869462118368e+00 1.555966882566672815e+00 1.043953099414978714e-01
2.144335274498605087e-02 1.381885814655524181e+00 1.549407237611834631e+00 1.035455280178387283e-01
2.109448124481263023e-02 1.379051174039618299e+00 1.542865227588891219e+00 1.026997596024757792e-01
2.075011229038741314e-02 1.376220959191482018e+00 1.536341259116593916e+00 1.018580195428602786e-01
2.041021100475470459e-02 1.373395182198011044e+00 1.529835736211215602e+00 1.010203222246759264e-01
2.007474232962143390e-02 1.370573855642204464e+00 1.523349060139007616e+00 1.001866815740032196e-01
1.974367103619203978e-02 1.367756992586119047e+00 1.516881628638884871e+00 9.935711105953121125e-02
1.941696173587312280e-02 1.364944606555073880e+00 1.510433836431003263e+00 9.853162369481466287e-02
1.909457889084683127e-02 1.362136711522787369e+00 1.504006075034446166e+00 9.771023204057707745e-02
1.877648682451137085e-02 1.359333321895459301e+00 1.497598732490486029e+00 9.689294820705832145e-02
1.846264973178751712e-02 1.356534452496499510e+00 1.491212193350230697e+00 9.607978385640633667e-02
1.815303168928944846e-02 1.353740118551068683e+00 1.484846838661935786e+00 9.527075020511134584e-02
1.784759666535924716e-02 1.350950335671269320e+00 1.478503045936259586e+00 9.446585802648289898e-02
1.754630852996386103e-02 1.348165119841071347e+00 1.472181188867405899e+00 9.366511765316867799e-02
1.724913106445307223e-02 1.345384487401103391e+00 1.465881637336902799e+00 9.286853897971333871e-02
1.695602797117809132e-02 1.342608455034106418e+00 1.459604757390822405e+00 9.207613146515793157e-02
1.666696288296976372e-02 1.339837039750158443e+00 1.453350911105925958e+00 9.128790413567879070e-02
1.638189937247506653e-02 1.337070258872209205e+00 1.447120456515798903e+00 9.050386558726390696e-02
1.610080096135203115e-02 1.334308130021582217e+00 1.440913747559880775e+00 8.972402398842807547e-02
1.582363112932163793e-02 1.331550671103862271e+00 1.434731134082968484e+00 8.894838708296412544e-02
1.555035332307660827e-02 1.328797900294906409e+00 1.428572961400825569e+00 8.817696219273095382e-02
1.528093096504615743e-02 1.326049836025877671e+00 1.422439570507045170e+00 8.740975622047621185e-02
1.501532746201648429e-02 1.323306496970439783e+00 1.416331298253651338e+00 8.664677565269374160e-02
1.475350621360671001e-02 1.320567902030858054e+00 1.410248476817936858e+00 8.588802656251542933e-02
1.449543062059941399e-02 1.317834070324043649e+00 1.404191433746696527e+00 8.513351461263482522e-02
1.424106409312611912e-02 1.315105021168319732e+00 1.398160492187268122e+00 8.438324505826413913e-02
1.399037005870698049e-02 1.312380774070697642e+00 1.392155970250821939e+00 8.363722275012179519e-02
1.374331197014499323e-02 1.309661348712188644e+00 1.386178181293259426e+00 8.289545213745140584e-02
1.349985331327405863e-02 1.306946764936485650e+00 1.380227434338341830e+00 8.215793727106973643e-02
1.325995761456141321e-02 1.304237042737058871e+00 1.374304032945725895e+00 8.142468180644432674e-02
1.302358844856425953e-02 1.301532202242900116e+00 1.368408275880288461e+00 8.069568900679967294e-02
1.279070944524032978e-02 1.298832263708195045e+00 1.362540456967183955e+00 7.997096174624990228e-02
1.256128429711312645e-02 1.296137247498112988e+00 1.356700864570340226e+00 7.925050251295927273e-02
1.233527676629155197e-02 1.293447174077443140e+00 1.350889782573700737e+00 7.853431341232809670e-02
1.211265069134442873e-02 1.290762063999834064e+00 1.345107489261030853e+00 7.782239617020419997e-02
1.189336999402991132e-02 1.288081937893557516e+00 1.339354257342640464e+00 7.711475213611826418e-02
1.167739868588054536e-02 1.285406816451377665e+00 1.333630354688156050e+00 7.641138228654335840e-02
1.146470087464409975e-02 1.282736720418984566e+00 1.327936043669623256e+00 7.571228722817749390e-02
1.125524077058049320e-02 1.280071670583405430e+00 1.322271581214082836e+00 7.501746720124750911e-02
1.104898269261572231e-02 1.277411687762101788e+00 1.316637218626273365e+00 7.432692208283524227e-02
1.084589107435299932e-02 1.274756792791358118e+00 1.311033201923769376e+00 7.364065139022399342e-02
1.064593046994165466e-02 1.272107006516860039e+00 1.305459771476303432e+00 7.295865428426449861e-02
1.044906555980479324e-02 1.269462349781501187e+00 1.299917161832416124e+00 7.228092957276073538e-02
1.025526115622590884e-02 1.266822843415970290e+00 1.294405602246008646e+00 7.160747571387329757e-02
1.006448220879565918e-02 1.264188508228554664e+00 1.288925316131969590e+00 7.093829081954138027e-02
9.876693809719030298e-03 1.261559364994625287e+00 1.283476521119819802e+00 7.027337265892050211e-02
9.691861198984203646e-03 1.258935434447084889e+00 1.278059429071638498e+00 6.961271866183722790e-02
9.509949769393687830e-03 1.256316737266372829e+00 1.272674246046262336e+00 6.895632592225925395e-02
9.330925071458499170e-03 1.253703294071280450e+00 1.267321172470047719e+00 6.830419120177948222e-02
9.154752818156638300e-03 1.251095125409899200e+00 1.262000402627765361e+00 6.765631093311487432e-02
8.981398889556495985e-03 1.248492251749446780e+00 1.256712125067110719e+00 6.701268122361803137e-02
8.810829337306428505e-03 1.245894693468828418e+00 1.251456522589567744e+00 6.637329785880173583e-02
8.643010388991199944e-03 1.243302470848862251e+00 1.246233771593320938e+00 6.573815630587459546e-02
8.477908452356712130e-03 1.240715604063452604e+00 1.241044042954625004e+00 6.510725171728842797e-02
8.315490119403938160e-03 1.238134113172726591e+00 1.235887501658455179e+00 6.448057893429594289e-02
8.155722170353032693e-03 1.235558018113581902e+00 1.230764306321232349e+00 6.385813249051773555e-02
7.998571577478996372e-03 1.232987338691938772e+00 1.225674609634299417e+00 6.323990661551848191e-02
7.844005508820073996e-03 1.230422094574942893e+00 1.220618558512214014e+00 6.262589523839190431e-02
7.691991331759765078e-03 1.227862305284034061e+00 1.215596293923908888e+00 6.201609199135239142e-02
7.542496616484075690e-03 1.225307990187077367e+00 1.210607950441382252e+00 6.141049021333438301e-02
7.395489139315024676e-03 1.222759168490605619e+00 1.205653656819708930e+00 6.080908295359758325e-02
7.250936885921811098e-03 1.220215859233939382e+00 1.200733536085746289e+00 6.021186297533821785e-02
7.108808054410728841e-03 1.217678081282036917e+00 1.195847704936236156e+00 5.961882275930450309e-02
6.969071058295417398e-03 1.215145853318361446e+00 1.190996273954204820e+00 5.902995450741690270e-02
6.831694529348720374e-03 1.212619193838705201e+00 1.186179348081994878e+00 5.844525014639222193e-02
6.696647320337279288e-03 1.210098121145689376e+00 1.181397026268280470e+00 5.786470133136988742e-02
6.563898507640616477e-03 1.207582653341981782e+00 1.176649401270061901e+00 5.728829944954125231e-02
6.433417393755825990e-03 1.205072808324629596e+00 1.171936560147283091e+00 5.671603562378027541e-02
6.305173509689474508e-03 1.202568603779938128e+00 1.167258583921341186e+00 5.614790071627556028e-02
6.179136617237930909e-03 1.200070057177220040e+00 1.162615547889841006e+00 5.558388533216228333e-02
6.055276711157805448e-03 1.197577185764842955e+00 1.158007521563073183e+00 5.502397982315439945e-02
5.933564021227895856e-03 1.195090006564111684e+00 1.153434568312657893e+00 5.446817429117620235e-02
5.813969014203928393e-03 1.192608536364712979e+00 1.148896746154954629e+00 5.391645859199178242e-02
5.696462395667891906e-03 1.190132791720952099e+00 1.144394107322138199e+00 5.336882233883324250e-02
5.581015111773223424e-03 1.187662788946352244e+00 1.139926698116070281e+00 5.282525490602588136e-02
5.467598350887513219e-03 1.185198544109807184e+00 1.135494559757369126e+00 5.228574543261056695e-02
5.356183545134082444e-03 1.182740073032652939e+00 1.131097727665498542e+00 5.175028282596184220e-02
5.246742371834126409e-03 1.180287391283203258e+00 1.126736231385930820e+00 5.121885576540208956e-02
5.139246754850957007e-03 1.177840514173915665e+00 1.122410095816588127e+00 5.069145270581105339e-02
5.033668865837654868e-03 1.175399456759319339e+00 1.118119340256039429e+00 5.016806188122905491e-02
4.929981125390022964e-03 1.172964233830948277e+00 1.113863978442096281e+00 4.964867130845508625e-02
4.828156204106179121e-03 1.170534859915624670e+00 1.109644019467933118e+00 4.913326879063807662e-02
4.728167023554343505e-03 1.168111349272930699e+00 1.105459467162262177e+00 4.862184192086074774e-02
4.629986757150511556e-03 1.165693715892112792e+00 1.101310320384253361e+00 4.811437808571628755e-02
4.533588830947486888e-03 1.163281973490506438e+00 1.097196573153081278e+00 4.761086446887667634e-02
4.438946924336895257e-03 1.160876135510948925e+00 1.093118214752677231e+00 4.711128805465254754e-02
4.346034970665644571e-03 1.158476215120647135e+00 1.089075230032339192e+00 4.661563563154343809e-02
4.254827157768583008e-03 1.156082225209500436e+00 1.085067599196276378e+00 4.612389379577890025e-02
4.165297928418792463e-03 1.153694178388597447e+00 1.081095298133529781e+00 4.563604895484923984e-02
4.077421980697082914e-03 1.151312086989509487e+00 1.077158298848222007e+00 4.515208733102536731e-02
3.991174268282356510e-03 1.148935963063983490e+00 1.073256568960658797e+00 4.467199496486784493e-02
3.906530000664344519e-03 1.146565818382111468e+00 1.069390072105464107e+00 4.419575771872422815e-02
3.823464643280276212e-03 1.144201664433140753e+00 1.065558768880922491e+00 4.372336128021424295e-02
3.741953917577078674e-03 1.141843512426067075e+00 1.061762616175881968e+00 4.325479116570254967e-02
3.661973801000601575e-03 1.139491373288860965e+00 1.058001567065247173e+00 4.279003272375823952e-02
3.583500526913563876e-03 1.137145257668901843e+00 1.054275571927487221e+00 4.232907113860144566e-02
3.506510584443557361e-03 1.134805175935004629e+00 1.050584578857486795e+00 4.187189143353543808e-02
3.430980718262846910e-03 1.132471138178890779e+00 1.046928532687468660e+00 4.141847847436484070e-02
3.356887928301418179e-03 1.130143154214867218e+00 1.043307375740520460e+00 4.096881697279906864e-02
3.284209469394769754e-03 1.127821233583180094e+00 1.039721049025518207e+00 4.052289148984046518e-02
3.212922850868042256e-03 1.125505385552579618e+00 1.036169491619349792e+00 4.008068643915696505e-02
3.143005836057974952e-03 1.123195619122170807e+00 1.032652640675730371e+00 3.964218609043890229e-02
3.074436441774197355e-03 1.120891943023999415e+00 1.029170432672668944e+00 3.920737457273948401e-02
3.007192937701289558e-03 1.118594365727877848e+00 1.025722803671894612e+00 3.877623587779820830e-02
2.941253845743239340e-03 1.116302895444524879e+00 1.022309688891928525e+00 3.834875386334762881e-02
2.876597939311655635e-03 1.114017540129324857e+00 1.018931023903681510e+00 3.792491225640248764e-02
2.813204242559219810e-03 1.111738307488253197e+00 1.015586744966571642e+00 3.750469465653080009e-02
2.751052029559896122e-03 1.109465204982328146e+00 1.012276789121232978e+00 3.708808453910700242e-02
2.690120823437285209e-03 1.107198239833663944e+00 1.009001095282013649e+00 3.667506525854647564e-02
2.630390395442602086e-03 1.104937419032383517e+00 1.005759604673131857e+00 3.626562005152126483e-02
2.571840763983635186e-03 1.102682749343548041e+00 1.002552260888274871e+00 3.585973204015637655e-02
2.514452193606169211e-03 1.100434237314058317e+00 9.993790114059095675e-01 3.545738423520670285e-02
2.458205193929251763e-03 1.098191889282975620e+00 9.962398081812826600e-01 3.505855953921418328e-02
2.403080518535634282e-03 1.095955711389583698e+00 9.931346074550010394e-01 3.466324074964453189e-02
2.349059163818832327e-03 1.093725709583060590e+00 9.900633719296346724e-01 3.427141056200366104e-02
2.296122367788140054e-03 1.091501889635380973e+00 9.870260714061886986e-01 3.388305157293348274e-02
2.244251608832887376e-03 1.089284257152175694e+00 9.840226833461727107e-01 3.349814628328624116e-02
2.193428604447369198e-03 1.087072817586657081e+00 9.810531943541974664e-01 3.311667710117795899e-02
2.143635309917671025e-03 1.084867576253588872e+00 9.781176016072251622e-01 3.273862634501997076e-02
2.094853916971770470e-03 1.082668538346166942e+00 9.752159141330909442e-01 3.236397624652887633e-02
2.047066852394096442e-03 1.080475708952541858e+00 9.723481539108774774e-01 3.199270895371394280e-02
2.000256776605933377e-03 1.078289093074825677e+00 9.695143589365181613e-01 3.162480653384248941e-02
1.954406582212863969e-03 1.076108695652194136e+00 9.667145840456318195e-01 3.126025097638264472e-02
1.909499392520458460e-03 1.073934521581255908e+00 9.639489025563708902e-01 3.089902419592290700e-02
1.865518560019502163e-03 1.071766575742404859e+00 9.612174102290391708e-01 3.054110803506891736e-02
1.822447664841934586e-03 1.069604863028623010e+00 9.585202267836114842e-01 3.018648426731684181e-02
1.780270513188692092e-03 1.067449388374635211e+00 9.558574994686527271e-01 2.983513459990328257e-02
1.738971135730606838e-03 1.065300156793135722e+00 9.532294067426984041e-01 2.948704067663120848e-02
1.698533785983569362e-03 1.063157173411501288e+00 9.506361606424259536e-01 2.914218408067220656e-02
1.658942938659065027e-03 1.061020443512561418e+00 9.480780126323259394e-01 2.880054633734458261e-02
1.620183287991194777e-03 1.058889972583621608e+00 9.455552584612928468e-01 2.846210891686695374e-02
1.582239746041319041e-03 1.056765766367152803e+00 9.430682430417726136e-01 2.812685323708749921e-02
1.545097440981393379e-03 1.054647830919710039e+00 9.406173672251902929e-01 2.779476066618844984e-02
1.508741715357103056e-03 1.052536172676629578e+00 9.382030947075715721e-01 2.746581252536599294e-02
1.473158124331772328e-03 1.050430798525112674e+00 9.358259615766019168e-01 2.713999009148467326e-02
1.438332433912194001e-03 1.048331715888821014e+00 9.334865853927962753e-01 2.681727459970712629e-02
1.404250619157322100e-03 1.046238932819615552e+00 9.311856757403391693e-01 2.649764724609830410e-02
1.370898862370859353e-03 1.044152458103919878e+00 9.289240486704469779e-01 2.618108919020424585e-02
1.338263551278722450e-03 1.042072301384628696e+00 9.267026415173509335e-01 2.586758155760528893e-02
1.306331277192392939e-03 1.039998473298195059e+00 9.245225304349556916e-01 2.555710544244391841e-02
1.275088833158987073e-03 1.037930985633022773e+00 9.223849520019125059e-01 2.524964190992604052e-02
1.244523212099148558e-03 1.035869851511695527e+00 9.202913277988462593e-01 2.494517199879716859e-02
1.214621604933532883e-03 1.033815085600705119e+00 9.182432942192474412e-01 2.464367672379197752e-02
1.185371398698881152e-03 1.031766704355148168e+00 9.162427384471871772e-01 2.434513707805812527e-02
1.156760174654501531e-03 1.029724726304002580e+00 9.142918399367162552e-01 2.404953403555359567e-02
1.128775706380051504e-03 1.027689172381943905e+00 9.123931216318100779e-01 2.375684855341772192e-02
1.101405957865496952e-03 1.025660066322561681e+00 9.105495133638331628e-01 2.346706157431621004e-02
1.074639081593985104e-03 1.023637435124117534e+00 9.087644265060060844e-01 2.318015402875901049e-02
1.048463416618556623e-03 1.021621309600629246e+00 9.070418479663726607e-01 2.289610683739221053e-02
1.022867486633425617e-03 1.019611725047038009e+00 9.053864567425516929e-01 2.261490091326320145e-02
9.978399980406077712e-04 1.017608722038106706e+00 9.038037669506910898e-01 2.233651716405903390e-02
9.733698380126816789e-04 1.015612347398372028e+00 9.023003111431189271e-01 2.206093649431820417e-02
9.494460725524061975e-04 1.013622655392877991e+00 9.008838717811314956e-01 2.178813980761559049e-02
9.260579445499552732e-04 1.011639709193212333e+00 8.995637772254057030e-01 2.151810800872087925e-02
9.031948718384037299e-04 1.009663582704541263e+00 8.983512872250244419e-01 2.125082200572961030e-02
8.808464452482577672e-04 1.007694362863077897e+00 8.972600987567109776e-01 2.098626271216790309e-02
8.590024266616394901e-04 1.005732152557967884e+00 8.963070165099962239e-01 2.072441104907012110e-02
8.376527470667953978e-04 1.003777074385506118e+00 8.955128568917732901e-01 2.046524794702956132e-02
8.167875046135886783e-04 1.001829275543349107e+00 8.949036870593545245e-01 2.020875434822231448e-02
7.963969626705933022e-04 9.998889343002770325e-01 8.945125476178534818e-01 1.995491120840422669e-02
7.764715478844119246e-04 9.979562686850189657e-01 8.943818985772167274e-01 1.970369949888106653e-02
7.570018482417754154e-04 9.960315483737740561e-01 8.945671684372451526e-01 1.945510020845145002e-02
7.379786111350576270e-04 9.941151112890443953e-01 8.951420320027880795e-01 1.920909434532322782e-02
7.193927414317283090e-04 9.922073873323660198e-01 8.962064870985433362e-01 1.896566293900279684e-02
7.012352995483129431e-04 9.903089332538106415e-01 8.978996329834784129e-01 1.872478704215768675e-02
6.834974995293748197e-04 9.884204855537717105e-01 9.004206962250155266e-01 1.848644773245220960e-02
6.661707071320455186e-04 9.865430438522736489e-01 9.040652971168743335e-01 1.825062611435626300e-02
6.492464379166241030e-04 9.846780084759827467e-01 9.092917353408676018e-01 1.801730332092769254e-02
6.327163553436763229e-04 9.828274208773497556e-01 9.168513423767312709e-01 1.778646051556740174e-02
6.165722688781738675e-04 9.809944155395073917e-01 9.280707116008402036e-01 1.755807889374822600e-02
6.008061321010866413e-04 9.791841558613234575e-01 9.455504132487618785e-01 1.733213968471703989e-02
5.854100408288767047e-04 9.774060558784382069e-01 9.752890413466644981e-01 1.710862415317018770e-02
5.703762312413372107e-04 9.756802951961899284e-01 1.036132719035598004e+00 1.688751360090254977e-02
5.556970780181716375e-04 9.740661701711664788e-01 1.103977621307908885e+00 1.666878936843002590e-02
5.413650924847369147e-04 9.725316606963196886e-01 1.156782178848611453e+00 1.645243283658585562e-02
