1.074642965213007811e-01 5.867917792417697065e+00 1.238662991289235293e+01 2.318019591389390843e-01
1.085427394155538960e-01 5.869681677841910528e+00 1.141921215263060319e+01 2.329621636828112519e-01
1.096251301904263703e-01 5.861663302322229541e+00 1.010380240797013585e+01 2.341208343894519428e-01
1.107113717907260847e-01 5.839807640089405005e+00 8.819653819973833464e+00 2.352778907916403539e-01
1.118013654685022368e-01 5.812128085814664225e+00 8.120135282099562701e+00 2.364332521754313743e-01
1.128950107911635414e-01 5.781355790200875866e+00 7.663478513647156376e+00 2.375868375890839712e-01
1.139922056502074843e-01 5.748766058111685950e+00 7.335758016062892573e+00 2.387385658520712051e-01
1.150928462705627653e-01 5.715058196580381278e+00 7.085710662431333517e+00 2.398883555641694310e-01
1.161968272205486513e-01 5.680655944483985031e+00 6.886375367091128297e+00 2.410361251146274364e-01
1.173040414224521544e-01 5.645834232952163134e+00 6.722089226579030630e+00 2.421817926914120456e-01
1.184143801637255605e-01 5.610780506624038821e+00 6.583090727991456781e+00 2.433252762905300515e-01
1.195277331088063083e-01 5.575627412566269925e+00 6.462966317193728827e+00 2.444664937254247827e-01
1.206439883115602157e-01 5.540471546477872877e+00 6.357323861160351974e+00 2.456053626364459175e-01
1.217630322283493466e-01 5.505384835965189794e+00 6.263052950961781384e+00 2.467418005003908510e-01
1.228847497317257925e-01 5.470421779100216320e+00 6.177888764095915697e+00 2.478757246401165903e-01
1.240090241247514824e-01 5.435624225843957547e+00 6.100142986510945775e+00 2.490070522342203441e-01
1.251357371559448373e-01 5.401024638919977860e+00 6.028531431951493325e+00 2.501357003267874468e-01
1.262647690348544238e-01 5.366648379041798478e+00 5.962060032891983496e+00 2.512615858372051481e-01
1.273959984482588015e-01 5.332515344427915416e+00 5.899947345949915878e+00 2.523846255700402108e-01
1.285293025769933817e-01 5.298641171353933643e+00 5.841570609674093362e+00 2.535047362249799874e-01
1.296645571134021346e-01 5.265038129201721873e+00 5.786427404147413966e+00 2.546218344068337247e-01
1.308016362794142962e-01 5.231715798443751453e+00 5.734107891624145026e+00 2.557358366355938495e-01
1.319404128452441316e-01 5.198681591534561441e+00 5.684274382985255336e+00 2.568466593565547074e-01
1.330807581487124525e-01 5.165941158215912488e+00 5.636646072131769714e+00 2.579542189504878680e-01
1.342225421151882481e-01 5.133498704513475452e+00 5.590987477513619908e+00 2.590584317438714979e-01
1.353656332781476568e-01 5.101357246408065649e+00 5.547099582580822918e+00 2.601592140191729130e-01
1.365098988003485558e-01 5.069518813456918238e+00 5.504812969731951000e+00 2.612564820251820352e-01
1.376552044956176335e-01 5.037984613644923115e+00 5.463982444221227475e+00 2.623501519873941423e-01
1.388014148512470292e-01 5.006755167884698210e+00 5.424482784475482156e+00 2.634401401184404135e-01
1.399483930509971830e-01 4.975830420537973531e+00 5.386205354528805778e+00 2.645263626285641045e-01
1.410960009987023145e-01 4.945209830831468700e+00 5.349055381600551939e+00 2.656087357361409662e-01
1.422440993424750610e-01 4.914892448921253099e+00 5.312949750843224628e+00 2.666871756782420166e-01
1.433925474995050298e-01 4.884876979527507324e+00 5.277815207442370316e+00 2.677615987212365600e-01
1.445412036814478218e-01 4.855161835447198371e+00 5.243586881704775493e+00 2.688319211714336188e-01
1.456899249203993385e-01 4.825745182763219177e+00 5.210207070137819585e+00 2.698980593857608357e-01
1.468385670954501787e-01 4.796624979193790494e+00 5.177624223374760248e+00 2.709599297824774045e-01
1.479869849598146603e-01 4.767799006760486513e+00 5.145792101648638095e+00 2.720174488519207512e-01
1.491350321685295799e-01 4.739264899711531420e+00 5.114669065257307246e+00 2.730705331672840797e-01
1.502825613067152455e-01 4.711020168466623304e+00 5.084217476551936343e+00 2.741190993954226718e-01
1.514294239183942847e-01 4.683062220215956195e+00 5.054403193358843360e+00 2.751630643076885541e-01
1.525754705358599583e-01 4.655388376685217544e+00 5.025195137737704876e+00 2.762023447907891449e-01
1.537205507095886770e-01 4.627995889496163251e+00 4.996564927703651016e+00 2.772368578576707709e-01
1.548645130386884505e-01 4.600881953476598341e+00 4.968486561445793370e+00 2.782665206584223894e-01
1.560072052018759703e-01 4.574043718217712495e+00 4.940936145334642760e+00 2.792912504911995719e-01
1.571484739889754401e-01 4.547478298123866836e+00 4.913891658952802111e+00 2.803109648131655307e-01
1.582881653329300253e-01 4.521182781167368603e+00 4.887332751562238009e+00 2.813255812514479093e-01
1.594261243423183150e-01 4.495154236522825641e+00 4.861240564670605835e+00 2.823350176141088408e-01
1.605621953343671637e-01 4.469389721229145351e+00 4.835597577968235861e+00 2.833391919011268301e-01
1.616962218684516728e-01 4.443886286015464648e+00 4.810387474101501581e+00 2.843380223153875730e-01
1.628280467800734266e-01 4.418640980386878248e+00 4.785595019580103582e+00 2.853314272736823809e-01
1.639575122153077436e-01 4.393650857072929128e+00 4.761205960945723348e+00 2.863193254177123781e-01
1.650844596657097263e-01 4.368912975918412656e+00 4.737206932402512116e+00 2.873016356250950309e-01
1.662087300036699522e-01 4.344424407279099398e+00 4.713585374634506664e+00 2.882782770203731193e-01
1.673301635182082858e-01 4.320182234993720449e+00 4.690329462376289449e+00 2.892491689860217097e-01
1.684485999511970422e-01 4.296183558968204252e+00 4.667428039984264920e+00 2.902142311734531854e-01
1.695638785340011223e-01 4.272425497433109953e+00 4.644870565033115462e+00 2.911733835140165594e-01
1.706758380245250728e-01 4.248905188906175745e+00 4.622647056718212966e+00 2.921265462299900695e-01
1.717843167446554409e-01 4.225619793890166953e+00 4.600748050250566656e+00 2.930736398455646152e-01
1.728891526180871829e-01 4.202566496345569114e+00 4.579164556040604239e+00 2.940145851978156477e-01
1.739901832085219147e-01 4.179742504955265225e+00 4.557888022820026031e+00 2.949493034476619036e-01
1.750872457582265396e-01 4.157145054211639490e+00 4.536910304630098700e+00 2.958777160908088177e-01
1.761801772269391553e-01 4.134771405340670114e+00 4.516223630934229405e+00 2.967997449686733957e-01
1.772688143311114406e-01 4.112618847085693474e+00 4.495820579619082658e+00 2.977153122792909334e-01
1.783529935834727298e-01 4.090684696361963191e+00 4.475694052482432461e+00 2.986243405881984780e-01
1.794325513329041999e-01 4.068966298800185122e+00 4.455837253268985165e+00 2.995267528392949741e-01
1.805073238046099315e-01 4.047461029189498127e+00 4.436243667388028555e+00 3.004224723656753193e-01
1.815771471405709936e-01 4.026166291829992083e+00 4.416907043724449089e+00 3.013114229004361655e-01
1.826418574402695061e-01 4.005079520807827365e+00 4.397821377751981231e+00 3.021935285874512989e-01
1.837012908016683599e-01 3.984198180195725136e+00 4.378980896336028827e+00 3.030687139921146578e-01
1.847552833624334367e-01 3.963519764194590955e+00 4.360380044162543989e+00 3.039369041120487669e-01
1.858036713413834806e-01 3.943041797217720301e+00 4.342013470445604817e+00 3.047980243877767559e-01
1.868462910801535481e-01 3.922761833921950103e+00 4.323876017296032437e+00 3.056520007133550210e-01
1.878829790850578274e-01 3.902677459198169885e+00 4.305962709166672120e+00 3.064987594469656407e-01
1.889135720691364762e-01 3.882786288120159579e+00 4.288268742913927234e+00 3.073382274214651599e-01
1.899379069943725740e-01 3.863085965860229454e+00 4.270789478687412100e+00 3.081703319548886877e-01
1.909558211140632011e-01 3.843574167571961464e+00 4.253520431011292402e+00 3.089950008609064769e-01
1.919671520153305722e-01 3.824248598243188635e+00 4.236457261495798932e+00 3.098121624592315437e-01
1.929717376617567925e-01 3.805106992530920884e+00 4.219595771636993398e+00 3.106217455859753285e-01
1.939694164361278894e-01 3.786147114568439775e+00 4.202931895744788093e+00 3.114236796039503985e-01
1.949600271832707954e-01 3.767366757756751117e+00 4.186461694956838286e+00 3.122178944129170297e-01
1.959434092529680205e-01 3.748763744537905396e+00 4.170181351438421835e+00 3.130043204597726114e-01
1.969194025429341632e-01 3.730335926155103898e+00 4.154087163050023790e+00 3.137828887486809326e-01
1.978878475418381633e-01 3.712081182399158408e+00 4.138175538005830489e+00 3.145535308511400174e-01
1.988485853723556962e-01 3.693997421342364973e+00 4.122442990413856201e+00 3.153161789159856232e-01
1.998014578342349190e-01 3.676082579066355382e+00 4.106886136073611304e+00 3.160707656793292353e-01
2.007463074473606335e-01 3.658334619379768782e+00 4.091501688004854920e+00 3.168172244744283383e-01
2.016829774947990483e-01 3.640751533528235218e+00 4.076286452535532234e+00 3.175554892414859665e-01
2.026113120658079025e-01 3.623331339898947956e+00 4.061237326107640655e+00 3.182854945373790323e-01
2.035311560987954904e-01 3.606072083723433686e+00 4.046351291603772715e+00 3.190071755453123825e-01
2.044423554242115193e-01 3.588971836771274848e+00 4.031625414831538912e+00 3.197204680843967473e-01
2.053447568073540619e-01 3.572028697043553080e+00 4.017056841995418459e+00 3.204253086191492517e-01
2.062382079910755617e-01 3.555240788465002133e+00 4.002642796608570919e+00 3.211216342689133807e-01
2.071225577383714322e-01 3.538606260571540485e+00 3.988380576650126574e+00 3.218093828171977311e-01
2.079976558748350135e-01 3.522123288198530933e+00 3.974267552103312617e+00 3.224884927209302754e-01
2.088633533309618706e-01 3.505790071167329103e+00 3.960301162604965786e+00 3.231589031196276940e-01
2.097195021842868101e-01 3.489604833973411591e+00 3.946478915056417680e+00 3.238205538444763332e-01
2.105659557013377647e-01 3.473565825472398227e+00 3.932798381189824610e+00 3.244733854273241791e-01
2.114025683793888111e-01 3.457671318567287155e+00 3.919257195789042303e+00 3.251173391095811827e-01
2.122291959879966938e-01 3.441919609898519639e+00 3.905853054601335472e+00 3.257523568510262701e-01
2.130456956103040367e-01 3.426309019532707278e+00 3.892583712118022898e+00 3.263783813385194299e-01
2.138519256840923921e-01 3.410837890653124926e+00 3.879446980268972389e+00 3.269953559946168209e-01
2.146477460425693651e-01 3.395504589255707195e+00 3.866440726339972045e+00 3.276032249860869050e-01
2.154330179548727686e-01 3.380307503840624950e+00 3.853562870943496588e+00 3.282019332323263261e-01
2.162076041662757409e-01 3.365245045109781508e+00 3.840811387195339766e+00 3.287914264136732045e-01
2.169713689380766974e-01 3.350315645668769715e+00 3.828184298645370909e+00 3.293716509796165703e-01
2.177241780871577159e-01 3.335517759725069808e+00 3.815679677690624327e+00 3.299425541568999365e-01
2.184658990251953092e-01 3.320849862794329699e+00 3.803295644489507410e+00 3.305040839575172917e-01
2.191964007975074902e-01 3.306310451406344164e+00 3.791030365197982643e+00 3.310561891865997919e-01
2.199155541215216114e-01 3.291898042813884206e+00 3.778882050944226911e+00 3.315988194501916508e-01
2.206232314248464943e-01 3.277611174706573482e+00 3.766848956472752086e+00 3.321319251629136216e-01
2.213193068829339971e-01 3.263448404924873536e+00 3.754929378472989576e+00 3.326554575555119020e-01
2.220036564563137582e-01 3.249408311176638531e+00 3.743121654934498999e+00 3.331693686822917999e-01
2.226761579273862923e-01 3.235489490761239040e+00 3.731424163665637117e+00 3.336736114284333810e-01
2.233366909367586473e-01 3.221690560289706795e+00 3.719835321072927137e+00 3.341681395171887670e-01
2.239851370191080215e-01 3.208010155414345199e+00 3.708353581437162205e+00 3.346529075169585310e-01
2.246213796385578831e-01 3.194446930557694131e+00 3.696977435149365832e+00 3.351278708482464119e-01
2.252453042235524894e-01 3.180999558643148539e+00 3.685705408207817779e+00 3.355929857904903502e-01
2.258567982012144593e-01 3.167666730834070243e+00 3.674536061206692406e+00 3.360482094887685123e-01
2.264557510311713540e-01 3.154447156270475006e+00 3.663467987939300397e+00 3.364934999603791388e-01
2.270420542388374152e-01 3.141339561811305803e+00 3.652499814752221852e+00 3.369288161012927163e-01
2.276156014481355294e-01 3.128342691779536722e+00 3.641630199270543322e+00 3.373541176924742535e-01
2.281762884136464553e-01 3.115455307708069554e+00 3.630857829808462611e+00 3.377693654060758832e-01
2.287240130521715487e-01 3.102676188093321574e+00 3.620181424439499640e+00 3.381745208114972367e-01
2.292586754736949672e-01 3.090004128146815354e+00 3.609599729616602026e+00 3.385695463813121475e-01
2.297801780117332271e-01 3.077437939551114887e+00 3.599111519952574945e+00 3.389544054970617948e-01
2.302884252530582876e-01 3.064976450221980286e+00 3.588715597068659946e+00 3.393290624549114010e-01
2.307833240667823416e-01 3.052618504067828198e+00 3.578410788516958263e+00 3.396934824711701495e-01
2.312647836327909878e-01 3.040362960755909061e+00 3.568195947372964749e+00 3.400476316876732685e-01
2.317327154695136004e-01 3.028208695480363311e+00 3.558069951163935762e+00 3.403914771770245040e-01
2.321870334610180442e-01 3.016154598732031733e+00 3.548031701316848530e+00 3.407249869476980941e-01
2.326276538834190777e-01 3.004199576073746325e+00 3.538080122261238358e+00 3.410481299489993567e-01
2.330544954305884264e-01 2.992342547914653927e+00 3.528214160306237357e+00 3.413608760758827798e-01
2.334674792391554510e-01 2.980582449288323499e+00 3.518432783578022693e+00 3.416631961736261158e-01
2.338665289127884739e-01 2.968918229637280248e+00 3.508734981014536292e+00 3.419550620423599252e-01
2.342515705457451081e-01 2.957348852594328559e+00 3.499119761280105489e+00 3.422364464414515695e-01
2.346225327456824827e-01 2.945873295769709355e+00 3.489586152552902387e+00 3.425073230937423774e-01
2.349793466557167920e-01 2.934490550541036580e+00 3.480133201678392130e+00 3.427676666896374291e-01
2.353219459757229515e-01 2.923199621844377649e+00 3.470759973569109924e+00 3.430174528910467369e-01
2.356502669828652030e-01 2.911999527969750368e+00 3.461465550202278862e+00 3.432566583351772116e-01
2.359642485513495092e-01 2.900889300354725808e+00 3.452249030227919846e+00 3.434852606381746387e-01
2.362638321713893819e-01 2.889867983386701589e+00 3.443109528590383661e+00 3.437032383986142747e-01
2.365489619673767085e-01 2.878934634203095033e+00 3.434046175343331342e+00 3.439105712008404536e-01
2.368195847152501088e-01 2.868088322494472653e+00 3.425058115323703856e+00 3.441072396181531490e-01
2.370756498590524119e-01 2.857328130311502790e+00 3.416144507716346368e+00 3.442932252158415474e-01
2.373171095266712050e-01 2.846653151873878684e+00 3.407304525276764640e+00 3.444685105540644110e-01
2.375439185447545398e-01 2.836062493380552052e+00 3.398537353435135522e+00 3.446330791905751756e-01
2.377560344527957781e-01 2.825555272821007602e+00 3.389842190136213684e+00 3.447869156832925608e-01
2.379534175163816878e-01 2.815130619792858724e+00 3.381218245492516150e+00 3.449300055927156383e-01
2.381360307395971321e-01 2.804787675318964890e+00 3.372664740712254972e+00 3.450623354841825807e-01
2.383038398765820465e-01 2.794525591665755648e+00 3.364180907622940975e+00 3.451838929299729242e-01
2.384568134422347663e-01 2.784343532165114876e+00 3.355765988408787148e+00 3.452946665112529567e-01
2.385949227220574009e-01 2.774240671038795458e+00 3.347419235102359725e+00 3.453946458198631220e-01
2.387181417811388984e-01 2.764216193224553031e+00 3.339139908789996003e+00 3.454838214599483259e-01
2.388264474722719133e-01 2.754269294202729146e+00 3.330927279232423821e+00 3.455621850494292047e-01
2.389198194431997602e-01 2.744399179827333057e+00 3.322780624614059430e+00 3.456297292213155181e-01
2.389982401429904257e-01 2.734605066158283027e+00 3.314699230771379845e+00 3.456864476248601714e-01
2.390616948275349762e-01 2.724886179294472299e+00 3.306682390738701294e+00 3.457323349265548074e-01
2.391101715641672787e-01 2.715241755210090258e+00 3.298729404523384368e+00 3.457673868109651938e-01
2.391436612354041202e-01 2.705671039593193772e+00 3.290839578563656609e+00 3.457915999814079600e-01
2.391621575418030055e-01 2.696173287685242670e+00 3.283012225106105575e+00 3.458049721604671833e-01
2.391656570039370489e-01 2.686747764122263682e+00 3.275246662186126034e+00 3.458075020903516039e-01
2.391541589634858800e-01 2.677393742780973529e+00 3.267542212843813410e+00 3.457991895330915222e-01
2.391276655834419507e-01 2.668110506621167666e+00 3.259898204606596295e+00 3.457800352705762692e-01
2.390861818474324385e-01 2.658897347534892930e+00 3.252313969852138165e+00 3.457500411044316935e-01
2.390297155581568300e-01 2.649753566197648347e+00 3.244788844686004925e+00 3.457092098557376092e-01
2.389582773349410716e-01 2.640678471916207748e+00 3.237322168701793235e+00 3.456575453645855944e-01
2.388718806104088432e-01 2.631671382484446209e+00 3.229913285030179271e+00 3.455950524894770837e-01
2.387705416262722591e-01 2.622731624037519804e+00 3.222561539558841393e+00 3.455217371065619769e-01
2.386542794282431046e-01 2.613858530908422129e+00 3.215266280629805351e+00 3.454376061087176542e-01
2.385231158600673029e-01 2.605051445486014305e+00 3.208026858996328556e+00 3.453426674044689504e-01
2.383770755566846922e-01 2.596309718077080220e+00 3.200842627447354261e+00 3.452369299167491468e-01
2.382161859365179157e-01 2.587632706767483803e+00 3.193712940284219926e+00 3.451204035815021998e-01
2.380404771928931185e-01 2.579019777286322590e+00 3.186637153194971983e+00 3.449930993461268747e-01
2.378499822845962508e-01 2.570470302871738610e+00 3.179614622851141270e+00 3.448550291677622281e-01
2.376447369255698105e-01 2.561983664137780448e+00 3.172644706735689546e+00 3.447062060114162163e-01
2.374247795737534916e-01 2.553559248944384130e+00 3.165726763006838418e+00 3.445466438479364291e-01
2.371901514190745408e-01 2.545196452268526865e+00 3.158860150267336131e+00 3.443763576518243941e-01
2.369408963705923465e-01 2.536894676077796618e+00 3.152044226887868561e+00 3.441953633988932282e-01
2.366770610428036159e-01 2.528653329202090738e+00 3.145278350924617605e+00 3.440036780637698577e-01
2.363986947411133854e-01 2.520471827211644200e+00 3.138561880638104817e+00 3.438013196172415853e-01
2.361058494464787494e-01 2.512349592296977630e+00 3.131894173353502620e+00 3.435883070234482806e-01
2.357985797992314947e-01 2.504286053144155311e+00 3.125274585385126258e+00 3.433646602369203604e-01
2.354769430820875253e-01 2.496280644819014682e+00 3.118702472648280821e+00 3.431304001994631703e-01
2.351409992023493767e-01 2.488332808651005035e+00 3.112177189684352197e+00 3.428855488368891535e-01
2.347908106733104239e-01 2.480441992115529182e+00 3.105698089616432789e+00 3.426301290555972545e-01
2.344264425948684727e-01 2.472607648721993456e+00 3.099264524220577854e+00 3.423641647390016085e-01
2.340479626333573648e-01 2.464829237900961534e+00 3.092875843712646233e+00 3.420876807438097411e-01
2.336554410006048688e-01 2.457106224895112323e+00 3.086531396754129020e+00 3.418007028961503324e-01
2.332489504322267371e-01 2.449438080650634397e+00 3.080230530048857496e+00 3.415032579875532659e-01
2.328285661651656735e-01 2.441824281709693789e+00 3.073972588246036697e+00 3.411953737707808521e-01
2.323943659144848128e-01 2.434264310105275442e+00 3.067756914031261495e+00 3.408770789555120584e-01
2.319464298494265109e-01 2.426757653258235781e+00 3.061582848125209644e+00 3.405484032038812447e-01
2.314848405687461030e-01 2.419303803876038828e+00 3.055449729109342094e+00 3.402093771258709043e-01
2.310096830753312624e-01 2.411902259852508390e+00 3.049356892970006339e+00 3.398600322745609636e-01
2.305210447501182813e-01 2.404552524167395067e+00 3.043303673394217146e+00 3.395004011412344758e-01
2.300190153253161840e-01 2.397254104791774587e+00 3.037289402019419438e+00 3.391305171503415372e-01
2.295036868569501898e-01 2.390006514592815101e+00 3.031313407920935621e+00 3.387504146543219852e-01
2.289751536967362944e-01 2.382809271239431759e+00 3.025375017559689628e+00 3.383601289282887059e-01
2.284335124632990432e-01 2.375661897110231902e+00 3.019473555049638325e+00 3.379596961645715547e-01
2.278788620127449593e-01 2.368563919204316637e+00 3.013608342079571401e+00 3.375491534671246630e-01
2.273113034086034212e-01 2.361514869052064203e+00 3.007778697854712302e+00 3.371285388457964660e-01
2.267309398911490081e-01 2.354514282628857647e+00 3.001983939023327164e+00 3.366978912104655608e-01
2.261378768461172473e-01 2.347561700268619767e+00 2.996223379587890978e+00 3.362572503650421152e-01
2.255322217728273626e-01 2.340656666580169354e+00 2.990496331479029823e+00 3.358066570013371055e-01
2.249140842517260430e-01 2.333798730367497409e+00 2.984802104099713027e+00 3.353461526928004366e-01
2.242835759113650518e-01 2.326987444546232187e+00 2.979140004231874972e+00 3.348757798881288328e-01
2.236408103948271386e-01 2.320222366066355679e+00 2.973509336647079948e+00 3.343955819047458311e-01
2.229859033256148815e-01 2.313503055835429922e+00 2.967909403736606055e+00 3.339056029221543764e-01
2.223189722730146700e-01 2.306829078641818409e+00 2.962339505573143406e+00 3.334058879751635729e-01
2.216401367169540115e-01 2.300200003081127598e+00 2.956798940162129963e+00 3.328964829469920894e-01
2.209495180123625946e-01 2.293615401483750649e+00 2.951287003414916565e+00 3.323774345622477755e-01
2.202472393530557904e-01 2.287074849843820701e+00 2.945802989457128263e+00 3.318487903797871508e-01
2.195334257351523044e-01 2.280577927751323841e+00 2.940346190410922045e+00 3.313105987854541024e-01
2.188082039200446860e-01 2.274124218322233659e+00 2.934915896371118826e+00 3.307629089847021198e-01
2.180717023969338531e-01 2.267713308133031180e+00 2.929511395945937569e+00 3.302057709950977360e-01
2.173240513449478384e-01 2.261344787156684966e+00 2.924131976297528190e+00 3.296392356387114475e-01
2.165653825948553601e-01 2.255018248699816041e+00 2.918776923019859026e+00 3.290633545343931154e-01
2.157958295903950607e-01 2.248733289340269170e+00 2.913445520201045191e+00 3.284781800899376769e-01
2.150155273492312669e-01 2.242489508866990722e+00 2.908137050978053750e+00 3.278837654941391677e-01
2.142246124235567817e-01 2.236286510223312263e+00 2.902850797371074876e+00 3.272801647087375532e-01
2.134232228603551162e-01 2.230123899447975511e+00 2.897586040199969570e+00 3.266674324602585333e-01
2.126114981613406729e-01 2.224001285620074153e+00 2.892342059840810276e+00 3.260456242317481546e-01
2.117895792425918966e-01 2.217918280806884912e+00 2.887118135959731102e+00 3.254147962544050587e-01
2.109576083938944080e-01 2.211874500009177069e+00 2.881913547502109374e+00 3.247750054991104252e-01
2.101157292378098285e-01 2.205869561111021948e+00 2.876727573220412726e+00 3.241263096678591582e-01
2.092640866884873108e-01 2.199903084830324040e+00 2.871559491797484043e+00 3.234687671850925983e-01
2.084028269102339015e-01 2.193974694671291026e+00 2.866408581916767506e+00 3.228024371889359756e-01
2.075320972758604166e-01 2.188084016877263949e+00 2.861274122185428759e+00 3.221273795223408287e-01
2.066520463248192330e-01 2.182230680384548815e+00 2.856155391731995952e+00 3.214436547241361075e-01
2.057628237211507616e-01 2.176414316780709957e+00 2.851051670395996496e+00 3.207513240199880711e-01
2.048645802112551706e-01 2.170634560261270440e+00 2.845962238283909151e+00 3.200504493132724781e-01
2.039574675815052085e-01 2.164891047586989359e+00 2.840886376586626128e+00 3.193410931758589033e-01
2.030416386157188613e-01 2.159183418047246228e+00 2.835823367650635252e+00 3.186233188388122861e-01
2.021172470525048337e-01 2.153511313419310014e+00 2.830772494900968272e+00 3.178971901830093261e-01
2.011844475425020040e-01 2.147874377932859069e+00 2.825733043499270458e+00 3.171627717296766624e-01
2.002433956055242326e-01 2.142272258234758642e+00 2.820704299975027585e+00 3.164201286308475636e-01
1.992942475876326169e-01 2.136704603352820087e+00 2.815685552644608514e+00 3.156693266597442316e-01
1.983371606181457136e-01 2.131171064664603154e+00 2.810676091919747321e+00 3.149104322010829460e-01
1.973722925666101247e-01 2.125671295864426824e+00 2.805675210646750628e+00 3.141435122413083758e-01
1.963998019997422739e-01 2.120204952935605736e+00 2.800682203934115044e+00 3.133686343587550605e-01
1.954198481383625507e-01 2.114771694117709711e+00 2.795696369245243673e+00 3.125858667137419999e-01
1.944325908143335890e-01 2.109371179880715097e+00 2.790717007315890896e+00 3.117952780385982448e-01
1.934381904275225827e-01 2.104003072899013116e+00 2.785743421664786279e+00 3.109969376276256470e-01
1.924368079028013490e-01 2.098667038023820375e+00 2.780774918872895185e+00 3.101909153269977182e-01
1.914286046471006808e-01 2.093362742260088893e+00 2.775810809217567954e+00 3.093772815245979801e-01
1.904137425065351719e-01 2.088089854743848672e+00 2.770850406691331091e+00 3.085561071397997512e-01
1.893923837236141383e-01 2.082848046720325197e+00 2.765893028730591396e+00 3.077274636131898111e-01
1.883646908945534881e-01 2.077636991520743770e+00 2.760937996849771370e+00 3.068914228962366098e-01
1.873308269267053017e-01 2.072456364545317786e+00 2.755984637177367969e+00 3.060480574409069066e-01
1.862909549961195010e-01 2.067305843244211072e+00 2.751032279924711332e+00 3.051974401892318389e-01
1.852452385052529293e-01 2.062185107098343462e+00 2.746080259867142548e+00 3.043396445628246960e-01
1.841938410408414939e-01 2.057093837604188291e+00 2.741127916704152234e+00 3.034747444523526738e-01
1.831369263319492513e-01 2.052031718257608439e+00 2.736174595420405975e+00 3.026028142069644433e-01
1.820746582082108656e-01 2.046998434541674960e+00 2.731219645928644191e+00 3.017239286236765294e-01
1.810072005582790133e-01 2.041993673909202389e+00 2.726262423284555592e+00 3.008381629367183896e-01
1.799347172884956658e-01 2.037017125772722537e+00 2.721302288756888288e+00 2.999455928068419652e-01
1.788573722817960454e-01 2.032068481494076817e+00 2.716338608975501057e+00 2.990462943105933746e-01
1.777753293568649362e-01 2.027147434370107248e+00 2.711370756503066026e+00 2.981403439295535196e-01
1.766887522275532585e-01 2.022253679626394796e+00 2.706398110436313953e+00 2.972278185395448857e-01
1.755978044625750301e-01 2.017386914407124809e+00 2.701420055924660613e+00 2.963087953998117530e-01
1.745026494454914312e-01 2.012546837766681751e+00 2.696435984685029208e+00 2.953833521421708741e-01
1.734034503350016798e-01 2.007733150663182364e+00 2.691445295201116750e+00 2.944515667601393938e-01
1.723003700255475723e-01 2.002945555951829437e+00 2.686447392737907780e+00 2.935135175980380651e-01
1.711935711082506195e-01 1.998183758379117991e+00 2.681441689799235473e+00 2.925692833400753701e-01
1.700832158321883836e-01 1.993447464579410910e+00 2.676427605979692537e+00 2.916189429994118232e-01
1.689694660660272518e-01 1.988736383068789193e+00 2.671404568242293998e+00 2.906625759072082871e-01
1.678524832600208350e-01 1.984050224243776084e+00 2.666372011343191240e+00 2.897002617016602444e-01
1.667324284083870067e-01 1.979388700378089450e+00 2.661329377509523031e+00 2.887320803170189687e-01
1.656094620120749927e-01 1.974751525619959480e+00 2.656276116891421513e+00 2.877581119726036474e-01
1.644837440419338326e-01 1.970138415991929737e+00 2.651211687890715485e+00 2.867784371618042893e-01
1.633554339022932345e-01 1.965549089390448811e+00 2.646135557017452289e+00 2.857931366410793039e-01
1.622246903949683683e-01 1.960983265585209967e+00 2.641047198946673280e+00 2.848022914189494159e-01
1.610916716836980622e-01 1.956440666219435354e+00 2.635946096983022180e+00 2.838059827449890826e-01
1.599565352590278378e-01 1.951921014812206812e+00 2.630831743184143257e+00 2.828042920988186326e-01
1.588194379036476644e-01 1.947424036759736188e+00 2.625703638381229332e+00 2.817973011790990134e-01
1.576805356581926776e-01 1.942949459338093599e+00 2.620561292049782498e+00 2.807850918925297035e-01
1.565399837875202926e-01 1.938497011703991912e+00 2.615404222733931583e+00 2.797677463428551725e-01
1.553979367474672413e-01 1.934066424900195980e+00 2.610231958694507526e+00 2.787453468198771711e-01
1.542545481521021555e-01 1.929657431860160033e+00 2.605044037110181510e+00 2.777179757884805644e-01
1.531099707414756428e-01 1.925269767409067523e+00 2.599840004224900358e+00 2.766857158776683812e-01
1.519643563498828953e-01 1.920903168269530781e+00 2.594619416365075093e+00 2.756486498696147369e-01
1.508178558746405551e-01 1.916557373068505932e+00 2.589381839392729479e+00 2.746068606887313024e-01
1.496706192453921558e-01 1.912232122339992735e+00 2.584126848748671712e+00 2.735604313907551988e-01
1.485227953939430301e-01 1.907927158532335854e+00 2.578854029952308835e+00 2.725094451518543237e-01
1.473745322246386158e-01 1.903642226013796623e+00 2.573562978327284867e+00 2.714539852577583789e-01
1.462259765852874371e-01 1.899377071078380830e+00 2.568253299331027417e+00 2.703941350929116028e-01
1.450772742386393643e-01 1.895131441953307849e+00 2.562924608566333529e+00 2.693299781296535911e-01
1.439285698344235642e-01 1.890905088804917034e+00 2.557576531906477602e+00 2.682615979174279297e-01
1.427800068819528867e-01 1.886697763746852052e+00 2.552208705673117972e+00 2.671890780720208580e-01
1.416317277233007654e-01 1.882509220846931397e+00 2.546820776333981406e+00 2.661125022648322958e-01
1.404838735070552680e-01 1.878339216133628087e+00 2.541412400724668785e+00 2.650319542121810645e-01
1.393365841626566792e-01 1.874187507604151426e+00 2.535983246793264367e+00 2.639475176646454702e-01
1.381899983753225314e-01 1.870053855234972584e+00 2.530532993045478740e+00 2.628592763964423540e-01
1.370442535615653545e-01 1.865938020986711354e+00 2.525061327931621857e+00 2.617673141948449467e-01
1.358994858453071441e-01 1.861839768811244689e+00 2.519567951309197085e+00 2.606717148496429659e-01
1.347558300345947924e-01 1.857758864664554421e+00 2.514052574052497047e+00 2.595725621426451801e-01
1.336134195989199802e-01 1.853695076511483242e+00 2.508514917134636590e+00 2.584699398372274914e-01
1.324723866471477496e-01 1.849648174333466288e+00 2.502954712921278801e+00 2.573639316679279254e-01
1.313328619060547264e-01 1.845617930140228902e+00 2.497371704893458055e+00 2.562546213300891385e-01
1.301949746994839063e-01 1.841604117975781607e+00 2.491765647137905937e+00 2.551420924695530501e-01
1.290588529281130881e-01 1.837606513927190655e+00 2.486136304825285137e+00 2.540264286724051579e-01
1.279246230498453929e-01 1.833624896132988180e+00 2.480483454319897252e+00 2.529077134547752514e-01
1.267924100608174842e-01 1.829659044792327993e+00 2.474806883210258324e+00 2.517860302526904182e-01
1.256623374770335644e-01 1.825708742173325794e+00 2.469106389811202451e+00 2.506614624119886114e-01
1.245345273166200972e-01 1.821773772619300846e+00 2.463381783716747542e+00 2.495340931782870642e-01
1.234091000827090973e-01 1.817853922559891977e+00 2.457632885937082623e+00 2.484040056870149282e-01
1.222861747469438237e-01 1.813948980517737564e+00 2.451859528225242446e+00 2.472712829535041457e-01
1.211658687336144430e-01 1.810058737115735505e+00 2.446061553713165804e+00 2.461360078631471271e-01
1.200482979044177334e-01 1.806182985086880466e+00 2.440238816715135428e+00 2.449982631616168527e-01
1.189335765438450793e-01 1.802321519280159157e+00 2.434391182622066552e+00 2.438581314451550852e-01
1.178218173451966722e-01 1.798474136669562462e+00 2.428518528069792293e+00 2.427156951509282512e-01
1.167131313972216977e-01 1.794640636360565145e+00 2.422620740729451772e+00 2.415710365474529608e-01
1.156076281713835918e-01 1.790820819597729763e+00 2.416697719532039823e+00 2.404242377250924989e-01
1.145054155097494641e-01 1.787014489772067449e+00 2.410749374505564369e+00 2.392753805866260353e-01
1.134065996135025095e-01 1.783221452427452780e+00 2.404775626783014264e+00 2.381245468378916375e-01
1.123112850320752976e-01 1.779441515267709439e+00 2.398776408615339584e+00 2.369718179785048895e-01
1.112195746529024559e-01 1.775674488162759745e+00 2.392751663255837880e+00 2.358172752926537274e-01
1.101315696917908316e-01 1.771920183154769513e+00 2.386701344915466372e+00 2.346609998399721564e-01
1.090473696839041051e-01 1.768178414463730252e+00 2.380625419061311643e+00 2.335030724464927654e-01
1.079670724753599015e-01 1.764448998494815957e+00 2.374523862082814407e+00 2.323435736956801501e-01
1.068907742154367041e-01 1.760731753841852987e+00 2.368396660884216853e+00 2.311825839195469079e-01
1.058185693493857160e-01 1.757026501292231924e+00 2.362243813641220491e+00 2.300201831898515403e-01
1.047505506118480145e-01 1.753333063833962813e+00 2.356065329532481378e+00 2.288564513093830355e-01
1.036868090208684784e-01 1.749651266658792004e+00 2.349861228045034167e+00 2.276914678033286343e-01
1.026274338725083335e-01 1.745980937165329205e+00 2.343631539691843013e+00 2.265253119107314417e-01
1.015725127360462832e-01 1.742321904965525414e+00 2.337376305739069959e+00 2.253580625760328582e-01
1.005221314497703744e-01 1.738674001885989862e+00 2.331095577714859424e+00 2.241897984407077993e-01
9.947637411734959467e-02 1.735037061971616446e+00 2.324789418139876496e+00 2.230205978349865392e-01
9.843532310478739222e-02 1.731410921490273092e+00 2.318457899891826379e+00 2.218505387696718956e-01
9.739905903794519870e-02 1.727795418932783544e+00 2.312101106054070154e+00 2.206796989280450372e-01
9.636766080063789708e-02 1.724190395016522936e+00 2.305719130383679261e+00 2.195081556578683257e-01
9.534120553328992442e-02 1.720595692687396872e+00 2.299312076737372035e+00 2.183359859634800559e-01
9.431976863215073281e-02 1.717011157120155840e+00 2.292880059255010927e+00 2.171632664979861738e-01
9.330342374906216985e-02 1.713436635720959833e+00 2.286423202259605603e+00 2.159900735555481122e-01
9.229224279177214441e-02 1.709871978126808134e+00 2.279941639983471546e+00 2.148164830637678824e-01
9.128629592478905430e-02 1.706317036206385751e+00 2.273435516893882458e+00 2.136425705761717531e-01
9.028565157077043934e-02 1.702771664060764412e+00 2.266904987132516425e+00 2.124684112647930168e-01
8.929037641243971202e-02 1.699235718021084640e+00 2.260350214490967513e+00 2.112940799128547598e-01
8.830053539502440152e-02 1.695709056648815327e+00 2.253771372787099381e+00 2.101196509075536345e-01
8.731619172920955518e-02 1.692191540734950594e+00 2.247168645456178115e+00 2.089451982329452173e-01
8.633740689459894202e-02 1.688683033297884828e+00 2.240542225221298089e+00 2.077707954629318676e-01
8.536424064367821585e-02 1.685183399580655772e+00 2.233892314314482430e+00 2.065965157543541708e-01
8.439675100627071214e-02 1.681692507049594054e+00 2.227219124428601038e+00 2.054224318401847715e-01
8.343499429448267279e-02 1.678210225390985855e+00 2.220522876311107563e+00 2.042486160228297321e-01
8.247902510812520072e-02 1.674736426507412279e+00 2.213803799805476480e+00 2.030751401675315870e-01
8.152889634061120938e-02 1.671270984514319213e+00 2.207062133994724284e+00 2.019020756958818386e-01
8.058465918531422523e-02 1.667813775736736837e+00 2.200298126788309716e+00 2.007294935794366741e-01
7.964636314238671133e-02 1.664364678703524225e+00 2.193512034629031771e+00 1.995574643334429576e-01
7.871405602602493667e-02 1.660923574142399328e+00 2.186704122874324696e+00 1.983860580106688587e-01
7.778778397217735174e-02 1.657490344975746988e+00 2.179874665618334095e+00 1.972153441953456987e-01
7.686759144668381394e-02 1.654064876314484511e+00 2.173023945094903819e+00 1.960453919972155457e-01
7.595352125384192965e-02 1.650647055450734868e+00 2.166152251946817042e+00 1.948762700456906916e-01
7.504561454538850873e-02 1.647236771852746751e+00 2.159259885237018839e+00 1.937080464841206828e-01
7.414391082989053861e-02 1.643833917157337510e+00 2.152347151953428295e+00 1.925407889641705672e-01
7.324844798253592193e-02 1.640438385162215962e+00 2.145414367076178497e+00 1.913745646403094136e-01
7.235926225531597034e-02 1.637050071818516361e+00 2.138461853429793447e+00 1.902094401644092436e-01
7.147638828759113327e-02 1.633668875222187733e+00 2.131489941714708625e+00 1.890454816804558458e-01
7.059985911703127448e-02 1.630294695606462563e+00 2.124498970145595855e+00 1.878827548193703623e-01
6.972970619092186406e-02 1.626927435331319227e+00 2.117489284275820616e+00 1.867213246939431193e-01
6.886595937782766241e-02 1.623566998874950817e+00 2.110461237336093365e+00 1.855612558938795065e-01
6.800864697960465333e-02 1.620213292824613349e+00 2.103415189542408026e+00 1.844026124809578782e-01
6.715779574375185801e-02 1.616866225864670881e+00 2.096351508144439713e+00 1.832454579843001974e-01
6.631343087609420373e-02 1.613525708767534539e+00 2.089270567606980933e+00 1.820898553957553678e-01
6.547557605378703793e-02 1.610191654382371329e+00 2.082172748992205058e+00 1.809358671653951423e-01
6.464425343863466900e-02 1.606863977623036455e+00 2.075058440193149334e+00 1.797835551971239954e-01
6.381948369071152594e-02 1.603542595457739139e+00 2.067928035625270944e+00 1.786329808443999634e-01
6.300128598228094123e-02 1.600227426895417970e+00 2.060781936030398054e+00 1.774842049060717797e-01
6.218967801199787315e-02 1.596918392974410850e+00 2.053620548656428291e+00 1.763372876223260333e-01
6.138467601939118917e-02 1.593615416749538438e+00 2.046444286744162788e+00 1.751922886707505678e-01
6.058629479961235437e-02 1.590318423278346271e+00 2.039253569426431323e+00 1.740492671625082644e-01
5.979454771844563282e-02 1.587027339607667731e+00 2.032048821922592285e+00 1.729082816386271759e-01
5.900944672756671533e-02 1.583742094760679064e+00 2.024830475116442763e+00 1.717693900664008233e-01
5.823100238004490226e-02 1.580462619721489048e+00 2.017598965446596004e+00 1.706326498359046484e-01
5.745922384607583810e-02 1.577188847421675089e+00 2.010354734907325192e+00 1.694981177566226571e-01
5.669411892893984339e-02 1.573920712724835358e+00 2.003098230561765725e+00 1.683658500541898029e-01
5.593569408117336772e-02 1.570658152410944863e+00 1.995829904845104918e+00 1.672359023672449485e-01
5.518395442094722880e-02 1.567401105162258057e+00 1.988550215194614834e+00 1.661083297443978757e-01
5.443890374864149978e-02 1.564149511546010451e+00 1.981259623789852542e+00 1.649831866413082326e-01
5.370054456360864176e-02 1.560903313999214337e+00 1.973958597711461316e+00 1.638605269178770862e-01
5.296887808111585411e-02 1.557662456812084040e+00 1.966647608459575203e+00 1.627404038355500793e-01
5.224390424945818401e-02 1.554426886110761075e+00 1.959327132082723022e+00 1.616228700547329422e-01
5.152562176723347875e-02 1.551196549841373340e+00 1.951997648955854148e+00 1.605079776323181384e-01
5.081402810077043086e-02 1.547971397751847666e+00 1.944659643449553110e+00 1.593957780193227536e-01
5.010911950170153506e-02 1.544751381374627419e+00 1.937313604063526151e+00 1.582863220586376851e-01
4.941089102467188104e-02 1.541536454009160284e+00 1.929960023219838838e+00 1.571796599828869101e-01
4.871933654517556639e-02 1.538326570703825169e+00 1.922599396868811317e+00 1.560758414123972759e-01
4.803444877751122249e-02 1.535121688236847026e+00 1.915232224550133422e+00 1.549749153532777868e-01
4.735621929284875020e-02 1.531921765098639865e+00 1.907859009410599382e+00 1.538769301956091629e-01
4.668463853739737712e-02 1.528726761472927853e+00 1.900480257656828709e+00 1.527819337117405640e-01
4.601969585066966600e-02 1.525536639216919621e+00 1.893096478730253773e+00 1.516899730546974190e-01
4.536137948382975432e-02 1.522351361843361284e+00 1.885708185023805106e+00 1.506010947566945035e-01
4.470967661812145361e-02 1.519170894499679791e+00 1.878315891672571292e+00 1.495153447277593750e-01
4.406457338336452340e-02 1.515995203949375369e+00 1.870920116660378829e+00 1.484327682544601124e-01
4.342605487651487323e-02 1.512824258551813239e+00 1.863521380438534880e+00 1.473534099987422741e-01
4.279410518027731286e-02 1.509658028242242045e+00 1.856120205826459424e+00 1.462773139968691627e-01
4.216870738176654171e-02 1.506496484511415046e+00 1.848717117760119377e+00 1.452045236584703358e-01
4.154984359120537929e-02 1.503339600384819175e+00 1.841312643477364119e+00 1.441350817656918970e-01
4.093749496065594851e-02 1.500187350403331843e+00 1.833907312125097500e+00 1.430690304724540063e-01
4.033164170277341032e-02 1.497039710601084428e+00 1.826501654481913262e+00 1.420064113038094766e-01
3.973226310957712892e-02 1.493896658485287077e+00 1.819096203225700981e+00 1.409472651554068423e-01
3.913933757123075341e-02 1.490758173015484411e+00 1.811691492347285992e+00 1.398916322930552347e-01
3.855284259482453374e-02 1.487624234581292004e+00 1.804288057236361764e+00 1.388395523523908159e-01
3.797275482315273093e-02 1.484494824982346195e+00 1.796886434647679609e+00 1.377910643386441314e-01
3.739905005347913397e-02 1.481369927406221754e+00 1.789487162251264918e+00 1.367462066265077991e-01
3.683170325628404296e-02 1.478249526406921532e+00 1.782090778624333849e+00 1.357050169601036471e-01
3.627068859398571710e-02 1.475133607883130304e+00 1.774697823225724891e+00 1.346675324530484663e-01
3.571597943962988991e-02 1.472022159056973978e+00 1.767308836100738745e+00 1.336337895886176852e-01
3.516754839554080136e-02 1.468915168451472741e+00 1.759924357781275095e+00 1.326038242200065775e-01
3.462536731192737000e-02 1.465812625869308938e+00 1.752544929342010782e+00 1.315776715706874211e-01
3.408940730543819075e-02 1.462714522370899939e+00 1.745171091711380740e+00 1.305553662348625799e-01
3.355963877765934938e-02 1.459620850250865187e+00 1.737803386015701390e+00 1.295369421780122043e-01
3.303603143354882921e-02 1.456531603017910514e+00 1.730442353550755596e+00 1.285224327375358022e-01
3.251855429980180651e-02 1.453446775371592503e+00 1.723088535069680738e+00 1.275118706234870669e-01
3.200717574314115160e-02 1.450366363179884210e+00 1.715742471133159253e+00 1.265052879194011326e-01
3.150186348852674484e-02 1.447290363457776952e+00 1.708404701761117028e+00 1.255027160832122013e-01
3.100258463727927072e-02 1.444218774343954292e+00 1.701075766294024127e+00 1.245041859482629437e-01
3.050930568511206128e-02 1.441151595079357861e+00 1.693756203380466063e+00 1.235097277244024683e-01
3.002199254006616622e-02 1.438088825984297880e+00 1.686446550654973731e+00 1.225193709991733576e-01
2.954061054034348016e-02 1.435030468436295115e+00 1.679147344808896714e+00 1.215331447390864683e-01
2.906512447203264682e-02 1.431976524847973220e+00 1.671859121321230157e+00 1.205510772909820366e-01
2.859549858672317049e-02 1.428926998644398205e+00 1.664582414188728210e+00 1.195731963834771178e-01
2.813169661900278770e-02 1.425881894240490055e+00 1.657317756064514480e+00 1.185995291284977771e-01
2.767368180383326937e-02 1.422841217019433113e+00 1.650065678083894261e+00 1.176301020228947836e-01
2.722141689380055268e-02 1.419804973309973573e+00 1.642826709366141946e+00 1.166649409501426676e-01
2.677486417623436976e-02 1.416773170363531564e+00 1.635601377551518798e+00 1.157040711821204076e-01
2.633398549019348375e-02 1.413745816334082139e+00 1.628390208109790960e+00 1.147475173809731769e-01
2.589874224331206384e-02 1.410722920253244306e+00 1.621193724011173787e+00 1.137953036010539015e-01
2.546909542850341046e-02 1.407704492009576480e+00 1.614012446568041215e+00 1.128474532909436306e-01
2.504500564051704431e-02 1.404690542327347691e+00 1.606846894416628535e+00 1.119039892955497884e-01
2.462643309234549896e-02 1.401681082742671336e+00 1.599697583498132625e+00 1.109649338582813227e-01
2.421333763147710469e-02 1.398676125582857921e+00 1.592565027355650642e+00 1.100303086232995720e-01
2.380567875599116576e-02 1.395675683944231915e+00 1.585449736652445374e+00 1.091001346378435155e-01
2.340341563049252657e-02 1.392679771670359834e+00 1.578352219172199478e+00 1.081744323546292713e-01
2.300650710188179016e-02 1.389688403330508581e+00 1.571272979637055478e+00 1.072532216343215217e-01
2.261491171495844110e-02 1.386701594197851550e+00 1.564212519568747739e+00 1.063365217480768538e-01
2.222858772785373666e-02 1.383719360228082618e+00 1.557171337184489079e+00 1.054243513801572663e-01
2.184749312729055912e-02 1.380741718037907351e+00 1.550149927357318047e+00 1.045167286306133841e-01
2.147158564366721117e-02 1.377768684884173478e+00 1.543148781515817580e+00 1.036136710180350917e-01
2.110082276596304471e-02 1.374800278642664075e+00 1.536168387301059868e+00 1.027151954823701946e-01
2.073516175646294285e-02 1.371836517786689358e+00 1.529209228552937061e+00 1.018213183878085154e-01
2.037455966529853543e-02 1.368877421366519798e+00 1.522271785381565712e+00 1.009320555257311042e-01
2.001897334480379903e-02 1.365923008988904952e+00 1.515356533684252716e+00 1.000474221177232448e-01
1.966835946368294605e-02 1.362973300795499609e+00 1.508463945267819240e+00 9.916743281865006421e-02
1.932267452098852117e-02 1.360028317443521040e+00 1.501594487925173471e+00 9.829210171979364807e-02
1.898187485990786294e-02 1.357088080085118609e+00 1.494748624884932875e+00 9.742144235205066338e-02
1.864591668135618871e-02 1.354152610346829100e+00 1.487926814941445741e+00 9.655546768918937817e-02
1.831475605737445736e-02 1.351221930310110952e+00 1.481129512285705552e+00 9.569419015116449601e-02
1.798834894433066350e-02 1.348296062490923264e+00 1.474357166403011510e+00 9.483762160748936132e-02
1.766665119592297079e-02 1.345375029820628621e+00 1.467610222049940516e+00 9.398577338066375908e-02
1.734961857598346993e-02 1.342458855626202041e+00 1.460889119132159353e+00 9.313865624965680934e-02
1.703720677108121195e-02 1.339547563611436454e+00 1.454194292395097898e+00 9.229628045344301368e-02
1.672937140292352770e-02 1.336641177836825234e+00 1.447526171455894906e+00 9.145865569459112054e-02
1.642606804055454783e-02 1.333739722701614561e+00 1.440885180819265754e+00 9.062579114290408855e-02
1.612725221235012177e-02 1.330843222924447566e+00 1.434271739589618067e+00 8.979769543910946783e-02
1.583287941780815028e-02 1.327951703525189764e+00 1.427686261620074948e+00 8.897437669859831200e-02
1.554290513913392929e-02 1.325065189806787780e+00 1.421129154999187572e+00 8.815584251521259296e-02
1.525728485261963578e-02 1.322183707336125558e+00 1.414600822094405297e+00 8.734209996507880103e-02
1.497597403981763310e-02 1.319307281926775710e+00 1.408101659864257504e+00 8.653315561048734172e-02
1.469892819850727832e-02 1.316435939621597440e+00 1.401632059486383586e+00 8.572901550381667457e-02
1.442610285345457578e-02 1.313569706674986737e+00 1.395192405974392091e+00 8.492968519149995954e-02
1.415745356696496843e-02 1.310708609534964486e+00 1.388783078362852974e+00 8.413516971803458588e-02
1.389293594922887294e-02 1.307852674826773365e+00 1.382404449849062189e+00 8.334547363003246001e-02
1.363250566845991031e-02 1.305001929336133681e+00 1.376056887231385195e+00 8.256060098030994221e-02
1.337611846082615956e-02 1.302156399991760027e+00 1.369740751050433580e+00 8.178055533201691873e-02
1.312373014017431325e-02 1.299316113849810828e+00 1.363456395730811010e+00 8.100533976280302473e-02
1.287529660754719620e-02 1.296481098077567617e+00 1.357204169037711905e+00 8.023495686902061552e-02
1.263077386049493017e-02 1.293651379936879620e+00 1.350984412352891795e+00 7.946940876996295977e-02
1.239011800218014353e-02 1.290826986769447071e+00 1.344797460540518630e+00 7.870869711213666908e-02
1.215328525027770459e-02 1.288007945980544688e+00 1.338643641638119108e+00 7.795282307356708740e-02
1.192023194566966399e-02 1.285194285024060967e+00 1.332523277129103345e+00 7.720178736813566867e-02
1.169091456093599400e-02 1.282386031387783287e+00 1.326436681704345588e+00 7.645559024994834363e-02
1.146528970864183275e-02 1.279583212578392581e+00 1.320384163122080512e+00 7.571423151773327975e-02
1.124331414942217854e-02 1.276785856107023553e+00 1.314366022145718294e+00 7.497771051926759023e-02
1.102494479986476823e-02 1.273993989474767830e+00 1.308382552638249319e+00 7.424602615583128506e-02
1.081013874019216142e-02 1.271207640159224272e+00 1.302434041642783979e+00 7.351917688668774264e-02
1.059885322174411101e-02 1.268426835600926728e+00 1.296520768792777334e+00 7.279716073358943884e-02
1.039104567426120396e-02 1.265651603188771901e+00 1.290643006566830620e+00 7.207997528530793452e-02
1.018667371297101581e-02 1.262881970247925922e+00 1.284801020537459593e+00 7.136761770218694179e-02
9.985695145477938017e-03 1.260117964026660875e+00 1.278995068613483665e+00 7.066008472071745594e-02
9.788067978458025661e-03 1.257359611682641765e+00 1.273225401740970764e+00 6.995737265813384287e-02
9.593750424160177315e-03 1.254606940272549265e+00 1.267492263555890952e+00 6.925947741703000760e-02
9.402700906714944393e-03 1.251859976737947910e+00 1.261795889715490615e+00 6.856639448999395092e-02
9.214878068252649324e-03 1.249118747893591452e+00 1.256136509284279112e+00 6.787811896426067249e-02
9.030240774832117012e-03 1.246383280418050798e+00 1.250514343456347932e+00 6.719464552638147736e-02
8.848748122181678000e-03 1.243653600838828366e+00 1.244929605772045145e+00 6.651596846690904785e-02
8.670359441254042732e-03 1.240929735524300970e+00 1.239382502805810082e+00 6.584208168509726733e-02
8.495034303596665434e-03 1.238211710671436760e+00 1.233873232951201437e+00 6.517297869361451945e-02
8.322732526539386097e-03 1.235499552294798020e+00 1.228401987399160067e+00 6.450865262326979654e-02
8.153414178201017631e-03 1.232793286217728657e+00 1.222968949951850792e+00 6.384909622775022942e-02
7.987039582316732625e-03 1.230092938061376984e+00 1.217574296558846525e+00 6.319430188836938633e-02
7.823569322888072886e-03 1.227398533235130929e+00 1.212218195527992259e+00 6.254426161882507829e-02
7.662964248657414511e-03 1.224710096926826974e+00 1.206900807820496357e+00 6.189896706996577541e-02
7.505185477408891220e-03 1.222027654094594906e+00 1.201622286833609721e+00 6.125840953456468396e-02
7.350194400097646852e-03 1.219351229456977714e+00 1.196382778080757436e+00 6.062257995210054706e-02
7.197952684809424094e-03 1.216680847484418626e+00 1.191182419747550680e+00 5.999146891354396882e-02
7.048422280552575463e-03 1.214016532391494207e+00 1.186021342430422010e+00 5.936506666614876915e-02
6.901565420884393440e-03 1.211358308128167582e+00 1.180899669002918095e+00 5.874336311824678719e-02
6.757344627374027926e-03 1.208706198372161422e+00 1.175817515189364837e+00 5.812634784404585586e-02
6.615722712903953848e-03 1.206060226522318812e+00 1.170774989179929948e+00 5.751401008842955964e-02
6.476662784812177269e-03 1.203420415690363621e+00 1.165772191301042371e+00 5.690633877175800548e-02
6.340128247877342346e-03 1.200786788693830154e+00 1.160809214739232820e+00 5.630332249466873940e-02
6.206082807148906658e-03 1.198159368050306206e+00 1.155886145523618014e+00 5.570494954287683043e-02
6.074490470624638316e-03 1.195538175970743300e+00 1.151003062072978977e+00 5.511120789197346964e-02
5.945315551777508728e-03 1.192923234352883055e+00 1.146160035703255309e+00 5.452208521222161319e-02
5.818522671934432157e-03 1.190314564776397299e+00 1.141357130642552731e+00 5.393756887334853062e-02
5.694076762508946780e-03 1.187712188496750088e+00 1.136594403594145541e+00 5.335764594933394694e-02
5.571943067090189515e-03 1.185116126439546225e+00 1.131871904639478288e+00 5.278230322319304307e-02
5.452087143390425827e-03 1.182526399197246336e+00 1.127189676998799683e+00 5.221152719175348178e-02
5.334474865053439110e-03 1.179943027023201862e+00 1.122547756489321591e+00 5.164530407042560584e-02
5.219072423326092877e-03 1.177366029827276117e+00 1.117946172533417215e+00 5.108361979796504498e-02
5.105846328595378160e-03 1.174795427172949269e+00 1.113384948222833071e+00 5.052646004122680889e-02
4.994763411793298399e-03 1.172231238273407916e+00 1.108864099464553554e+00 4.997381019991020690e-02
4.885790825671902475e-03 1.169673481986676977e+00 1.104383635864385704e+00 4.942565541129374795e-02
4.778896045950827703e-03 1.167122176814392676e+00 1.099943561343765586e+00 4.888198055495924371e-02
4.674046872339662588e-03 1.164577340898824476e+00 1.095543873091426201e+00 4.834277025750418483e-02
4.571211429437560536e-03 1.162038992019129413e+00 1.091184562487665710e+00 4.780800889724210606e-02
4.470358167512343203e-03 1.159507147591091414e+00 1.086865615366167326e+00 4.727768060888955931e-02
4.371455863161562844e-03 1.156981824664271130e+00 1.082587011411803468e+00 4.675176928823957662e-02
4.274473619857757124e-03 1.154463039920392786e+00 1.078348725424213450e+00 4.623025859682031169e-02
4.179380868380378790e-03 1.151950809674011200e+00 1.074150726867638905e+00 4.571313196653877670e-02
4.086147367136623229e-03 1.149445149869876559e+00 1.069992979565695945e+00 4.520037260430838366e-02
3.994743202373576482e-03 1.146946076083005250e+00 1.065875443359305397e+00 4.469196349665997825e-02
3.905138788284006051e-03 1.144453603520495077e+00 1.061798073413741106e+00 4.418788741433565120e-02
3.817304867008106464e-03 1.141967747019902113e+00 1.057760820239670663e+00 4.368812691686441846e-02
3.731212508533541909e-03 1.139488521051255088e+00 1.053763630810232499e+00 4.319266435711938135e-02
3.646833110496136912e-03 1.137015939718392987e+00 1.049806447953791189e+00 4.270148188585577015e-02
3.564138397883432913e-03 1.134550016759494184e+00 1.045889211510088623e+00 4.221456145622878159e-02
3.483100422643517664e-03 1.132090765551447609e+00 1.042011858601845198e+00 4.173188482829116863e-02
3.403691563201343990e-03 1.129638199111083319e+00 1.038174323057614590e+00 4.125343357346963891e-02
3.325884523884853339e-03 1.127192330098112594e+00 1.034376536979902061e+00 4.077918907901954132e-02
3.249652334263136277e-03 1.124753170820343318e+00 1.030618430564888888e+00 4.030913255245724414e-02
3.174968348398908916e-03 1.122320733236122026e+00 1.026899932568183793e+00 3.984324502596964246e-02
3.101806244017525725e-03 1.119895028960703032e+00 1.023220971429408044e+00 3.938150736080023306e-02
3.030140021594768251e-03 1.117476069271433614e+00 1.019581474795237863e+00 3.892390025161127087e-02
2.959944003365595506e-03 1.115063865112845054e+00 1.015981370769192482e+00 3.847040423082135480e-02
2.891192832256043056e-03 1.112658427104868730e+00 1.012420588959749734e+00 3.802099967291788091e-02
2.823861470740469601e-03 1.110259765550382305e+00 1.008899060118698898e+00 3.757566679874403681e-02
2.757925199626305984e-03 1.107867890442367109e+00 1.005416717205730004e+00 3.713438567975984456e-02
2.693359616768379195e-03 1.105482811473933680e+00 1.001973497156805282e+00 3.669713624227631532e-02
2.630140635715028357e-03 1.103104538049622496e+00 9.985693409091039863e-01 3.626389827166288243e-02
2.568244484288024522e-03 1.100733079295229233e+00 9.952041939513774915e-01 3.583465141652716207e-02
2.507647703098418463e-03 1.098368444070211503e+00 9.918780084636980021e-01 3.540937519286677798e-02
2.448327144000353884e-03 1.096010640982459483e+00 9.885907442437499304e-01 3.498804898819276449e-02
2.390259968484891723e-03 1.093659678402608471e+00 9.853423690859016704e-01 3.457065206562418697e-02
2.333423646015848722e-03 1.091315564479368838e+00 9.821328610658576208e-01 3.415716356795341774e-02
2.277795952309630452e-03 1.088978307159006009e+00 9.789622106048142536e-01 3.374756252168169962e-02
2.223354967561063690e-03 1.086647914205200571e+00 9.758304208509921418e-01 3.334182784102473346e-02
2.170079074617136793e-03 1.084324393218951910e+00 9.727375101798451107e-01 3.293993833188775533e-02
2.117946957100570564e-03 1.082007751663958572e+00 9.696835150516707191e-01 3.254187269580970793e-02
2.066937597485130410e-03 1.079697996892792000e+00 9.666684914370842208e-01 3.214760953387615916e-02
2.017030275124559804e-03 1.077395136175047785e+00 9.636925178612845144e-01 3.175712735060084307e-02
1.968204564236951306e-03 1.075099176730118566e+00 9.607556987500263102e-01 3.137040455777508063e-02
1.920440331846402608e-03 1.072810125762562405e+00 9.578581671442893963e-01 3.098741947828507690e-02
1.873717735683744614e-03 1.070527990500500959e+00 9.550000889017554728e-01 3.060815034989654987e-02
1.828017222048108556e-03 1.068252778240073919e+00 9.521816672671917781e-01 3.023257532900652800e-02
1.783319523631097039e-03 1.065984496393666214e+00 9.494031471918226162e-01 2.986067249436202137e-02
1.739605657305238855e-03 1.063723152543486705e+00 9.466648211538734037e-01 2.949241985074502886e-02
1.696856921878476176e-03 1.061468754502349121e+00 9.439670356582366972e-01 2.912779533262409640e-02
1.655054895816285071e-03 1.059221310381246006e+00 9.413101984152608681e-01 2.876677680777153800e-02
1.614181434933119157e-03 1.056980828665562422e+00 9.386947866162451692e-01 2.840934208084656618e-02
1.574218670054781249e-03 1.054747318300477854e+00 9.361213565296544470e-01 2.805546889694397056e-02
1.535149004653252151e-03 1.052520788787904893e+00 9.335905547669549609e-01 2.770513494510766853e-02
1.496955112455660569e-03 1.050301250296290068e+00 9.311031314586090124e-01 2.735831786180996719e-02
1.459619935028731632e-03 1.048088713786153203e+00 9.286599551301645272e-01 2.701499523439465297e-02
1.423126679340455669e-03 1.045883191152152891e+00 9.262620301406290224e-01 2.667514460448579955e-02
1.387458815300204353e-03 1.043684695386538630e+00 9.239105179906185183e-01 2.633874347135986907e-02
1.352600073278975579e-03 1.041493240767745743e+00 9.216067620485292045e-01 2.600576929528307032e-02
1.318534441610977499e-03 1.039308843077866529e+00 9.193523163306451806e-01 2.567619950081181240e-02
1.285246164078133763e-03 1.037131519854175510e+00 9.171489805945864937e-01 2.535001148005789143e-02
1.252719737378724281e-03 1.034961290683598989e+00 9.149988425221728949e-01 2.502718259591682828e-02
1.220939908581572704e-03 1.032798177546971230e+00 9.129043279431269253e-01 2.470769018525986044e-02
1.189891672567123301e-03 1.030642205224076458e+00 9.108682623502544207e-01 2.439151156208982721e-02
1.159560269456578595e-03 1.028493401773693972e+00 9.088939462167986427e-01 2.407862402065967869e-02
1.129931182030504636e-03 1.026351799105272855e+00 9.069852469710946163e-01 2.376900483855502733e-02
1.100990133137960333e-03 1.024217433662881316e+00 9.051467130041823683e-01 2.346263127973885476e-02
1.072723083097538218e-03 1.022090347250272480e+00 9.033837173526384490e-01 2.315948059756023705e-02
1.045116227091309746e-03 1.019970588035076231e+00 9.017026374396961419e-01 2.285953003772507250e-02
1.018155992552980966e-03 1.017858211775469091e+00 9.001110830315517397e-01 2.256275684123042885e-02
9.918290365512438637e-04 1.015753283335175450e+00 8.986181900539081946e-01 2.226913824726098334e-02
9.661222431695469211e-04 1.013655878570586255e+00 8.972350013915340039e-01 2.197865149604891905e-02
9.410227208832086130e-04 1.011566086704523748e+00 8.959749662239567813e-01 2.169127383169564688e-02
9.165177999350739577e-04 1.009484013343412645e+00 8.948546031821887903e-01 2.140698250495704294e-02
8.925950297105652133e-04 1.007409784357586435e+00 8.938943951914157804e-01 2.112575477599043169e-02
8.692421761132721825e-04 1.005343550939805208e+00 8.931200144455700984e-01 2.084756791706495610e-02
8.464472189418932157e-04 1.003285496292720236e+00 8.925640270343299099e-01 2.057239921523366238e-02
8.241983492696118747e-04 1.001235844613345138e+00 8.922683133989265380e-01 2.030022597496899603e-02
8.024839668266794740e-04 9.991948733860961385e-01 8.922875820644959877e-01 2.003102552076003323e-02
7.812926773872178781e-04 9.971629305551500400e-01 8.926945956835092844e-01 1.976477519967300214e-02
7.606132901609821998e-04 9.951404590804306949e-01 8.935881700711723052e-01 1.950145238387364713e-02
7.404348151910450848e-04 9.931280330282243884e-01 8.951058338697099881e-01 1.924103447311299037e-02
7.207464607580803175e-04 9.911264123390035596e-01 8.974446642772473393e-01 1.898349889717488789e-02
7.015376307921642862e-04 9.891366291627415874e-01 9.008972362777771803e-01 1.872882311828701421e-02
6.827979222927554751e-04 9.871601303816116557e-01 9.059173466253123141e-01 1.847698463349411666e-02
6.645171227576299015e-04 9.851990267259472800e-01 9.132493013978900676e-01 1.822796097699396975e-02
6.466852076215274256e-04 9.832565611694032981e-01 9.242079264981963860e-01 1.798172972243670606e-02
6.292923377051104494e-04 9.813380792631215543e-01 9.413720041289007634e-01 1.773826848518635091e-02
6.123288566750096674e-04 9.794533333653473450e-01 9.706929512833384344e-01 1.749755492454602504e-02
5.957852885154988612e-04 9.776232417449147727e-01 1.030878920379078245e+00 1.725956674594554888e-02
5.796523350125274299e-04 9.759093125026020443e-01 1.098003104430085974e+00 1.702428170309290209e-02
5.639208732506096082e-04 9.742781948371487255e-01 1.150195469841971407e+00 1.679167760008823049e-02
