2.581064070286310796e-01 -1.245570284686914331e-01
2.405564777282648004e-01 -1.063716380778532561e-01
2.262997438652806781e-01 -8.973875066627524932e-02
2.166622599497990964e-01 -7.476207702130556465e-02
2.123005726398251303e-01 -6.108992833313009463e-02
2.138828982994158412e-01 -4.812196326710464767e-02
2.218106897067147198e-01 -3.475116486996614185e-02
2.368855148628014884e-01 -1.909005179237878436e-02
2.623004260184637060e-01 2.263729434890976444e-03
3.139347062043658099e-01 3.355547236585890158e-02
4.661584856707740032e-01 0.000000000000000000e+00
2.389456248235804214e-01 -4.127719013669156611e-02
1.643281603091364396e-01 -2.059752794026800671e-02
1.235879734870060642e-01 -1.141463770368034841e-02
9.554973533562513555e-02 -7.499858758330014974e-03
7.455541445174848625e-02 -5.779725441469006630e-03
5.822954766524825188e-02 -4.971677586724215087e-03
4.526127746823120634e-02 -4.502272579049289292e-03
3.481319783842456994e-02 -4.098492257193771943e-03
2.630839530012667182e-02 -3.625814466315959578e-03
1.933358317830212447e-02 -3.018298843712784521e-03
1.358721607101254919e-02 -2.244539318811060273e-03
8.853876452245867598e-03 -1.301211210479909144e-03
4.970628781778944905e-03 -1.987525811779104409e-04
1.816059301797790827e-03 1.043498392816909117e-03
-7.003322505450157399e-04 2.399266768333032339e-03
-2.646526522473907628e-03 3.836617633026058287e-03
-4.074608306012347803e-03 5.318954155117902767e-03
-5.026042574575359176e-03 6.805965542662363588e-03
-5.535897268420139107e-03 8.254644012506532486e-03
-5.636215453783252269e-03 9.620425720590925628e-03
-5.358672860207048909e-03 1.085846731191985465e-02
-4.736611454635728316e-03 1.192504183057845057e-02
-3.806511924174959920e-03 1.277901893853207807e-02
-2.608949868670337215e-03 1.338338076574543956e-02
-1.189071093553320350e-03 1.370671636181242797e-02
4.033811179855600892e-04 1.372463320637025419e-02
2.114453066103664722e-03 1.342102252388480826e-02
3.886743829595864889e-03 1.278911704277842058e-02
5.660500161588614618e-03 1.183228447593617436e-02
7.374991388267110315e-03 1.056450731102213242e-02
8.970105190141767701e-03 9.010509234066214207e-03
1.038809826727356278e-02 7.205500301171308478e-03
1.157543011809390038e-02 5.194526420371220130e-03
1.248460403275640854e-02 3.031423365460932454e-03
1.307593727978009421e-02 7.773908941430271793e-04
1.331918266734115168e-02 -1.500781944282675133e-03
1.319492636470967657e-02 -3.732794105279391324e-03
1.269569218507147004e-02 -5.847152086815654917e-03
1.182669043620545278e-02 -7.773658683964519700e-03
1.060615985960304195e-02 -9.445987297571557112e-03
9.065263879388963178e-03 -1.080424998773948583e-02
7.247517106999909128e-03 -1.179746222179197009e-02
5.207734413948093138e-03 -1.238580527602205217e-02
3.010512455980001063e-03 -1.254258876689018712e-02
7.282717969502245162e-04 -1.225582097143335103e-02
-1.561093826072227492e-03 -1.152930351274713411e-02
-3.776896640109773853e-03 -1.038317957277631876e-02
-5.838581125028454409e-03 -8.853880878901165125e-03
-7.668801178894702267e-03 -6.993438001083060115e-03
-9.196539290006158079e-03 -4.868140557900855689e-03
-1.036014931132830594e-02 -2.556558223404257341e-03
-1.111019855691750338e-02 -1.469592700488447229e-04
-1.141198326114824246e-02 2.265810008760625952e-03
-1.124759441233394441e-02 4.583895179407273916e-03
-1.061741894464390303e-02 6.710337691364169285e-03
-9.540974465943855357e-03 8.553174727548382844e-03
-8.056994176254418660e-03 1.002957672485849973e-02
-6.222702279659960214e-03 1.106984901386841129e-02
-4.112248688302700197e-03 1.162111420281909668e-02
-1.814304619321826552e-03 1.165048874427569020e-02
5.711429950413394324e-04 1.114757153125204431e-02
2.936721570013237775e-03 1.012607517035835764e-02
5.172210724519203315e-03 8.624452348629199627e-03
7.169531676697149525e-03 6.705400734820356722e-03
8.827994540183219802e-03 4.454170068459707872e-03
1.005957670123983072e-02 1.975644000035048711e-03
1.079397865318199208e-02 -6.097741245231049281e-04
1.098318550916465436e-02 -3.171379515120687637e-03
1.060525518440089306e-02 -5.574329291618627946e-03
9.667060104461229486e-03 -7.686523732349639058e-03
8.205730183933803573e-03 -9.385911903625775154e-03
6.288582248588373003e-03 -1.056786772796751775e-02
4.011375976621784495e-03 -1.115223238812342033e-02
1.494808950319209857e-03 -1.108958381731793216e-02
-1.120747316126786269e-03 -1.036627878973227571e-02
-3.682164534952092529e-03 -9.007822580253767308e-03
-6.031906931351156860e-03 -7.080159629200144175e-03
-8.017470118936605855e-03 -4.688549572003350256e-03
-9.501445886617890940e-03 -1.973798460850295557e-03
-1.037163663113263579e-02 8.942447950120793743e-04
-1.055054879417862725e-02 3.725844078836405577e-03
-1.000352930687037172e-02 6.322901257733833102e-03
-8.744784140669837127e-03 8.492350078197836299e-03
-6.840544923334388600e-03 1.006069378778373657e-02
-4.408738385573998664e-03 1.088874802855259796e-02
-1.614671959543755031e-03 1.088546795873139399e-02
1.337518917492316710e-03 1.001961011730959430e-02
4.217611925635135831e-03 8.327930321761725652e-03
6.785809959781729205e-03 5.918673873950322864e-03
8.812193515984348413e-03 2.969295856266130750e-03
1.009785141147507073e-02 -2.823263606932845463e-04
1.049601673011484743e-02 -3.553452738101684719e-03
9.931192004531096129e-03 -6.538461822574550761e-03
8.414029212941607008e-03 -8.936173508936683108e-03
6.049696519235592262e-03 -1.048063754056900027e-02
3.037673268289883648e-03 -1.097272362863201817e-02
-3.385842780388509041e-04 -1.030916564609125549e-02
-3.732844356719315030e-03 -8.505251906423530114e-03
-6.767773749057123117e-03 -5.707245864369759475e-03
-9.075296313297554623e-03 -2.190993712258245893e-03
-1.034230141559497329e-02 1.655869179191090702e-03
-1.035684032085358412e-02 5.369108697175205627e-03
-9.048674742652959568e-03 8.459272710438245010e-03
-6.517305382985973811e-03 1.047538088188492561e-02
-3.040714581560330192e-03 1.107416836319473352e-02
9.407143112086175166e-04 1.008547282971112950e-02
4.868098891153907135e-03 7.562466191312557269e-03
8.134910957700776726e-03 3.804940293122478692e-03
1.017895122992211118e-02 -6.546250025825850125e-04
1.058412706799136821e-02 -5.108493005013347785e-03
9.175618307207950020e-03 -8.774297620514202867e-03
6.088552592746081932e-03 -1.092979300398219319e-02
1.789898841720382466e-03 -1.106280267280928056e-02
-2.962748087673885804e-03 -9.008400916828007352e-03
-7.232641578241478728e-03 -5.039672592654727626e-03
-1.007852256903173094e-02 1.210672526418352796e-04
-1.076762911231683023e-02 5.394449630506153309e-03
-8.984508790342560919e-03 9.544303859830592651e-03
-4.980304291305169724e-03 1.146282398416131887e-02
3.945071093056562103e-04 1.048561502802829171e-02
5.816029941260484823e-03 6.654038563370890877e-03
9.779423713296892667e-03 8.302640501188845654e-04
1.101512488202843407e-02 -5.414565936750864034e-03
8.929290018225571543e-03 -1.016928033288118718e-02
3.924748840286504045e-03 -1.175758611435447770e-02
-2.549282261538974009e-03 -9.371488118595144856e-03
-8.321140844389385977e-03 -3.537796936018517639e-03
-1.118269287371753164e-02 3.823498354184033492e-03
-9.766150894860952184e-03 9.904523783076699117e-03
-4.288532423772116638e-03 1.203578865163510737e-02
3.223181537211144802e-03 8.922283199674306206e-03
9.507670281655954819e-03 1.546957139574655499e-03
1.141981316768362481e-02 -6.843153682695580879e-03
7.590774952831991045e-03 -1.197609625684171661e-02
-4.410448195773727931e-04 -1.072675391426004474e-02
-8.493148400713610574e-03 -3.218546423555653305e-03
-1.172324044600479669e-02 6.532202702353932799e-03
-7.621603089197251379e-03 1.240013579746596095e-02
1.744287259387792242e-03 9.964293006668359376e-03
1.019280907045797858e-02 1.836069295510864979e-04
1.124112289242464036e-02 -1.010279065311405280e-02
3.324536859446395459e-03 -1.249638846337208786e-02
-7.695302214462114085e-03 -4.107029568824378113e-03
-1.215497715832430763e-02 8.397726156042416290e-03
-5.108992772217021798e-03 1.312405397598540718e-02
7.398476899390608180e-03 4.305106500068661343e-03
1.231397570153372305e-02 -9.646637665865433545e-03
3.167232585229588608e-03 -1.269368290739069510e-02
-1.020099698519473172e-02 1.925813922408143100e-04
-1.064236223924699618e-02 1.331828534612982881e-02
3.806244045895953998e-03 7.778617503713608841e-03
1.306395633298816118e-02 -9.936847367610138898e-03
1.782709723518800804e-03 -1.200844148764375688e-02
-1.292147301860363702e-02 6.944550385833491747e-03
-4.547345252673608111e-03 1.356733448953538479e-02
1.297676214659183001e-02 -6.878548271146931251e-03
3.959705160215315836e-03 -1.326212343152863293e-02
-1.420244134899157837e-02 1.079516408034068321e-02
1.128630855289483592e-03 8.961900318927382841e-03
1.401871739344388509e-02 -1.682012862580774260e-02
-1.138406009864394164e-02 4.596585017262566630e-03
-3.791288148563152528e-03 1.264681952353583286e-02
1.605869740437281673e-02 -2.087023216384231022e-02
-1.845226045900916906e-02 1.877788068335786015e-02
1.398704902783025686e-02 -1.224985878526594490e-02
-8.108922534892575723e-03 6.327125914064461558e-03
3.816538792351505550e-03 -2.698951126171864837e-03
-1.505598576511029806e-03 9.745168109610896547e-04
5.079045510100800055e-04 -3.026637428287836176e-04
-1.484532507143378503e-04 8.176822114524612490e-05
3.801170319698247432e-05 -1.937393350439976621e-05
-8.549054151423266852e-06 4.051281292557017309e-06
1.732050003973398311e-06 -7.509194949858159813e-07
-2.887835296966323601e-07 1.241036060996742158e-07
6.347669013029995874e-08 -1.810883849547520958e-08
6.489245773606155586e-09 2.536025874445222275e-09
1.299803875903285855e-08 -1.666495774899107418e-10
1.081208438927558176e-08 1.351848188221865302e-10
9.843973997620386984e-09 9.125426787534137746e-11
8.852779170095861477e-09 8.449342914074190468e-11
7.967156267029354693e-09 7.535896844912299736e-11
7.164475633465735629e-09 6.738551668739394794e-11
6.437911412276487927e-09 6.021831561843917105e-11
5.779672007528358499e-09 5.379783585731018335e-11
5.178234670618098444e-09 4.777869604161735542e-11
4.682003207682201246e-09 4.533248772539643351e-11
3.021391291498640550e-09 5.810294660238225409e-12
2.852230116030042500e-08 2.620570043096483157e-10
-6.385137898178567368e-07 7.336943129259278976e-09
