1.319297854961896110e-01 0.000000000000000000e+00
1.049338732268420976e-01 -2.692276064284321313e-04
2.595199711200434772e-02 -1.087019144058206169e-03
-6.477380205926441814e-02 -1.526354402923597864e-03
-1.223318890645249540e-01 -7.945692296710132885e-04
-1.192873355657891044e-01 1.095792477129126086e-03
-5.840449283027727978e-02 3.185977107435983280e-03
2.974931164410125201e-02 4.082734056313635368e-03
1.024183463638368985e-01 2.831108063891828175e-03
1.254129999989126998e-01 -3.814497394791643847e-04
8.894460274172981407e-02 -4.142234663630353642e-03
1.135220406320327710e-02 -6.457489738399473794e-03
-7.042086378863195162e-02 -5.811042247432889052e-03
-1.185460844398405073e-01 -2.070297393897038707e-03
-1.116865893057588932e-01 3.274972816694379785e-03
-5.412787131132434926e-02 7.720588783591216669e-03
2.706386730299319837e-02 8.940059055330533758e-03
9.498978361698319495e-02 5.980091729664731293e-03
1.197003021457343219e-01 -1.490067790088506205e-04
9.119164307385835277e-02 -6.816464515007142344e-03
2.309134412633820355e-02 -1.092534718561226012e-02
-5.411562917794020960e-02 -1.035537364214619144e-02
-1.068693504168569536e-01 -5.016922155798707317e-03
-1.130533177308856857e-01 2.994816685641749077e-03
-7.101552182684686687e-02 1.024738310094674629e-02
4.577452248720201636e-04 1.346124839105806471e-02
7.075595389222619214e-02 1.098391406171934231e-02
1.106241142363930674e-01 3.586606121404087300e-03
1.042198983802772039e-01 -5.783791029867917100e-03
5.514429257630332204e-02 -1.320784330684137906e-02
-1.571688820046847693e-02 -1.544480517153922969e-02
-7.925837270896149422e-02 -1.132907650603892299e-02
-1.101371052979378262e-01 -2.315626798327176383e-03
-9.674100100087110188e-02 8.062738374615102677e-03
-4.529469866625132624e-02 1.560778481550500509e-02
2.321986129326346696e-02 1.715963322654348588e-02
8.176679593698937820e-02 1.189659071622135161e-02
1.079300566401688866e-01 1.704132657736744105e-03
9.235434553246993361e-02 -9.534983301829121072e-03
4.184349339629142572e-02 -1.744569963388002687e-02
-2.378935596890167231e-02 -1.886564949593029505e-02
-7.962196693911677281e-02 -1.308381417114652320e-02
-1.050874648653752352e-01 -2.136350915834847597e-03
-9.142003355115266294e-02 9.947267712494274605e-03
-4.444757618436715602e-02 1.865271480720301009e-02
1.805251360552223572e-02 2.066853314173310724e-02
7.320328015154177470e-02 1.512093955180260699e-02
1.014114839173189675e-01 3.903750500260635969e-03
9.321910186031120982e-02 -9.006318352176537201e-03
5.227753445135516902e-02 -1.898606609828089667e-02
-6.402826405410973372e-03 -2.242475755893376388e-02
-6.207849904018783449e-02 -1.800868666001777599e-02
-9.563343956930363265e-02 -7.181781979009413397e-03
-9.606212347819756414e-02 6.365637323396629299e-03
-6.391394747322941272e-02 1.798420433857840853e-02
-1.069082290458963150e-02 2.366919405393830972e-02
4.539389077212065138e-02 2.142443552534501958e-02
8.569963786354624358e-02 1.192749665892779698e-02
9.730904171280237158e-02 -1.713512460811007776e-03
7.703856412732340564e-02 -1.501051200215753473e-02
3.211681706225787136e-02 -2.358698960602175973e-02
-2.251710966334438332e-02 -2.460988813749396403e-02
-6.925823895922343654e-02 -1.769631797747811888e-02
-9.350303689194847112e-02 -5.014613787902175157e-03
-8.812432978278460227e-02 9.432652435220040266e-03
-5.541839667469525971e-02 2.109487794785780065e-02
-6.051648383280878139e-03 2.630841272718644624e-02
4.451451203673142260e-02 2.342756849044212372e-02
8.090050319686981073e-02 1.330909895449838148e-02
9.244495388609816344e-02 -9.810085228875095598e-04
7.622227157953724574e-02 -1.512711966448971462e-02
3.762739380099158065e-02 -2.488058206709224673e-02
-1.151846828699546084e-02 -2.732805592118359508e-02
-5.665731858773442181e-02 -2.173568597592592799e-02
-8.481366752837904421e-02 -9.732839753720582548e-03
-8.826597028112195820e-02 5.198185398299401405e-03
-6.655446827766269002e-02 1.875696508652519023e-02
-2.634307782232354553e-02 2.707010361440879628e-02
2.071341675543896324e-02 2.778483451458307191e-02
6.139714230424250796e-02 2.070657809402133911e-02
8.463318776141574851e-02 7.816490748440960840e-03
8.444190232281820196e-02 -7.315385093148107920e-03
6.137324831407311998e-02 -2.053927227140720999e-02
2.211587210171477025e-02 -2.826677889344917163e-02
-2.251799679260230516e-02 -2.842994468075660947e-02
-6.061053895812311409e-02 -2.100655257762413033e-02
-8.231083094757753182e-02 -7.986754771587310092e-03
-8.232447704449213921e-02 7.190438008777944034e-03
-6.111130442216848591e-02 2.056412671233734391e-02
-2.455191942665610472e-02 2.868782852923710408e-02
1.775032030303976688e-02 2.950394591967938490e-02
5.502978261447441510e-02 2.283877101819619532e-02
7.809333829311895792e-02 1.040658653579931703e-02
8.153999985725716992e-02 -4.659842417738931097e-03
6.494558697503369227e-02 -1.861754563214318772e-02
3.277819001407873689e-02 -2.804780774699897061e-02
-6.866886105105489413e-03 -3.068303899321364603e-02
-4.434492064029385561e-02 -2.592934870571178899e-02
-7.081295919640939740e-02 -1.497079403505302206e-02
-8.028354818744236343e-02 -4.467990651216557918e-04
-7.091543838854541537e-02 1.420403866346072255e-02
-4.528239001461710489e-02 2.556646754344392425e-02
-9.613479579503463740e-03 3.103935829607539637e-02
2.776555656237089664e-02 2.941357480404674027e-02
5.839312605383744498e-02 2.111340710777579593e-02
7.557204233164853402e-02 8.060571175290083545e-03
7.578898442478282371e-02 -6.793120049781067871e-03
5.936570877065595886e-02 -2.014653952210869806e-02
3.024134015997521213e-02 -2.908417276373181926e-02
-5.019357996119820642e-03 -3.170194694277277819e-02
-3.873564845463108031e-02 -2.749267960013241155e-02
-6.378756147827266410e-02 -1.741838642739881871e-02
-7.509551059709873577e-02 -3.667393412392087187e-03
-7.060307009919680743e-02 1.083883130894617436e-02
-5.158583096028098586e-02 2.307490858430313874e-02
-2.225988505489391936e-02 3.054015039652340641e-02
1.119119493463227588e-02 3.175705433837436309e-02
4.194133487072428806e-02 2.654360537233545203e-02
6.391302277820611055e-02 1.601425561502734657e-02
7.295360559449992621e-02 2.321434591240918027e-03
6.757644957694011745e-02 -1.179941817991742373e-02
4.914614218337975265e-02 -2.358279513727890020e-02
2.150288202823759376e-02 -3.077158074572434315e-02
-9.870264112990509431e-03 -3.203740865685586470e-02
-3.895277932924776088e-02 -2.720761144964274625e-02
-6.034050575054739768e-02 -1.726444192909479258e-02
-7.022893155438759971e-02 -4.127188434539783013e-03
-6.705295499812033433e-02 9.732064663097655249e-03
-5.168475861756509360e-02 2.176014268840132521e-02
-2.717868882356426485e-02 2.979128941884679957e-02
1.865055220855312348e-03 3.242740218533015500e-02
3.018224000493222037e-02 2.926560046831631900e-02
5.280131997216448020e-02 2.093969015691333688e-02
6.590236016223063875e-02 8.977022656569803166e-03
6.743386754159444441e-02 -4.495327201912823617e-03
5.739469708292545963e-02 -1.713675379613097821e-02
3.775188946537417350e-02 -2.680069352388908532e-02
1.202926772725949715e-02 -3.189295085176453021e-02
-1.534505368313759076e-02 -3.162253745918074815e-02
-3.980954303209775780e-02 -2.610820505220566926e-02
-5.742426461312730157e-02 -1.633003370188449571e-02
-6.548727373949538022e-02 -3.941658794198454191e-03
-6.292035522238988154e-02 9.019357252672863950e-03
-5.037541947238054207e-02 2.047114877070077901e-02
-3.006080503761256184e-02 2.862028644707781400e-02
-5.331199185605059107e-03 3.223517387723858624e-02
1.988088575091146240e-02 3.082008796850821408e-02
4.169468055417020064e-02 2.466774815686161026e-02
5.687147328175903849e-02 1.478843417618068770e-02
6.327809676782317205e-02 2.732749491846885731e-03
6.016111042946671594e-02 -9.659705148994019580e-03
4.820181496966345625e-02 -2.054423823149007303e-02
2.935684589416941853e-02 -2.834366256905149553e-02
6.520367699998942494e-03 -3.196999803540942486e-02
-1.693249889047846943e-02 -3.096554868797939813e-02
-3.764824362553607917e-02 -2.554713129508853764e-02
-5.276910101293354194e-02 -1.655215489962868353e-02
-6.031342292050156928e-02 -5.299324441473556718e-03
-5.941460004426975250e-02 6.611978773701704393e-03
-5.039381172291208799e-02 1.753247898858059303e-02
-3.466651900858336993e-02 2.599052294891114612e-02
-1.450536600437297464e-02 3.088541348640253328e-02
7.299939198964218445e-03 3.162220361002136826e-02
2.783414800166529590e-02 2.817299489618298527e-02
4.444449810771848586e-02 2.106052612510784031e-02
5.507458807332374362e-02 1.127037754017368339e-02
5.850401046070769634e-02 1.070710076969683122e-04
5.446861316810251014e-02 -1.098433331206641675e-02
4.365328949865014685e-02 -2.060646897360129959e-02
2.756593271180710417e-02 -2.758335657092125803e-02
8.315525084260155103e-03 -3.109856823806992146e-02
-1.167233465975142659e-02 -3.078264462584109212e-02
-2.996377159284700081e-02 -2.674179364846443474e-02
-4.440993860884381861e-02 -1.952760460249216082e-02
-5.339092406256021328e-02 -1.005468674422439410e-02
-5.598423250727239953e-02 5.210433451897922286e-04
-5.204258939316572935e-02 1.094683704327749710e-02
-4.217755311069394664e-02 2.002215185845067011e-02
-2.765663209134998357e-02 2.673470005653215409e-02
-1.023103436612700368e-02 3.036859887174363573e-02
8.082113455053234821e-03 3.057388084833562863e-02
2.523578136371018230e-02 2.739170794915817692e-02
3.937988531959732419e-02 2.123497961888619334e-02
4.905453735646304880e-02 1.282900725241600294e-02
5.333069597117320870e-02 3.121018462513058811e-03
5.188629595188819221e-02 -6.829924572985247161e-03
4.501374129905584554e-02 -1.596966060982130814e-02
3.356226332864162276e-02 -2.335953449103593538e-02
1.882527683681671504e-02 -2.826958925778358042e-02
2.387893437534422195e-03 -3.024564305725488053e-02
-1.404721277578985586e-02 -2.914484426429254926e-02
-2.883648424175974667e-02 -2.513790336386717908e-02
-4.055672323305933163e-02 -1.867971496681621740e-02
-4.813577418023339688e-02 -1.045315491738596850e-02
-5.094166143680370351e-02 -1.293191591391185113e-03
-4.882409492238027476e-02 7.900088214988339186e-03
-4.210735119977102731e-02 1.625043884722768978e-02
-3.153831189833056908e-02 2.298772948835423741e-02
-1.819745848321203605e-02 2.751609547346250267e-02
-3.383563128017639046e-03 2.946238237993450970e-02
1.151550324997571359e-02 2.870153559261297282e-02
2.515304707993702010e-02 2.535796551164366808e-02
3.634295574507628857e-02 1.978420028877220585e-02
4.415814389569810983e-02 1.252011991226107540e-02
4.800059236936032869e-02 4.237591159846530731e-03
4.763861702778930673e-02 -4.323706839460567108e-03
4.321022465923370082e-02 -1.242310081043800259e-02
3.519446547596749575e-02 -1.938241941104687505e-02
2.435532209511883164e-02 -2.464090811276212212e-02
1.166469187237601825e-02 -2.779741081479990966e-02
-1.787695016148531033e-03 -2.863704163767643446e-02
-1.488906774712683845e-02 -2.714107214783057637e-02
-2.659499709839725431e-02 -2.348024817557426563e-02
-3.601013765241853348e-02 -1.799310196024049222e-02
-4.245251063969690541e-02 -1.115193899096920092e-02
-4.549727446085766874e-02 -3.519983844397287301e-03
-4.499787410234851875e-02 4.296372622566102528e-03
-4.108440858347306435e-02 1.169617709453172824e-02
-3.414085074874073644e-02 1.812954513848305180e-02
-2.476426805357151428e-02 2.313700252104210556e-02
-1.371033396445033720e-02 2.637994138931593069e-02
-1.830133694535295008e-03 2.766045918165443984e-02
9.996459406022938435e-03 2.692977231827749923e-02
2.092570835249067673e-02 2.428530596291130633e-02
3.020862673172390947e-02 1.995738807161596962e-02
3.723948430186659747e-02 1.428716619794798311e-02
4.159142585876246523e-02 7.697880491972324685e-03
4.303755820307038349e-02 6.619443460756484210e-04
4.155701281085936311e-02 -6.333599758650330577e-03
3.732657969476687460e-02 -1.282075718119198016e-02
3.069945979562179600e-02 -1.838114287077051434e-02
2.217344511287046988e-02 -2.267155978352137363e-02
1.235137282522240712e-02 -2.544320224810021208e-02
1.896996458542334063e-03 -2.655362374956635879e-02
-8.510523383473278178e-03 -2.597115312184867034e-02
-1.822046520077558879e-02 -2.377196289879245431e-02
-2.665003183177728358e-02 -2.013045606634978127e-02
-3.331726823368501289e-02 -1.530401737919318168e-02
-3.786579596553484722e-02 -9.613455563448588051e-03
-4.008039049744643867e-02 -3.420634303155921027e-03
-3.989307447058117184e-02 2.895147904136058381e-03
-3.738001039739712039e-02 8.960509765839128407e-03
-3.275001514239775369e-02 1.442968335619172586e-02
-2.632595924292781622e-02 1.900337210894571111e-02
-1.852063911778690022e-02 2.244384793238130699e-02
-9.808910954890608103e-03 2.458565749954945423e-02
-6.979516271250693626e-04 2.534161280475653172e-02
8.302528011797703431e-03 2.470403894476359136e-02
1.670843479850611657e-02 2.274152580088806622e-02
2.408635413911448114e-02 1.959166611246253992e-02
3.007435392721620818e-02 1.545045028084502184e-02
3.439769476232765189e-02 1.055912193418377318e-02
3.687895630422047960e-02 5.189375425242054654e-03
3.744243208808441248e-02 -3.722018619971793202e-04
3.611296483774791705e-02 -5.839569105842771363e-03
3.300967586898152090e-02 -1.094175452028584190e-02
2.833527398988351653e-02 -1.543577225151901954e-02
2.236180381247787619e-02 -1.911738258690874256e-02
1.541380697208900863e-02 -2.182929853513294882e-02
7.849922493407530608e-03 -2.346660301696367606e-02
4.394777584037015683e-05 -2.397929995929338337e-02
-7.633674581260871048e-03 -2.337207146208208214e-02
-1.483307856426773798e-02 -2.170144525509049710e-02
-2.124017324062309892e-02 -1.907068681671259328e-02
-2.658924353439327121e-02 -1.562281539784630968e-02
-3.067254989398494891e-02 -1.153220104255136061e-02
-3.334669826832201145e-02 -6.995230338227772030e-03
-3.453572145825126866e-02 -2.220533254347942242e-03
-3.423096973359092410e-02 2.580755606244983583e-03
-3.248804640305893304e-02 7.204267460239485721e-03
-2.942113820564996873e-02 1.146082356990330703e-02
-2.519517801365058624e-02 1.518370351105706451e-02
-2.001633704096916072e-02 1.823452381757451404e-02
-1.412137564680174262e-02 2.050757299195557840e-02
-7.766387306659221917e-03 2.193252814001660569e-02
-1.215451846897915716e-03 2.247555384443292517e-02
5.270325116122725334e-03 2.213885237615764723e-02
1.144296557911326714e-02 2.095879362932626805e-02
1.707661309295261179e-02 1.900280159442135908e-02
2.197509198273490255e-02 1.636521076132636116e-02
2.597783787244173012e-02 1.316233020180154929e-02
2.896408718972599827e-02 9.526965425445670099e-03
3.085529188724887503e-02 5.602649132905899304e-03
3.161579815356038714e-02 1.537822809526490433e-03
3.125189204923072006e-02 -2.519806876424095926e-03
2.980936905633273237e-02 -6.428538061407291712e-03
2.736982735169986303e-02 -1.005740183959006120e-02
2.404591566838376604e-02 -1.329021461698608880e-02
1.997578590142449345e-02 -1.602885690277805128e-02
1.531700861490328108e-02 -1.819571731230969214e-02
1.024020718735105771e-02 -1.973527598984954612e-02
4.922654673140198361e-03 -2.061483475026161180e-02
-4.579420366865351311e-04 -2.082443097994035597e-02
-5.729271949339004300e-03 -2.037599796018992743e-02
-1.072969524790342785e-02 -1.930185525999362356e-02
-1.531282927773384289e-02 -1.765262889682898267e-02
-1.935134545736841294e-02 -1.549471201441253443e-02
-2.273991249021525482e-02 -1.290738299313540227e-02
-2.539725526704278771e-02 -9.979699480466418249e-03
-2.726733063794144554e-02 -6.807284224471021016e-03
-2.831964992826832214e-02 -3.489112337841637421e-03
-2.854880301215554847e-02 -1.244003070032494163e-04
-2.797325948724697919e-02 3.190314675067485936e-03
-2.663353876224356862e-02 6.363829983662829676e-03
-2.458985260276111764e-02 9.312607025033239894e-03
-2.191933097493555666e-02 1.196272965381021611e-02
-1.871294511244400022e-02 1.425146148082991927e-02
-1.507224095857075119e-02 1.612838667201680481e-02
-1.110599193588143740e-02 1.755613258229223386e-02
-6.926872870500628762e-03 1.851068504969159007e-02
-2.648247381298732446e-03 1.898131813753790517e-02
1.618850312522268284e-03 1.897016937325292016e-02
5.768470861793366204e-03 1.849149898689533139e-02
9.702187653102867931e-03 1.757067726345321393e-02
1.333117588968313859e-02 1.624294791651690814e-02
1.657790525454603744e-02 1.455201744446298941e-02
1.937743152871252567e-02 1.254852086836057493e-02
2.167828468142205325e-02 1.028841323071306296e-02
2.344296197049262551e-02 7.831333939822729406e-03
2.464804429625113563e-02 5.238987676784478791e-03
2.528396230532210104e-02 2.573581350795337355e-03
2.535444546826608192e-02 -1.036482973732280599e-04
2.487569253280856943e-02 -2.733787177248998140e-03
2.387530540767473716e-02 -5.261452737536607971e-03
2.239103072637448760e-02 -7.635841246005424347e-03
2.046935417221485559e-02 -9.811601022058292348e-03
1.816399224352838529e-02 -1.174952453482694392e-02
1.553432464234310445e-02 -1.341705728944972247e-02
1.264380804091237709e-02 -1.478862599609126645e-02
9.558408781224162626e-03 -1.584579258061631288e-02
6.345088258880678643e-03 -1.657724410103621551e-02
3.070370497196807380e-03 -1.697863155271869123e-02
-2.009831157814730151e-04 -1.705227286593390471e-02
-3.407171630807603706e-03 -1.680673712937173422e-02
-6.490409273254342699e-03 -1.625632823235167307e-02
-9.397826088091160851e-03 -1.542048674151669241e-02
-1.208220785249514671e-02 -1.432312895561566567e-02
-1.450257271088079697e-02 -1.299194176552869590e-02
-1.662458573143507645e-02 -1.145765124275004848e-02
-1.842081592611834878e-02 -9.753281843563006703e-03
-1.987084318513694312e-02 -7.913421810628889011e-03
-2.096122503013789218e-02 -5.973508836086376117e-03
-2.168533508417333500e-02 -3.969148379361945971e-03
-2.204308669471596871e-02 -1.935475260798570976e-03
-2.204055624490844009e-02 9.343266796410683306e-05
-2.168952137107217973e-02 2.085081800798808255e-03
-2.100692960256980713e-02 4.009025813961457525e-03
-2.001431288862891983e-02 5.837260992411332297e-03
-1.873716311558940029e-02 7.544551993243184783e-03
-1.720428308826155162e-02 9.108687686491815511e-03
-1.544712659443834082e-02 1.051066806643619241e-02
-1.349914013361635211e-02 1.173482442377625327e-02
-1.139511771175086979e-02 1.276887600486606433e-02
-9.170578823155922307e-03 1.360392725430344812e-02
-6.861178395269854936e-03 1.423441044150395435e-02
-4.502156095567093515e-03 1.465797901583264402e-02
-2.127831025335777046e-03 1.487535742338705336e-02
2.288535249919555065e-04 1.489015336279402718e-02
2.536731880677884320e-03 1.470863856659084673e-02
4.766762198899572069e-03 1.433950418272054994e-02
6.892316088711841586e-03 1.379359671105597970e-02
8.889411672592838903e-03 1.308364023506968996e-02
1.073689106457250027e-02 1.222395039570819443e-02
1.241654406618895173e-02 1.123014519423369897e-02
1.391318059158398387e-02 1.011885730056752766e-02
1.521465492901707614e-02 8.907452092858276355e-03
1.631184542774864743e-02 7.613755178424666363e-03
1.719859357212076903e-02 6.255792655042329876e-03
1.787160667385875173e-02 4.851546875059109358e-03
1.833032858542395921e-02 3.418729984402904369e-03
1.857678291919940411e-02 1.974577029418229067e-03
1.861539326035076616e-02 5.356599645159627193e-04
1.845278478961086960e-02 -8.822765394183897103e-04
1.809757159997764375e-02 -2.264456992008908806e-03
1.756013380476698776e-02 -3.597194562430243610e-03
1.685238830299258181e-02 -4.867988353890416280e-03
1.598755680109244237e-02 -6.065598985154650735e-03
1.497993439570395428e-02 -7.180103251956769864e-03
1.384466170768579481e-02 -8.202928863594489278e-03
1.259750323045467219e-02 -9.126870435876413556e-03
1.125463422352035794e-02 -9.946088070445405216e-03
9.832438148589937865e-03 -1.065608996566210290e-02
8.347316317835232549e-03 -1.125370058635957737e-02
6.815511105481211231e-03 -1.173701597177794972e-02
5.252943769043176732e-03 -1.210534778567644992e-02
3.675067637768287144e-03 -1.235915771153655272e-02
2.096737155845315378e-03 -1.249998377369064551e-02
5.320930197651278781e-04 -1.253036012219109832e-02
-1.005536578136397713e-03 -1.245373176092733070e-02
-2.503718791041898914e-03 -1.227436562507694742e-02
-3.950983415984483764e-03 -1.199725932988085844e-02
-5.336875177126262047e-03 -1.162804881923212852e-02
-6.651991657137878294e-03 -1.117291604278032938e-02
-7.888007650245349583e-03 -1.063849768553542900e-02
-9.037686801294537303e-03 -1.003179586698758202e-02
-1.009488146546774073e-02 -9.360091618720575712e-03
-1.105452177300619322e-02 -8.630861842452699703e-03
-1.191259491820497417e-02 -7.851700345368549383e-03
-1.266611570801833529e-02 -7.030243447318073463e-03
-1.331308940891899606e-02 -6.174100557587749484e-03
-1.385246792069056918e-02 -5.290790025989308004e-03
-1.428410028371934239e-02 -4.387680486179196433e-03
-1.460867849555920125e-02 -3.471937828787638805e-03
-1.482767957232263012e-02 -2.550477867796720113e-03
-1.494330474422910816e-02 -1.629924696198067555e-03
-1.495841662187287653e-02 -7.165746667924426452e-04
-1.487647511388981263e-02 1.836341197264572747e-04
-1.470147281632957006e-02 1.065146984031705400e-03
-1.443787053290404056e-02 1.922812699287583006e-03
-1.409053352202834127e-02 2.751898622902784058e-03
-1.366466900386608535e-02 3.548101195238319121e-03
-1.316576539806651319e-02 4.307552093051389593e-03
-1.259953370145447740e-02 5.026820343415277538e-03
-1.197185135590310076e-02 5.702910713968062026e-03
-1.128870889932113292e-02 6.333258703731541386e-03
-1.055615963845176787e-02 6.915722460748365691e-03
-9.780272530881031420e-03 7.448571952961601308e-03
-8.967088415270742935e-03 7.930475713825850190e-03
-8.122579684980757442e-03 8.360485477605990312e-03
-7.252613458320047481e-03 8.738019010064844438e-03
-6.362918262331472910e-03 9.062841428090270129e-03
-5.459054212109775567e-03 9.335045289031127305e-03
-4.546386638601638067e-03 9.555029715202081192e-03
-3.630063090619381570e-03 9.723478803573586821e-03
-2.714993613766051618e-03 9.841339553471059945e-03
-1.805834189189207354e-03 9.909799528357266310e-03
-9.069731983676900498e-04 9.930264449618898814e-03
-2.252076605019880107e-05 9.904335902709806433e-03
8.436991768553474789e-04 9.833789319025133466e-03
1.688154277705769708e-03 9.720552378150452283e-03
2.507606766703767646e-03 9.566683959727317887e-03
3.299114258235182496e-03 9.374353756669451254e-03
4.060028527738195406e-03 9.145822645919579608e-03
4.787992442253035871e-03 8.883423898527764012e-03
5.480935222054507741e-03 8.589545295186851170e-03
6.137066206753001921e-03 8.266612201790061662e-03
6.754867296105945655e-03 7.917071645081994249e-03
7.333084229488938399e-03 7.543377418457643951e-03
7.870716862755392992e-03 7.147976236133345845e-03
8.367008593496675847e-03 6.733294944813943139e-03
8.821435078845306019e-03 6.301728792617034003e-03
9.233692381719013978e-03 5.855630747205490746e-03
9.603684673285251688e-03 5.397301848216814676e-03
9.931511610744719193e-03 4.928982572046077329e-03
1.021745550122224282e-02 4.452845182310030334e-03
1.046196835357283798e-02 3.970987034342893587e-03
1.066565891169076255e-02 3.485424797740902837e-03
1.082927975394011415e-02 2.998089558189581585e-03
1.095371453567091716e-02 2.510822756804574098e-03
1.103996544309473853e-02 2.025372923207633714e-03
1.108914091938941957e-02 1.543393157106370123e-03
1.110244371630748211e-02 1.066439311869536461e-03
1.108115931746365794e-02 5.959688333499841770e-04
1.102664477267107854e-02 1.333402069671404955e-04
1.094031797602826837e-02 -3.201870343166879351e-04
1.082364741556898595e-02 -7.634517867310900568e-04
1.067814241456101210e-02 -1.195390383463426978e-03
1.050534388198514149e-02 -1.615035177216988822e-03
1.030681558266617094e-02 -2.021512741209865668e-03
1.008413593442895710e-02 -2.414041730183344794e-03
9.838890335109406679e-03 -2.791930441274415638e-03
9.572664019030212995e-03 -3.154574113488367408e-03
9.287035438521242664e-03 -3.501452002008113244e-03
8.983570164144139003e-03 -3.832124261930121376e-03
8.663815293863917633e-03 -4.146228674138595707e-03
8.329294359631683048e-03 -4.443477243959502269e-03
7.981502717570528732e-03 -4.723652701154023789e-03
7.621903406640902559e-03 -4.986604927921240230e-03
7.251923458902324524e-03 -5.232247339593467696e-03
6.872950643525090920e-03 -5.460553240694777412e-03
6.486330625783636936e-03 -5.671552177147556884e-03
6.093364521436155958e-03 -5.865326303660340496e-03
5.695306826516170415e-03 -6.042006783455068121e-03
5.293363702185870795e-03 -6.201770235520301724e-03
4.888691593973990349e-03 -6.344835243554411072e-03
4.482396165015757605e-03 -6.471458938499869210e-03
4.075531522666723562e-03 -6.581933665445676741e-03
3.669099718393063238e-03 -6.676583744146005056e-03
3.264050500895860490e-03 -6.755762331107468058e-03
2.861281303033124442e-03 -6.819848389870190701e-03
2.461637443526789974e-03 -6.869243775004689467e-03
2.065912525013649352e-03 -6.904370434139718050e-03
1.674849010528139080e-03 -6.925667731520183772e-03
1.289138961351832995e-03 -6.933589895367591252e-03
9.094249197256318480e-04 -6.928603590801951824e-03
5.363009205430970157e-04 -6.911185618930895495e-03
1.703136172140737488e-04 -6.881820742344562855e-03
-1.880364926797862234e-04 -6.840999636342299552e-03
-5.382937553821461746e-04 -6.789216964723546535e-03
-8.800459753501147821e-04 -6.726969578581805907e-03
-1.212922967900288956e-03 -6.654754835891210987e-03
-1.536595061444526525e-03 -6.573069039299226160e-03
-1.850771559553479259e-03 -6.482405989385429598e-03
-2.155199172781390761e-03 -6.383255650064629735e-03
-2.449660429084257046e-03 -6.276102922764372274e-03
-2.733972071185042981e-03 -6.161426525729252895e-03
-3.007983448550125092e-03 -6.039697974543463410e-03
-3.271574910887939478e-03 -5.911380660016240379e-03
-3.524656209590701708e-03 -5.776929019292180792e-03
-3.767164912832627124e-03 -5.636787796071131632e-03
-3.999064839584972816e-03 -5.491391385804270456e-03
-4.220344517101054689e-03 -5.341163261501820532e-03
-4.431015666112139359e-03 -5.186515476243870777e-03
-4.631111717254257978e-03 -5.027848237946589208e-03
-4.820686362165454118e-03 -4.865549552430603261e-03
-4.999812141657046516e-03 -4.699994930665480318e-03
-5.168579073644531847e-03 -4.531547156214086290e-03
-5.327093322650188444e-03 -4.360556108998998870e-03
-5.475475912575505227e-03 -4.187358641559082301e-03
-5.613861484005873946e-03 -4.012278504112795109e-03
-5.742397097069111209e-03 -3.835626314877959176e-03
-5.861241080613893706e-03 -3.657699572102126456e-03
-5.970561928143954152e-03 -3.478782704597407037e-03
-6.070537240712050968e-03 -3.299147157480721276e-03
-6.161352716946627214e-03 -3.119051510074083520e-03
-6.243201189789967902e-03 -2.938741623032467987e-03
-6.316281709947668341e-03 -2.758450811902625824e-03
-6.380798675228831207e-03 -2.578400044444932766e-03
-6.436961005405190776e-03 -2.398798159183741438e-03
-6.484981361605794692e-03 -2.219842102771202655e-03
-6.525075409586882612e-03 -2.041717183927051291e-03
-6.557461125784956775e-03 -1.864597341798252851e-03
-6.582358145141744936e-03 -1.688645426730943453e-03
-6.599987149636219949e-03 -1.514013491579954511e-03
-6.610569296308019087e-03 -1.340843091736796961e-03
-6.614325683551524303e-03 -1.169265592363892808e-03
-6.611476854472989571e-03 -9.994024810748172814e-04
-6.602242335976036408e-03 -8.313656848754008913e-04
-6.586840212332356614e-03 -6.652578898332524825e-04
-6.565486731831235087e-03 -5.011728624368227275e-04
-6.538395945241438738e-03 -3.391957712849213817e-04
-6.505779374772585090e-03 -1.794035084417403871e-04
-6.467845712320002306e-03 -2.186500905365044295e-05
-6.424800545248978388e-03 1.333584312074201188e-04
-6.376846109024365307e-03 2.862128420035902135e-04
-6.324181064951930019e-03 4.366512679841384921e-04
-6.267000302032862263e-03 5.846334628913413441e-04
-6.205494761569179014e-03 7.301255887486673112e-04
-6.139851283252959271e-03 8.730999206625978185e-04
-6.070252471805393304e-03 1.013534557711314593e-03
-5.996876582843748901e-03 1.151413140048801985e-03
-5.919897426844906996e-03 1.286724572917494203e-03
-5.839484290307010023e-03 1.419462757653601991e-03
-5.755801872772785960e-03 1.549626330061852977e-03
-5.669010239064013745e-03 1.677218406139123052e-03
-5.579264785546627324e-03 1.802246335793067800e-03
-5.486716219571568381e-03 1.924721464008296310e-03
-5.391510551076526825e-03 2.044658900262358130e-03
-5.293789095841956900e-03 2.162077295842012442e-03
-5.193688489232514000e-03 2.276998629227057307e-03
-5.091340709805425996e-03 2.389447999569969602e-03
-4.986873112193909718e-03 2.499453428446796709e-03
-4.880408468301726532e-03 2.607045669670501886e-03
-4.772065016764164523e-03 2.712258027384797932e-03
-4.661956519376802069e-03 2.815126182395596716e-03
-4.550192324719296369e-03 2.915688026670976672e-03
-4.436877438044033867e-03 3.013983506308805238e-03
-4.322112598080296575e-03 3.110054473436720500e-03
-4.205994360567360049e-03 3.203944547612327248e-03
-4.088615189432247103e-03 3.295698987654132640e-03
-3.970063559424745481e-03 3.385364579218206032e-03
-3.850424078438008987e-03 3.472989549006631933e-03
-3.729777658707702625e-03 3.558623568477083457e-03
-3.608201677610440531e-03 3.642318389266825662e-03
-3.485767445606601823e-03 3.724125884842651845e-03
-3.362543698912813864e-03 3.804098312487389812e-03
-3.238595992792345224e-03 3.882288804495223709e-03
-3.113986648113467419e-03 3.958751307540466120e-03
-2.988774804151647646e-03 4.033540510482016422e-03
-2.863016500551184181e-03 4.106711777841940032e-03
-2.736764773211677014e-03 4.178321094238690234e-03
-2.610069755153462782e-03 4.248425014880658455e-03
-2.482978781937469036e-03 4.317080625541830190e-03
-2.355536499149799706e-03 4.384345509721176287e-03
-2.227784972235219429e-03 4.450277726101836522e-03
-2.099763797337575889e-03 4.514935793493449201e-03
-1.971510213534481866e-03 4.578378683653524552e-03
-1.843059216436050262e-03 4.640665825053959595e-03
-1.714443672828974783e-03 4.701857116146003664e-03
-1.585694436618224771e-03 4.762012949263602982e-03
-1.456840466068093885e-03 4.821194245131637211e-03
-1.327908942460192393e-03 4.879462501553223641e-03
-1.198925390508518091e-03 4.936879852653941296e-03
-1.069913800453289399e-03 4.993509145152283564e-03
-9.408967525035738695e-04 5.049414029985570783e-03
-8.118955435564856066e-04 5.104659071677368140e-03
-6.829303168206001320e-04 5.159309877792869585e-03
-5.540201947964156631e-04 5.213433251335040410e-03
-4.251834158369147999e-04 5.267097368619535168e-03
-2.964374748936533539e-04 5.320371986753672650e-03
-1.677992696127702035e-04 5.373328682836501016e-03
-3.928525149392552568e-05 5.426041132336746967e-03
8.908841625644139603e-05 5.478585431612924446e-03
2.173056937688623395e-04 5.531040469891122628e-03
3.453504918343943027e-04 5.583488362755628653e-03
4.732064900940086659e-04 5.636014953706415878e-03
6.008569446672110820e-04 5.688710396116414443e-03
7.282844846951638286e-04 5.741669831854946497e-03
8.554708984640398139e-04 5.794994185594894848e-03
9.823969042200690095e-04 5.848791091597194992e-03
1.109041907140581248e-03 5.903175981509160494e-03
1.235383744046800788e-03 5.958273370131364835e-03
1.361398411453525973e-03 6.014218372376221866e-03
1.487059784828027864e-03 6.071158509524525113e-03
1.612339317707858679e-03 6.129255853442172955e-03
1.737205743929575406e-03 6.188689606136071712e-03
1.861624774429685835e-03 6.249659198836359994e-03
1.985558812710494937e-03 6.312388045827378724e-03
2.108966693171566032e-03 6.377128105296340360e-03
2.231803499225175607e-03 6.444165475242310745e-03
2.354020484669987808e-03 6.513827276735091251e-03
2.475565173969491040e-03 6.586490185758891308e-03
2.596381775389054215e-03 6.662591098028860896e-03
2.716412054312845534e-03 6.742640538303259871e-03
2.835596937771404490e-03 6.827239662672632617e-03
2.953879276599346692e-03 6.917102008858061479e-03
3.071208407549155632e-03 7.013081557099053523e-03
3.187547457145153973e-03 7.116209249621142409e-03
3.302885185450109892e-03 7.227741063866172100e-03
3.417254661102507585e-03 7.349221817692635356e-03
3.530763401705786821e-03 7.482570889561580667e-03
3.643641701642507530e-03 7.630198490751590769e-03
3.756321657001809693e-03 7.795165119726964187e-03
3.869567071931542725e-03 7.981402198494769520e-03
3.984691361242289828e-03 8.194019747848847388e-03
4.103929206972051560e-03 8.439736739356818590e-03
4.231084033771453923e-03 8.727479802397504136e-03
4.372680040086380712e-03 9.069196841195531489e-03
4.540056582303039767e-03 9.480891465109223676e-03
4.753247115147010357e-03 9.983697838469807184e-03
5.048219358797564199e-03 1.060416879223866071e-02
5.490137918001512449e-03 1.137091496862619941e-02
6.195500200281101218e-03 1.229897408509900494e-02
7.357796989934623638e-03 1.334029880435947182e-02
9.229928994124475539e-03 1.427057763583703016e-02
1.195369115131608359e-02 1.457683083093404969e-02
1.548603303133594226e-02 1.344907584923022564e-02
1.686302614229549107e-02 9.715268250097757602e-03
1.606069155101885054e-02 6.672626417614736273e-03
1.459375605307342873e-02 4.874348630150446282e-03
1.319024011906480207e-02 3.919339141486526470e-03
1.202680743873093053e-02 3.417815115843153909e-03
1.109225747690667334e-02 3.143192518585757184e-03
1.033702136779216831e-02 2.979418038396066878e-03
9.715000868462927985e-03 2.868692305570838541e-03
9.191066994888722960e-03 2.782157454608353512e-03
8.739904642216873160e-03 2.705294287972094536e-03
8.343493235865039742e-03 2.630792503781145559e-03
7.988946231391605771e-03 2.555033521307877031e-03
7.666942533095686893e-03 2.476318284203310113e-03
7.370644603551673030e-03 2.393952960054901869e-03
7.094962071928669414e-03 2.307767828437662285e-03
6.836049644136356525e-03 2.217860340273036628e-03
6.590961595598326950e-03 2.124455927755594924e-03
6.357411230197446486e-03 2.027832950181320589e-03
6.133601168854560352e-03 1.928282465964328233e-03
5.918101925200114702e-03 1.826087229751935468e-03
5.709763961802435082e-03 1.721511586587463286e-03
5.507653081723146854e-03 1.614797191641544928e-03
5.311002478626090581e-03 1.506162099955217406e-03
5.119176683006184184e-03 1.395801542925341737e-03
4.931644169924631442e-03 1.283889543878403115e-03
4.747956364689522729e-03 1.170580938451598824e-03
4.567731384072868349e-03 1.056013483193907806e-03
4.390641335942209629e-03 9.403099062284658166e-04
4.216402324908357334e-03 8.235798440024868876e-04
4.044766542813956096e-03 7.059216392619289612e-04
3.875515944005136163e-03 5.874239691175168164e-04
3.708457183166262612e-03 4.681673355244476541e-04
3.543417536057046503e-03 3.482254201917505017e-04
3.380241594249311192e-03 2.276663143059825655e-04
3.218788590375877296e-03 1.065536521603859237e-04
3.058930223832181591e-03 -1.505234517469112090e-05
2.900548902384629448e-03 -1.370938934710181148e-04
2.743536312203771494e-03 -2.595147308683261149e-04
2.587792275669157857e-03 -3.822592434499650759e-04
2.433223841454901400e-03 -5.052716242028380258e-04
2.279744571088858709e-03 -6.284950556622604647e-04
2.127274000955503216e-03 -7.518709026291344908e-04
1.975737249223387566e-03 -8.753379104029317646e-04
1.825064756744335537e-03 -9.988313978491559011e-04
1.675192144212410503e-03 -1.122282439305768900e-03
1.526060178045070747e-03 -1.245617027252337184e-03
1.377614837362100110e-03 -1.368755211238387821e-03
1.229807473629943720e-03 -1.491610204737298714e-03
1.082595061543491872e-03 -1.614087456643845076e-03
9.359405374968426212e-04 -1.736083680004414133e-03
7.898132272979363272e-04 -1.857485834884287437e-03
6.441893593311176849e-04 -1.978170059654495334e-03
4.990526663752219757e-04 -2.098000546285624414e-03
3.543950782543861229e-04 -2.216828356944740806e-03
2.102175060591126481e-04 -2.334490175934729288e-03
6.653072305475515001e-05 -2.450806997532644846e-03
-7.664365561535100776e-05 -2.565582745562145720e-03
-2.192720895573538938e-04 -2.678602822946237177e-03
-3.613079223470489452e-04 -2.789632593870825135e-03
-5.026900794334514342e-04 -2.898415795173639280e-03
-6.433416489613841618e-04 -3.004672886461143104e-03
-7.831683426709860896e-04 -3.108099341039954541e-03
-9.220568330808691371e-04 -3.208363893194528423e-03
-1.059872965379064997e-03 -3.305106767115561540e-03
-1.196459852378038355e-03 -3.397937941125268174e-03
-1.331635918615026995e-03 -3.486435637753901740e-03
-1.465193743681536542e-03 -3.570145848791158281e-03
-1.596903868673362837e-03 -3.648572396982858144e-03
-1.726499290149526630e-03 -3.721179496278593547e-03
-1.853677743373149034e-03 -3.787391911881071282e-03
-1.978099716249194593e-03 -3.846592826335490725e-03
-2.099385873526726266e-03 -3.898122106849736049e-03
-2.217114308464891281e-03 -3.941274870766351204e-03
-2.330817722380366247e-03 -3.975300373160563401e-03
-2.439980587871677566e-03 -3.999401275070744478e-03
-2.544036350002479643e-03 -4.012733382545255988e-03
-2.642364726043201599e-03 -4.014405964700400696e-03
-2.734289176102128963e-03 -4.003482778806763051e-03
-2.819074631987013042e-03 -3.978983951945598042e-03
-2.895925588857715775e-03 -3.939888892486174271e-03
-2.963984685019270711e-03 -3.885140428789944991e-03
-3.022331917649950014e-03 -3.813650399693501846e-03
-3.069984670080516675e-03 -3.724306951628974550e-03
-3.105898755122464723e-03 -3.615983826621276334e-03
-3.128970712588676883e-03 -3.487551959502390060e-03
-3.138041635793414712e-03 -3.337893733791498681e-03
-3.131902842693086095e-03 -3.165920279480996091e-03
-3.109303748980599223e-03 -2.970592226285072475e-03
-3.068962346026410815e-03 -2.750944352471172867e-03
-3.009578735024465504e-03 -2.506114590324151365e-03
-2.929852211175947973e-03 -2.235377860755833127e-03
-2.828502440113016877e-03 -1.938185205976410228e-03
-2.704295303700590073e-03 -1.614208667631691907e-03
-2.556074023309545893e-03 -1.263392311047322998e-03
-2.382796184771319298e-03 -8.860097120855280148e-04
-2.183577279851850374e-03 -4.827280989916656441e-04
-1.957741346585952901e-03 -5.467915992989178138e-05
-1.704879213440231925e-03 3.964637267145848867e-04
-1.424914722928965604e-03 8.684024167335130384e-04
-1.118179113469313984e-03 1.358126103616598889e-03
-7.854934542572898333e-04 1.861820190042311890e-03
-4.282586312467427485e-04 2.374774230717427003e-03
-4.855185776161995495e-05 2.891292132344343985e-03
3.507720035737767542e-04 3.404608867701639646e-03
7.659768993772614939e-04 3.906819237137012027e-03
1.192343501860333894e-03 4.388825697068731574e-03
1.624073596562162700e-03 4.840313982212992965e-03
2.054207539185698428e-03 5.249767128063036539e-03
2.474563229011524090e-03 5.604530523480353611e-03
2.875707138152877942e-03 5.890942686838331575e-03
3.246970216678046230e-03 6.094548408951068301e-03
3.576523867137877417e-03 6.200412536210370140e-03
3.851533489058447685e-03 6.193553639296790932e-03
4.058409071548634006e-03 6.059516736988924783e-03
4.183173609860097418e-03 5.785102490961055097e-03
4.211970236277484333e-03 5.359266222903733348e-03
4.131727212795947499e-03 4.774192763720404645e-03
3.930995513556378475e-03 4.026541570972966624e-03
3.600965578112143902e-03 3.118839578737936033e-03
3.136656786343058195e-03 2.060975760285937985e-03
2.538254019110697604e-03 8.717204163584994173e-04
1.812539164536251107e-03 -4.198467851384218115e-04
9.743306883053983857e-04 -1.773162672037283246e-03
4.780128408568974467e-05 -3.135475674246403915e-03
-9.325067872993381829e-04 -4.441880309232103946e-03
-1.921203674936306513e-03 -5.616411193696884026e-03
-2.862399031288844192e-03 -6.574550937868187811e-03
-3.691202942986804292e-03 -7.227508694039083692e-03
-4.336723460922441500e-03 -7.488575150132671839e-03
-4.726869892427851966e-03 -7.281728480651002838e-03
-4.795163656036459388e-03 -6.552423941574931666e-03
-4.489547731441929576e-03 -5.280118427969885536e-03
-3.782843297985733454e-03 -3.491541281658011933e-03
-2.684009933868230363e-03 -1.273028501723616479e-03
-1.248730327529264973e-03 1.220562649860907614e-03
4.128868682222043129e-04 3.763631136022006513e-03
2.134390371254124997e-03 6.068140834833091191e-03
3.700212970405687696e-03 7.806316253114732942e-03
4.865281671585520648e-03 8.650609292428976943e-03
5.389145856220921987e-03 8.331363349553547182e-03
5.084223114678690716e-03 6.708234739900731380e-03
3.873495545634376459e-03 3.845057966559336290e-03
1.847101638534129949e-03 7.006407012063477473e-05
-6.993314938165005792e-04 -4.004050559295944944e-03
-3.266971853661791020e-03 -7.529420830899316575e-03
-5.219311095250917312e-03 -9.566004428737812093e-03
-5.924338737574000487e-03 -9.323553584158979918e-03
-4.963921161731907859e-03 -6.470898412421863255e-03
-2.363934415318071428e-03 -1.428458523932956553e-03
1.244906246951577294e-03 4.493568859415543806e-03
4.655655823007769437e-03 9.272611857684362816e-03
6.406979339697596587e-03 1.077733572982692012e-02
5.404089802528645042e-03 7.742541793179326393e-03
1.655124358156643887e-03 7.830319070744422554e-04
-3.284737911678262644e-03 -7.174285823767768272e-03
-6.670576970074049844e-03 -1.172839978339245554e-02
-5.988174052903137354e-03 -9.346776359421309771e-03
-9.689998374061196094e-04 -3.408658408234786969e-04
5.229411378472053826e-03 9.718714952944764590e-03
7.434184525804513576e-03 1.261457723238357774e-02
2.763486307847192944e-03 4.260112222701783156e-03
-5.202552897972320678e-03 -9.129794229888360188e-03
-7.899784991901344020e-03 -1.368025674712119305e-02
