4.974718911063237374e-03 1.316699927795647769e-03
4.468418584005631224e-03 1.175506224344371195e-03
3.128455067263844272e-03 7.957016043579442270e-04
1.282420496068994520e-03 2.755373732068053727e-04
-6.929312245888232706e-04 -2.718458285618355124e-04
-2.448289595579460510e-03 -7.429053777194273263e-04
-3.720232044517148180e-03 -1.062001177196946920e-03
-4.358778785926327275e-03 -1.189720823931309478e-03
-4.330714367711039833e-03 -1.123192243098748884e-03
-3.703925974632245408e-03 -8.902336749230664766e-04
-2.619880114481868642e-03 -5.398114353020818821e-04
-1.261309944006844654e-03 -1.312288787931001636e-04
1.790187898645624002e-04 2.759824133700287192e-04
1.524358373601950121e-03 6.301402323895851764e-04
2.632594594720564282e-03 8.927905213898458710e-04
3.406801881041448231e-03 1.041287095766772449e-03
3.798343650877630904e-03 1.068887193868837569e-03
3.803908663517125734e-03 9.829268798386267200e-04
3.458247466336012571e-03 8.017400252194391719e-04
2.824415384968529535e-03 5.509680547457864504e-04
1.983139073486407580e-03 2.598135352567514794e-04
1.022599036253456521e-03 -4.234452114720838853e-05
2.954234224311847118e-05 -3.287022685704396488e-04
-9.177310139270383142e-04 -5.770145949888296237e-04
-1.754288173892348552e-03 -7.707889627789685357e-04
-2.431425156336291648e-03 -8.997520336787472647e-04
-2.917686016006347787e-03 -9.597061424888064015e-04
-3.198364922943922224e-03 -9.519206173855482636e-04
-3.273865991307123129e-03 -8.822092730442753503e-04
-3.157297848027857453e-03 -7.598358704150086698e-04
-2.871648716794250340e-03 -5.963695264938255556e-04
-2.446835883727801076e-03 -4.045868358834935714e-04
-1.916861454455976279e-03 -1.974907100070766048e-04
-1.317242542610136662e-03 1.250953282986928177e-05
-6.828242763924400292e-04 2.142346549595163592e-04
-4.603194452942149350e-05 3.981846576258837021e-04
5.644238859715788566e-04 5.568105450253019390e-04
1.124407840534642333e-03 6.846281977204120425e-04
1.614827101758106601e-03 7.781996128325122022e-04
2.021761138458354548e-03 8.360093358997821352e-04
2.336316252003637749e-03 8.582639816234881747e-04
2.554268706302305434e-03 8.466409950059220141e-04
2.675557324225118390e-03 8.040098537294266233e-04
2.703680685633839606e-03 7.341452782793284667e-04
2.645046588812843824e-03 6.414481164437682310e-04
2.508313159903471836e-03 5.306857193455460529e-04
2.303752621368814965e-03 4.067600491895444616e-04
2.042660770874461015e-03 2.745085957067157486e-04
1.736828015297674959e-03 1.385405039927737150e-04
1.398081548477224162e-03 3.108154960388038752e-06
1.037903041955413712e-03 -1.279872226368132342e-04
6.671220380896877898e-04 -2.514585318140672614e-04
2.956820385183205513e-04 -3.645677984819084626e-04
-6.752602597307125871e-05 -4.651370474426711724e-04
-4.147697910548308513e-04 -5.515391108844355100e-04
-7.395286497157476041e-04 -6.226723735788914586e-04
-1.036502224329762575e-03 -6.779232541334594825e-04
-1.301582151305417327e-03 -7.171199047504609684e-04
-1.531794849123116172e-03 -7.404802248152962197e-04
-1.725222365227820857e-03 -7.485568604255191843e-04
-1.880907684099766440e-03 -7.421814295950708486e-04
-1.998750090760970013e-03 -7.224097916091851319e-04
-2.079395370697301789e-03 -6.904697834191166669e-04
-2.124124826554455326e-03 -6.477124857060030270e-04
-2.134746331503210599e-03 -5.955677619743527263e-04
-2.113489937662513685e-03 -5.355045382647090780e-04
-2.062909927018513091e-03 -4.689960588642154839e-04
-1.985794637720800140e-03 -3.974901630613163119e-04
-1.885084921941075978e-03 -3.223844765922628829e-04
-1.763801690719393744e-03 -2.450062952958073702e-04
-1.624982672233516541e-03 -1.665968534718990045e-04
-1.471628246861799230e-03 -8.829961133125511152e-05
-1.306656018643388055e-03 -1.115216048277388418e-05
-1.132863631104822928e-03 6.391867029058716124e-05
-9.528992287941905146e-04 1.360989283650558882e-04
-7.692388973074376591e-04 2.046872789967778565e-04
-5.841703775894672469e-04 2.690927657216790072e-04
-3.997823389370651023e-04 3.288309543885719233e-04
-2.179585040055522210e-04 3.835187961871322384e-04
-4.037594360677520790e-05 4.328685129456559381e-04
1.314931049525979595e-04 4.766807748254162807e-04
2.963764982148918642e-04 5.148374074262287992e-04
4.531950786302082882e-04 5.472938331269306365e-04
6.010536993726439377e-04 5.740714208536490219e-04
7.392308300509106093e-04 5.952498898168953568e-04
8.671671391502408770e-04 6.109598864391826934e-04
9.844533984362008501e-04 6.213758297910889966e-04
1.090818006521917464e-03 6.267090995128877639e-04
1.186114383883857693e-03 6.272016213188665555e-04
1.270308450196663743e-03 6.231198887567416991e-04
1.343466357173123951e-03 6.147494457558706294e-04
1.405742616124254669e-03 6.023898424951504077e-04
1.457368729260609700e-03 5.863500671251099632e-04
1.498642407151153403e-03 5.669444476326740900e-04
1.529917431572672126e-03 5.444890115277087978e-04
1.551594202993063438e-03 5.192982858588498975e-04
1.564110995009443611e-03 4.916825160845715754e-04
1.567935923698312401e-03 4.619452794932716894e-04
1.563559628061464554e-03 4.303814669258778161e-04
1.551488648109940454e-03 3.972756054094782937e-04
1.532239479416820606e-03 3.629004937754153970e-04
1.506333277058120260e-03 3.275161234387654208e-04
1.474291177263381460e-03 2.913688569896017528e-04
1.436630202027419905e-03 2.546908379634048986e-04
1.393859709663424493e-03 2.176996063924791891e-04
1.346478353246181566e-03 1.805978959632403456e-04
1.294971508291298604e-03 1.435735899510235552e-04
1.239809131347448246e-03 1.067998147420124545e-04
1.181444011813084826e-03 7.043515121716266490e-05
1.120310380480061532e-03 3.462394588766658351e-05
1.056822839593731791e-03 -5.032948024790101591e-07
9.913755809648665610e-04 -3.482944199708033555e-05
9.243418606471376147e-04 -6.825022741420772357e-05
8.560737001263984264e-04 -1.006736838943688328e-04
7.869017866096994756e-04 -1.320195543977396141e-04
7.171355465129933184e-04 -1.622186789210266003e-04
6.470633683865522961e-04 -1.912123679144992253e-04
5.769529536535874560e-04 -2.189517693742504235e-04
5.070517751134698357e-04 -2.453972359260343057e-04
4.375876252508143632e-04 -2.705176974956331488e-04
3.687692381182271955e-04 -2.942900438988227852e-04
3.007869699252320797e-04 -3.166985213934404896e-04
2.338135254857765075e-04 -3.377341461337424926e-04
1.680047186220010166e-04 -3.573941373302470283e-04
1.035002564824802958e-04 -3.756813718682720663e-04
4.042453849070153755e-05 -3.926038620103468324e-04
-2.111253786378167812e-05 -4.081742573261360656e-04
-8.101477128521740933e-05 -4.224093715237345749e-04
-1.391988567993837113e-04 -4.353297346337546862e-04
-1.955935969107961369e-04 -4.469591706461195505e-04
-2.501391278973371692e-04 -4.573244005132882256e-04
-3.027861647904761164e-04 -4.664546703090808005e-04
-3.534952680499144073e-04 -4.743814039367972159e-04
-4.022361339061533529e-04 -4.811378798689135931e-04
-4.489869108472747884e-04 -4.867589312693224035e-04
-4.937335426307737536e-04 -4.912806685931559629e-04
-5.364691398652179618e-04 -4.947402238101009011e-04
-5.771933799286157367e-04 -4.971755153888297949e-04
-6.159119361475084899e-04 -4.986250331270778401e-04
-6.526359358737434530e-04 -4.991276416650653001e-04
-6.873814476356596972e-04 -4.987224018964094355e-04
-7.201689968189668679e-04 -4.974484092662912653e-04
-7.510231094941488507e-04 -4.953446477731277735e-04
-7.799718838249348595e-04 -4.924498590997857233e-04
-8.070465880601259421e-04 -4.888024254511830593e-04
-8.322812845208318443e-04 -4.844402656247824134e-04
-8.557124787122666679e-04 -4.794007431004865239e-04
-8.773787925769496558e-04 -4.737205855513560576e-04
-8.973206606238770620e-04 -4.674358146751701922e-04
-9.155800485229926297e-04 -4.605816858559063027e-04
-9.322001926915534677e-04 -4.531926365486331877e-04
-9.472253598375161192e-04 -4.453022432442052818e-04
-9.607006258196245166e-04 -4.369431855837380141e-04
-9.726716724195904251e-04 -4.281472174638448159e-04
-9.831846014113517201e-04 -4.189451446801033957e-04
-9.922857645331074807e-04 -4.093668080852158045e-04
-1.000021608755551853e-03 -3.994410719076031354e-04
-1.006438535779826228e-03 -3.891958169213357568e-04
-1.011582774991268228e-03 -3.786579377010124495e-04
-1.015500268921735918e-03 -3.678533438021777701e-04
-1.018236570265117517e-03 -3.568069642154748640e-04
-1.019836750077832404e-03 -3.455427549921438963e-04
-1.020345315934582508e-03 -3.340837093017405991e-04
-1.019806139685719643e-03 -3.224518701545908174e-04
-1.018262393905114502e-03 -3.106683447794492407e-04
-1.015756496391585426e-03 -2.987533213539455331e-04
-1.012330062456935978e-03 -2.867260864627830651e-04
-1.008023863759640888e-03 -2.746050448139867543e-04
-1.002877794010820960e-03 -2.624077390488943314e-04
-9.969308400008352038e-04 -2.501508714099695552e-04
-9.902210584467928747e-04 -2.378503253366499078e-04
-9.827855575933084568e-04 -2.255211881023723398e-04
-9.746604832589523008e-04 -2.131777737079722517e-04
-9.658810091849002674e-04 -2.008336461065038901e-04
-9.564813308380040388e-04 -1.885016425509910285e-04
-9.464946629401681287e-04 -1.761938970705536082e-04
-9.359532396103951123e-04 -1.639218638882831524e-04
-9.248883177454535502e-04 -1.516963407555908371e-04
-9.133301824110503066e-04 -1.395274920803955495e-04
-9.013081547752036914e-04 -1.274248717586925551e-04
-8.888506018076915193e-04 -1.153974459441337995e-04
-8.759849478364956045e-04 -1.034536149301402828e-04
-8.627376875020154176e-04 -9.160123535451959785e-05
-8.491344001330388769e-04 -7.984764129013965353e-05
-8.351997652749134369e-04 -6.819966527735084316e-05
-8.209575792140384742e-04 -5.666365866987293945e-05
-8.064307722895919933e-04 -4.524551152429326459e-05
-7.916414268464395335e-04 -3.395067191077170293e-05
-7.766107960439849137e-04 -2.278416474495772439e-05
-7.613593226643177629e-04 -1.175060991546803934e-05
-7.459066588035209158e-04 -8.542398151433454193e-07
-7.302716851983827350e-04 9.901083528459416611e-06
-7.144725312295823090e-04 2.051185202854588236e-05
-6.985265946932138221e-04 3.097489591901144915e-05
-6.824505616600136642e-04 4.128736837336359142e-05
-6.662604261470576449e-04 5.144673101415677476e-05
-6.499715098070650001e-04 6.145073993156591825e-05
-6.335984811629547225e-04 7.129743230114608484e-05
-6.171553746786727270e-04 8.098511363139319257e-05
-6.006556094428297131e-04 9.051234568310939231e-05
-5.841120073657491991e-04 9.987793487078772299e-05
-5.675368110538925532e-04 1.090809215131466255e-04
-5.509417007475214201e-04 1.181205692239032837e-04
-5.343378110576805064e-04 1.269963556236054488e-04
-5.177357466377819446e-04 1.357079630661610467e-04
-5.011455970095153242e-04 1.442552702965877722e-04
-4.845769505484703562e-04 1.526383445206970437e-04
-4.680389073101877493e-04 1.608574344260267630e-04
-4.515400903505591775e-04 1.689129634206744672e-04
-4.350886557132165587e-04 1.768055239628069108e-04
-4.186923000101627854e-04 1.845358714889279461e-04
-4.023582658442457724e-04 1.921049200212097854e-04
-3.860933444180834136e-04 1.995137369313522977e-04
-3.699038741129864055e-04 2.067635382962323758e-04
-3.537957341042727690e-04 2.138556831895584110e-04
-3.377743318989958579e-04 2.207916662813949322e-04
-3.218445820434602533e-04 2.275731070580943888e-04
-3.060108747273732771e-04 2.342017315395998817e-04
-2.902770305626291140e-04 2.406793408771457825e-04
-2.746462412551263087e-04 2.470077559126970627e-04
-2.591209993091141356e-04 2.531887190673485274e-04
-2.437030357584701401e-04 2.592237280055432135e-04
-2.283933198894347316e-04 2.651137767499228259e-04
-2.131922168722559811e-04 2.708590287900632999e-04
-1.980998872919911846e-04 2.764585657069642253e-04
-1.831168283106488978e-04 2.819104311232981021e-04
-1.682442629407583700e-04 2.872119975335897459e-04
-1.534842164034677463e-04 2.923604135921498669e-04
-1.388393831495970141e-04 2.973529198685743460e-04
-1.243129411302407812e-04 3.021870046253241973e-04
-1.099083930992908085e-04 3.068604550557373404e-04
-9.562945133982040519e-05 3.113713569274882817e-04
-8.147996067935327138e-05 3.157180728263005338e-04
-6.746384771869370466e-05 3.198992143703346968e-04
-5.358509023508658360e-05 3.239136144084686013e-04
-3.984769812251351314e-05 3.277603016626368386e-04
-2.625570362645886089e-05 3.314384790936655985e-04
-1.281315736268921177e-05 3.349475047105422839e-04
4.758720026742422975e-07 3.382868757982664077e-04
1.360729405513030275e-05 3.414562152188386460e-04
2.657699180483787753e-05 3.444552599585201723e-04
3.938081481078505903e-05 3.472838521239457205e-04
5.201457066086072258e-05 3.499419302300104686e-04
6.447401598846170037e-05 3.524295232474677843e-04
7.675484631666052793e-05 3.547467448990381986e-04
8.885268500504569687e-05 3.568937895859427981e-04
1.007630722658143965e-04 3.588709292427050388e-04
1.124814523397296066e-04 3.606785106581553201e-04
1.240031609609931491e-04 3.623169541780637149e-04
1.353234121025613231e-04 3.637867533813237460e-04
1.464372838294578690e-04 3.650884745616568019e-04
1.573397040410954347e-04 3.662227580143207232e-04
1.680254346470881827e-04 3.671903196910375174e-04
1.784890560800614845e-04 3.679919536798000827e-04
1.887249506756594826e-04 3.686285350725683604e-04
1.987272848556846097e-04 3.691010243678662203e-04
2.084899917049677274e-04 3.694104720794002313e-04
2.180067514317538696e-04 3.695580244245992530e-04
2.272709716532633393e-04 3.695449298876479728e-04
2.362757669850720625e-04 3.693725468480658263e-04
2.450139366351398703e-04 3.690423518985860439e-04
2.534779420594214104e-04 3.685559496221563658e-04
2.616598827230155831e-04 3.679150829799029141e-04
2.695514710892105907e-04 3.671216456206726300e-04
2.771440062379789933e-04 3.661776943188619813e-04
2.844283462165064541e-04 3.650854639001629856e-04
2.913948787681923782e-04 3.638473828429331786e-04
2.980334909473936981e-04 3.624660907561536049e-04
3.043335368620396887e-04 3.609444570350928009e-04
3.102838039334751942e-04 3.592856016816308286e-04
3.158724773944994479e-04 3.574929175164521362e-04
3.210871028992237663e-04 3.555700945532333382e-04
3.259145474523977154e-04 3.535211461076133996e-04
3.303409583215326283e-04 3.513504366136513770e-04
3.343517196779726905e-04 3.490627122016162309e-04
3.379314070985149198e-04 3.466631326504343493e-04
3.410637400437248790e-04 3.441573060634222649e-04
3.437315314555988818e-04 3.415513251670889978e-04
3.459166356234716485e-04 3.388518062494528735e-04
3.475998926569235075e-04 3.360659290382812304e-04
3.487610705824862028e-04 3.332014789782851861e-04
3.493788043296054300e-04 3.302668908583821384e-04
3.494305318625049589e-04 3.272712933230044669e-04
3.488924272790157777e-04 3.242245534071062918e-04
3.477393292675988760e-04 3.211373212673820400e-04
3.459446666008600076e-04 3.180210731911977686e-04
3.434803786061209124e-04 3.148881518370617340e-04
3.403168309918124293e-04 3.117518019330099374e-04
3.364227265967246398e-04 3.086261999283538161e-04
3.317650078893436168e-04 3.055264734472552248e-04
3.263087523629363629e-04 3.024687092357949492e-04
3.200170582505952339e-04 2.994699426426286832e-04
3.128509190506105053e-04 2.965481262008617665e-04
3.047690814228643636e-04 2.937220680458310727e-04
2.957278864011886918e-04 2.910113337101735177e-04
2.856810850591213449e-04 2.884361015640082219e-04
2.745796247326903858e-04 2.860169575600768517e-04
2.623713979207255168e-04 2.837746135692150048e-04
2.490009386958532333e-04 2.817295370992797506e-04
2.344090556388451867e-04 2.799014553482191887e-04
2.185323819575752562e-04 2.783087208479589122e-04
2.013028160128946980e-04 2.769674937653970382e-04
1.826468255394051322e-04 2.758906988566288605e-04
1.624845693214635196e-04 2.750867088939151555e-04
1.407287906194328356e-04 2.745576815053663890e-04
1.172834057388453892e-04 2.742974720210861780e-04
9.204171154129546994e-05 2.742890271036819722e-04
6.488409110049586463e-05 2.745011145145599641e-04
3.567508112210255190e-05 2.748842514581518060e-04
4.259610645811132536e-06 2.753656103766832417e-04
-2.954182826580184135e-05 2.758426494828057456e-04
-6.593938893152802240e-05 2.761751263659510463e-04
-1.051818631067558336e-04 2.761750479828941653e-04
-1.475670058716355398e-04 2.755939589642916851e-04
-1.934548956064451747e-04 2.741067558719219462e-04
-2.432853154405906259e-04 2.712909202358579873e-04
-2.976004695185882035e-04 2.665996193600304529e-04
-3.570749238885484326e-04 2.593264581543829658e-04
-4.225554148997581814e-04 2.485587251998087476e-04
-4.951144682122710951e-04 2.331145664737923847e-04
-5.761237112995674231e-04 2.114573392898350969e-04
-6.673559773773648151e-04 1.815771345737473956e-04
-7.711306041558941204e-04 1.408246497827229677e-04
-8.905252939971730446e-04 8.567489357756374294e-05
-1.029693344742074659e-03 1.138716224404054053e-05
-1.194352370890309220e-03 -8.848968117836214227e-05
-1.392559644029299970e-03 -2.228425043308564875e-04
-1.635978765254408624e-03 -4.040609671942877986e-04
-1.942010047789263305e-03 -6.496023203141056352e-04
-2.337473668832561018e-03 -9.842497373383908392e-04
-2.865139800264917755e-03 -1.443241658488925985e-03
-3.595556217421532787e-03 -2.076200159881397452e-03
-4.648791869198794745e-03 -2.950805351771992532e-03
-6.234585137500319243e-03 -4.152081589696383045e-03
-8.725461194546733218e-03 -5.764460678339682065e-03
-1.278372750252327120e-02 -7.801141224358741806e-03
-1.955689432651273874e-02 -9.991871068536767667e-03
-3.088725450818437593e-02 -1.123395751131749110e-02
-4.920794973257674315e-02 -8.373496348285576832e-03
-7.605024155806132391e-02 5.905652529888218323e-03
-1.068481842628982575e-01 4.488079647561450669e-02
-1.202039539116467881e-01 1.233667708914586991e-01
-6.981667590038852234e-02 2.351886156997036736e-01
8.855156939855823861e-02 3.145942818629146598e-01
3.115787505945968316e-01 2.459082161153721136e-01
4.302370323361102145e-01 0.000000000000000000e+00
3.222240289119588930e-01 -2.570074451936353865e-01
8.852099539214415558e-02 -3.398324386293377075e-01
-8.778122184868444866e-02 -2.566396223776183927e-01
-1.448805970314875347e-01 -1.300042094261796566e-01
-1.269794748168768528e-01 -3.955426301215900220e-02
-8.824236723130229887e-02 4.225947732751962269e-03
-5.500717988133485559e-02 1.843711165743138966e-02
-3.287072599763045389e-02 1.935445092431296865e-02
-1.966842130412692347e-02 1.598301946018104366e-02
-1.214224226966990200e-02 1.207201166070003343e-02
-7.879676078425547694e-03 8.797643775509872421e-03
-5.418713061840307529e-03 6.336041566424864199e-03
-3.944653782940446204e-03 4.559823553721794286e-03
-3.018393203567506459e-03 3.293725546588197831e-03
-2.404588067797210592e-03 2.389664691722107222e-03
-1.975642612918266164e-03 1.738569623601613195e-03
-1.660778100539354960e-03 1.264212369929967536e-03
-1.419511134218199959e-03 9.142954263434996485e-04
-1.227842059510232068e-03 6.530103472458260441e-04
-1.070981218232167943e-03 4.556723312877015465e-04
-9.394475110421383413e-04 3.050677544174203648e-04
-8.269267387274055990e-04 1.890243030426645688e-04
-7.290642079539546997e-04 9.880444580030996811e-05
-6.427637284586735621e-04 2.804070002237154694e-05
-5.657675330049552823e-04 -2.797512352235877989e-05
-4.963957821606644226e-04 -7.277142711054370827e-05
-4.333793673859121778e-04 -1.090241650765521778e-04
-3.757485614341309239e-04 -1.387834520717970866e-04
-3.227563839747813303e-04 -1.636325663803673918e-04
-2.738240457653335659e-04 -1.848013836421923226e-04
-2.285010759306966123e-04 -2.032485210954723307e-04
-1.864354423934029299e-04 -2.197218398638220492e-04
-1.473507864811536441e-04 -2.348036817833759930e-04
-1.110288573048785038e-04 -2.489453002216749223e-04
-7.729580847525588340e-05 -2.624934164366754356e-04
-4.601151800729108419e-05 -2.757110028565015920e-04
-1.706120928311272581e-05 -2.887937413644990582e-04
9.651090874589614922e-06 -3.018832091345729639e-04
3.420761930749516522e-05 -3.150775066219317221e-04
5.668080053407310566e-05 -3.284399065612037959e-04
7.713623467882163803e-05 -3.420059193649329136e-04
9.563496257903889648e-05 -3.557890774645380578e-04
1.122351347033367675e-04 -3.697856935929507848e-04
1.269932281403863791e-04 -3.839787576302461261e-04
1.399648985525541844e-04 -3.983411469639784488e-04
1.512055608412656677e-04 -4.128382515762473630e-04
1.607707546410667521e-04 -4.274301184163645153e-04
1.687163510174000851e-04 -4.420731980687158552e-04
1.750986346358336004e-04 -4.567217524673057973e-04
1.799743082343809259e-04 -4.713289890103747066e-04
1.834004321274463061e-04 -4.858479641538189292e-04
1.854343254741446791e-04 -5.002322893217164097e-04
1.861334424076334241e-04 -5.144366827089263440e-04
1.855552353289610787e-04 -5.284173856138936736e-04
1.837570153262127340e-04 -5.421324738436117743e-04
1.807958128089171565e-04 -5.555420775015194315e-04
1.767282460855780144e-04 -5.686085313037352344e-04
1.716103988655950582e-04 -5.812964638079645002e-04
1.654977111622285709e-04 -5.935728409276648521e-04
1.584448810038664203e-04 -6.054069722768221605e-04
1.505057798378165248e-04 -6.167704895828606806e-04
1.417333799025786132e-04 -6.276373001642039390e-04
1.321796956505309501e-04 -6.379835244411900808e-04
1.218957364474404357e-04 -6.477874238005283452e-04
1.109314705280599681e-04 -6.570293165788530310e-04
9.933579938301523662e-05 -6.656914901774973808e-04
8.715654074662772255e-05 -6.737581109807561563e-04
7.444042015480847234e-05 -6.812151323538821832e-04
6.123307104154692771e-05 -6.880502041605506078e-04
4.757903993602701919e-05 -6.942525848415365478e-04
3.352179738552390847e-05 -6.998130560595902140e-04
1.910375382371042670e-05 -7.047238432241729762e-04
4.366279490129938191e-06 -7.089785388639552755e-04
-1.065027300639711957e-05 -7.125720325441000855e-04
-2.590654405542516087e-05 -7.155004464943321655e-04
-4.136413988634605630e-05 -7.177610773866593919e-04
-5.698560641469535234e-05 -7.193523440138396927e-04
-7.273440099181181600e-05 -7.202737427354392397e-04
-8.857486630410402347e-05 -7.205258094580383214e-04
-1.044722053670664637e-04 -7.201100872264414986e-04
-1.203924583992009578e-04 -7.190291032324918263e-04
-1.363024824249526169e-04 -7.172863512101087689e-04
-1.521699362276596472e-04 -7.148862818033402920e-04
-1.679632691629146446e-04 -7.118343012596535643e-04
-1.836517168090526057e-04 -7.081367768854282194e-04
-1.992053043828716512e-04 -7.038010505694603956e-04
-2.145948594884205651e-04 -6.988354597153249165e-04
-2.297920365650994300e-04 -6.932493675557729841e-04
-2.447693558902595237e-04 -6.870531999939386968e-04
-2.595002598036741446e-04 -6.802584895942170471e-04
-2.739591911201684623e-04 -6.728779272328457364e-04
-2.881216975131283258e-04 -6.649254179016573108e-04
-3.019645701130970828e-04 -6.564161390286034608e-04
-3.154660231207528486e-04 -6.473665965709349268e-04
-3.286059260930302675e-04 -6.377946714236994207e-04
-3.413660991188385277e-04 -6.277196428085854386e-04
-3.537306854086483656e-04 -6.171621684342377869e-04
-3.656866140265048210e-04 -6.061441904183031710e-04
-3.772241580320765796e-04 -5.946887147239451844e-04
-3.883375761510831064e-04 -5.828193931361375134e-04
-3.990257841770119629e-04 -5.705598120732562929e-04
-4.092929280121621353e-04 -5.579323883932101958e-04
-4.191486225644460600e-04 -5.449568288205274870e-04
-4.286075340889324882e-04 -5.316482741768164665e-04
-4.376880475375283719e-04 -5.180155227027850601e-04
-4.464100897129789653e-04 -5.040599313726677440e-04
-4.547926431536418674e-04 -4.897754407115700133e-04
-4.628516671721036595e-04 -4.751496625926819616e-04
-4.705988557576642984e-04 -4.601655280495116243e-04
-4.780412158157842017e-04 -4.448029498585729822e-04
-4.851811969831268064e-04 -4.290401896671126891e-04
-4.920170915491696960e-04 -4.128548546733754087e-04
-4.985435138088355938e-04 -3.962245780057940857e-04
-5.047518614474172036e-04 -3.791274687538802660e-04
-5.106307184509639588e-04 -3.615424089986293593e-04
-5.161661914944164382e-04 -3.434492574103297164e-04
-5.213421856341838570e-04 -3.248289967886979564e-04
-5.261406297207972364e-04 -3.056638517846377951e-04
-5.305416597943210001e-04 -2.859373928893119013e-04
-5.345237726092857576e-04 -2.656346356529764338e-04
-5.380639555993139544e-04 -2.447421437633507746e-04
-5.411378020488753597e-04 -2.232481349841816567e-04
-5.437196101405537656e-04 -2.011426004732050604e-04
-5.457824774545041828e-04 -1.784174288658981400e-04
-5.472983961070588188e-04 -1.550665438487471330e-04
-5.482383416957957271e-04 -1.310860498861199592e-04
-5.485723569452359474e-04 -1.064744016323478738e-04
-5.482696660977148459e-04 -8.123255660639686201e-05
-5.472987549635908739e-04 -5.536417232269799524e-05
-5.456274975520569812e-04 -2.887579693224221335e-05
-5.432232635731152779e-04 -1.777064450121482208e-06
-5.400530487104446145e-04 2.591907748676401145e-05
-5.360836194102000215e-04 5.419615335541647414e-05
-5.312816587420075409e-04 8.303392207267338535e-05
-5.256139376515556530e-04 1.124081314753220151e-04
-5.190475035814222414e-04 1.422902705592141875e-04
-5.115498670111274203e-04 1.726473101787506337e-04
-5.030892287326996313e-04 2.034414425694475398e-04
-4.936347085602813684e-04 2.346298101105001729e-04
-4.831566065008670459e-04 2.661642349299086379e-04
-4.716266757932764827e-04 2.979909512020575881e-04
-4.590184188090701083e-04 3.300503346271440545e-04
-4.453074088065676829e-04 3.622766327770248688e-04
-4.304716281246657571e-04 3.945977158320157908e-04
-4.144918356817153555e-04 4.269348120300114446e-04
-3.973519517033987031e-04 4.592022870368400690e-04
-3.790394648219516682e-04 4.913074202378115264e-04
-3.595458677348757214e-04 5.231502093637542018e-04
-3.388671142630158444e-04 5.546231991997640706e-04
-3.170040915521228869e-04 5.856113477392584912e-04
-2.939631140697038822e-04 6.159919243912319407e-04
-2.697564375037086733e-04 6.456344569913835020e-04
-2.444027898735840832e-04 6.744007252643270233e-04
-2.179279072124360632e-04 7.021448233144531037e-04
-1.903650908816430156e-04 7.287132803988523311e-04
-1.617557536304178899e-04 7.539452572823238151e-04
-1.321499895960772547e-04 7.776728298040993257e-04
-1.016071176551958664e-04 7.997213709295512710e-04
-7.019622113273240877e-05 8.199100327838351916e-04
-3.799666994951857060e-05 8.380523487354125554e-04
-5.098611551952359649e-06 8.539569573624946263e-04
2.839656982276852332e-05 8.674284662417269245e-04
6.237584440919779539e-05 8.782684672399303141e-04
9.671418866933863875e-05 8.862767090540016801e-04
1.312742984470781306e-04 8.912524512106383351e-04
1.659064079144336834e-04 8.929959780094068019e-04
2.004481846919246662e-04 8.913103355404915261e-04
2.347247614983901266e-04 8.860032516099528238e-04
2.685488888939761842e-04 8.768892681800624124e-04
3.017212443374066647e-04 8.637920950949217911e-04
3.340309128940568148e-04 8.465471841026180359e-04
3.652560596563183518e-04 8.250045234842256440e-04
3.951648095915034149e-04 7.990316554494841447e-04
4.235163638001224889e-04 7.685169085628747957e-04
4.500623591796677129e-04 7.333728436836480478e-04
4.745485046261986128e-04 6.935398760289711133e-04
4.967165016200415307e-04 6.489900918900401786e-04
5.163062747909866364e-04 5.997311924657028207e-04
5.330585124048264596e-04 5.458105597402483807e-04
5.467175447106209594e-04 4.873193884904350264e-04
5.570345572804114671e-04 4.243968330556736586e-04
5.637711400487896429e-04 3.572341129707393734e-04
5.667031717747612971e-04 2.860785034219944607e-04
5.656250275937651020e-04 2.112371210661791870e-04
5.603540854718909534e-04 1.330804188083840975e-04
5.507355084368359324e-04 5.204527343239788586e-05
5.366472568292849580e-04 -3.136244980559763757e-05
5.180052779073608454e-04 -1.165659935381332815e-04
4.947688053193314336e-04 -2.029166084295520270e-04
4.669456876637972931e-04 -2.896934143769113032e-04
4.345976472251911389e-04 -3.761043924701689290e-04
3.978453517474301974e-04 -4.612886853929865799e-04
3.568731690601302715e-04 -5.443203826275613008e-04
3.119334524191719736e-04 -6.242139768624961485e-04
2.633501908910323964e-04 -6.999316762464508632e-04
2.115218342956188332e-04 -7.703927423707241989e-04
1.569231012502413742e-04 -8.344850180275302509e-04
1.001055498684802345e-04 -8.910787821507788319e-04
4.169669943673066264e-05 -9.390430422855590344e-04
-1.760252944227922811e-05 -9.772643343372319855e-04
-7.702227197800754800e-05 -1.004668043466646309e-03
-1.357302896501302457e-04 -1.020242208074798257e-03
-1.928408485714831039e-04 -1.023063674838068510e-03
-2.474260662612974733e-04 -1.012326397482530204e-03
-2.985298542446378775e-04 -9.873715574904686279e-04
-3.451845197159177699e-04 -9.477190668402205032e-04
-3.864300263155351443e-04 -8.930998812071119005e-04
-4.213358244702173076e-04 -8.234884047327072423e-04
-4.490250582004286662e-04 -7.391341112859439082e-04
-4.687008392026616350e-04 -6.405913470165966982e-04
-4.796741399036546084e-04 -5.287461143986590256e-04
-4.813927125203218524e-04 -4.048384804718718993e-04
-4.734702772581293024e-04 -2.704791044926610618e-04
-4.557150613387288924e-04 -1.276582592949605875e-04
-4.281566009118189056e-04 2.125436987586940080e-05
-3.910695602224092808e-04 1.735208691081137160e-04
-3.449931832678310682e-04 3.260589991765627240e-04
-2.907448794051572627e-04 4.754804592745143828e-04
-2.294263772813495488e-04 6.181449564677756912e-04
-1.624208706180576070e-04 7.502312242618916840e-04
-9.137964345838830440e-05 8.678256917450603413e-04
-1.819682140129011134e-05 9.670289301886183901e-04
5.502884383054741776e-05 1.044079271283854162e-03
1.260458581841056237e-04 1.095492097336770148e-03
1.925157196456444360e-04 1.118212255770543789e-03
2.520920218042071873e-04 1.109775859046800619e-03
3.025116434463496866e-04 1.068476423038520074e-03
3.416958164946658650e-04 9.935289137167175547e-04
3.678578327495852433e-04 8.852238707760340473e-04
3.796130575317830476e-04 7.450624504258394247e-04
3.760858230085496181e-04 5.758620628515770347e-04
3.570067472978496765e-04 3.818214127209778523e-04
3.227931666662945190e-04 1.685333205521337809e-04
2.746047882656997997e-04 -5.706612702227384219e-05
2.143664962657572620e-04 -2.868226121058715223e-04
1.447506119970772779e-04 -5.115714416276230872e-04
6.911194848426420218e-05 -7.214338928473983939e-04
-8.629171326181325047e-06 -9.062035454191390629e-04
-8.415806334577800754e-05 -1.055818658298967889e-03
-1.529895224179169723e-04 -1.160909978869430724e-03
-2.107384198327262018e-04 -1.213405612751963835e-03
-2.534259574540800430e-04 -1.207166024657135460e-03
-2.778048735766451430e-04 -1.138613355753929045e-03
-2.816812655144318271e-04 -1.007310690104403503e-03
-2.642055983920553030e-04 -8.164395547443479726e-04
-2.261016070335115740e-04 -5.731188657403799491e-04
-1.697999800144063152e-04 -2.885069872080560306e-04
-9.944482316503819991e-05 2.236803209842533097e-05
-2.074582799871986597e-05 3.410950021752547404e-04
5.934125284334033343e-05 6.467088447184641924e-04
1.331071349282425000e-04 9.168529807852835107e-04
1.927229365123133255e-04 1.129159692714298488e-03
2.312494606738653685e-04 1.264158678189178679e-03
2.434249071705448257e-04 1.306794794773825106e-03
