-3.040225660969694908e-03 1.358654049002626114e-04
-1.158537810741188659e-03 1.361136704397772519e-04
-3.611111035618991879e-04 1.005689383917059642e-04
-9.331288443930868656e-05 6.648520045219826792e-05
-4.041787794429428654e-05 4.306193403621630465e-05
-3.977069806494283914e-05 2.063794083871232964e-05
-6.774447891088193145e-06 -9.335134465982573225e-06
-6.201001605330208524e-04 -2.895818052091140844e-04
-7.007707250323026715e-02 6.202492031139584389e-02
7.268926288889279164e-01 0.000000000000000000e+00
4.701709855239161184e-01 -4.239759800090550645e-02
2.458342110548251136e-01 -3.107147088892517339e-02
1.216272519096009141e-01 -1.190302109775610157e-02
6.062131435304508181e-02 4.892468075070748740e-03
3.717760642400881610e-02 1.597394529374918798e-02
3.879831254465705703e-02 1.653141167606669848e-02
4.569050262385011829e-02 4.241840136395121086e-03
4.486631938392436625e-02 -1.956840855401772994e-02
2.594051914188429814e-02 -4.431913580111691148e-02
-1.036759092665875959e-02 -5.213126249204626250e-02
-4.576730095220593597e-02 -2.860742398353081570e-02
-5.148144258424341285e-02 1.851666412985962865e-02
-1.457452532106732340e-02 5.426819384945690689e-02
3.827557045450556000e-02 4.179871783466748703e-02
5.438612171844867810e-02 -1.415628482496431376e-02
1.024793090046317509e-02 -5.618926141695636950e-02
-4.720207328858129492e-02 -3.142090138035458918e-02
-4.451076729568855667e-02 3.431334472663572638e-02
1.924989611023111488e-02 5.356985142397444055e-02
5.529645497440414947e-02 -4.639996876957090677e-03
7.251067347032368049e-03 -5.568847012439444299e-02
-5.190668330530895380e-02 -1.801858491950122237e-02
-2.465053963136296794e-02 4.904213965413066478e-02
4.441850810990564252e-02 3.122500556190631327e-02
3.369800779900387899e-02 -4.157507060345135702e-02
-3.822326246052547977e-02 -3.721726202959935170e-02
-3.693845294081500585e-02 3.679413143210352732e-02
3.524798633300787326e-02 3.846203996124345631e-02
3.634738281011883759e-02 -3.548535520111208152e-02
-3.544411433788267202e-02 -3.636776705741136956e-02
-3.277016203507118752e-02 3.709764761574980974e-02
3.791257450312715549e-02 3.138728473370856753e-02
2.641482165043482905e-02 -4.042374975488467748e-02
-4.123525085257381123e-02 -2.353991664820777666e-02
-1.731072926902316872e-02 4.387113533809951227e-02
4.376250621981957883e-02 1.294338052822932746e-02
5.839240032847699269e-03 -4.568284922414944660e-02
-4.382345884622104726e-02 -2.305881072931226239e-04
7.018447587195216636e-03 4.425015059406424422e-02
4.012777281829432718e-02 -1.327065513932756437e-02
-1.962831991761468733e-02 -3.852390168773329321e-02
-3.213147021936582637e-02 2.565214050199437351e-02
3.000290925693565106e-02 2.838328623184402724e-02
2.031875959615635913e-02 -3.482877443595483458e-02
-3.627642353738684544e-02 -1.479798089617234171e-02
-6.169703184646619515e-03 3.909440994550160420e-02
3.725490740284284619e-02 -3.327678246037371612e-04
-8.158818361400510186e-03 -3.762843520970932110e-02
-3.277359385862154556e-02 1.463901519191639078e-02
2.039487323510707356e-02 3.075056543859040759e-02
2.376384007743766180e-02 -2.588927266482322562e-02
-2.872150803846077946e-02 -1.983257677317534773e-02
-1.197869479143287390e-02 3.253449076333994605e-02
3.219184457405930427e-02 6.910476781252079120e-03
-4.794476606211003911e-04 -3.401450919513899357e-02
-3.084762745051332355e-02 5.845627579136510391e-03
1.167454586468860342e-02 3.075809442210354627e-02
2.556722232782674895e-02 -1.662022243863026105e-02
-2.021591065484643415e-02 -2.392946140777772387e-02
-1.772472233259263577e-02 2.426174343685835386e-02
2.543187525494135931e-02 1.504557741053379194e-02
8.811256737149813362e-03 -2.836643451877433886e-02
-2.732949363259945530e-02 -5.601660894916576233e-03
-1.209014524669923402e-04 2.917103685736757712e-02
2.641800000955699113e-02 -3.199576951000614178e-03
-7.428612977179302121e-03 -2.733716497625898051e-02
-2.347447289957872718e-02 1.057751448807537145e-02
1.334511003810141469e-02 2.371355983519599434e-02
1.933277422694099079e-02 -1.617724849909236637e-02
-1.750809825229415057e-02 -1.913973067270578060e-02
-1.473126806788342853e-02 1.998961928972605578e-02
2.006526324929005720e-02 1.431983919305680579e-02
1.023522870483126006e-02 -2.223590588139136986e-02
-2.131631313785740250e-02 -9.767796273522234840e-03
-6.218067731645434207e-03 2.325429532625484033e-02
2.161586033577471075e-02 5.806764969972068660e-03
2.884574061539893833e-03 -2.340994945354666484e-02
-2.130355123170975251e-02 -2.601394575624188868e-03
-3.119240007612381765e-04 2.303537551739699013e-02
2.066482863364529909e-02 2.029440287697609202e-04
-1.504521408641577157e-03 -2.239861796899408550e-02
-1.991353990382348227e-02 1.406249664640629032e-03
2.612718251107289461e-03 2.169176421117079839e-02
1.919061544208559150e-02 -2.276758409761591231e-03
-3.074863045772648421e-03 -2.103184258013612862e-02
-1.856951270002579757e-02 2.467280335412014650e-03
2.950360892239331859e-03 2.046731326526411016e-02
1.806490739062028422e-02 -2.031318406760206086e-03
-2.288228516239363547e-03 -1.998593909946478481e-02
-1.764022535278468584e-02 1.014033206877065080e-03
1.128795478553918860e-03 1.952193789962430523e-02
1.721453066844950280e-02 5.421160299963114632e-04
4.880303166710890650e-04 -1.896263701293653819e-02
-1.666854908929600587e-02 -2.584504186085896313e-03
-2.508272193159924446e-03 1.815635811125347263e-02
1.585306620973802802e-02 5.031830914881759917e-03
4.845812738471341058e-03 -1.692465464929936159e-02
-1.460191662043440128e-02 -7.752491125191786868e-03
-7.362564881219631381e-03 1.508250303381300853e-02
1.275360363187534249e-02 1.054378989931249733e-02
9.851890241451033078e-03 -1.246978819005924513e-02
-1.018327886547948022e-02 -1.311832798091474260e-02
-1.203100708973837280e-02 8.995415192353917178e-03
6.845674109347150635e-03 1.510616955105970743e-02
1.355117788649551694e-02 -4.691495914923514941e-03
-2.824129325546182769e-03 -1.608287620683041680e-02
-1.403380927392768387e-02 -2.312442337592743313e-04
-1.624277655358854350e-03 1.563208047302255127e-02
1.313881516249036305e-02 5.343384043647573037e-03
6.045178299186331101e-03 -1.344528189637522048e-02
-1.066330413350916571e-02 -9.995750859452909309e-03
-9.806749451324682509e-03 9.449249753390511278e-03
6.656480234509444191e-03 1.338347683749145992e-02
1.218443561428687871e-02 -3.933539013155553689e-03
-1.519267060530923516e-03 -1.469383719682713918e-02
-1.251995322315310050e-02 -2.368954253748708182e-03
-3.957581514414414657e-03 1.333447767356211663e-02
1.043968263610719170e-02 8.307811639495238029e-03
8.668410962569849873e-03 -9.201560615224802647e-03
-6.081107691818072973e-03 -1.249951007726804279e-02
-1.141487975891621043e-02 2.902871181588693311e-03
2.399889234357749021e-04 1.368408619973632105e-02
1.126405357508405286e-02 4.182027788474396504e-03
5.666383216158477933e-03 -1.119518930812916924e-02
-7.959133688326585146e-03 -1.011658947125336147e-02
-9.897476087997509123e-03 5.394306429111659154e-03
2.225731081853477011e-03 1.293886929900318374e-02
1.094116252766105454e-02 2.147795719186698996e-03
4.218435279984181219e-03 -1.141358508929644910e-02
-8.175179901816452543e-03 -8.927714405638335210e-03
-9.089445766155647422e-03 5.739997100103456928e-03
2.361612421209103099e-03 1.231185293134755970e-02
1.037294187375490881e-02 2.161449313702961360e-03
4.348826035690400368e-03 -1.067468040866227999e-02
-7.301429813433089888e-03 -9.108862859595587974e-03
-9.100251576345724791e-03 4.398496788254000270e-03
9.980820579213716542e-04 1.190725622941818385e-02
9.584629426591485118e-03 3.875223000035801779e-03
5.698719535679003419e-03 -8.970278179006811042e-03
-5.347269299188541977e-03 -1.015993296984242164e-02
-9.412089567066905804e-03 1.489383940456301750e-03
-1.618062902616035706e-03 1.105348324378796661e-02
8.016687607228857246e-03 6.718569266179788037e-03
7.581792322628616923e-03 -5.805657849870601503e-03
-2.098571293204023157e-03 -1.100630851592122005e-02
-9.034426207377807549e-03 -2.778089700550218609e-03
-4.973436897474132687e-03 8.636378308422074448e-03
4.929482288729559146e-03 9.546255369036756033e-03
8.800417279805386808e-03 -8.496219384756019746e-04
2.270882597975634395e-03 -1.006007095078079172e-02
-6.767402445807266589e-03 -7.395023552621555855e-03
-7.809813718099831853e-03 3.761909111288902052e-03
1.137163458472369507e-04 1.040979233724933714e-02
7.748711281913624530e-03 5.106113980018390890e-03
6.493847086946830452e-03 -5.863556895769881684e-03
-2.001622429157002246e-03 -1.007857059943816080e-02
-8.106861177669342708e-03 -3.027237239479101810e-03
-5.160837361994561646e-03 7.238171226757198796e-03
3.369672593742763060e-03 9.411302238113785495e-03
8.078382276591210276e-03 1.333534069521372534e-03
3.998006222504912194e-03 -8.043128607775461986e-03
-4.275996940427687770e-03 -8.664109435926119554e-03
-7.856823629615743848e-03 -8.339859287752153516e-05
-3.099439476462741497e-03 8.441777689547380267e-03
4.806042805094824094e-03 8.003331931341430006e-03
7.578811630895796944e-03 -7.296483235841259157e-04
2.498416925266125702e-03 -8.568037916657757214e-03
-5.040227360144755586e-03 -7.521515383592446320e-03
-7.326866192313141561e-03 1.139212208124354680e-03
-2.193683921054317108e-03 8.512894479507966336e-03
5.038379804465036201e-03 7.256371929804432408e-03
7.138343431047806942e-03 -1.183462051003965516e-03
2.166572138789458948e-03 -8.323230819266716138e-03
-4.835189561190715579e-03 -7.205952538180187758e-03
-7.014659793782053454e-03 8.951303456989747123e-04
-2.389452139738489252e-03 8.006600056398910717e-03
4.442278609298658427e-03 7.338008520967791506e-03
6.928590623217102153e-03 -3.008091463075957851e-04
2.827381288059240428e-03 -7.538715021756554543e-03
-3.854282587729801566e-03 -7.594183582287679021e-03
-6.829661421712554525e-03 -5.732027708864428743e-04
-3.435058042199334687e-03 6.872802116057107405e-03
3.057793730339146421e-03 7.891067870339022947e-03
6.648967635972216281e-03 1.690648666434592298e-03
4.151266752418664510e-03 -5.951367493851365126e-03
-2.042736498308545326e-03 -8.120912672448268171e-03
-6.305336854540295223e-03 -2.992678663236830391e-03
-4.893134290824892318e-03 4.721379527541140486e-03
8.157935203666551345e-04 8.155236632662290347e-03
5.714863482658994950e-03 4.385340557036299623e-03
5.552921621721332995e-03 -3.153400896954918105e-03
5.852263476320185460e-04 -7.854622290686293085e-03
-4.805314792420679187e-03 -5.730696278783664957e-03
-6.000414563141069288e-03 1.263785775042585574e-03
-2.078422153955445089e-03 7.087392331641720680e-03
3.535698415164816900e-03 6.846145176178422206e-03
6.093981075297155714e-03 8.632123138785550119e-04
3.530138940628790509e-03 -5.758149374785420313e-03
-1.919167824861464124e-03 -7.517039523489687028e-03
-5.702384649516329188e-03 -3.059336444520097988e-03
-4.757705295294874584e-03 3.844025194842519769e-03
4.467819939331851495e-05 7.526705320529040663e-03
4.737111479783943924e-03 5.070550852216909078e-03
5.547768404013997401e-03 -1.432012480848461177e-03
1.910126021570595842e-03 -6.704669513900834120e-03
-3.191007710133813777e-03 -6.578649364927703289e-03
-5.693377840725499968e-03 -1.254212219972803636e-03
-3.684147377482998014e-03 4.987829930102513284e-03
1.174037757837414087e-03 7.252730471149753527e-03
5.048191034585944835e-03 3.853187610053907669e-03
4.964800240459459751e-03 -2.481153632624497757e-03
1.067674295383545541e-03 -6.829878973151834454e-03
-3.588727004426759196e-03 -5.905150934478870656e-03
-5.450333734562891330e-03 -5.035048979895248578e-04
-3.165161937171346272e-03 5.212713776342314982e-03
1.467186697425631233e-03 6.939970926434996593e-03
4.936444201810631476e-03 3.455816829804217536e-03
4.684193930403183007e-03 -2.557640613408031314e-03
9.687969869262309103e-04 -6.606527510388770369e-03
-3.408012030621001588e-03 -5.743222658011941026e-03
-5.227719845931661988e-03 -6.830879407552043966e-04
-3.212465999980010541e-03 4.815780166721936144e-03
1.104543029742237250e-03 6.758783503269409632e-03
4.565713721534569829e-03 3.802803532391397026e-03
4.701975439162228883e-03 -1.849599900648198330e-03
1.477096063014781552e-03 -6.116286497621902310e-03
-2.754742517625652538e-03 -5.986140007102734237e-03
-4.980946050549804778e-03 -1.621728213274551246e-03
-3.669897310710618782e-03 3.836136991440699476e-03
1.962137078446819435e-04 6.544768807643625008e-03
3.874788977981590346e-03 4.657560593579844824e-03
4.814547704940656814e-03 -4.435399213252059700e-04
2.413802955585287596e-03 -5.182741986465363646e-03
-1.617218811929343764e-03 -6.304255173569688932e-03
-4.488658003623031967e-03 -3.094614119749744714e-03
-4.261788025285064702e-03 2.191806345444489990e-03
-1.143406637403651584e-03 5.934007766820150603e-03
2.708983165124682468e-03 5.624472497916418318e-03
4.689173783914320215e-03 1.531080355759645035e-03
3.500641712605900152e-03 -3.546659594565417049e-03
-1.066902979357520209e-05 -6.204324616194592523e-03
-3.471806906521518465e-03 -4.709429429302353434e-03
-4.591451219230413203e-03 -1.108328177669617304e-04
-2.668928600551932935e-03 4.514795268275979823e-03
9.839244501730201251e-04 6.128345575713655888e-03
3.949129643935091888e-03 3.715613889859833811e-03
4.304606508936665264e-03 -1.095545256900759198e-03
1.860409600166281190e-03 -5.148489984272208893e-03
-1.758680552158889236e-03 -5.831613960122753251e-03
-4.201908869710431135e-03 -2.749599178795082612e-03
-3.918304209682085988e-03 2.068777455433226664e-03
-1.130738331337271911e-03 5.518015274847108860e-03
2.345815914101223761e-03 5.416958546472765840e-03
4.292334576736544019e-03 1.875433562928723518e-03
3.499122184994443718e-03 -2.820766190800593799e-03
5.069394135801558871e-04 -5.694280772999216200e-03
-2.770579168645804797e-03 -4.961104148963485679e-03
-4.275148814623831381e-03 -1.125310201349513260e-03
-3.092300837642461987e-03 3.379153645131059442e-03
3.204655650847990783e-06 5.739618594692186271e-03
3.062977714449986733e-03 4.516815257139845420e-03
4.194198093537774424e-03 5.098909701459204517e-04
2.725772109208421824e-03 -3.776886966129729302e-03
-4.034608044335397624e-04 -5.704109555330358697e-03
-3.252036452575629132e-03 -4.117340572754434741e-03
-4.082095103556159302e-03 -2.670191038643947995e-05
-2.414601751359018132e-03 4.045963428983148993e-03
7.035639994364371874e-04 5.625208871091118973e-03
3.362887493849261566e-03 3.781247958644781346e-03
3.961456195804196126e-03 -3.337706554118924536e-04
2.164929184235832652e-03 -4.214220861271873557e-03
-9.155454108154639260e-04 -5.529054042798725761e-03
-3.415700957565079125e-03 -3.516704712722769528e-03
-3.846725031335517138e-03 5.840540365788713089e-04
-1.977060712790834271e-03 4.304130347216547810e-03
1.051564037469329346e-03 5.432427801583969429e-03
3.425705828780687117e-03 3.324862161072428875e-03
3.746044728788684806e-03 -7.372860862252673519e-04
1.847711415371114602e-03 -4.332786803032792101e-03
-1.122797681800062619e-03 -5.344802033021968032e-03
-3.403769264180656149e-03 -3.202335836191489912e-03
-3.662914535812869521e-03 8.059688390018586619e-04
-1.771519714061357831e-03 4.312538906895405436e-03
1.139032343033554145e-03 5.270189122405849122e-03
3.357214582843811267e-03 3.142922221073612792e-03
3.597557058669877475e-03 -8.014823231430726926e-04
1.742019196895231705e-03 -4.251902941457504949e-03
-1.108661554490466931e-03 -5.208708043834587263e-03
-3.290680865914189998e-03 -3.138740195842306454e-03
-3.547995673349294259e-03 7.340527360788144488e-04
-1.752227893776527696e-03 4.156548314605272750e-03
1.038906036192370312e-03 5.157865067938300144e-03
3.206933232143320545e-03 3.180976060243085983e-03
3.510895615015450881e-03 -6.129562051613540556e-04
1.795001757363805846e-03 -4.030237405161110273e-03
-9.361137447831463163e-04 -5.113589238650108337e-03
-3.107569898603412296e-03 -3.260380574275809420e-03
-3.482214357888289286e-03 4.468080097367876924e-04
-1.863248511914337600e-03 3.875657416296407302e-03
8.060642622054444220e-04 5.071069574272345920e-03
2.993615898225557119e-03 3.367627044290907520e-03
3.457715196527173969e-03 -2.438412402179152873e-04
1.950080412583319808e-03 -3.695114358054169424e-03
-6.542204571931432150e-04 -5.025434352869735666e-03
-2.865991887494670227e-03 -3.493603608926999175e-03
-3.433370180025392855e-03 1.211719171195215980e-05
-2.048941648320307465e-03 3.491075220780643501e-03
4.859092176471365050e-04 4.972298561866367664e-03
2.725867341396888497e-03 3.629679912070016105e-03
3.405680006708658274e-03 2.403598022272051236e-04
2.153738389735798415e-03 -3.266555304673587120e-03
-3.064159105249839553e-04 -4.908193652446244531e-03
-2.574896264815663451e-03 -3.767963763737214138e-03
-3.371913536629907431e-03 -5.056290366272648672e-04
-2.258968679374565372e-03 3.025354017835380372e-03
1.210039802409150836e-04 4.830883270993052876e-03
2.415350178829252757e-03 3.901543574084132167e-03
3.330276380682285244e-03 7.758495117479247485e-04
2.359851630446463313e-03 -2.772150434416507242e-03
6.513312556068922080e-05 -4.739564841892308401e-03
-2.250152848392859492e-03 -4.024701132518645683e-03
-3.280001447089339779e-03 -1.043441679995584350e-03
-2.452435357002602165e-03 2.512476293477539611e-03
-2.469607306303492518e-04 4.634955923745931808e-03
2.082838102767896674e-03 4.133072508182336277e-03
3.221367597347253413e-03 1.301261981470545415e-03
2.533673538870829210e-03 -2.252592100647223938e-03
4.197145635113572193e-04 -4.519268826549079944e-03
-1.917443004463735600e-03 -4.223735364786171918e-03
-3.155642551395128077e-03 -1.542774387260454402e-03
-2.601449011892817062e-03 1.999296840202203183e-03
-5.790041063865566159e-04 4.396081892673050530e-03
1.758363601138668124e-03 4.295204034129269238e-03
3.084962185388074804e-03 1.762182918459203381e-03
2.654538540050752505e-03 -1.759705800246610594e-03
7.208905378785935170e-04 -4.270122642378871777e-03
-1.610189308982468885e-03 -4.347321145513890345e-03
-3.012150046624926907e-03 -1.954494525196855386e-03
-2.692506234519212102e-03 1.541029740364182471e-03
-8.419149498005561606e-04 4.146981425277571943e-03
1.477541832718719467e-03 4.381041329960894126e-03
2.940494524005543044e-03 2.115488714834145439e-03
2.715529861806857594e-03 -1.350384802783719754e-03
9.390702329301094109e-04 -4.032775967301698537e-03
-1.364928832586472050e-03 -4.398109999687213958e-03
-2.873489842298074075e-03 -2.241581044923691372e-03
-2.724157989573041186e-03 1.194652924689364182e-03
-1.009706907931841010e-03 3.933783064713789607e-03
1.276626107771255134e-03 4.400643924784735858e-03
2.814554821675676645e-03 2.329577945242405392e-03
2.719009913698584337e-03 -1.080400381791025467e-03
1.051382255955561661e-03 -3.856046288345133053e-03
-1.216581970653089154e-03 -4.390622631723245170e-03
-2.766727416022697703e-03 -2.376332665924927277e-03
-2.700422047024582210e-03 1.013844945112858491e-03
-1.061661132504540528e-03 3.804955291582303931e-03
1.188335767675907650e-03 4.369297869622124596e-03
2.732335255478623298e-03 2.378323714334721044e-03
2.668055501384150249e-03 -1.000843133298875368e-03
1.037896653353608369e-03 -3.784776998685639073e-03
-1.194919481935848233e-03 -4.336526868747117916e-03
-2.712624284074572744e-03 -2.331191967426727522e-03
-2.620472064568603494e-03 1.046845466058431671e-03
-9.770214069326846069e-04 3.798100688044570104e-03
1.238706138490178318e-03 4.290034162984080954e-03
2.707329313482343021e-03 2.229290591280916247e-03
2.554700153210376704e-03 -1.156741984629741215e-03
8.754041084935511481e-04 -3.845143421855730988e-03
-1.321144866882648788e-03 -4.224613850824319311e-03
-2.714158066243663701e-03 -2.065329306881778532e-03
-2.465815695577088656e-03 1.334490289518802403e-03
-7.288382453413488980e-04 3.922851823709971528e-03
1.442317463622709486e-03 4.131303924065516178e-03
2.728174110568209847e-03 1.830233495690913349e-03
2.346595006198350358e-03 -1.582388243213307243e-03
5.327642990598819173e-04 -4.023741442536175189e-03
-1.600234439449060549e-03 -3.996608657257825874e-03
-2.741076687925400081e-03 -1.513395468000897429e-03
-2.187329069543227089e-03 1.899826822902111328e-03
-2.828513858882531883e-04 4.134446735595832464e-03
1.789800381327081701e-03 3.801923446764945373e-03
2.740429248552927327e-03 1.103568227849397853e-03
1.975958141622234220e-03 -2.281351187208301851e-03
-2.389591514297562808e-05 -4.234035332859046458e-03
-2.001400897084174707e-03 -3.523442883772352503e-03
-2.708964597047596162e-03 -5.907352395083287529e-04
-1.698761968125171631e-03 2.713894230580997553e-03
3.873293945601558735e-04 4.292295345281573089e-03
2.219148677714649371e-03 3.133011552745969003e-03
2.624235980279198896e-03 -3.064494939234037839e-05
1.341944908413816254e-03 -3.173174124296095078e-03
-8.014908611099617365e-04 -4.268468409714829860e-03
-2.418976241441411767e-03 -2.600598959207377995e-03
-2.459068598199618330e-03 7.566279282627719378e-04
-8.945292460288451104e-04 3.619531529985733735e-03
1.251058736820525805e-03 4.111296884503078813e-03
2.567041439682254955e-03 1.899292530165176858e-03
2.183509092755094982e-03 -1.566801817589337856e-03
3.529765720023743565e-04 -3.994009900999688674e-03
-1.707163817397138079e-03 -3.761771279103106637e-03
-2.619317366434401398e-03 -1.013782997475347943e-03
-1.769185281024157012e-03 2.415656818768125748e-03
2.722470591001694036e-04 4.216324553502031995e-03
2.123388536419123888e-03 3.160497608433848835e-03
2.523774713895312986e-03 -4.697793180383018873e-05
1.197054229847314705e-03 -3.223704468995577162e-03
-9.485147162983618985e-04 -4.187511314028057562e-03
-2.433635916680122833e-03 -2.261870408807185179e-03
-2.227071747612590497e-03 1.233320443410975027e-03
-4.691351603995095113e-04 3.871547218666171897e-03
1.612811220489480208e-03 3.801247286441336581e-03
2.554708659021485105e-03 1.056662987863491408e-03
1.687819960920698605e-03 -2.437272100993765744e-03
-3.763989414095998080e-04 -4.202575459689149653e-03
-2.166834092974666455e-03 -2.968396633387342456e-03
-2.397505117519921607e-03 3.976749271617772453e-04
-8.976130820372600280e-04 3.480427044058490710e-03
1.249947122687889095e-03 4.042454616269077448e-03
2.481231835843188908e-03 1.657859188816172141e-03
1.890860206437633114e-03 -1.944865174678876664e-03
-9.183842652271114945e-05 -4.119055884136232915e-03
-2.002236984342539890e-03 -3.244239411886854808e-03
-2.416726818448042095e-03 4.881342291016845490e-05
-1.019633593458698674e-03 3.310148422375303739e-03
1.142855062564612474e-03 4.082756774098498728e-03
2.435053452988467874e-03 1.763394700859925593e-03
1.869078637307745351e-03 -1.903420405155697688e-03
-1.283519884653560802e-04 -4.117769283786499798e-03
-2.023030907894049317e-03 -3.161902540759720277e-03
-2.345398666583369506e-03 2.473541149555376871e-04
-8.376239256221700707e-04 3.470070436748020140e-03
1.324737406166500700e-03 3.976181227412680340e-03
2.437395082721402397e-03 1.344448241182217684e-03
1.612072338671305177e-03 -2.360480740838352340e-03
-5.002014937032040007e-04 -4.186857523074165137e-03
-2.206663917714376047e-03 -2.650493532357475236e-03
-2.124633104744832503e-03 1.033939934842091103e-03
-3.125726972450192098e-04 3.884833087154717333e-03
1.752749191714204685e-03 3.558811931137692390e-03
2.369132195269198736e-03 2.968267287080563876e-04
1.017781421482847259e-03 -3.219534732564555048e-03
-1.181980718894886772e-03 -4.054542858324836074e-03
-2.384259057205546841e-03 -1.481430828848711613e-03
-1.565943912849880951e-03 2.352739107901421697e-03
5.860320154339065425e-04 4.191680911830095516e-03
2.232025533007083243e-03 2.438440240533035815e-03
1.947131116738598554e-03 -1.426592367625910580e-03
-3.138354687815068239e-05 -4.061470367423840669e-03
-1.979736791031958421e-03 -3.145970679939585641e-03
-2.179039905329597550e-03 5.475247545301967569e-04
-4.422415879815175428e-04 3.765708552492639735e-03
1.688003957840459061e-03 3.624492504820963669e-03
2.294472440425111403e-03 2.166711577925443163e-04
8.176759244935001125e-04 -3.398635109974219512e-03
-1.404851863499220407e-03 -3.918393935898483761e-03
-2.330936392518574100e-03 -8.311466412551595960e-04
-1.093445719383010373e-03 3.037542925527702067e-03
1.164566918496664051e-03 4.080223617945787432e-03
2.323370748403805891e-03 1.284136857508544165e-03
1.276548866080712535e-03 -2.740190506368237258e-03
-9.894449137065508722e-04 -4.159096494875797606e-03
-2.299792753894425775e-03 -1.576299681148962076e-03
-1.376204747773618429e-03 2.546329816347353385e-03
8.927114746338092773e-04 4.193022395918930695e-03
2.279028512936733669e-03 1.711331131389041971e-03
1.399135148211837036e-03 -2.480723442032681508e-03
-8.812476650421530080e-04 -4.204017478678611502e-03
-2.269518697996113481e-03 -1.688945829681748941e-03
-1.346499317786911502e-03 2.555450150059029348e-03
9.571296313692135606e-04 4.194679384110123685e-03
2.268352803191049649e-03 1.500848770228293194e-03
1.212538278316409399e-03 -2.769792042830606770e-03
-1.117271868730977755e-03 -4.145314221243034947e-03
-2.260083646316978639e-03 -1.130421681417891891e-03
-9.852222344491981271e-04 3.106495328324862006e-03
1.350696226265528420e-03 4.011643787562807137e-03
2.215513330325278533e-03 5.573751834357388571e-04
6.496378903254609264e-04 -3.523899910217006409e-03
-1.633304746891892003e-03 -3.724632270888503759e-03
-2.091567872277558249e-03 2.307557322699100959e-04
-1.952724491055823908e-04 3.944805642260994401e-03
1.920838271066607761e-03 3.196047444423121605e-03
1.834603930620351585e-03 -1.218362012932050140e-03
-3.716778966406653062e-04 -4.245636483783702883e-03
-2.142338271198559844e-03 -2.335628201252126692e-03
-1.390743163853846347e-03 2.332647494355721916e-03
1.011093697756707899e-03 4.253973921178211270e-03
2.199136239302646682e-03 1.086815788263135844e-03
7.272167157288600067e-04 -3.410964815342180760e-03
-1.630419492147875109e-03 -3.768318012842006640e-03
-1.977663112147595628e-03 5.150860388010663040e-04
1.336731291437724505e-04 4.180494778188824888e-03
2.074909609743355848e-03 2.617780312827839261e-03
1.385977090552162599e-03 -2.270453704982449989e-03
-1.074231322215394918e-03 -4.280761009552747597e-03
-2.144865781640438278e-03 -7.734907333635387830e-04
-4.189176656602575880e-04 3.761769159640048453e-03
1.856115659358184566e-03 3.369599180354251097e-03
1.662079131796380784e-03 -1.504489801867585699e-03
-7.616913032794977566e-04 -4.386540773331339474e-03
-2.150204154042163317e-03 -1.338103665730722060e-03
-5.946394620152584045e-04 3.560142696562729886e-03
1.780500545784915057e-03 3.563805154410010570e-03
1.666986366605290471e-03 -1.410293612327405107e-03
-7.965779681227999447e-04 -4.424282738988277557e-03
-2.121937054159490649e-03 -1.150939994179796559e-03
-3.924869392354724332e-04 3.799298365626969237e-03
1.904597572887581185e-03 3.253635260297970191e-03
1.401227577422824080e-03 -2.076736379752826874e-03
-1.180077953036729474e-03 -4.356734248313766378e-03
-1.987864578143361521e-03 -1.146662140616884354e-04
2.168288900810362921e-04 4.328067329523838450e-03
2.085469926761872057e-03 2.168407256781331241e-03
7.246129082974211294e-04 -3.362436942379557966e-03
-1.766264678647780362e-03 -3.667620407153536488e-03
-1.461279154022714511e-03 1.825784093291576505e-03
1.176655705716200947e-03 4.436647729254027117e-03
1.909332863979562285e-03 -1.044724310725872246e-04
-4.752159721904459545e-04 -4.505312080181330357e-03
-2.070175132470923173e-03 -1.495689648388871156e-03
-2.088736531814174187e-04 4.031560651365739129e-03
1.999826488265746098e-03 2.791154158301805376e-03
7.935322777113229097e-04 -3.221810421738667725e-03
-1.777256409629030844e-03 -3.716046884017666120e-03
-1.242973763689318896e-03 2.271802126065802178e-03
1.480595290122864015e-03 4.292182714942333922e-03
1.556627401994297106e-03 -1.334664442830686346e-03
-1.173828002187769087e-03 -4.592216058843753314e-03
-1.754989177565356284e-03 5.123724789563864667e-04
9.025054111526519159e-04 4.707610852597523057e-03
1.866934832387191073e-03 1.375487331606471339e-04
-6.953347750335439961e-04 -4.726135648561538907e-03
-1.920367668270521466e-03 -5.881850089993967889e-04
5.684787914171859913e-04 4.718617704861035461e-03
1.936224755849221164e-03 8.282832583729032297e-04
-5.301118600336937776e-04 -4.732113962225120360e-03
-1.924966637571889991e-03 -8.498992771426534332e-04
5.835947522089242681e-04 4.785977929205762968e-03
1.884564768267039860e-03 6.408089665858922529e-04
-7.282102689350022744e-04 -4.867875117439613396e-03
-1.799462877994878560e-03 -1.833995774141439477e-04
9.567404874941645883e-04 4.928275706390886080e-03
1.640888198741189373e-03 -5.378040857783948202e-04
-1.249507747370063367e-03 -4.874425707719579927e-03
-1.370130031975384799e-03 1.517225202823066802e-03
1.565343779490980950e-03 4.568661268183397267e-03
9.477410021355417349e-04 -2.695904108255768768e-03
-1.831976242945249989e-03 -3.841306641919938706e-03
-3.522710851609970988e-04 3.918299902658104600e-03
1.942102856927638461e-03 2.533850131702691539e-03
-3.896451486648075564e-04 -4.892467200256319509e-03
-1.766517193291378129e-03 -5.885138278800310574e-04
1.167082604563750466e-03 5.188337634169495893e-03
1.198837109822800282e-03 -1.815046936774598278e-03
-1.762424517994990716e-03 -4.331910639059760419e-03
-2.396428653127615285e-04 4.120778762287219746e-03
1.882056461487512924e-03 2.054320150769992082e-03
-9.007903008448250176e-04 -5.379617222544574515e-03
-1.286545861421818909e-03 1.315123232637269764e-03
1.757650182883681864e-03 4.552797295651419933e-03
2.506839882897337127e-05 -4.513528731393332341e-03
-1.755099091520529418e-03 -1.270854891279614212e-03
1.347812787907350356e-03 5.535799296876415046e-03
6.275308424095616538e-04 -3.202726438661276931e-03
-1.867267666199621222e-03 -2.868983353979619351e-03
1.054809871554963918e-03 5.776313646470490788e-03
8.522743629278644976e-04 -2.455873700784112074e-03
-1.869517479138821294e-03 -3.455549147150392599e-03
1.061882639906248753e-03 5.959288901912286260e-03
7.136784094207023442e-04 -2.763234085331385884e-03
-1.827497158435845148e-03 -2.999293232706036830e-03
1.388827675049653359e-03 6.191159315418248710e-03
1.424093590656700173e-04 -4.266922194297364038e-03
-1.534581927893080219e-03 -1.031686850797029374e-03
1.819642958528003718e-03 5.615857716389770563e-03
-9.083373536564963956e-04 -6.341326549527682467e-03
-5.302075218406475041e-04 2.966007543782879074e-03
1.635704978786450305e-03 2.220768601308561671e-03
-1.882149868755338996e-03 -6.234114550810646894e-03
1.264625871844862488e-03 7.161890376102680866e-03
-1.569430480764812640e-04 -4.872080109604198968e-03
-9.684071780599899431e-04 6.162527996773424326e-04
1.767177438993883330e-03 3.894917956336711121e-03
-2.110899881939029034e-03 -7.310199419475636382e-03
2.052918739042758779e-03 9.017514843540299155e-03
-1.739184783286362376e-03 -9.094098613372781498e-03
1.324265327717600704e-03 8.024337006278862289e-03
-9.222903924369601873e-04 -6.394250067312312602e-03
5.939627688008081337e-04 4.685328281178742504e-03
-3.562579678507975679e-04 -3.193735390076892725e-03
1.999660131777219237e-04 2.041620342555595068e-03
-1.053519018905155593e-04 -1.231272921001681439e-03
5.217741649294471836e-05 7.037609541661485422e-04
-2.429307415962523773e-05 -3.826187119265791461e-04
1.061350205138659011e-05 1.984555658319100502e-04
-4.332059320371401312e-06 -9.844312219075689475e-05
1.637433451336361962e-06 4.679896131110079213e-05
-5.631905995608258662e-07 -2.135947376452262475e-05
1.695903000723899783e-07 9.373902467163863498e-06
-4.009005705215444433e-08 -3.961090227201191803e-06
3.908158202920323227e-09 1.613592407157140687e-06
3.194238462836257656e-09 -6.343388160845993157e-07
-2.955653542912267888e-09 2.408864261549421129e-07
1.708320218997133151e-09 -8.843859727866134187e-08
-8.216864433604916990e-10 3.141574287766655423e-08
3.556277183500130284e-10 -1.080540200174606469e-08
-1.414697785321843199e-10 3.600780595468178759e-09
5.383704978440652240e-11 -1.163342447863295276e-09
-1.855447808438494972e-11 3.645154525115026253e-10
6.864339425604070738e-12 -1.108415395773760792e-10
-1.674478063363358902e-12 3.266647392629786061e-11
1.143388479236340042e-12 -9.353021269236104108e-12
1.701820218776667727e-13 2.537291939835566566e-12
4.869054210233488717e-13 -7.016630409764452319e-13
4.166641673338506324e-13 1.746917410356219233e-13
3.564776225575110473e-13 -6.484694340320172524e-14
4.300969117499928949e-13 7.047804160953849487e-15
3.820723868015656994e-13 -8.884310444734486888e-15
4.057042142513964542e-13 -3.691994134188823946e-14
3.662950416959914206e-13 3.068834763351745093e-15
3.922604960393487336e-13 -9.033730167188161447e-15
3.896451411608073854e-13 -4.587241401012803244e-15
3.569476022917688505e-13 1.214257520038004426e-14
3.716214390087693670e-13 3.499925980772277462e-15
3.551231647432955585e-13 7.772539585902044256e-17
3.682365002175863191e-13 1.321866813524941280e-14
3.679357774663000149e-13 7.902199579032700114e-15
3.700308037191194444e-13 7.863608739796721024e-15
3.737646496035837113e-13 9.910821192435640555e-15
3.872789041976896406e-13 1.740895405198060478e-15
3.644776644429988333e-13 2.674486210267078020e-14
3.718834720838919950e-13 -7.294448578217493343e-16
3.787861511253386757e-13 1.441197458043940788e-14
3.491551416078585590e-13 1.534125922494788516e-14
4.000581038979874883e-13 1.834527172616023817e-14
3.483016708552092873e-13 4.391587439117257253e-15
3.659870403889627669e-13 1.392047033664315655e-14
3.190843959352730471e-13 3.236809401935152263e-14
3.522116804392532729e-13 1.524663551560162517e-14
3.637533512934487582e-13 2.509675408882109852e-14
3.454047309134331408e-13 3.068231899284453358e-14
3.375929656430288153e-13 2.494267779996545071e-14
3.092891937666267412e-13 1.914652899798269898e-14
3.167955026817695791e-13 4.183482227951784155e-14
3.243195204100761629e-13 5.131937780570530170e-14
3.087702811429624721e-13 6.387409472631702583e-15
2.741106126039053561e-13 3.559333475996410565e-14
3.024274275375419577e-13 3.189084422544584739e-14
3.097750301608261632e-13 2.103668121044162393e-14
2.747367291547186715e-13 2.322655756513273347e-14
2.696943315030502823e-13 4.560420899725815511e-14
2.733583706846896003e-13 2.671980245180190462e-14
2.193074531925803082e-13 2.177194178920567131e-15
2.448185668824350850e-13 2.372726240607984969e-14
2.382202168762448631e-13 3.882134920175045293e-14
2.279059100619901056e-13 2.662342402506635809e-14
2.189450499028179518e-13 5.120026387018204734e-15
2.182167066929625842e-13 2.181162646565466663e-14
2.082904306974993012e-13 2.917653574853273979e-14
2.029307502192002405e-13 1.016598461966070415e-15
1.800960134571976936e-13 3.790165806910715560e-16
2.022546916737093177e-13 1.448967017583938606e-14
1.791776776654824617e-13 -1.884679576276293096e-15
1.751343374999281687e-13 1.742950821630398926e-14
1.732006505757387905e-13 -1.076655970566374246e-14
1.659540148861579354e-13 -6.922101834206123392e-15
1.431142325692058083e-13 -2.030851270219439355e-14
1.450551832054457895e-13 -1.527090503564496596e-14
1.396190607991533640e-13 -1.040920729273903775e-14
1.419516885467501432e-13 -2.296116977797480943e-14
1.430883540437059538e-13 -3.508353034175599717e-14
1.026896205638351462e-13 -2.676769459984269568e-14
1.077476007542692896e-13 -2.542005318877082098e-14
1.028250196368901425e-13 -2.176850783247642094e-14
1.090211771174236071e-13 -3.834251781385663061e-14
9.069695017936471875e-14 -5.456979292800661698e-14
8.915333562730884643e-14 -1.700398502345188704e-14
1.026257862284247112e-13 -4.560848564883466360e-14
1.044086019653957828e-13 -2.176528685883820795e-14
1.157253965142674093e-13 -1.889071570791049778e-14
1.031182525409709765e-13 -1.213180018141937732e-14
1.133057363637130638e-13 -1.858661924447662393e-14
1.047973264576177134e-13 4.999320821590529757e-16
9.801533029936790771e-14 1.675248172126874008e-14
1.005931827547365986e-13 1.582087689058929861e-14
9.683441481620371060e-14 1.199229695312236135e-14
8.824359858389846564e-14 2.175241944669789162e-14
9.722194583202199525e-14 7.580403919722309089e-15
9.510531801441911059e-14 1.533281195231215408e-14
7.849830823789008903e-14 1.846354499888920510e-14
9.260879968023501513e-14 3.758699026657293083e-14
8.434758489355473281e-14 1.747362660750891189e-14
9.910212103430491512e-14 7.393544967436490510e-15
7.234504688260106787e-14 1.563503326942718263e-14
6.486902007127327228e-14 1.460718124156789558e-14
5.746447452988383185e-14 -5.925314882725117576e-15
5.663785132454512710e-14 4.233803891594644038e-15
7.039216275793418062e-14 -2.029949864153540224e-15
5.121542546052776853e-14 -1.766963232286164531e-14
8.027188129949887183e-14 -7.435671223655901087e-15
4.410513024506164121e-14 -3.184582451698652494e-14
5.991400074391708210e-14 -1.143245814599377220e-14
6.154336748899858216e-14 -5.285338765255137573e-15
8.144219619726219220e-14 1.808559676518285328e-14
4.392332913207375982e-14 -7.180443015809665367e-16
6.507580878606755135e-14 2.671210021215983123e-14
2.620879535890513547e-14 1.773561441176508995e-14
5.339702577150021999e-14 3.323000295259707708e-15
5.523857979663961978e-14 3.285215058761137914e-14
4.378215302784574347e-14 4.100152151787841798e-14
4.938612331176650304e-14 2.493291669410589270e-14
4.231152970315889954e-14 -2.063327616224577950e-15
5.539869114341473422e-14 -1.775081894476555386e-15
3.909629257569102759e-14 -6.590464861108502729e-15
3.627417605087347453e-14 1.632457681221283184e-14
2.933417227760229153e-14 3.349291014585654214e-16
3.747129196312124292e-14 -1.146220527678757045e-14
3.885932279974239591e-14 -1.429608502847358497e-14
2.638922909701044597e-14 -6.834843703772329467e-15
2.402919769475541178e-14 -1.215410630315856403e-15
3.964397093262134554e-14 -1.025097194124884792e-14
3.477963311131332968e-14 -8.855583889912006817e-15
2.820569344209499957e-14 -8.413139169970907033e-15
3.340040864714939963e-14 -2.112823626666423956e-14
3.556401443697441414e-14 -9.656051499336934914e-15
4.159169226972638120e-14 1.026244641940916527e-14
3.280934765037375301e-14 -1.475554376479070106e-14
2.887858587233280340e-14 -2.055438253577461611e-14
3.050016662299259214e-14 -1.239427643256341748e-14
3.784184079742368388e-14 -2.938584784457204654e-14
3.405613545797596640e-14 -1.741401698802141641e-14
4.611375985423448716e-14 -1.419796580437179043e-14
4.851563645120110646e-14 -2.587949532781409820e-16
3.075061489834431472e-14 1.628764366348213051e-15
3.465579419916972140e-14 1.919659299528098127e-14
3.342238393700679771e-14 -1.217602523583293618e-14
4.993753855079797656e-14 -1.912812947890731599e-14
1.850847430728270865e-14 6.762741015435186688e-15
1.640557040139352160e-14 8.489789120071927162e-15
1.931141774534640909e-14 -6.001195737269973042e-15
1.832882510408087466e-14 -6.676146528782319098e-15
6.143785121635790334e-15 4.701521072259221634e-15
5.109024370193836871e-15 -4.072899908926602876e-15
1.943891676024773046e-14 -6.245041906230418558e-15
7.697456489793302754e-16 1.000600993601142329e-14
1.612047190652915744e-14 -3.484874322496695240e-15
-1.375060771754306039e-14 1.951466316595204397e-14
9.275192742177963164e-15 5.160243053741838497e-15
7.029599643000355682e-15 -1.031375394556944328e-14
1.248084079817156650e-14 -1.017156135410682458e-14
8.750486412827321443e-15 3.939642787640639845e-15
3.148195665190282865e-15 1.564041199854695460e-14
5.661042183479797770e-15 2.155454457047748267e-14
4.398780496329012553e-14 7.623479016306763036e-15
1.578480468604258892e-14 1.299886750537545618e-14
2.730491831179066758e-14 2.774936111750234325e-14
3.672594055013321539e-14 -1.233600895653519673e-14
8.425047361431514712e-15 -7.467934968563394102e-15
1.808408437760160114e-14 3.852661904486732605e-16
5.896290287697620461e-15 -2.705757986142644096e-15
-5.599063600312853609e-15 1.213796037913933427e-14
3.204782448983219209e-14 4.896790471889595162e-16
-1.327366696152330534e-14 -7.135547060259456640e-15
9.177061137606885390e-15 3.274639931031027389e-14
5.321332727965210143e-16 1.703051778696796035e-14
-1.143216829365772798e-14 3.434227531399160862e-14
1.824942519590858602e-14 1.412582991403306265e-14
2.548936561047163417e-14 4.879304901667041662e-14
1.909973478296356028e-14 1.164420715577997563e-14
1.472227033634091054e-14 8.447698511275940567e-15
2.749213112996879058e-14 2.697334962221471797e-14
-7.220134032808214764e-15 -1.416470419800758666e-14
2.049029241172906858e-14 -3.763808124618233387e-15
5.327365242409578490e-15 -5.117586223074186498e-15
4.436187128110050882e-14 7.309168468996766818e-15
-7.241448105578619718e-15 -1.743175383712374786e-14
-1.035028269257123310e-14 -7.327064597741147625e-15
2.738663573205471328e-14 -1.964410329100182500e-16
5.434503681794295114e-14 -4.101090007770802682e-15
1.399144296970090129e-14 5.160548947196879489e-14
1.074081238845184850e-14 -1.891903081605031617e-14
1.650005402333839194e-14 -7.005131917612052513e-15
-1.785188800992379942e-14 -1.301383007179577192e-14
-3.224176350464355526e-14 -5.227358408280228573e-14
-9.781248773176958577e-15 1.971164098598755838e-14
2.571184447981597226e-14 2.461176368435471723e-14
-9.623320073502095466e-16 -1.684126711418425210e-14
5.902694012510092827e-16 -4.771267293293926987e-15
1.220587426663554249e-13 2.289925160134652049e-15
-2.603579396087843150e-11 1.869898968354081743e-12
