3.284618594137705960e-02 1.605904979592598925e-01
3.166703635872990946e-02 1.545649398078033643e-01
2.898633455835232173e-02 1.399751220887604508e-01
2.501370164688384440e-02 1.180744327978230784e-01
2.001307167782210433e-02 9.048709273732503944e-02
1.429589777425025084e-02 5.913523728637826854e-02
8.171219600522370077e-03 2.594038859447770143e-02
1.935029067154225542e-03 -7.264419949078891256e-03
-4.140903517382193977e-03 -3.881957102928258047e-02
-9.817980280011143202e-03 -6.730512832520749167e-02
-1.489705439928465380e-02 -9.158557331798697354e-02
-1.922207304953295337e-02 -1.108333575278710181e-01
-2.268131458958340396e-02 -1.245331628402828739e-01
-2.520654808268158603e-02 -1.324696613970555714e-01
-2.677049125368320334e-02 -1.347020504093907611e-01
-2.738295737543317010e-02 -1.315288059037805213e-01
-2.708607165964534852e-02 -1.234460233303281279e-01
-2.594891041274290100e-02 -1.111024542368013596e-01
-2.406187717501291276e-02 -9.525396358082223458e-02
-2.153108403330223145e-02 -7.671967230067457122e-02
-1.847295717996040240e-02 -5.634155770010924186e-02
-1.500923667742612606e-02 -3.494879509002291051e-02
-1.126249362381517155e-02 -1.332766474435617340e-02
-7.352245168198946398e-03 7.802562567795503189e-03
-3.391710172171022268e-03 2.780769868282515628e-02
5.147836625903406613e-04 4.615089149788908357e-02
4.273756504243921873e-03 6.239949837885128830e-02
7.803932643285135633e-03 7.622717347039686953e-02
1.103704703340606039e-02 8.741185949505855812e-02
1.391816306152502888e-02 9.583042107777081653e-02
1.640556844633447517e-02 1.014506613087780701e-01
1.847031853854348010e-02 1.043214347880254550e-01
2.009549574067712174e-02 1.045615171062203586e-01
2.127525090865354379e-02 1.023478202734338233e-01
2.201368802366407071e-02 9.790346276312586471e-02
2.232364765185844077e-02 9.148611732446590428e-02
2.222543819406063575e-02 8.337697418311099118e-02
2.174555705010866244e-02 7.387057530991188170e-02
2.091543689461905151e-02 6.326569972602701097e-02
1.977024552929743453e-02 5.185741210413121610e-02
1.834776142706537674e-02 3.993032824760699151e-02
1.668734124754933656e-02 2.775310179690698015e-02
1.482899036751431608e-02 1.557409665081772344e-02
1.281254288046505992e-02 3.618178656986549904e-03
1.067695359164867568e-02 -7.915462585897592440e-03
8.459701257697892565e-03 -1.885456633927684242e-02
6.196299664547384733e-03 -2.905424126752172848e-02
3.919911059555934718e-03 -3.839671105112800464e-02
1.661054901198937873e-03 -4.679048144081827953e-02
-5.525961959018412233e-04 -5.416904089660899008e-02
-2.696342121956717304e-03 -6.048920012441027366e-02
-4.748511673249480869e-03 -6.572916714583028341e-02
-6.690458872722998725e-03 -6.988644467357862933e-02
-8.506508200328992408e-03 -7.297562607160940074e-02
-1.018385735165821052e-02 -7.502615551269196936e-02
-1.171244563318164268e-02 -7.608010746994642304e-02
-1.308479549387071318e-02 -7.619003067098030491e-02
-1.429583402018880754e-02 -7.541689230659932852e-02
-1.534270051385374853e-02 -7.382814975774376620e-02
-1.622454555309862934e-02 -7.149596946660291552e-02
-1.694232622842740954e-02 -6.849560586763620007e-02
-1.749860155787537341e-02 -6.490394751166334020e-02
-1.789733143673059163e-02 -6.079823263406790995e-02
-1.814368187033472621e-02 -5.625493238739442264e-02
-1.824383868212745355e-02 -5.134879671699616593e-02
-1.820483138525332348e-02 -4.615205533257388248e-02
-1.803436845651803719e-02 -4.073376434184865919e-02
-1.774068485550066299e-02 -3.515928778605963145e-02
-1.733240228840400576e-02 -2.948990247273245921e-02
-1.681840242255429330e-02 -2.378251406540461688e-02
-1.620771301056429803e-02 -1.808947229212053143e-02
-1.550940667998348260e-02 -1.245847331181893815e-02
-1.473251197967275113e-02 -6.932537671155222445e-03
-1.388593614579630708e-02 -1.550052843727550179e-03
-1.297839895271061389e-02 3.655129976420938911e-03
-1.201837694461149394e-02 8.653554392939594858e-03
-1.101405729780191578e-02 1.341998139095096007e-02
-9.973300538130461246e-03 1.793318390580335084e-02
-8.903611329881596509e-03 2.217572046122190388e-02
-7.812116558389976644e-03 2.613369414287036382e-02
-6.705549946051256316e-03 2.979650238597703060e-02
-5.590242468242078398e-03 3.315658230826906694e-02
-4.472117868988553270e-03 3.620915562113215941e-02
-3.356692615509318089e-03 3.895197650462814409e-02
-2.249079672708904389e-03 4.138508524080981160e-02
-1.153995523968945379e-03 4.351056986449151204e-02
-7.576990966376038680e-05 4.533233761144359053e-02
9.816421980461550144e-04 4.685589751621146992e-02
2.014646821852160690e-03 4.808815514062618479e-02
3.019995798903772274e-03 4.903722008676827254e-02
3.994770544603037932e-03 4.971222666972792414e-02
4.936365068669535186e-03 5.012316788775245113e-02
5.842468516165851347e-03 5.028074262904634606e-02
6.711047468180391523e-03 5.019621588943112139e-02
7.540328204413748736e-03 4.988129164349131006e-02
8.328779099715070966e-03 4.934799790655632762e-02
9.075093297167291864e-03 4.860858344464324271e-02
9.778171776565366263e-03 4.767542553182568810e-02
1.043710691198382508e-02 4.656094811549561091e-02
1.105116659349243864e-02 4.527754972711332815e-02
1.161977896860833318e-02 4.383754046953490524e-02
1.214251784468651021e-02 4.225308741783706523e-02
1.261908878009751142e-02 4.053616778855669706e-02
1.304931588370713061e-02 3.869852926280618888e-02
1.343312933734959816e-02 3.675165689126819180e-02
1.377055365813165816e-02 3.470674606585001654e-02
1.406169672915198385e-02 3.257468111686474127e-02
1.430673965659380424e-02 3.036601919354178433e-02
1.450592756787844571e-02 2.809097921767798878e-02
1.465956157692860015e-02 2.575943588613807331e-02
1.476799235584409786e-02 2.338091896407345355e-02
1.483161616987131379e-02 2.096461850051382914e-02
1.485087508472518643e-02 1.851939716768368979e-02
1.482626487089278369e-02 1.605381169145750006e-02
1.475835818134153994e-02 1.357614600921325937e-02
1.464785987436024658e-02 1.109445742563345411e-02
1.449573146641857171e-02 8.616624018539536037e-03
1.430344644321033219e-02 6.150318109352347594e-03
1.407332947775457796e-02 3.702656764062858472e-03
1.380840079619300755e-02 1.279448671890715244e-03
1.351156776198470660e-02 -1.114998315841844940e-03
1.318522932596357701e-02 -3.477448674825057116e-03
1.283129567112346534e-02 -5.805440316165138594e-03
1.245126814967023772e-02 -8.097181621086206940e-03
1.204628584534563410e-02 -1.035154053098694474e-02
1.161713543624759773e-02 -1.256807345978101786e-02
1.116423129031193090e-02 -1.474707533153599148e-02
1.068756955092667847e-02 -1.688964506651486480e-02
1.018665616429047412e-02 -1.899776578713088457e-02
9.660405594236132903e-03 -2.107440112395500206e-02
9.107003948557563025e-03 -2.312361012115274339e-02
8.523726857703218043e-03 -2.515068398032438077e-02
7.906698179080672365e-03 -2.716230846267453369e-02
7.250569835403979611e-03 -2.916675614963506330e-02
6.548095009467645722e-03 -3.117411279797357299e-02
5.789555337119250966e-03 -3.319654129603395037e-02
4.961985893638758832e-03 -3.524858449340130540e-02
4.048116963781600575e-03 -3.734750292525117199e-02
3.024914672851369314e-03 -3.951363243796382485e-02
1.861547131073266895e-03 -4.177072462260476154e-02
5.165189342265263158e-04 -4.414618964177075000e-02
-1.066410341687255587e-03 -4.667107691474602083e-02
-2.964100923815260295e-03 -4.937946606821476403e-02
-5.282567077127137307e-03 -5.230662272434893206e-02
-8.169457013884710850e-03 -5.548465016892727836e-02
-1.183233074878961393e-02 -5.893313270076340482e-02
-1.656520826378488423e-02 -6.263979955077927930e-02
-2.278604904789365698e-02 -6.652129002550939696e-02
-3.108582481031490000e-02 -7.034423191837632650e-02
-4.228003255459993059e-02 -7.356772474772325932e-02
-5.741896995665662917e-02 -7.503435457747535675e-02
-7.760638294115221325e-02 -7.239155104699247778e-02
-1.031796299463979966e-01 -6.113861034335225930e-02
-1.311228499403826186e-01 -3.364599101173892243e-02
-1.488043009453023646e-01 1.920038050874630156e-02
-1.258385377253187221e-01 9.417476995535659090e-02
-3.278000102820507328e-02 1.389417641136503068e-01
5.649006051938393336e-02 7.250360060690715092e-02
3.181793888361469230e-02 5.389889982395884398e-03
3.531999490438466390e-03 -4.666482900557489591e-04
-1.707602066767426735e-02 1.257109010368675714e-03
-6.076603341470544067e-02 3.792447366080636817e-02
-1.146526919023398150e-02 1.706428835863923466e-01
1.703079686296238016e-01 1.386302869823581030e-01
2.214393942133538185e-01 0.000000000000000000e+00
1.800683062249178734e-01 -9.109173739268955350e-02
1.239177796315003299e-01 -1.250670503253404342e-01
7.973236243611053764e-02 -1.282021597062930340e-01
4.972466159935242519e-02 -1.187798296674154458e-01
3.029550288911173409e-02 -1.055403486427179405e-01
1.784784816485862624e-02 -9.208438564688974093e-02
9.827363988237044698e-03 -7.972491810577593541e-02
4.579481025579331885e-03 -6.883429212905288475e-02
1.055742564926129886e-03 -5.941760698404241481e-02
-1.412709225565646513e-03 -5.134417098023925929e-02
-3.260939825956844177e-03 -4.443561425195177716e-02
-4.777877466279196496e-03 -3.849513972403241502e-02
-6.156180668846186581e-03 -3.331285117287820230e-02
-7.516701076193984046e-03 -2.866169600983590679e-02
-8.912190098707155686e-03 -2.429181393241181680e-02
-1.030897215804678878e-02 -1.993668009562224452e-02
-1.156814653888324149e-02 -1.536582846264995805e-02
-1.250812551171642285e-02 -1.044188209198850838e-02
-1.295248312263564544e-02 -5.091634883332109111e-03
-1.272290727107731542e-02 6.971948333712634296e-04
-1.164056860438080626e-02 6.841329795494634734e-03
-9.548535366864195628e-03 1.310682662599063630e-02
-6.359032522918123438e-03 1.904167277641861944e-02
-2.128982937318544578e-03 2.391001193573111250e-02
2.839447112502526110e-03 2.665972283595738693e-02
7.895317900933101346e-03 2.598479637188443048e-02
1.199041601711302654e-02 2.058170984446507437e-02
1.379508886075440401e-02 9.723774396166508585e-03
1.212641846597787600e-02 -5.770289361023098196e-03
6.777498599701521804e-03 -2.233823425629467146e-02
-4.812822410072234870e-04 -3.300647224481079861e-02
-5.664456800487245938e-03 -2.896593859113361091e-02
-4.759406232010495764e-03 -5.658865866375033249e-03
1.022412463808869019e-03 2.685695584749868761e-02
2.125220775894040570e-03 3.862589882242112305e-02
