-5.612386913740997170e-04 -2.444422169769966229e-03
-5.072330255042446041e-04 -2.194018360735897587e-03
-3.669175881525644362e-04 -1.529900779410519902e-03
-1.722696480447931345e-04 -6.156573282584034551e-04
3.999573160053153864e-05 3.605407946427993844e-04
2.352517475300209713e-04 1.224536451795733664e-03
3.863307817710829239e-04 1.845548126370564861e-03
4.761883201806133611e-04 2.149943950591386068e-03
4.985223474165894697e-04 2.122745424961465857e-03
4.567419362903046018e-04 1.799544991953026590e-03
3.618359323280870960e-04 1.252469678386280288e-03
2.297017189144827290e-04 5.737910760195706660e-04
7.841584690665569951e-05 -1.398401429652756478e-04
-7.419495816477107838e-05 -8.004631354423688647e-04
-2.124592456100103232e-04 -1.338056525094509768e-03
-3.241440591006269044e-04 -1.705676369524910391e-03
-4.011175372550507658e-04 -1.880815081676637983e-03
-4.394632917741758552e-04 -1.863709153673992220e-03
-4.391606931485051357e-04 -1.673507169990220544e-03
-4.034619453160397801e-04 -1.343224110917033438e-03
-3.380944270511837416e-04 -9.143048903844756825e-04
-2.504014187630096509e-04 -4.314493850874076900e-04
-1.485116809598839550e-04 6.184515011925178856e-05
-4.060303176657204297e-05 5.267592566044586181e-04
6.569950512629881651e-05 9.315442565864060637e-04
1.637720186273551549e-04 1.252862439191439279e-03
2.482849683209208255e-04 1.476194063138259712e-03
3.153527227107559040e-04 1.595484472054957935e-03
3.625591854282023433e-04 1.612227330047043446e-03
3.888839197867913515e-04 1.534178754076327179e-03
3.945546420667277784e-04 1.373879160978144168e-03
3.808510504544735829e-04 1.147131534569029252e-03
3.498824341907666555e-04 8.715520240991963185e-04
3.043580199878994806e-04 5.652755003290276230e-04
2.473650949711220996e-04 2.458678487805484323e-04
1.821660055002607189e-04 -7.052982138373354616e-05
1.120214572716692232e-04 -3.698213414040497742e-04
4.004431662871455128e-05 -6.403524511190083167e-04
-3.091456809679741027e-05 -8.731081185125353326e-04
-9.834911418919159345e-05 -1.061740449819771094e-03
-1.601514639038581229e-04 -1.202460457518511171e-03
-2.146393495236023109e-04 -1.293827123838056561e-03
-2.605611762852453814e-04 -1.336465284095596229e-03
-2.970828983627212894e-04 -1.332740550417222444e-03
-3.237607489071853747e-04 -1.286415388053903201e-03
-3.405036667599229652e-04 -1.202306012896157874e-03
-3.475289046492884199e-04 -1.085955355459792236e-03
-3.453138613564803693e-04 -9.433331857126765491e-04
-3.345466980316249249e-04 -7.805707779271072420e-04
-3.160778111145079190e-04 -6.037343059210235159e-04
-2.908737665804771340e-04 -4.186385306720679603e-04
-2.599748699915212084e-04 -2.307002666659109210e-04
-2.244571649267537413e-04 -4.482955391551707888e-05
-1.853993243203321374e-04 1.346446353166506405e-04
-1.438546264516825835e-04 3.040180267691015587e-04
-1.008279881912611895e-04 4.602282540323434723e-04
-5.725785890094430182e-05 6.008499977499027513e-04
-1.400265408306000485e-05 7.240723084660204969e-04
2.816867726566549789e-05 8.286621240413446620e-04
6.858240959162193286e-05 9.139176483685890542e-04
1.066626046350705164e-04 9.796148524094366178e-04
1.419309676400331145e-04 1.025949923075955908e-03
1.740044673958476211e-04 1.053480044933178573e-03
2.025911652473847985e-04 1.063064472626575312e-03
2.274846633049966687e-04 1.055807451492547094e-03
2.485575418054890360e-04 1.033004178660874416e-03
2.657541125178331486e-04 9.960906721247124798e-04
2.790827713064291489e-04 9.465981328803250083e-04
2.886081900671341629e-04 8.861121452737707582e-04
2.944435473747014187e-04 8.162368614896213081e-04
2.967429591737697197e-04 7.385641549253398486e-04
2.956942362059004252e-04 6.546476005472568437e-04
2.915120638883824961e-04 5.659810443945955446e-04
2.844316731534464243e-04 4.739814552096062298e-04
2.747030472596820099e-04 3.799757048085195509e-04
2.625856896592654809e-04 2.851908965332953009e-04
2.483439614241806010e-04 1.907478494803548552e-04
2.322429832184952174e-04 9.765734704512778717e-05
2.145450860609375782e-04 6.818768876960500645e-06
1.955067868381087418e-04 -8.097925682787543910e-05
1.753762583916901611e-04 -1.650565207300640897e-04
1.543912597178548948e-04 -2.448375329779582362e-04
1.327774890949259021e-04 -3.198467420764432496e-04
1.107473215437159580e-04 -3.897029276246631352e-04
8.849889168060964448e-05 -4.541129932415926022e-04
6.621548353354745958e-05 -5.128653574572285745e-04
4.406519007896930740e-05 -5.658231131043478480e-04
2.220080693947443923e-05 -6.129171001809726078e-04
7.599267543463030482e-07 -6.541390135032447255e-04
-2.013479697392418647e-05 -6.895346448692684467e-04
-4.037524527343680676e-05 -7.191973400025637340e-04
-5.986731453770725549e-05 -7.432617331584292011e-04
-7.853030645428544588e-05 -7.618978069932860926e-04
-9.629624819829904524e-05 -7.753053119442015941e-04
-1.131091616426150551e-04 -7.837085678686992601e-04
-1.289242980463339654e-04 -7.873516609122890256e-04
-1.437073525498605868e-04 -7.864940403289083937e-04
-1.574336707518394422e-04 -7.814065132114291976e-04
-1.700874578558497774e-04 -7.723676294901470063e-04
-1.816609990985723123e-04 -7.596604451944825170e-04
-1.921538987503241375e-04 -7.435696485287547012e-04
-2.015723434960968691e-04 -7.243790307176003768e-04
-2.099283948484475712e-04 -7.023692818206563266e-04
-2.172393141460272372e-04 -6.778160904049838767e-04
-2.235269227266393599e-04 -6.509885254206199037e-04
-2.288169990448018414e-04 -6.221476783303002195e-04
-2.331387138253481178e-04 -5.915455436337187321e-04
-2.365241036532596958e-04 -5.594241165382027965e-04
-2.390075830168061758e-04 -5.260146868991731704e-04
-2.406254942714764844e-04 -4.915373096974779560e-04
-2.414156947063089502e-04 -4.562004330624390750e-04
-2.414171796352996191e-04 -4.202006660103982209e-04
-2.406697401044028350e-04 -3.837226691699078228e-04
-2.392136538290690669e-04 -3.469391528999177091e-04
-2.370894076007749971e-04 -3.100109684043821242e-04
-2.343374495835316338e-04 -2.730872785313910220e-04
-2.309979696235221638e-04 -2.363057961728748293e-04
-2.271107058864169038e-04 -1.997930791276486366e-04
-2.227147759607476108e-04 -1.636648715014676686e-04
-2.178485307148702763e-04 -1.280264825913179786e-04
-2.125494291540609487e-04 -9.297319516265127723e-05
-2.068539326341794723e-04 -5.859069599103279796e-05
-2.007974167759417295e-04 -2.495552225270444174e-05
-1.944140995526759299e-04 7.864481856250068775e-06
-1.877369840793997077e-04 3.980970308173378109e-05
-1.807978147301083130e-04 7.082829599196988697e-05
-1.736270451608201617e-04 1.008757224264343876e-04
-1.662538171470454452e-04 1.299142965577120793e-04
-1.587059489709408155e-04 1.579127383552526593e-04
-1.510099322910924877e-04 1.848457374349452443e-04
-1.431909365993326664e-04 2.106935293316509095e-04
-1.352728201167289514e-04 2.354414854452212367e-04
-1.272781465074848922e-04 2.590797179445577581e-04
-1.192282065439856679e-04 2.816027004160894312e-04
-1.111430439193781470e-04 3.030089048697220218e-04
-1.030414846574006973e-04 3.233004555874038465e-04
-9.494116948789261764e-05 3.424827999792454634e-04
-8.685858871334433719e-05 3.605643964594500801e-04
-7.880911890758516419e-05 3.775564194243428333e-04
-7.080706123103967646e-05 3.934724809522504273e-04
-6.286568080807078233e-05 4.083283691044342027e-04
-5.499724685539941868e-05 4.221418023519895452e-04
-4.721307337015478349e-05 4.349321997406483536e-04
-3.952355984362016005e-05 4.467204662733333174e-04
-3.193823211905506094e-05 4.575287930656682725e-04
-2.446578278586216196e-05 4.673804714947076304e-04
-1.711411127239333032e-05 4.762997211998943074e-04
-9.890363284350222293e-06 4.843115306792551158e-04
-2.800969520551312066e-06 4.914415105034894296e-04
4.148316547207000181e-06 4.977157582063656670e-04
1.095238164717854054e-05 5.031607343337743442e-04
1.760671686132369998e-05 5.078031489132089427e-04
2.410738278392856888e-05 5.116698580811053802e-04
3.045097592698720805e-05 5.147877697960717789e-04
3.663459606879251157e-05 5.171837586511963871e-04
4.265581500114052661e-05 5.188845887387422747e-04
4.851264636138757544e-05 5.199168443325454360e-04
5.420351674109157611e-05 5.203068677504479964e-04
5.972723796835965036e-05 5.200807040070357405e-04
6.508298062237523763e-05 5.192640516308159090e-04
7.027024870126391824e-05 5.178822194739421663e-04
7.528885555126171403e-05 5.159600886933801006e-04
8.013890082834529242e-05 5.135220799682666893e-04
8.482074873159865737e-05 5.105921251409458166e-04
8.933500721024052672e-05 5.071936431870005882e-04
9.368250830146926302e-05 5.033495201966057837e-04
9.786428967510863103e-05 4.990820926173965841e-04
1.018815767972688923e-04 4.944131343575170531e-04
1.057357664980101400e-04 4.893638462153269064e-04
1.094284112445950826e-04 4.839548485892792304e-04
1.129612043638900326e-04 4.782061764124916113e-04
1.163359661991130302e-04 4.721372764162498842e-04
1.195546310326404895e-04 4.657670064542119626e-04
1.226192348824249243e-04 4.591136365856246884e-04
1.255319040167382732e-04 4.521948519534017613e-04
1.282948442529204100e-04 4.450277569833495589e-04
1.309103309151289629e-04 4.376288810067093362e-04
1.333806995454135127e-04 4.300141850282645671e-04
1.357083370956465717e-04 4.221990695016567636e-04
1.378956740010031147e-04 4.141983830494534377e-04
1.399451765241637379e-04 4.060264318946193302e-04
1.418593398893909497e-04 3.976969900242109494e-04
1.436406818245034055e-04 3.892233099589462696e-04
1.452917366577965324e-04 3.806181339053058910e-04
1.468150498594636270e-04 3.718937054353156158e-04
1.482131730357960989e-04 3.630617813506246353e-04
1.494886594172892215e-04 3.541336440029517886e-04
1.506440596008293883e-04 3.451201135743219603e-04
1.516819178870303260e-04 3.360315607111864474e-04
1.526047687852520433e-04 3.268779189917815934e-04
1.534151340991680567e-04 3.176686977638435122e-04
1.541155200108494552e-04 3.084129946024058476e-04
1.547084149036048913e-04 2.991195081126971338e-04
1.551962871720378003e-04 2.897965502225987536e-04
1.555815834858738887e-04 2.804520587445531038e-04
1.558667272521246255e-04 2.710936095772704165e-04
1.560541174569893459e-04 2.617284287852623677e-04
1.561461277338583404e-04 2.523634044833834422e-04
1.561451056877521731e-04 2.430050985258969901e-04
1.560533725292279972e-04 2.336597579285853922e-04
1.558732229692769155e-04 2.243333259995555112e-04
1.556069254684785995e-04 2.150314532420156098e-04
1.552567226300752908e-04 2.057595078691300987e-04
1.548248320380325954e-04 1.965225860559473964e-04
1.543134474729197455e-04 1.873255217392061865e-04
1.537247402412204194e-04 1.781728959140128866e-04
1.530608611608206876e-04 1.690690458865667261e-04
1.523239430070557688e-04 1.600180733521357787e-04
1.515161033456759881e-04 1.510238523331161077e-04
1.506394480913013335e-04 1.420900359992592003e-04
1.496960754606090321e-04 1.332200632541758248e-04
1.486880807280190606e-04 1.244171632210622745e-04
1.476175624744192883e-04 1.156843590579569633e-04
1.464866295174999567e-04 1.070244694788998721e-04
1.452974085989152157e-04 9.844010777762296667e-05
1.440520541478725015e-04 8.993367715379222110e-05
1.427527583673674438e-04 8.150736080986766452e-05
1.414017620206459754e-04 7.316310459086709914e-05
1.400013637711972504e-04 6.490258889079459086e-05
1.385539234690607690e-04 5.672718554031354880e-05
1.370618503634367651e-04 4.863789447968841988e-05
1.355275571943218287e-04 4.063525986620538375e-05
1.339533518978385017e-04 3.271928068254081814e-05
1.323412420441230381e-04 2.488936779649262139e-05
1.306926875252572000e-04 1.714443488130710315e-05
1.290084340044111402e-04 9.483156655481213922e-06
1.272885432935198238e-04 1.904274094578225314e-06
1.255325697708203447e-04 -5.593210735870315085e-06
1.237397528669471045e-04 -1.300997970942698501e-05
1.219091566897082337e-04 -2.034642344630942056e-05
1.200397540362484325e-04 -2.760269146488010913e-05
1.181304712677464072e-04 -3.477874120606086797e-05
1.161802109458498608e-04 -4.187437812530205814e-05
1.141878611603562371e-04 -4.888928559209156668e-05
1.121522986694467247e-04 -5.582304697279095638e-05
1.100723883020709028e-04 -6.267516050066643317e-05
1.079469803683790472e-04 -6.944504990314388326e-05
1.057749077051078353e-04 -7.613207098905772660e-05
1.035549816595254417e-04 -8.273551523913404550e-05
1.012859887602353122e-04 -8.925461141205005410e-05
9.896668715588579561e-05 -9.568852502110736864e-05
9.659580265262361198e-05 -1.020363570347768351e-04
9.417202595202701855e-05 -1.082971406162043190e-04
9.169400911952313655e-05 -1.144698373010587732e-04
8.916036254651472123e-05 -1.205533321257832246e-04
8.656965249491347801e-05 -1.265464279398948420e-04
8.392039785442050655e-05 -1.324478389043036908e-04
8.121106806633402819e-05 -1.382561832072330883e-04
7.844008062375294136e-05 -1.439699750183963465e-04
7.560579882170831716e-05 -1.495876157133779771e-04
7.270652989738640498e-05 -1.551073844511447787e-04
6.974052296499867797e-05 -1.605274275735133957e-04
6.670596768270912916e-05 -1.658457476789772385e-04
6.360099288846861440e-05 -1.710601914286045272e-04
6.042366529207597418e-05 -1.761684363805134416e-04
5.717198926291042508e-05 -1.811679772796588725e-04
5.384390583816563202e-05 -1.860561105842293097e-04
5.043729328002436244e-05 -1.908299185379379835e-04
4.694996759342970989e-05 -1.954862515107932898e-04
4.337968351256468237e-05 -2.000217091421403965e-04
3.972413673020991907e-05 -2.044326202427546144e-04
3.598096652281240477e-05 -2.087150208192938494e-04
3.214775919036401950e-05 -2.128646310499342589e-04
2.822205305147025534e-05 -2.168768297060168519e-04
2.420134440920393621e-05 -2.207466272417593633e-04
2.008309487576245605e-05 -2.244686367031288794e-04
1.586474103332828286e-05 -2.280370425327998721e-04
1.154370524597437967e-05 -2.314455669791208971e-04
7.117409391637851920e-06 -2.346874340261495182e-04
2.583291032215903594e-06 -2.377553309824352557e-04
-2.061177472243911051e-06 -2.406413668572208596e-04
-6.818465799329461244e-06 -2.433370287881693494e-04
-1.169095915909599778e-05 -2.458331345456364484e-04
-1.668092646705957374e-05 -2.481197822148618263e-04
-2.179048349135558733e-05 -2.501862970742963757e-04
-2.702154949002085155e-05 -2.520211751394580086e-04
-3.237579702953112038e-05 -2.536120232072233715e-04
-3.785459325871070549e-05 -2.549454963514279147e-04
-4.345893221021375605e-05 -2.560072324256984153e-04
-4.918935626410357869e-05 -2.567817834232432499e-04
-5.504586519607564392e-05 -2.572525454727068485e-04
-6.102781148881049843e-05 -2.574016863744408830e-04
-6.713377973966501606e-05 -2.572100736551500254e-04
-7.336144852165477136e-05 -2.566572018364723191e-04
-7.970743096195569816e-05 -2.557211227226986348e-04
-8.616709343588136360e-05 -2.543783790364574767e-04
-9.273434766780495593e-05 -2.526039451298113352e-04
-9.940141414010609860e-05 -2.503711763744808760e-04
-1.061585537539248717e-04 -2.476517742672506195e-04
-1.129937627622879496e-04 -2.444157685891186699e-04
-1.198924291332063429e-04 -2.406315263571281787e-04
-1.268369454306055922e-04 -2.362657928002701642e-04
-1.338062763755397356e-04 -2.312837769854885774e-04
-1.407754763312419667e-04 -2.256492901189249443e-04
-1.477151566427962863e-04 -2.193249545902194414e-04
-1.545908991144387401e-04 -2.122725002655136421e-04
-1.613626199431850757e-04 -2.044531676536864005e-04
-1.679838868668217828e-04 -1.958282425782519151e-04
-1.744011964263427741e-04 -1.863597556184113291e-04
-1.805532258294139975e-04 -1.760113748229458262e-04
-1.863700797949622158e-04 -1.647495357488299882e-04
-1.917725634902935625e-04 -1.525448512262588951e-04
-1.966715250892750000e-04 -1.393738494952998235e-04
-2.009673295699666428e-04 -1.252210969354557418e-04
-2.045495421878729364e-04 -1.100817549961392752e-04
-2.072969346206916461e-04 -9.396462280081417271e-05
-2.090779505586703817e-04 -7.689572277034811690e-05
-2.097518120295686320e-04 -5.892243782880178082e-05
-2.091704918967473518e-04 -4.011821292445954222e-05
-2.071818172298358534e-04 -2.058776845481101263e-05
-2.036340320777401314e-04 -4.727083187450929974e-07
-1.983821792320674055e-04 2.004268810637573474e-05
-1.912966853245980754e-04 4.072583989176319422e-05
-1.822745317755158846e-04 6.129094995046005469e-05
-1.712533354226853223e-04 8.139553778214004361e-05
-1.582284805683487636e-04 1.006394388944950846e-04
-1.432731682960185823e-04 1.185675607702456601e-04
-1.265607764315783001e-04 1.346779516188482408e-04
-1.083881777166270113e-04 1.484368273565423531e-04
-8.919773965457828790e-05 1.593021485763654039e-04
-6.959441257347576105e-05 1.667567548537672757e-04
-5.035305080356642222e-05 1.703508530567298220e-04
-3.240976205802771864e-05 1.697514570754927381e-04
-1.683047920116946788e-05 1.647931079943053311e-04
-4.750677606216898428e-06 1.555195109302719538e-04
2.717064391613007801e-06 1.422007612830030951e-04
4.605155559622984066e-06 1.253057835953124777e-04
2.313975982926397084e-07 1.054071126962775916e-04
-1.066316723291470703e-05 8.299727462286556382e-05
-2.780638572342107305e-05 5.820372609941359824e-05
-5.033994862575605936e-05 3.040012899859631041e-05
-7.681422460616969567e-05 -2.284415760340211725e-06
-1.051771722877378138e-04 -4.358210589168660422e-05
-1.326185471013259498e-04 -9.994810027522760081e-05
-1.550266922608034797e-04 -1.820139319487499359e-04
-1.657076823563868526e-04 -3.074721105425775192e-04
-1.529572240288964871e-04 -5.073048201958846055e-04
-9.638004360873936348e-05 -8.397671543392202760e-04
3.593890633894888595e-05 -1.422499381496979002e-03
2.767493561521235969e-04 -2.506503090393546150e-03
5.809532627998846566e-04 -4.638491767069169262e-03
4.865349824194845768e-04 -8.957615849182885837e-03
-2.010845116330197899e-03 -1.743500874053839286e-02
-1.315180729187181118e-02 -3.166365234746575802e-02
-4.619561807622411809e-02 -4.595009764786989193e-02
-1.124655678756059929e-01 -3.176256736992415924e-02
-1.813153869788295958e-01 6.248231152342814676e-02
-1.484733791267726366e-01 2.379221176738217369e-01
5.790946762433094031e-02 3.553152334939294055e-01
3.132963895607576155e-01 2.581488530403689419e-01
4.079954196163264046e-01 0.000000000000000000e+00
3.000172000755548241e-01 -2.223494280045829885e-01
1.112509639385700216e-01 -2.982391704805424926e-01
-3.951523298017685371e-02 -2.547436232585087446e-01
-1.140452409016141644e-01 -1.663058958791732711e-01
-1.289169169436838180e-01 -8.489547898077355603e-02
-1.131658010636295286e-01 -2.886539304868619704e-02
-8.795031666168669215e-02 2.965071265935648182e-03
-6.393260246857833395e-02 1.794100523103382000e-02
-4.479344849145729807e-02 2.304987229369968166e-02
-3.082244329935512894e-02 2.312152292964846090e-02
-2.109650789115879305e-02 2.100006926434703006e-02
-1.449562168287191546e-02 1.818251048117007149e-02
-1.006902002225733631e-02 1.537635314394104891e-02
-7.110223705800439511e-03 1.286866222397405751e-02
-5.127385216875143641e-03 1.074021825414019256e-02
-3.789659047710010765e-03 8.979916611268188090e-03
-2.878404403732790894e-03 7.541980823712095272e-03
-2.250243071724595742e-03 6.372666180564341178e-03
-1.811284811711967851e-03 5.421549584933218514e-03
-1.499880428887580709e-03 4.645431078867992211e-03
-1.275331375231972221e-03 4.008922725898297033e-03
-1.110576128009768421e-03 3.483711136275439296e-03
-9.874700964192589196e-04 3.047415308083962354e-03
-8.937365549196143923e-04 2.682437582359295958e-03
-8.209896195251822903e-04 2.374957059773746305e-03
-7.634450366794932842e-04 2.114102273869978427e-03
-7.170735106267995618e-04 1.891293805993702823e-03
-6.790403016997108993e-04 1.699731343290108478e-03
-6.473311867661154986e-04 1.533997440592258475e-03
-6.205006542376217179e-04 1.389752678686564588e-03
-5.975008596182083704e-04 1.263501441191848453e-03
-5.775644267651731424e-04 1.152411707117067695e-03
-5.601234814113613403e-04 1.054176040041585050e-03
-5.447531634203785006e-04 9.669039233143633021e-04
-5.311319405902139050e-04 8.890380462918189919e-04
-5.190134705566160512e-04 8.192888583515071065e-04
-5.082065080978983695e-04 7.565831511045315733e-04
-4.985604316574071895e-04 7.000234488662365273e-04
-4.899547602223551382e-04 6.488557617272615015e-04
-4.822914878015423039e-04 6.024438410587830894e-04
-4.754894536085122435e-04 5.602485152589827856e-04
-4.694801823452325932e-04 5.218110158527386726e-04
-4.642047873503169593e-04 4.867394582763062021e-04
-4.596116541105982204e-04 4.546978210336349597e-04
-4.556547001275072372e-04 4.253969200484515730e-04
-4.522920646345952823e-04 3.985869862418270110e-04
-4.494851135311917281e-04 3.740515310922496871e-04
-4.471976844895693892e-04 3.516022505012064876e-04
-4.453955128497426134e-04 3.310747827436528751e-04
-4.440457922997321236e-04 3.123251550390424383e-04
-4.431168418937835463e-04 2.952268021363502301e-04
-4.425778490589629363e-04 2.796680499603091167e-04
-4.423986755301892839e-04 2.655499885504369450e-04
-4.425497085843506265e-04 2.527846655662295550e-04
-4.430017501236416916e-04 2.412935472714943257e-04
-4.437259311912431035e-04 2.310062055020070573e-04
-4.446936486678510067e-04 2.218591900024764307e-04
-4.458765190488854133e-04 2.137950590184654843e-04
-4.472463440916096909e-04 2.067615450590562607e-04
-4.487750876288707923e-04 2.007108317324514878e-04
-4.504348594357395798e-04 1.955989269879983045e-04
-4.521979046399699160e-04 1.913851170931534223e-04
-4.540365982860826780e-04 1.880314901998074114e-04
-4.559234447046912626e-04 1.855025190324991499e-04
-4.578310788683379821e-04 1.837646928750608175e-04
-4.597322707505620211e-04 1.827861940707576141e-04
-4.615999314268783710e-04 1.825366108876762077e-04
-4.634071224118122847e-04 1.829866815841125539e-04
-4.651270660640849418e-04 1.841080657240347146e-04
-4.667331584199805759e-04 1.858731388251124849e-04
-4.681989843581930121e-04 1.882548065940677995e-04
-4.694983342232113320e-04 1.912263355598057060e-04
-4.706052244692482270e-04 1.947611987593970441e-04
-4.714939204747760652e-04 1.988329329644815727e-04
-4.721389623369552256e-04 2.034150070026541021e-04
-4.725151964528426663e-04 2.084806971780854546e-04
-4.725978104653843137e-04 2.140029714929312418e-04
-4.723623735066107736e-04 2.199543788983745779e-04
-4.717848845661991460e-04 2.263069437949388871e-04
-4.708418267876211686e-04 2.330320642671860698e-04
-4.695102321560509708e-04 2.401004142939908864e-04
-4.677677560461647021e-04 2.474818483707027063e-04
-4.655927666771988017e-04 2.551453095707790293e-04
-4.629644476197544213e-04 2.630587402877878722e-04
-4.598629207333727463e-04 2.711889966017107766e-04
-4.562693908518036454e-04 2.795017680142432726e-04
-4.521663183490218338e-04 2.879615051456643825e-04
-4.475376245593900128e-04 2.965313586501918449e-04
-4.423689378425135592e-04 3.051731363964526721e-04
-4.366478866373291168e-04 3.138472886314287811e-04
-4.303644504507160356e-04 3.225129372629634262e-04
-4.235113753446046315e-04 3.311279718740271815e-04
-4.160846573719130309e-04 3.396492480626145307e-04
-4.080840871769356648e-04 3.480329398598975546e-04
-3.995138245993335802e-04 3.562351130212329368e-04
-3.903829226286043117e-04 3.642126000299008085e-04
-3.807056487031674173e-04 3.719242395326234846e-04
-3.705013574308423790e-04 3.793324603990531028e-04
-3.597936300877361800e-04 3.864049997497097442e-04
-3.486085329662284762e-04 3.931162933531415779e-04
-3.369722346974212183e-04 3.994479664679003242e-04
-3.249086350050506039e-04 4.053881340200040945e-04
-3.124376981859719720e-04 4.109297723043301700e-04
-2.995747773339474699e-04 4.160687841320379618e-04
-2.863307526645078181e-04 4.208022950840042834e-04
-2.727126296860878183e-04 4.251274107116876657e-04
-2.587242932644949348e-04 4.290404278420672200e-04
-2.443672478870726307e-04 4.325363911264801286e-04
-2.296412671378123514e-04 4.356088804494662441e-04
-2.145449392867903801e-04 4.382499400250585916e-04
-1.990761169241558664e-04 4.404500895063514403e-04
-1.832322870455107568e-04 4.421983817008085849e-04
-1.670108798707069350e-04 4.434824819785500956e-04
-1.504095316940369997e-04 4.442887620064167186e-04
-1.334263123089382791e-04 4.446023947638317545e-04
-1.160599293791741591e-04 4.444074565706268619e-04
-9.830991185203280199e-05 4.436870228902151233e-04
-8.017678344176775817e-05 4.424232730882876087e-04
-6.166223059777013391e-05 4.405975910507927643e-04
-4.276925708389088814e-05 4.381906659605373983e-04
-2.350234431572079813e-05 4.351826023845041438e-04
-3.867610363681833188e-06 4.315530327067184030e-04
1.612704495624329407e-05 4.272812261528819073e-04
3.647176401622002385e-05 4.223462194240502031e-04
5.715458936837378157e-05 4.167269423371706104e-04
7.816129250978943359e-05 4.104023531879985196e-04
9.947520957539676949e-05 4.033515926971896481e-04
1.210770758815666074e-04 3.955541365121687577e-04
1.429448567119061611e-04 3.869899624681050697e-04
1.650535748344079587e-04 3.776397356988931168e-04
1.873751401243875579e-04 3.674849999780857492e-04
2.098781721806751660e-04 3.565083819723278546e-04
2.325278330575808222e-04 3.446938138040407857e-04
2.552856493679598010e-04 3.320267649126309789e-04
2.781093446863179162e-04 3.184945011451508802e-04
3.009526796245706520e-04 3.040863413877634516e-04
3.237652848243489489e-04 2.887939374619238149e-04
3.464925131839272131e-04 2.726115795487757463e-04
3.690752939810245411e-04 2.555365001323005921e-04
3.914500098885778049e-04 2.375692129527958612e-04
4.135483764343943084e-04 2.187138429001668103e-04
4.352973435349136947e-04 1.989784885273291227e-04
4.566190214498968311e-04 1.783755918212707407e-04
4.774306323538581205e-04 1.569223204990755072e-04
4.976444846954607365e-04 1.346409594733210234e-04
5.171679811541078468e-04 1.115593101517358711e-04
5.359036704556954193e-04 8.771109574691948133e-05
5.537493354128511123e-04 6.313636789180026199e-05
5.705981350570986030e-04 3.788191442185033161e-05
5.863387859811050118e-04 1.200165532499683236e-05
6.008558156948126585e-04 -1.444295827426536746e-05
6.140298856865199868e-04 -4.138257017065484879e-05
6.257381724411904822e-04 -6.873956368278020135e-05
6.358548361597490123e-04 -9.642773723774129054e-05
6.442515660921321365e-04 -1.243520151811956472e-04
6.507982290797337645e-04 -1.524081956409884171e-04
6.553636072048330246e-04 -1.804827580009288270e-04
6.578162499506061975e-04 -2.084527333084809707e-04
6.580254323934209976e-04 -2.361856483048257061e-04
6.558622385330602775e-04 -2.635395550594028715e-04
6.512007621479891416e-04 -2.903631578070815008e-04
6.439194436576754429e-04 -3.164960561943390991e-04
6.339025374823959282e-04 -3.417691200272334460e-04
6.210417232657216386e-04 -3.660049802189710563e-04
6.052378395479450588e-04 -3.890187067013337182e-04
5.864027805881057371e-04 -4.106186351954608637e-04
5.644615093550274911e-04 -4.306073965293535206e-04
5.393542098273815168e-04 -4.487831333044192228e-04
5.110385654522648811e-04 -4.649409427346242558e-04
4.794921485414951673e-04 -4.788745499726565101e-04
4.447149125996394375e-04 -4.903782152362970740e-04
4.067317600754714402e-04 -4.992488987957560166e-04
3.655951708211904435e-04 -5.052886876184275880e-04
3.213878622235533697e-04 -5.083074823193287333e-04
2.742254386698347347e-04 -5.081259535048716349e-04
2.242589932452573561e-04 -5.045787550775515835e-04
1.716776224522228653e-04 -4.975179914982686335e-04
1.167107879698763722e-04 -4.868169198408781040e-04
5.963046767279247032e-05 -4.723738596912163256e-04
7.530297536083069461e-07 -4.541162844417906104e-04
-5.955925219819791644e-05 -4.320050441541224782e-04
-1.208971280156481763e-04 -4.060386719197763873e-04
-1.828038323073186513e-04 -3.762577047281012461e-04
-2.447751846868033128e-04 -3.427489445197267866e-04
-3.062604269974083908e-04 -3.056495652995659608e-04
-3.666639165008141882e-04 -2.651509599481017697e-04
-4.253477813930543923e-04 -2.215022077788450137e-04
-4.816356614093621267e-04 -1.750130258579553030e-04
-5.348176422459398468e-04 -1.260560598745669614e-04
-5.841564954053052750e-04 -7.506834588937358723e-05
-6.288953236083119971e-04 -2.255177655522658427e-05
-6.682666996256740599e-04 3.092761552521931931e-05
-7.015033673643167236e-04 8.474174233878418701e-05
-7.278505507419827728e-04 1.382041029095637443e-04
-7.465798807865754380e-04 1.905751676421452395e-04
-7.570049217020204026e-04 2.410696771553987082e-04
-7.584982161059035995e-04 2.888660141411301973e-04
-7.505097255511847861e-04 3.331177669546894976e-04
-7.325864737477286778e-04 3.729675802972875803e-04
-7.043931239764767522e-04 4.075633220760092011e-04
-6.657331472259460110e-04 4.360765424720701162e-04
-6.165701408902535523e-04 4.577231163453582014e-04
-5.570487642726434192e-04 4.717858702810313323e-04
-4.875146596057237003e-04 4.776388883321554040e-04
-4.085326185237352385e-04 4.747730687066814060e-04
-3.209021573070126019e-04 4.628223704981799277e-04
-2.256695680775009304e-04 4.415900474512629765e-04
-1.241354296404597549e-04 4.110740154900139362e-04
-1.785649601464367833e-05 3.714903537116580356e-04
9.135915885485210099e-05 3.232937909456720183e-04
2.014648629103027227e-04 2.671939035897269010e-04
3.101970218121091511e-04 2.041656469056491330e-04
4.151067400765533644e-04 1.354527713124565214e-04
5.136022173229941746e-04 6.256266107635674372e-05
6.030025173326574502e-04 -1.274882059607235565e-05
6.806029847507551016e-04 -8.850376681609508061e-05
7.437521699572608065e-04 -1.625410030038756731e-04
7.899396101294113223e-04 -2.325679286041866392e-04
8.168932027727675033e-04 -2.962256891593797949e-04
8.226841966374423987e-04 -3.511673511471546960e-04
8.058370323950978919e-04 -3.951480269411088543e-04
7.654404076211790420e-04 -4.261250454035530591e-04
7.012550441386476187e-04 -4.423653003581994774e-04
6.138127477713333901e-04 -4.425558625961887259e-04
5.045005248052782934e-04 -4.259128635540257294e-04
3.756228203350033120e-04 -3.922826046944243440e-04
2.304344564762279206e-04 -3.422279027031342627e-04
7.313666752305069557e-05 -2.770919434285936366e-04
-9.117114616329194442e-05 -1.990315061767644969e-04
-2.565905809498317063e-04 -1.110114573452311289e-04
-4.165795828353819914e-04 -1.675303905794621549e-05
-5.641671870669289716e-04 7.937018074425842120e-05
-6.922279805858845298e-04 1.724926654355435286e-04
-7.938129514238956904e-04 2.574744758441422960e-04
-8.625289284093630524e-04 3.291729641944536339e-04
-8.929536714466406247e-04 3.827606766488715921e-04
-8.810680380410382435e-04 4.140760192619293836e-04
-8.246808368085248699e-04 4.199873226537014208e-04
-7.238164167141460017e-04 3.987450624631224479e-04
-5.810302939109728828e-04 3.502917455518845223e-04
-4.016148835857318781e-04 2.764950880780956809e-04
-1.936564991847826520e-04 1.812684405367926191e-04
3.209287154216100839e-05 7.054389609964887566e-05
2.625587970401234384e-04 -4.793087337581345331e-05
4.829196153020305746e-04 -1.649901097852897772e-04
6.774062491753310563e-04 -2.706410569797158263e-04
8.302437517088573100e-04 -3.548036392036903555e-04
9.277005684780611182e-04 -4.086158319345299769e-04
9.591155514924519336e-04 -4.253129426625088796e-04
