4.846366388230985423e-02 -3.899000678267611902e-03
4.013184175588867253e-02 -3.638947488107328876e-03
3.240231427774224043e-02 -3.336376120854253960e-03
2.544329486207028146e-02 -2.976035431172424292e-03
1.927290011859545543e-02 -2.525419331238171541e-03
1.389094432557692188e-02 -1.945799140479230471e-03
9.253630704795991202e-03 -1.223235394014181559e-03
5.350641187514965091e-03 -3.873258374760962797e-04
2.277056058020318109e-03 4.023665302367288488e-04
2.395249681499702331e-04 6.201778525586148193e-04
-5.413708339899547892e-04 -7.309496406326835638e-04
1.224509486216564767e-02 -3.285368942287059113e-02
-1.401585673116726993e-01 -3.680941343472866889e-02
-1.473978296000077737e-01 -1.659013099345765796e-02
-1.267208840183426943e-01 -1.298885197306420825e-02
-1.043085295542963559e-01 -1.687916308913043478e-02
-8.554275172843242570e-02 -2.338058732635923953e-02
-7.130588069405935370e-02 -3.045045001448101404e-02
-6.139754025761742090e-02 -3.718294154090938386e-02
-5.536862811330681144e-02 -4.310938161852009842e-02
-5.275372789340629365e-02 -4.790410535058022695e-02
-5.311760950051011565e-02 -5.112717110310131124e-02
-5.547221089845772585e-02 -5.275463934075701189e-02
-5.924411866987046998e-02 -5.286252975249149111e-02
-6.397088921552028518e-02 -5.150632859673017622e-02
-6.924269497041771193e-02 -4.873708288966439178e-02
-7.468215234781937217e-02 -4.461367221048785636e-02
-7.993641869312327619e-02 -3.921166734832496475e-02
-8.467528988567157855e-02 -3.262967651881956005e-02
-8.859290031018778044e-02 -2.499355567805822825e-02
-9.141174817366196081e-02 -1.645864158053055373e-02
-9.288818000040971468e-02 -7.210090279479729886e-03
-9.281864746503795671e-02 2.538608850064821842e-03
-9.104614349690839936e-02 1.254885447572445800e-02
-8.746628657246544036e-02 2.256176490946475155e-02
-8.203257521683096631e-02 3.230444995738775138e-02
-7.476038952024115225e-02 4.149750502098314975e-02
-6.572937794322795957e-02 4.986346257349665717e-02
-5.508393777778557154e-02 5.713589391361154068e-02
-4.303157651965132391e-02 6.306881944228989734e-02
-2.983902802157486350e-02 6.744606098044300668e-02
-1.582608973540866604e-02 7.009015667159933238e-02
-1.357243104330087269e-03 7.087045907233695263e-02
1.316878467339690703e-02 6.971005085923366595e-02
2.733126586742946201e-02 6.659114035279722899e-02
4.070118534322660075e-02 6.155864042347340692e-02
5.285600424948289772e-02 5.472168843599450189e-02
6.339499086971397968e-02 4.625293035124247720e-02
7.195458417107322702e-02 3.638546715537663984e-02
7.822322189265594472e-02 2.540744424547658822e-02
8.195505065383404397e-02 1.365435176851453533e-02
8.298194196121924660e-02 1.499193420117974490e-03
8.122326599542070702e-02 -1.065923009343797134e-02
7.669292488481747883e-02 -2.240959191497396419e-02
6.950321837668171909e-02 -3.334245538596042335e-02
5.986520626215023622e-02 -4.306535929838307963e-02
4.808534177069779397e-02 -5.121804070684322918e-02
3.455827589742331563e-02 -5.748722493373890907e-02
1.975587106046431535e-02 -6.162039153534857455e-02
4.212609760003115100e-03 -6.343792433842145029e-02
-1.149226442029298301e-02 -6.284307478151301973e-02
-2.675538503973059340e-02 -5.982921172268834686e-02
-4.097204673994363222e-02 -5.448389798765020109e-02
-5.356036806362844682e-02 -4.698942389485485926e-02
-6.398595074245480574e-02 -3.761953968434901541e-02
-7.178606124128618371e-02 -2.673226022223320134e-02
-7.659229822686819400e-02 -1.475876368216889022e-02
-7.815068277450404333e-02 -2.188567318620045915e-03
-7.633812155309191438e-02 1.044866679540153859e-02
-7.117425113308120666e-02 2.260417074790148709e-02
-6.282777703517486434e-02 3.373326055698403630e-02
-5.161657586931180791e-02 4.331982532081785076e-02
-3.800103287986662803e-02 5.090112590847778451e-02
-2.257033836807736948e-02 5.609180231958575680e-02
-6.021760441169029393e-03 5.860591372854827980e-02
1.086675861038876451e-02 5.827580440250832577e-02
2.726997902778009047e-02 5.506660995672767178e-02
4.235364068519693881e-02 4.908529858821464309e-02
5.531620063300949491e-02 4.058328626353875646e-02
6.543224455818270890e-02 2.995187645157155326e-02
7.209548072579216593e-02 1.771005424368164369e-02
7.485898474877847319e-02 4.484508538359004842e-03
7.347021227642434871e-02 -9.017842714091020562e-03
6.789825882811033331e-02 -2.204410212134778543e-02
5.835094473746083032e-02 -3.383521914773966743e-02
4.527955877944867674e-02 -4.366971197849923991e-02
2.936952180982828342e-02 -5.090914143047500090e-02
1.151583962147287137e-02 -5.504278395266609669e-02
-7.216999657744155999e-03 -5.572863080323627039e-02
-2.565007826329983309e-02 -5.282764926896085095e-02
-4.255836155875648841e-02 -4.642821925094924029e-02
-5.674940793661364946e-02 -3.685784254123114501e-02
-6.714841676854879648e-02 -2.467964492977868865e-02
-7.288441985553241464e-02 -1.067187535745848723e-02
-7.337144884246019072e-02 4.210440541368438983e-03
-6.837781699813311187e-02 1.889132504469645188e-02
-5.807636402342398335e-02 3.224535363471840027e-02
-4.306875282313418762e-02 4.318146042766005110e-02
-2.437779147494039192e-02 5.073402688306417191e-02
-3.403369024566785944e-03 5.415468151476729441e-02
1.816001788441228351e-02 5.299693012144211790e-02
3.844303279891195940e-02 4.718486714651928815e-02
5.555366973763448124e-02 3.705699502349130842e-02
6.775273241512184963e-02 2.337680095072907499e-02
7.363923617405988831e-02 7.303380598837845572e-03
7.232841791664804121e-02 -9.681835178827997296e-03
6.360204069908542701e-02 -2.589229174822077137e-02
4.800925488067010749e-02 -3.959259117331148659e-02
2.689709162709339949e-02 -4.918335927708577388e-02
2.353316266396527495e-03 -5.339840559092879496e-02
-2.294872385719028823e-02 -5.149258764788795795e-02
-4.600336349722707746e-02 -4.339491175995020822e-02
-6.381086808693146872e-02 -2.979995764683857767e-02
-7.377232115959253544e-02 -1.217272600306282086e-02
-7.409730604024243605e-02 7.351672218499860634e-03
-6.416718526002816725e-02 2.618098321106111792e-02
-4.478860384817685836e-02 4.158328836852459576e-02
-1.827215712083013477e-02 5.108175715573200909e-02
1.171695703332679972e-02 5.287913207425608275e-02
4.056396834278971908e-02 4.624627524766587727e-02
6.335363975282909399e-02 3.179754107090695253e-02
7.570160270630395261e-02 1.157559659456594212e-02
7.465139061984001068e-02 -1.111597984339430384e-02
5.947202521644207041e-02 -3.215972765196269123e-02
3.216234825125335872e-02 -4.732613140497451271e-02
-2.525136710997237521e-03 -5.314061139117427779e-02
-3.767317946284970409e-02 -4.775990043232045817e-02
-6.542429933752087756e-02 -3.165146761672418124e-02
-7.870666012722934979e-02 -7.855218820261272716e-03
-7.314696822745248017e-02 1.835188208365681750e-02
-4.869743289853809692e-02 4.045843533439127948e-02
-1.042696386753385815e-02 5.228598694137693431e-02
3.200479498553512880e-02 4.981090444398419970e-02
6.641368391840771213e-02 3.274319669657151100e-02
8.147582170431584558e-02 5.275148431485670447e-03
7.065762496723673736e-02 -2.449924082993827981e-02
3.542763228460453495e-02 -4.667713291386757501e-02
-1.370463664799345671e-02 -5.281234471144501119e-02
-5.943352083913723549e-02 -3.941033887185543816e-02
-8.329960576085038149e-02 -1.026184894605764591e-02
-7.333632182346570827e-02 2.377328651843798116e-02
-3.080920509534738200e-02 4.823753977633801759e-02
2.758176374130254585e-02 5.115248103551831710e-02
7.473766525831801455e-02 2.942578816793578120e-02
8.519424778489190220e-02 -7.769890385511360464e-03
4.966809998697002682e-02 -4.157965607961545268e-02
-1.586155018296770552e-02 -5.245761330447257925e-02
-7.437259952728450529e-02 -3.202634341571627269e-02
-8.734036291772268035e-02 9.177612616074228014e-03
-4.123160147507352880e-02 4.500148289026652260e-02
3.662361044426786644e-02 4.941407528987894204e-02
8.966876047520125348e-02 1.657938474156343128e-02
7.198644230701206626e-02 -3.008326226939272291e-02
-8.676288537831235159e-03 -5.191042386526046465e-02
-8.488074700186180876e-02 -2.722582035468691999e-02
-8.155620711152988811e-02 2.385702811387034952e-02
6.634544466324623913e-03 5.121738906448451700e-02
9.143562086347815920e-02 2.338862307396091106e-02
7.235169636112215308e-02 -3.156077684898322966e-02
-3.845519618181210408e-02 -4.807171684021397523e-02
-1.028440279219883652e-01 -1.887552720560521646e-03
-2.319207223306159193e-02 4.682072992183716059e-02
9.558318101188494065e-02 2.590746574884818937e-02
6.398110274895063565e-02 -3.565973841626590701e-02
-8.075140422862235601e-02 -3.623713290160423400e-02
-8.160870031875726294e-02 2.817443267915835381e-02
8.063827066467761651e-02 3.674339838167088590e-02
7.798620289562202545e-02 -2.986232025548445079e-02
-1.038774301152488450e-01 -2.819442528737120535e-02
-3.870197553181135147e-02 3.837095399644465527e-02
1.320111644549916141e-01 5.147004433008216251e-03
-6.386682610327375220e-02 -3.752431732586101326e-02
-7.442489112792768924e-02 2.840306817290952704e-02
1.588840558857622931e-01 0.000000000000000000e+00
-1.576860669347653898e-01 -1.914464032739895960e-02
1.100404836539616849e-01 2.181150946992270467e-02
-6.009136134977971500e-02 -1.549570602072474282e-02
2.694833732186991890e-02 8.319398347482562239e-03
-1.019980692240273802e-02 -3.614031353268744740e-03
3.315944332190091763e-03 1.314970023960960977e-03
-9.373331412541119692e-04 -4.091357266352479353e-04
2.324007665055032859e-04 1.103778725102588163e-04
-5.092035206954218754e-05 -2.606746891237687351e-05
9.880098662326062877e-06 5.434878775697064946e-06
-1.731489851766291640e-06 -1.000684702737715717e-06
2.519788147439269581e-07 1.679303019236503618e-07
-4.977063243852297712e-08 -2.188025813942179607e-08
-6.867003398949942824e-09 5.406104885468199448e-09
-1.088536565265796568e-08 1.599237719835684012e-09
-9.283106747763916986e-09 1.823402324828433277e-09
-8.410538322413003053e-09 1.600569333936448413e-09
-7.562968760708851030e-09 1.443497456551590821e-09
-6.801076048539054522e-09 1.297187979851529188e-09
-6.110978791848758711e-09 1.165166140178082256e-09
-5.485886633655355843e-09 1.045578813634350882e-09
-4.914724976493365507e-09 9.365458971917141412e-10
-4.443902419205909874e-09 8.441366432632244838e-10
-2.863888258831943040e-09 5.683842383540508118e-10
-2.705412028314544615e-08 5.114161527949503675e-09
6.031216380611221385e-07 -1.268647131117290019e-07
