-1.897116932945891732e-01 -5.791807755401329888e-02
-1.826245935508333251e-01 -5.569037965382949568e-02
-1.655647958340995818e-01 -5.010791746487288506e-02
-1.399859420546359368e-01 -4.167231425320882393e-02
-1.077673064505716150e-01 -3.104185355949020189e-02
-7.113234949752826608e-02 -1.899655338774131758e-02
-3.230248715279336602e-02 -6.318667236872977863e-03
6.602477141118867285e-03 6.246811888106648669e-03
4.366109826053285459e-02 1.802937097863290331e-02
7.722591021528700528e-02 2.846177205821988007e-02
1.059746157245931714e-01 3.709924328267469318e-02
1.289372308748141793e-01 4.362922554818079307e-02
1.455013298360149920e-01 4.787252406065092142e-02
1.553985468990121965e-01 4.977712960620575555e-02
1.586760352701319376e-01 4.940620299409961835e-02
1.556567696770975728e-01 4.692179839937905828e-02
1.468924932273649731e-01 4.256586793963184484e-02
1.331128181212137274e-01 3.663996933163775338e-02
1.151735583538122526e-01 2.948491766035370859e-02
9.400685695981726708e-02 2.146140535577732711e-02
7.057511884760189758e-02 1.293238224868548981e-02
4.583021190466075173e-02 4.247757047069222226e-03
2.067888365066054140e-02 -4.268234272743374851e-03
-4.045120712259507589e-03 -1.232683970045930603e-02
-2.760214735357168284e-02 -1.968179117293728658e-02
-4.936115942522579375e-02 -2.613363291073101877e-02
-6.880817540727582338e-02 -3.153161590891896682e-02
-8.554927225134936752e-02 -3.577346393175605960e-02
-9.930891681522270587e-02 -3.880335624668591887e-02
-1.099244443567431728e-01 -4.060848835748239599e-02
-1.173375112716524282e-01 -4.121456837456165256e-02
-1.215833203666390611e-01 -4.068058768729995722e-02
-1.227783599881071414e-01 -3.909317439551979190e-02
-1.211073217875740238e-01 -3.656080027587015058e-02
-1.168097733170250507e-01 -3.320807019120752823e-02
-1.101670674008879552e-01 -2.917027955424149332e-02
-1.014898755355745225e-01 -2.458838293977488529e-02
-9.110664148089148151e-02 -1.960447688365768090e-02
-7.935316671478112593e-02 -1.435786350422074177e-02
-6.656346355039829965e-02 -8.981729596418408512e-03
-5.306194566363314075e-02 -3.600448677668872423e-03
-3.915697006650974837e-02 1.672508793698599099e-03
-2.513569915844724584e-02 6.736089285012842980e-03
-1.126021594912797116e-02 1.150263940330624284e-02
2.235200869069749879e-03 1.589841267461039945e-02
1.514575355259076099e-02 1.986365950782769188e-02
2.729687629162340368e-02 2.335236233976283049e-02
3.854418824797727766e-02 2.633167784350572138e-02
4.877277642630185178e-02 2.878114598896950455e-02
5.789593229354764170e-02 3.069172214818719976e-02
6.585345919167209794e-02 3.206468376776370338e-02
7.260965855671530633e-02 3.291045776178102428e-02
7.815109249773022349e-02 3.324740902962287914e-02
8.248420902465418425e-02 3.310062463823662537e-02
8.563290465983319777e-02 3.250072243800346261e-02
8.763608773579982525e-02 3.148270736783278373e-02
8.854529469079774895e-02 3.008489356690830299e-02
8.842240135884565921e-02 2.834790572827757676e-02
8.733746177565158975e-02 2.631376895177625977e-02
8.536669848672943928e-02 2.402509270235573050e-02
8.259066079995823484e-02 2.152435135537943481e-02
7.909256088115292072e-02 1.885326119661432515e-02
7.495679202483485071e-02 1.605225161346282223e-02
7.026762879728104538e-02 1.316002652818870980e-02
6.510810498058143547e-02 1.021321084139921800e-02
5.955906227030013933e-02 7.246075729358379507e-03
5.369836041368678675e-02 4.290336025998846801e-03
4.760023783616440518e-02 1.375012574127772776e-03
4.133481070799546742e-02 -1.473647692557202363e-03
3.496769776964737259e-02 -4.232201115125886794e-03
2.855975798818195799e-02 -6.879993095419755476e-03
2.216692818715546021e-02 -9.399106956418360262e-03
1.584014811638368228e-02 -1.177428212896164395e-02
9.625360947812380136e-03 -1.399280745671384676e-02
3.563577850402685401e-03 -1.604439491479578775e-02
-2.309003933129848574e-03 -1.792103852274047615e-02
-7.960839248230263537e-03 -1.961686271447597371e-02
-1.336483829717675237e-02 -2.112796391841848670e-02
-1.849814299954516059e-02 -2.245224860935023797e-02
-2.334188355647465879e-02 -2.358927062681141773e-02
-2.788092148302268730e-02 -2.454007011822507620e-02
-3.210358456417043704e-02 -2.530701606109875962e-02
-3.600139842667155615e-02 -2.589365395030401168e-02
-3.956881870970162945e-02 -2.630455990389153273e-02
-4.280296716406607749e-02 -2.654520214368991105e-02
-4.570337441447400867e-02 -2.662181054494799567e-02
-4.827173158305895356e-02 -2.654125472011187661e-02
-5.051165249330848150e-02 -2.631093090461114267e-02
-5.242844774942612834e-02 -2.593865774377047961e-02
-5.402891161529226050e-02 -2.543258093883633830e-02
-5.532112229522374164e-02 -2.480108659302221116e-02
-5.631425594236229293e-02 -2.405272300381448153e-02
-5.701841448739380230e-02 -2.319613057224962499e-02
-5.744446718406825275e-02 -2.223997944271303290e-02
-5.760390560659588849e-02 -2.119291444359345036e-02
-5.750871170447953429e-02 -2.006350687047029832e-02
-5.717123841623466401e-02 -1.886021263446172741e-02
-5.660410226462270905e-02 -1.759133629151712896e-02
-5.582008729810346986e-02 -1.626500046574584982e-02
-5.483205970094269521e-02 -1.488912018811094744e-02
-5.365289237035934800e-02 -1.347138168178332353e-02
-5.229539874491360291e-02 -1.201922514187572441e-02
-5.077227516550825853e-02 -1.053983107638823725e-02
-4.909605105483938470e-02 -9.040109796843226117e-03
-4.727904621188836615e-02 -7.526693671233440457e-03
-4.533333453147700420e-02 -6.005931777952561688e-03
-4.327071347263024975e-02 -4.483886627384343557e-03
-4.110267861244119858e-02 -2.966332649231668769e-03
-3.884040262538520499e-02 -1.458756180731142797e-03
-3.649471802111228791e-02 3.364326196868695339e-05
-3.407610294163220671e-02 1.505950578015119966e-03
-3.159466924929864307e-02 2.953531576036557554e-03
-2.906015200500845427e-02 4.372028187638745712e-03
-2.648189921844820369e-02 5.757351772941545799e-03
-2.386886047173628414e-02 7.105672881615809379e-03
-2.122957304348072061e-02 8.413403428051483002e-03
-1.857214670106249049e-02 9.677161688426702893e-03
-1.590426333935541711e-02 1.089370187215250516e-02
-1.323325550034979911e-02 1.205981067037910706e-02
-1.056630583288270357e-02 1.317231327405305255e-02
-7.910530696809357429e-03 1.422826545948229805e-02
-5.272891794776699351e-03 1.522506588778354923e-02
-2.660124513448067739e-03 1.616045938079901934e-02
-7.871304175161437629e-05 1.703251806806040450e-02
2.465110545641410050e-03 1.783962798842996661e-02
4.965356497797042065e-03 1.858048396753753453e-02
7.416262113165220972e-03 1.925409169338734156e-02
9.812272829816967232e-03 1.985977616994262507e-02
1.214802019047125405e-02 2.039719643572648899e-02
1.441829661028427162e-02 2.086636706034473640e-02
1.661802658690603868e-02 2.126768750691038906e-02
1.874223380726036670e-02 2.160198103368549463e-02
2.078600348395092182e-02 2.187054550443485318e-02
2.274443914784873150e-02 2.207521934950860965e-02
2.461261306363270868e-02 2.221846707327708795e-02
2.638550941498256017e-02 2.230349026123498030e-02
2.805795949309183163e-02 2.233437218830566090e-02
2.962456836465869950e-02 2.231626711225812368e-02
3.107963304886194461e-02 2.225564955605166192e-02
3.241705330810214225e-02 2.216064490373844537e-02
3.363023812908178672e-02 2.204147135133708788e-02
3.471201448224062180e-02 2.191103607039271775e-02
3.565455132811073263e-02 2.178574755000004318e-02
3.644932286560793877e-02 2.168663518300976284e-02
3.708715507285181151e-02 2.164091227725941508e-02
3.755843554811116869e-02 2.168419047004850955e-02
3.785363322146138160e-02 2.186367097977419752e-02
3.796440144777445125e-02 2.224283648809093072e-02
3.788578942369592167e-02 2.290851540934924629e-02
3.762061280778174199e-02 2.398182541577077373e-02
3.718820818164587233e-02 2.563571061186868671e-02
3.664262872087130363e-02 2.812415301749030677e-02
3.611278053871161409e-02 3.183277117736367512e-02
3.589825657116461899e-02 3.736866732037082833e-02
3.671953924348778098e-02 4.571421677454232807e-02
4.042340625021613454e-02 5.841728288210512599e-02
5.199858137654620599e-02 7.728065205610654131e-02
8.420859018224778614e-02 9.997157754355102954e-02
1.560967908153240435e-01 9.824797556997884318e-02
2.202526575745318849e-01 0.000000000000000000e+00
1.404583573714201783e-01 -9.684927013135367913e-02
6.472993050879508048e-02 -8.460973500508464640e-02
3.845176373768915967e-02 -5.717431877574031401e-02
3.086133145362509114e-02 -4.028231613732610045e-02
2.817351170042305814e-02 -3.137999569424745200e-02
2.646160495093333870e-02 -2.687779402328221989e-02
2.470939246605114922e-02 -2.470105573323219672e-02
2.272557285587486695e-02 -2.374353236750795237e-02
2.054536888515662643e-02 -2.341844140124657581e-02
1.824713707414698030e-02 -2.341292540517214346e-02
1.589801987034155512e-02 -2.355772408245500674e-02
1.354199534898317854e-02 -2.375778900930247337e-02
1.120111628969771254e-02 -2.395496020513154453e-02
8.879974287651453552e-03 -2.410741280464950148e-02
6.570269910321582980e-03 -2.417782281667171448e-02
4.254772524366306867e-03 -2.412605474567146649e-02
1.910729850286459197e-03 -2.390423128366156447e-02
-4.870379937479273774e-04 -2.345317294432747168e-02
-2.963228548853129654e-03 -2.269982699016347832e-02
-5.539569039849062682e-03 -2.155546268321647738e-02
-8.233268601534407538e-03 -1.991310754876806158e-02
-1.105141406793484424e-02 -1.763934481698048451e-02
-1.396562940362625072e-02 -1.457341959867174998e-02
-1.688858798892373461e-02 -1.055385811050793890e-02
-1.965948994357931065e-02 -5.454775398964317561e-03
-2.202875154968857857e-02 7.628956348020832744e-04
-2.364583237825728865e-02 7.975674739261888121e-03
-2.406010711134036473e-02 1.579422566944442899e-02
-2.275035020000066785e-02 2.344108028967890889e-02
-1.920473617453129569e-02 2.964222777101765960e-02
-1.307654609932471131e-02 3.260919579180460159e-02
-4.432541968641925262e-03 3.025264470023192667e-02
5.923407258495713007e-03 2.083173392640455535e-02
1.614729174390141034e-02 4.226512883324932274e-03
2.329661930984416179e-02 -1.625887420642443265e-02
2.387584369257079661e-02 -3.247471609412151683e-02
1.534553808858845139e-02 -3.276277734762104987e-02
-1.409501637598353958e-03 -9.524315828382392407e-03
-1.963687282515964860e-02 2.669498883301565234e-02
-2.636724859890340888e-02 3.956107113432408978e-02
