-6.501638509000012753e-09 6.799004323970773416e-09
-5.211711856139959811e-12 3.580607498091728858e-12
1.318530804436932681e-12 6.351787598783550702e-13
-7.201783909513732860e-13 1.653067568145449671e-12
-5.198474115886969488e-13 -1.432002699284938611e-13
5.178393587147529336e-13 -2.864421901308145055e-13
-4.623837153513871736e-14 -1.031425938103881965e-13
-9.107165558775527780e-14 -3.631835337678484903e-14
-6.020279185057625252e-13 -7.946392492019056164e-13
1.420990955945761449e-12 -4.218081180652991088e-12
1.684123181532835908e-12 -1.328210013923646637e-11
2.325572892669167774e-12 2.639028982679733153e-11
2.288073574105750476e-11 8.853129434454523115e-11
-2.850932815971460480e-11 -3.823164884095337799e-11
-1.035827953103098828e-11 -3.822567967984911507e-11
1.547681848271882358e-11 -1.069228759532689614e-11
1.221499640315784064e-11 4.636036587108200161e-11
6.719693801527240154e-12 1.077688844775755784e-11
3.536844309027466878e-11 -5.649310775580324967e-11
-2.593563206561658984e-10 -1.476498473084910876e-10
1.395967047114478681e-08 1.194755033980350700e-08
-3.287749847164865609e-07 -5.185206953733455410e-07
3.441165010054423667e-06 1.197761283222002471e-05
8.635640522764250924e-08 -1.585111938636957543e-04
-3.608840196929880809e-04 1.231614349140064749e-03
3.657438243897111110e-03 -5.484937335926648103e-03
-1.680437729958518187e-02 1.229144554162454363e-02
3.676893304726374517e-02 -5.383882311217835781e-03
-2.210146516578044562e-02 -2.637161079451618220e-02
-3.988978681467419268e-02 2.355748210715365859e-02
2.565470799141070929e-02 4.055222291205597129e-02
6.056413703255096592e-02 -1.197235997530897780e-02
1.354388570123283772e-02 -5.938446506252838264e-02
-5.702562558313067215e-02 -4.185614261924347490e-02
-7.648118856485353056e-02 2.257149942604846221e-02
-2.823020419296155825e-02 7.390257026075508495e-02
4.659963185545411279e-02 7.021353130688326449e-02
9.255494650863130279e-02 1.526198415081458058e-02
8.000115750299709172e-02 -5.305035362033504176e-02
1.849627673450578852e-02 -9.237635986367925822e-02
-5.536066204675079566e-02 -8.099655794476613713e-02
-1.016714993997940020e-01 -2.639505478051106316e-02
-9.784033953448662002e-02 4.252674011789527031e-02
-4.723743062890661815e-02 9.205685770832545967e-02
2.533644376602385562e-02 9.979716436328162077e-02
8.689169479722430589e-02 6.346916608003563831e-02
1.112006571871838462e-01 0.000000000000000000e+00
8.915605812199509095e-02 -6.322673236726034096e-02
3.109659230058580207e-02 -1.003824878146986621e-01
-3.876894624623949959e-02 -9.737959732286657899e-02
-9.278460478458130933e-02 -5.655365367349788480e-02
-1.106774931846720295e-01 5.322104754852223507e-03
-8.674050308324876557e-02 6.427933345418226918e-02
-3.108084961640436572e-02 9.850052435346631774e-02
3.499192009057688901e-02 9.619281415425630366e-02
8.729463879551215000e-02 5.929144367528359216e-02
1.075658020805981135e-01 2.016861162688520642e-03
8.960451081263041961e-02 -5.480646443956103259e-02
4.081639874830222947e-02 -9.137347734343763406e-02
-2.103440044721933966e-02 -9.569442181001787395e-02
-7.442118903532782270e-02 -6.730135030630081394e-02
-1.015363823089136114e-01 -1.682693315931114639e-02
-9.408974089332507174e-02 3.811921867920534113e-02
-5.560717919748349447e-02 7.915425018264840573e-02
2.979329654634044200e-04 9.322080310784604251e-02
5.485425452444939176e-02 7.659357459645531330e-02
9.045867752697238362e-02 3.563187716954894363e-02
9.627608752914097734e-02 -1.575190215574586577e-02
7.137299399952456991e-02 -6.088820597856552802e-02
2.454915196325051924e-02 -8.574806174250662605e-02
-2.887328276153613982e-02 -8.321082101689389332e-02
-7.211437071728882264e-02 -5.494580594553301334e-02
-9.217644345398511019e-02 -1.047830841442369543e-02
-8.364412790347217075e-02 3.609631722348420613e-02
-4.997842896074501662e-02 7.060445816451263457e-02
-2.068211150022109673e-03 8.306279960741300150e-02
4.536065659741809336e-02 7.046135330453826007e-02
7.828318755899774106e-02 3.732770247913821948e-02
8.746719978425583630e-02 -5.956348206920775851e-03
7.095091127302151357e-02 -4.645568192805221014e-02
3.428472693125649007e-02 -7.254460261104478391e-02
-1.139919216437149108e-02 -7.718631184075858132e-02
-5.280991071465046538e-02 -5.972863942692467620e-02
-7.835569185358381983e-02 -2.579702853840534077e-02
-8.132681249917263211e-02 1.457089078413805264e-02
-6.155431685328640462e-02 4.992370913996632686e-02
-2.517335566551933204e-02 7.063001257556283941e-02
1.733496060676767078e-02 7.144461616108892243e-02
5.419049831630862180e-02 5.274592265932605273e-02
7.556242416214392632e-02 2.018632738233094512e-02
7.613350129666900112e-02 -1.705877386536036600e-02
5.633326510489680694e-02 -4.889543889471236610e-02
2.198635364755784777e-02 -6.702975070487983411e-02
-1.744462547538371336e-02 -6.707784747493057698e-02
-5.148562923070688219e-02 -4.954918957147412539e-02
-7.141763793419492190e-02 -1.950969958443661556e-02
-7.246118293488731932e-02 1.491608827290437714e-02
-5.484908335636386884e-02 4.475684804962534041e-02
-2.357175971070030185e-02 6.251834630399481785e-02
1.307212653740233779e-02 6.402497700529363733e-02
4.569420828444512722e-02 4.934078043787774176e-02
6.621055138428355580e-02 2.258722357069966116e-02
6.980742179938140279e-02 -9.240577820551244825e-03
5.601377516632866094e-02 -3.811613172043668701e-02
2.866004137004426328e-02 -5.699695728439598680e-02
-5.213739333248586932e-03 -6.151230819901699898e-02
-3.718590871435149825e-02 -5.092918875036747672e-02
-5.954166652371257334e-02 -2.819779677132541740e-02
-6.710832926469977033e-02 8.912021105457988701e-04
-5.841002630579806426e-02 2.919501558787237702e-02
-3.589721545446772355e-02 4.996938295996335849e-02
-5.236763470665102560e-03 5.845565852726898604e-02
2.613030686990360646e-02 5.293795259510850754e-02
5.079487246172264409e-02 3.504565783576552712e-02
6.311343671775651587e-02 9.262958907674340159e-03
6.046991496391153353e-02 -1.820766622688431077e-02
4.379241480412281173e-02 -4.093880927563409849e-02
1.723482706319860031e-02 -5.377035930085250631e-02
-1.287222529741700525e-02 -5.395867043101504335e-02
-3.953456870145190261e-02 -4.173360725131949195e-02
-5.671088540636227276e-02 -2.015917005410552618e-02
-6.066245548188059500e-02 5.645011482584500265e-03
-5.074068555376430589e-02 2.972253002157870805e-02
-2.945411420738804423e-02 4.664970746559752440e-02
-1.823442930265659415e-03 5.274352442001987995e-02
2.580854699596603352e-02 4.684340774341453489e-02
4.723005758652523006e-02 3.050656945548171212e-02
5.774545862087565595e-02 7.592108336595833860e-03
5.518754018791879185e-02 -1.665510230620123253e-02
4.034357740902701911e-02 -3.680325869461041621e-02
1.671727494794318647e-02 -4.844262992842039012e-02
-1.030345346159062571e-02 -4.913843319116157488e-02
-3.467493689078684355e-02 -3.892534258628589650e-02
-5.104341982104609182e-02 -2.024732469520194172e-02
-5.591074535043168148e-02 2.629962587101197097e-03
-4.836949442498799517e-02 2.459298755277251197e-02
-3.025659603078697385e-02 4.081893488797107283e-02
-5.704049555605349153e-03 4.782737338913729125e-02
1.980350395952977516e-02 4.421809117547884777e-02
4.065016601064525004e-02 3.094121961725994005e-02
5.231881183636923754e-02 1.105019246401882024e-02
5.236260538577819368e-02 -1.099916666799902361e-02
4.091132714850685692e-02 -3.034333436284029212e-02
2.060965349863632876e-02 -4.277893098041173764e-02
-3.991282322113261921e-03 -4.567103544325289144e-02
-2.744998452270010908e-02 -3.850738904659366940e-02
-4.463303799920309567e-02 -2.298319114021097828e-02
-5.183382703206070030e-02 -2.604105157167607709e-03
-4.756942445228162092e-02 1.810066384757809746e-02
-3.288538828896138411e-02 3.458007952166567561e-02
-1.110608814505757366e-02 4.325789782529258082e-02
1.291125307950033788e-02 4.230735847430606295e-02
3.385329159288476969e-02 3.203687137362434822e-02
4.712145046445766899e-02 1.480516986745106581e-02
4.984063743586933382e-02 -5.512832996257306314e-03
4.148534380777334218e-02 -2.439044249527705377e-02
2.398641424299522568e-02 -3.765303186296564686e-02
1.295367197040458995e-03 -4.240033778092013733e-02
-2.149792215001249118e-02 -3.764415808103735439e-02
-3.929989793264165865e-02 -2.452078578150365326e-02
-4.814966262550262471e-02 -6.030934499470933310e-03
-4.610458739469922712e-02 1.363582935251586754e-02
-3.367674301282536087e-02 3.004278232178316313e-02
-1.372006459925786785e-02 3.950446852182195462e-02
9.210157970250622966e-03 3.991833205444061949e-02
2.988546631690450900e-02 3.124153605282074808e-02
4.359132718349745250e-02 1.550289658746743272e-02
4.720556480586951542e-02 -3.656444938457650146e-03
3.992141366243836392e-02 -2.181331241396758033e-02
2.344555809067527807e-02 -3.477773007130281757e-02
1.618719198568431897e-03 -3.956212272105023853e-02
-2.046196888433815531e-02 -3.508042612332075427e-02
-3.762305055069853355e-02 -2.241153787561354568e-02
-4.582739449047051883e-02 -4.559509154510675739e-03
-4.313600327140315605e-02 1.424116446077936145e-02
-3.018784670908099266e-02 2.951920141138792558e-02
-1.007454950006258891e-02 3.762930066396515116e-02
1.237293330352689721e-02 3.663241288834231946e-02
3.172781671976098589e-02 2.677919653503389730e-02
4.327562654637462369e-02 1.047193838394616314e-02
4.417381353464530647e-02 -8.297308017430711155e-03
3.417607778561011778e-02 -2.490743147204963273e-02
1.573189472753155210e-02 -3.524160581955954052e-02
-6.580694320871674496e-03 -3.671748315307495070e-02
-2.716698932664373539e-02 -2.895507098466585522e-02
-4.080962906737976847e-02 -1.390487008043514092e-02
-4.400116175923523415e-02 4.611549505897245479e-03
-3.587387830596679150e-02 2.184910056804451745e-02
-1.847483859224603384e-02 3.334691820611010438e-02
3.707672714260812352e-03 3.609240938631205764e-02
2.486949422157875428e-02 2.933681080290817533e-02
3.939584655417632114e-02 1.483601978119046712e-02
4.336175488482652690e-02 -3.567441707793885322e-03
3.562607710034911696e-02 -2.093361360349846670e-02
1.820749330441065808e-02 -3.254013179834842895e-02
-4.189715594549156541e-03 -3.517784971224691137e-02
-2.540599381609822197e-02 -2.807040785247342379e-02
-3.950466841799715051e-02 -1.314737117735106063e-02
-4.244792649943203433e-02 5.432757853306843451e-03
-3.329634969935943434e-02 2.240725613134883498e-02
-1.456669533984470549e-02 3.288923893156703304e-02
8.396159833029987266e-03 3.379231768972162930e-02
2.889885504398744670e-02 2.478205201821254144e-02
4.083785877128377761e-02 8.451331390597846896e-03
4.054274460307185496e-02 -1.037051600326250114e-02
2.796408713900946225e-02 -2.601033062446034966e-02
6.808489026352419413e-03 -3.365755808488943290e-02
-1.647935095816411774e-02 -3.087569908319147058e-02
-3.463570892057410422e-02 -1.843772553736431480e-02
-4.184513433385041864e-02 -1.853289900153008707e-04
-3.565310066734636574e-02 1.809762156940968730e-02
-1.788490279604276062e-02 3.049010112785312601e-02
5.790761621304678017e-03 3.286730939283799557e-02
2.759405443520181189e-02 2.433064130005366602e-02
4.016418351227731692e-02 7.624925071773544852e-03
3.908026749175138453e-02 -1.166097036996247178e-02
2.450499868364267031e-02 -2.691175955988940605e-02
1.318867119447606796e-03 -3.275370721606682411e-02
-2.240624354310442878e-02 -2.700183166735332235e-02
-3.816358408876138752e-02 -1.156852888546253642e-02
-4.008479889493896109e-02 8.065883651872210111e-03
-2.722118861764372122e-02 2.472449887094846019e-02
-4.122678283393176393e-03 3.214246251174376900e-02
2.063224239833724369e-02 2.737801904650014051e-02
3.754629535378445349e-02 1.208603989218594819e-02
3.986637300087915448e-02 -7.925367966871609687e-03
2.639255668963489190e-02 -2.480738343546037838e-02
2.235785452558496436e-03 -3.172990617556048498e-02
-2.295120345905951598e-02 -2.571319575644316277e-02
-3.874384581394826194e-02 -9.041610379699426686e-03
-3.829573424903030127e-02 1.144704105036442772e-02
-2.145627612522166272e-02 2.706301461950162690e-02
4.805552002355758211e-03 3.094575876619624563e-02
2.909337826577668151e-02 2.118086124965463252e-02
4.045725378812384948e-02 1.907358415118964867e-03
3.341793713563501189e-02 -1.825991156504086846e-02
1.082088262287620936e-02 -2.999162981084218388e-02
-1.702881047979054943e-02 -2.760432991615405229e-02
-3.688174985378030873e-02 -1.197957263003811453e-02
-3.884597845291623552e-02 9.512554698518190660e-03
-2.150820723359785080e-02 2.631859849278878408e-02
6.836173331818447794e-03 2.985895235928435337e-02
3.186192996890795104e-02 1.805209252526256830e-02
4.035707611835489400e-02 -3.227042152318171375e-03
2.735551798270034751e-02 -2.282516502647210718e-02
-6.320319865807744533e-04 -3.006538564429524218e-02
-2.848791295215361355e-02 -2.068638812343372158e-02
-4.047123462933506499e-02 3.726334694494608940e-04
-2.924775328839164523e-02 2.125984362177602005e-02
-7.627011854430681970e-04 2.973860344782637208e-02
2.841931638167706498e-02 2.047752170537096503e-02
4.050536990663333031e-02 -1.271701724270924566e-03
2.747800344947897919e-02 -2.227623115888920091e-02
-3.119595049086503272e-03 -2.921034351436027632e-02
-3.197210218143554938e-02 -1.727449149087843805e-02
-3.993850599158817877e-02 6.083491219303654995e-03
-2.100683117174942729e-02 2.539197333334897513e-02
1.259027356348954227e-02 2.727950104839781120e-02
3.764518733802945522e-02 1.001593615552216418e-02
3.586632549713257567e-02 -1.446428606344141339e-02
7.711503360798011020e-03 -2.839357431148692434e-02
-2.651822555488062005e-02 -2.109305581831959209e-02
-4.074404034209266889e-02 2.357424926250717076e-03
-2.314809449064604910e-02 2.400383024079654620e-02
1.320367375102672602e-02 2.649356618358086543e-02
3.910907400215604679e-02 7.327135300409146589e-03
3.247160652587985363e-02 -1.799253513450073047e-02
-2.119194512272637963e-03 -2.795353181758944774e-02
-3.523013588096466503e-02 -1.346051040980676509e-02
-3.702953992069504124e-02 1.310277433950756895e-02
-4.759912424187955418e-03 2.767511441719972681e-02
3.236566450199607897e-02 1.628122749914368006e-02
3.867643197344286521e-02 -1.076530206227066001e-02
6.816276601984199053e-03 -2.722137615477164194e-02
-3.232602964679536645e-02 -1.622969037684183699e-02
-3.837614878168811583e-02 1.152593242494713045e-02
-3.664656724486823475e-03 2.706478094328082507e-02
3.546731016569430045e-02 1.322266471711902244e-02
3.541084217358831526e-02 -1.531300648385855272e-02
-5.265714800347124844e-03 -2.634040323013594684e-02
-4.025620388047210924e-02 -6.535111697611992176e-03
-2.709086379681206053e-02 2.106770549856094854e-02
1.980376771528694763e-02 2.266240858218129470e-02
4.212043438975416471e-02 -4.375315663676533282e-03
9.743800245982477820e-03 -2.564347735433607917e-02
-3.611659243082202680e-02 -1.269618713365866514e-02
-3.286390028220632226e-02 1.753854057249630560e-02
1.690372168925778629e-02 2.300355392676137548e-02
4.277854442913940625e-02 -4.715884500829986906e-03
5.132865170816693599e-03 -2.526841729392855299e-02
-4.090061604171923992e-02 -7.232012818903907694e-03
-2.303586624212559247e-02 2.195932865966420885e-02
3.244454722719113116e-02 1.560262058615694350e-02
3.456087581222849758e-02 -1.645757609540102195e-02
-2.261008363937522248e-02 -2.021181622957354124e-02
-4.065503269260246910e-02 1.137217759349825989e-02
1.492684549431675008e-02 2.210188166641491314e-02
4.337484989668276281e-02 -8.156769133036456329e-03
-1.130045141308026399e-02 -2.241288945421317583e-02
-4.434953690328707898e-02 7.414814859071675382e-03
1.270230569223854133e-02 2.172427854218508814e-02
4.385392987967333400e-02 -9.267772330526473021e-03
-1.960587368685606444e-02 -1.975205032194499166e-02
-4.019103252955167488e-02 1.337858342524860314e-02
3.147030162568360129e-02 1.531173355475922912e-02
2.947223234009372500e-02 -1.841659304843727002e-02
-4.470428211917448075e-02 -6.838385185475003188e-03
-7.103388700952778002e-03 2.111900266183368638e-02
4.955630709445844884e-02 -5.746884133325427801e-03
-2.612537285093989581e-02 -1.625202872703496518e-02
-3.047376735445339602e-02 1.748836515410265996e-02
5.235685681252893325e-02 7.409468762899582700e-04
-1.832916695681827482e-02 -1.687584187670602975e-02
-3.412834747858431439e-02 1.622750280819829083e-02
5.742542974539609907e-02 -2.506419418744300701e-03
-3.666516838217142443e-02 -1.136769528578656860e-02
-8.788793707236024558e-03 1.660355147212880592e-02
5.007123870350044248e-02 -1.314137349333873578e-02
-7.018144009627244606e-02 5.951909876381999975e-03
6.859868688403367165e-02 2.539306788014901450e-04
-5.418732638866202711e-02 -3.496532859254133235e-03
3.659067413159082516e-02 4.114136620807281458e-03
-2.174675493512029031e-02 -3.327043288658864187e-03
1.157956036394743905e-02 2.186587333964406729e-03
-5.590697050631148954e-03 -1.237873543916754747e-03
2.468672208065023858e-03 6.211969464184087780e-04
-1.003494095163491627e-03 -2.810371430455016993e-04
3.774284298063940537e-04 1.159079147745617640e-04
-1.318872576298773039e-04 -4.392440536398885086e-05
4.296165720984828056e-05 1.538524949957178936e-05
-1.308246986568612798e-05 -5.003794057171563342e-06
3.733039032358175727e-06 1.516639835338412311e-06
-1.000194833808943537e-06 -4.296909796333384818e-07
2.520701034661928089e-07 1.140790495008462053e-07
-5.984665958688729189e-08 -2.844128797128893700e-08
1.340371557766615071e-08 6.670673710201899760e-09
-2.835277298359627353e-09 -1.474183648757081199e-09
5.670223785690874788e-10 3.073673687820092357e-10
-1.073220212759219076e-10 -6.055307470804910842e-11
1.923122261485600467e-11 1.126670427028471679e-11
-3.273948350324940673e-12 -1.997266537769891153e-12
5.215842836081396902e-13 3.231704543744773525e-13
-8.561744970681681269e-14 -6.101019853331923395e-14
7.000981566783100302e-15 -1.340528821028997982e-16
-5.950043605582012196e-15 -8.763438621258127159e-15
-4.040579572093775637e-15 -7.080478463886030297e-15
-4.065701559886511604e-15 -6.984161548774643415e-15
-3.865725917127776130e-15 -6.494575165192324286e-15
-3.601655771239312520e-15 -6.294564915836572961e-15
-3.499279849026377185e-15 -5.871188431618044576e-15
-3.280531542890872887e-15 -5.641225522105646836e-15
-3.121105453523308371e-15 -5.364487479436945980e-15
-2.999096459965695602e-15 -5.061637787011247766e-15
-2.834472414183657198e-15 -4.786518778277605583e-15
-2.614037198436314277e-15 -4.568954197527536624e-15
-2.562169713106839960e-15 -4.374407803258933909e-15
-2.369367055728643425e-15 -4.100352034083428911e-15
-2.306501845670013065e-15 -3.898782652085226141e-15
-2.182924986533744659e-15 -3.722301951381809194e-15
-2.051586748554408119e-15 -3.499876253024006645e-15
-1.946767518905970552e-15 -3.365435066286062002e-15
-1.854875778613444281e-15 -3.163422202200600894e-15
-1.765153274780191107e-15 -2.995027193749613447e-15
-1.621217548060940049e-15 -2.865417251560753441e-15
-1.554009766552420305e-15 -2.630718319024508199e-15
-1.519218788755238908e-15 -2.583341627991999520e-15
-1.412062163711442567e-15 -2.395543139029328447e-15
-1.349572050019054130e-15 -2.360133986641248805e-15
-1.242162617801501628e-15 -2.129959338237805161e-15
-1.192690861021906887e-15 -2.066625322845873965e-15
-1.127465832715019145e-15 -1.892687242813138828e-15
-1.113039145795573514e-15 -1.883349784641858889e-15
-1.005378296359915432e-15 -1.742852406309252201e-15
-9.361348294951022057e-16 -1.653536652675867324e-15
-9.167056878774565795e-16 -1.526171097793130366e-15
-8.945564932745727860e-16 -1.476800246366633884e-15
-7.914166349735249051e-16 -1.420633389315827793e-15
-7.665771616108875373e-16 -1.293893401916611512e-15
-7.462250217737371874e-16 -1.261946004713422073e-15
-6.781669342845728677e-16 -1.157066154888586401e-15
-6.515476868076986564e-16 -1.114586597357831936e-15
-6.195310403677463857e-16 -1.068955098511061737e-15
-5.431879898455090111e-16 -9.675298110042029723e-16
-5.854552577134969383e-16 -9.480647224368501114e-16
-4.723095393764309554e-16 -8.851083161868960648e-16
-5.079092596638532918e-16 -8.366015487193992408e-16
-4.421109004024332346e-16 -7.851219148746272003e-16
-4.525854932518663335e-16 -7.552864229157858496e-16
-4.034713044573769859e-16 -6.986718875268187332e-16
-3.835420419223385504e-16 -6.626572549553355880e-16
-3.731170982071378407e-16 -6.236075709036089419e-16
-3.531424514517696238e-16 -5.854127161608727051e-16
-3.358776469150351608e-16 -5.559018972199349274e-16
-3.034403397120014718e-16 -5.256680959061046357e-16
-2.864580981469110275e-16 -4.845423653791867498e-16
-2.682252047586137868e-16 -4.613552769233861927e-16
-2.482632324716773542e-16 -4.320057555138217581e-16
-2.049818594306460415e-16 -3.568315054667098797e-16
-2.943978229697436037e-15 -5.079698426451094228e-15
2.887876825630727837e-13 4.851304489394919830e-13
