2.381385959040585032e-01 0.000000000000000000e+00
2.129904029459720738e-01 -3.335829413102751884e-04
1.461391946811787801e-01 -1.497893515808259527e-03
5.366093999743114240e-02 -2.952308127099128807e-03
-4.487342271985143155e-02 -4.037476030060717716e-03
-1.306208002635408649e-01 -4.193414736470033738e-03
-1.890677453115496842e-01 -3.125169375090480501e-03
-2.120732123656433599e-01 -8.781188245658259894e-04
-1.984566203055244116e-01 2.180822913822473216e-03
-1.532773701050954007e-01 5.458976587048127924e-03
-8.616836206514699725e-02 8.278536860332015232e-03
-9.179436218142360965e-03 1.002531661363630783e-02
6.542296508628067664e-02 1.027309395673890388e-02
1.270382639481392462e-01 8.861319430613395082e-03
1.680608776040234675e-01 5.916732892308212630e-03
1.845564705153646679e-01 1.821633152832436830e-03
1.763064897110137585e-01 -2.859102751775828306e-03
1.463319119083930364e-01 -7.474781106514294567e-03
1.000595287952863038e-01 -1.139068548183418648e-02
4.431040476183932542e-02 -1.407830595293036238e-02
-1.372306305492395663e-02 -1.518187575064490480e-02
-6.737845573791598208e-02 -1.455463246438270727e-02
-1.112137725251469977e-01 -1.226371922134495904e-02
-1.414432395055276459e-01 -8.567249188736485513e-03
-1.561153200917826667e-01 -3.870274541121133515e-03
-1.550613318229896453e-01 1.331937640997269204e-03
-1.396638262453708812e-01 6.514710041814133698e-03
-1.125039382336745081e-01 1.118117983495128635e-02
-7.694772389605564200e-02 1.491001471572498717e-02
-3.672531538522446487e-02 1.738980720699995208e-02
4.453982335526159367e-03 1.843848330747194925e-02
4.322038378136562609e-02 1.800797453362541767e-02
7.677887017369430800e-02 1.617590512190273180e-02
1.030555109350047016e-01 1.312705711622932751e-02
1.207589294572023325e-01 9.127892184819495075e-03
1.293679004157836099e-01 4.497485239236534080e-03
1.290603175919958490e-01 -4.220476929373746279e-04
1.206006127080894719e-01 -5.293059419025570450e-03
1.052025699557231353e-01 -9.805901403344420911e-03
8.438288105974189879e-02 -1.369724661910170192e-02
5.981823944344938360e-02 -1.676263567944591415e-02
3.321574740266412112e-02 -1.886324639703332307e-02
6.203293390019428560e-03 -1.992733808237184823e-02
-1.975636213943620864e-02 -1.994714180214627111e-02
-4.342658017107752649e-02 -1.897215916613245040e-02
-6.383373018021937240e-02 -1.709990856348464483e-02
-8.028227600229846661e-02 -1.446513940274680131e-02
-9.235133977054214849e-02 -1.122844515565804210e-02
-9.987653633480143844e-02 -7.565068342488553456e-03
-1.029210007376557268e-01 -3.654526554993943119e-03
-1.017393654542314979e-01 3.284835540579651627e-04
-9.673806854671058997e-02 4.221613354061088536e-03
-8.843486758668735181e-02 7.880678932708043080e-03
-7.741986457541681632e-02 1.118375250669639137e-02
-6.431976808296271941e-02 1.403361408710137800e-02
-4.976657062548840021e-02 1.635872273178173852e-02
-3.437132924295434322e-02 1.811291532198717330e-02
-1.870332145660618534e-02 1.927406703292980708e-02
-3.274514187321977878e-03 1.984195512739545322e-02
1.147097038268112164e-02 1.983556030887657223e-02
2.516288590916859400e-02 1.929002152122010968e-02
3.750699462817840002e-02 1.825343437425607993e-02
4.828396051455826482e-02 1.678365346608328215e-02
5.734567009729737985e-02 1.494522737830203916e-02
6.460962184069031500e-02 1.280656410033409118e-02
7.005197384624466117e-02 1.043739561114846379e-02
7.369977241170636018e-02 7.906584340080619402e-03
7.562280805311349940e-02 5.280291849000876003e-03
7.592546685757184388e-02 2.620511589225742264e-03
7.473886799536920422e-02 -1.604702715999641038e-05
7.221350614359961506e-02 -2.578746940050270949e-03
6.851255259659186359e-02 -5.023515450279569805e-03
6.380591221935839885e-02 -7.313075944674616788e-03
5.826508563416788605e-02 -9.416957619635903456e-03
5.205884708284803236e-02 -1.131132177227527416e-02
4.534971781344448311e-02 -1.297864197313241055e-02
3.829119188766223064e-02 -1.440727305136356960e-02
3.102565510253824446e-02 -1.559094066288345751e-02
2.368292730495728110e-02 -1.652817958027908221e-02
1.637935278571003156e-02 -1.722174499022377514e-02
9.217361733237961971e-03 -1.767801720763326548e-02
2.285427051696149129e-03 -1.790641646963770164e-02
-4.341655568586237808e-03 -1.791884096075361393e-02
-1.060223126131743486e-02 -1.772913802410634732e-02
-1.644705400000579659e-02 -1.735261566821518289e-02
-2.183841296669289042e-02 -1.680559900979642848e-02
-2.674916424544161730e-02 -1.610503419639458533e-02
-3.116170792210330026e-02 -1.526814061798536376e-02
-3.506694407814896219e-02 -1.431211081791142377e-02
-3.846323501808358858e-02 -1.325385642229876502e-02
-4.135539546120495930e-02 -1.210979758820372731e-02
-4.375372741372532404e-02 -1.089569289114952419e-02
-4.567311203498218564e-02 -9.626506193618386900e-03
-4.713216701647313100e-02 -8.316306829191898176e-03
-4.815247477864473269e-02 -6.978199365467410709e-03
-4.875788412194300564e-02 -5.624279249281482866e-03
-4.897388579582905022e-02 -4.265610761302543116e-03
-4.882706072585453472e-02 -2.912223893989260900e-03
-4.834459830665570335e-02 -1.573126997363480210e-03
-4.755388118115724816e-02 -2.563322954237070477e-04
-4.648213222793418087e-02 1.031108349627704590e-03
-4.515611902763657509e-02 2.283059770189162056e-03
-4.360191082911189786e-02 3.494253992146793657e-03
-4.184468294986672110e-02 4.660236703151517806e-03
-3.990856358946488769e-02 5.777311241169660015e-03
-3.781651817694565293e-02 6.842481419373410215e-03
-3.559026659157135675e-02 7.853394285423562909e-03
-3.325022886616203766e-02 8.808283715689422741e-03
-3.081549528677006433e-02 9.705915564403505558e-03
-2.830381712760373508e-02 1.054553492456966959e-02
-2.573161459203702692e-02 1.132681590586749609e-02
-2.311399886304864662e-02 1.204981419166217642e-02
-2.046480549151003317e-02 1.271492248773913730e-02
-1.779663667151205192e-02 1.332282880234549917e-02
-1.512091027803515696e-02 1.387447725150053879e-02
-1.244791392983690508e-02 1.437103067189109996e-02
-9.786862976947781692e-03 1.481383350611969844e-02
-7.145962960443477847e-03 1.520437164414163711e-02
-4.532483203240966069e-03 1.554422219035372921e-02
-1.952875379418801899e-03 1.583498605108537433e-02
5.869639776635557143e-04 1.607830619685409607e-02
3.081651342294821315e-03 1.627625694097652523e-02
5.526633724752469390e-03 1.643128684102021855e-02
7.918144547803231820e-03 1.654604286427278914e-02
1.025311211100154822e-02 1.662333029932763079e-02
1.252909301982480829e-02 1.666611668446035116e-02
1.474422412024679711e-02 1.667755263436938168e-02
1.689718820224594270e-02 1.666100460755281371e-02
1.898719242893006851e-02 1.662010011470255871e-02
2.101396070436234442e-02 1.655878789046340629e-02
2.297774304810050114e-02 1.648141702903745814e-02
2.487934717106658061e-02 1.639284077565391490e-02
2.672020042195382208e-02 1.629855293867376112e-02
2.850245479172625399e-02 1.620486809479002380e-02
3.022915484732402458e-02 1.611916135842293013e-02
3.190450006920957093e-02 1.605019014361350888e-02
3.353425255247288739e-02 1.600853000800706374e-02
3.512637412805318105e-02 1.600717065834676711e-02
3.669203523484627222e-02 1.606233806648487555e-02
3.824724287274126888e-02 1.619463568677165233e-02
3.981553085232007044e-02 1.643063025201208643e-02
4.143253317105341504e-02 1.680503231109854723e-02
4.315401703623264473e-02 1.736358447110930917e-02
4.507052276347440350e-02 1.816648000442174296e-02
4.733514464133120603e-02 1.929093046556076829e-02
5.021849310765687940e-02 2.082706114721288859e-02
5.422143451080763815e-02 2.284516078393585350e-02
6.030849848886738612e-02 2.525220394071015992e-02
7.034584197461353494e-02 2.722814463354690170e-02
8.743928581181442672e-02 2.513686765229740036e-02
1.120851275776030692e-01 6.444322057430708350e-03
1.151238419191525225e-01 -4.826967524000186360e-02
4.762260002531609054e-02 -6.891991260360140481e-02
2.283810443667087103e-02 -3.965635500699241783e-02
2.213224813545756203e-02 -2.429072058859192002e-02
2.361516982822440755e-02 -1.937720260861185498e-02
2.331944020153026154e-02 -1.859627190420471907e-02
2.149731083617802477e-02 -1.893767230298437632e-02
1.892994672355357427e-02 -1.936700024127883599e-02
1.613305715232195292e-02 -1.964163302104502198e-02
1.336367326258238071e-02 -1.975884134586245247e-02
1.073072536911451151e-02 -1.976583449298924614e-02
8.269780785417471525e-03 -1.970671956214330167e-02
5.982022396926989574e-03 -1.961199524510044007e-02
3.853042383264805408e-03 -1.949912558379736718e-02
1.861736238960472190e-03 -1.937496195361343432e-02
-1.540735467223125097e-05 -1.923769167853139200e-02
-1.802076303927926341e-03 -1.907794682035215614e-02
-3.520750857912507536e-03 -1.887917879047775263e-02
-5.191568082444943805e-03 -1.861746992753242000e-02
-6.831119125211288466e-03 -1.826093001194865548e-02
-8.450995555277712040e-03 -1.776879807342228099e-02
-1.005597722670590818e-02 -1.709034203502796112e-02
-1.164181630631682188e-02 -1.616354229683996876e-02
-1.319239901448314087e-02 -1.491298036735005939e-02
-1.467248342104631072e-02 -1.324552451735270218e-02
-1.601175208759206617e-02 -1.105888840705320647e-02
-1.710582512757646834e-02 -8.256171172762132374e-03
-1.781435348896310764e-02 -4.755795013854361396e-03
-1.795852427370768153e-02 -5.107148244211652359e-04
-1.732404374021100785e-02 4.460500931312451692e-03
-1.567521170093975208e-02 1.002850831858127616e-02
-1.278782113671864291e-02 1.589332459873758763e-02
-8.510669817367840298e-03 2.151442135466490393e-02
-2.865179217553980723e-03 2.604699042633034853e-02
3.814384538098046680e-03 2.832176910793280863e-02
1.071893653936733561e-02 2.693851083527778328e-02
1.644565512089837811e-02 2.058167662800805195e-02
1.906369003785179581e-02 8.683803884028843539e-03
1.659396309542764819e-02 -7.515325239779186740e-03
8.138785869443287274e-03 -2.377507394543243099e-02
-4.405532287738360246e-03 -3.248631299653634286e-02
-1.505834132891098465e-02 -2.507641422957698762e-02
-1.542075508852529774e-02 7.121441873657644549e-04
-2.137555251022429589e-03 3.036745117173587916e-02
1.294280569853981447e-02 3.197046064656124814e-02
7.966933523774265974e-03 -1.092617968703276689e-02
-1.081565417392693282e-02 -4.248826944046327214e-02
1.977803070449709200e-03 1.795682916544536628e-02
6.334786103531012125e-03 3.934104110683001726e-02
