-8.325096828572807416e-08 3.965718554010204060e-08
-7.317196069363262246e-08 3.499212397903727104e-08
-4.478587879992699889e-08 2.190384272055214268e-08
-5.903930727954939913e-09 3.870864618690050224e-09
3.346223048211296155e-08 -1.462928857976284187e-08
6.370881132204902795e-08 -2.924505925931439583e-08
7.795502291751582865e-08 -3.676344733066435461e-08
7.348692855528477529e-08 -3.576378572593155767e-08
5.210261712497942062e-08 -2.681275731697076535e-08
1.938323582528483806e-08 -1.220073217881811494e-08
-1.683818146489728202e-08 4.677839223429550675e-09
-4.838528919260763810e-08 2.013061351869339274e-08
-6.856213473695664673e-08 3.096932054327686095e-08
-7.350010047021309081e-08 3.513883370430205663e-08
-6.278391882167649510e-08 3.205964652200217581e-08
-3.929468082959608521e-08 2.264181555939989035e-08
-8.380231600855755375e-09 8.999813989725888843e-09
2.340910099347348919e-08 -6.045751339738546724e-09
4.971926105012397259e-08 -1.956126436697466565e-08
6.563236205690048835e-08 -2.906465052533202108e-08
6.851925712708065634e-08 -3.295726472128268739e-08
5.837813495288213304e-08 -3.075570138008249838e-08
3.764602975169977721e-08 -2.310076993648916753e-08
1.057170264713821380e-08 -1.156410752937972295e-08
-1.768977350527848815e-08 1.693065600743514261e-09
-4.206756621628653172e-08 1.433455290736197072e-08
-5.846439707566930860e-08 2.425832658879631121e-08
-6.439779346560483489e-08 2.993127484567105705e-08
-5.930699845005545414e-08 3.060102223860080778e-08
-4.450708844896752839e-08 2.636226509371712803e-08
-2.283406624339936337e-08 1.808145430766430728e-08
1.928582441756354337e-09 7.206054085110869755e-09
2.572585083560966244e-08 -4.500082328806960580e-09
4.489057433515574817e-08 -1.524690162082158445e-08
5.668366902539356163e-08 -2.348720386482781147e-08
5.964350097007078333e-08 -2.812643718675318583e-08
5.371065453603128045e-08 -2.864833427225276090e-08
4.013260247018663075e-08 -2.514671947900679302e-08
2.118528718011779383e-08 -1.826847693244242730e-08
-2.286894588851359346e-10 -9.084730683062330624e-09
-2.103471297496895608e-08 1.084656844566548428e-09
-3.842389405129120640e-08 1.086464501658617335e-08
-5.021484327571673140e-08 1.900890418537621199e-08
-5.509800786297902444e-08 2.455082738062766879e-08
-5.274205693620027241e-08 2.690548940542775623e-08
-4.376281745228249081e-08 2.591461831354299129e-08
-2.957332475604359626e-08 2.183481181434581937e-08
-1.214679580814063738e-08 1.527632019489000253e-08
6.268351421036299614e-09 7.104935390919788458e-09
2.344102969648446169e-08 -1.677483866212226605e-09
3.742107913144757232e-08 -1.005759873478320541e-08
4.674542664331528600e-08 -1.712537772404345946e-08
5.056863161048796468e-08 -2.216706195057870048e-08
4.871080213675371581e-08 -2.472820363594827038e-08
4.162629066264186663e-08 -2.464298518838754849e-08
3.030522511858847188e-08 -2.203018431532979113e-08
1.612601060063654031e-08 -1.725972356510335259e-08
6.800774921841093810e-10 -1.089639413797973510e-08
-1.440934162002486958e-08 -3.628970387731624686e-09
-2.765478899568553913e-08 3.806589931313111257e-09
-3.784266788964900771e-08 1.070157969740197839e-08
-4.413104492878211602e-08 1.643958404009723613e-08
-4.610180437830944036e-08 2.054686318087101955e-08
-4.376704558541577222e-08 2.272488179432511620e-08
-3.753410598658501429e-08 2.286386345202484792e-08
-2.813712131095081885e-08 2.103815094415901349e-08
-1.654514668918897343e-08 1.748575228935946359e-08
-3.857893765221814606e-09 1.257558858600429012e-08
8.800133353646550996e-09 6.766598127259036874e-09
2.037756799553279472e-08 5.630882469284565222e-10
2.997848261559872432e-08 -5.529502569918246902e-09
3.692376068807750349e-08 -1.104481696556102527e-08
4.078868550691099425e-08 -1.558895795460457416e-08
4.141632246898097550e-08 -1.886506396348724297e-08
3.890821434276852046e-08 -2.068813522325699334e-08
3.359587449980239638e-08 -2.099005486701519434e-08
2.599721058876473868e-08 -1.981542477048641959e-08
1.676319564659614478e-08 -1.730961649635202034e-08
6.619805098794986242e-09 -1.370071753621520039e-08
-3.689850456282075864e-09 -9.277358296782857383e-09
-1.345898705106123959e-08 -4.364458081435983237e-09
-2.206281220066527502e-08 7.011815790018050270e-10
-2.899405654317261873e-08 5.593770999444487129e-09
-3.388701106197234949e-08 1.001851463293269661e-08
-3.652975395016274979e-08 1.372767839897703629e-08
-3.686511337752944607e-08 1.653216042949556682e-08
-3.498149799905230310e-08 1.830828567572272975e-08
-3.109545720234701746e-08 1.899995624646841344e-08
-2.552800420815605713e-08 1.861652888986338889e-08
-1.867688892854631900e-08 1.722705354721648665e-08
-1.098699446398284150e-08 1.495159580217890690e-08
-2.920915311018278643e-09 1.195050205687083335e-08
5.068466058323193848e-09 8.412431691168433927e-09
1.256230168517560206e-08 4.542056376246193513e-09
1.919558701873825080e-08 5.480236490078136687e-10
2.467208685312468425e-08 -3.368087621086930881e-09
2.877408912956785593e-08 -7.021333973677002174e-09
3.136696177146226552e-08 -1.025123310584910509e-08
3.239895295243230990e-08 -1.292756158319765648e-08
3.189679879353110985e-08 -1.495409211686998531e-08
2.995773287267168489e-08 -1.627033609486721100e-08
2.673896362102341770e-08 -1.685137215554116562e-08
2.244522546811002437e-08 -1.670605231668564509e-08
1.731534373654740893e-08 -1.587385466379301955e-08
1.160856968490587461e-08 -1.442061050575137404e-08
5.591416302768666745e-09 -1.243351704045229568e-08
-4.745689134989883117e-10 -1.001576931126409500e-08
-6.343480616422555488e-09 -7.280895824148896772e-09
-1.179404846449650665e-08 -4.347405010562040156e-09
-1.663654326522074813e-08 -1.333645782828037518e-09
-2.071776377760137320e-08 1.646793470290283947e-09
-2.392395150954471047e-08 4.488988529730882259e-09
-2.618177855051252492e-08 7.099914000483638209e-09
-2.745765698448453680e-08 9.400837327991744307e-09
-2.775562625605778243e-08 1.132899161333227116e-08
-2.711384354173876133e-08 1.283837935098454332e-08
-2.560039765236678159e-08 1.390008531967707113e-08
-2.330815401079847111e-08 1.450165540994066031e-08
-2.034950725433214952e-08 1.464626401005157690e-08
-1.685081221360756726e-08 1.435121678001906540e-08
-1.294697739388329001e-08 1.364618555087273410e-08
-8.776245087208782432e-09 1.257125082586687685e-08
-4.475502007434262511e-09 1.117475757115825150e-08
-1.760639138994040146e-10 9.511143344876268058e-09
3.999898577969161264e-09 7.638773241363055963e-09
7.942273550863645640e-09 5.617913005226222872e-09
1.155524786766045530e-08 3.508826352487685148e-09
1.475884151635201979e-08 1.370059262827730711e-09
1.748982105029341732e-08 -7.430285911191420673e-10
1.970199407916239701e-08 -2.779473189384707555e-09
2.136601046071869743e-08 -4.693735928958235741e-09
2.246868725216140106e-08 -6.446393905865221027e-09
2.301182647778572101e-08 -8.004603034225848925e-09
2.301100279888388945e-08 -9.342440914649057761e-09
2.249390504210741959e-08 -1.044089004064475222e-08
2.149841482732864938e-08 -1.128767030843432463e-08
2.007092868531266737e-08 -1.187702698870842191e-08
1.826447412177611317e-08 -1.220924119333561041e-08
1.613674158394411447e-08 -1.229013996224515527e-08
1.374842899845346461e-08 -1.213040403250099482e-08
1.116155653884134947e-08 -1.174501311401089721e-08
8.437917951684115246e-09 -1.115246583361068503e-08
5.637750063901046795e-09 -1.037411852215816403e-08
2.818568748119949299e-09 -9.433452485197948183e-09
3.420731251533778992e-11 -8.355452200540527383e-09
-2.666028423261019501e-09 -7.165918154424222483e-09
-5.237923793026426563e-09 -5.890929973726161747e-09
-7.642828645832809810e-09 -4.556272201878801281e-09
-9.847882283415690901e-09 -3.187000294161692595e-09
-1.182617935375867189e-08 -1.807014204144363510e-09
-1.355670705153471814e-08 -4.387448016702711721e-10
-1.502427580607928580e-08 8.971686100587975759e-10
-1.621916018262290332e-08 2.182009540859757894e-09
-1.713690249380684603e-08 3.399244722680636637e-09
-1.777789624849715804e-08 4.534525175671790771e-09
-1.814686485598453037e-08 5.575767332141216124e-09
-1.825247992268248291e-08 6.513174739251101051e-09
-1.810684111130128092e-08 7.339142212254700037e-09
-1.772494000801161709e-08 8.048234198473294793e-09
-1.712416965500589887e-08 8.637039079448552830e-09
-1.632382677137376601e-08 9.104079445278717440e-09
-1.534472344706258382e-08 9.449640791825324626e-09
-1.420853822757975680e-08 9.675592765696341211e-09
-1.293765187720369276e-08 9.785265600979006206e-09
-1.155451769285017671e-08 9.783249611390537574e-09
-1.008153749719986163e-08 9.675190118559730986e-09
-8.540617657433130906e-09 9.467678827669407543e-09
-6.952941899475530234e-09 9.168043961702458028e-09
-5.338715785558388775e-09 8.784166484565085629e-09
-3.717031432645125795e-09 8.324387605022288399e-09
-2.105715678383585925e-09 7.797288524670969071e-09
-5.211311699930639657e-10 7.211601610636931275e-09
1.021806973515892891e-09 6.576136046331716180e-09
2.509752233934232449e-09 5.899535785186100975e-09
3.930932557356849011e-09 5.190322729216740489e-09
5.275141010941256466e-09 4.456721532948409072e-09
6.533739434325722779e-09 3.706643327994333183e-09
7.699605494083712534e-09 2.947575856979355227e-09
8.767067891115296213e-09 2.186569223188825172e-09
9.731901722367682575e-09 1.430203090268863267e-09
1.059114913094083794e-08 6.845225729383412697e-10
1.134312913963430034e-08 -4.493875853489264251e-11
1.198726152189083435e-08 -7.532072609195898420e-10
1.252410649071063207e-08 -1.435854930878813226e-09
1.295503375107448863e-08 -2.088985950264221538e-09
1.328239419360782055e-08 -2.709242908682819080e-09
1.350922135987376941e-08 -3.293807834829767672e-09
1.363921296861163968e-08 -3.840321085852174707e-09
1.367665290373166735e-08 -4.346953780193958605e-09
1.362627644015910372e-08 -4.812305462785923563e-09
1.349318596830975470e-08 -5.235408997465994966e-09
1.328281118363863707e-08 -5.615695513974117299e-09
1.300077167604870257e-08 -5.952972058058033499e-09
1.265287137056247130e-08 -6.247374732004587309e-09
1.224501066784197220e-08 -6.499377549320250675e-09
1.178306612757800468e-08 -6.709680296986113700e-09
1.127290806775802496e-08 -6.879294106873886809e-09
1.072040217342342497e-08 -7.009421797525824755e-09
1.013116062340619520e-08 -7.101439785881191380e-09
9.510726819442768328e-09 -7.156908361879640954e-09
8.864446807670809101e-09 -7.177526495195578922e-09
8.197438895385418927e-09 -7.165093404075508916e-09
7.514571051016508563e-09 -7.121509179200371343e-09
6.820438534639665506e-09 -7.048735344462947244e-09
6.119392153716855187e-09 -6.948789465372115827e-09
5.415458079631146888e-09 -6.823668946651862340e-09
4.712363252064175712e-09 -6.675464304969335661e-09
4.013560374988034480e-09 -6.506188999179617509e-09
3.322152196787059303e-09 -6.317854457712913094e-09
2.640954660248670077e-09 -6.112458019432175741e-09
1.972474196610366473e-09 -5.891940793315384798e-09
1.318874466168320188e-09 -5.658154953067282361e-09
6.820377103916985455e-10 -5.412926593220028991e-09
6.353276636682135270e-11 -5.157980121221327754e-09
-5.353711345281016009e-10 -4.894970896992327432e-09
-1.113695016424694749e-09 -4.625434218048331040e-09
-1.670756000223894522e-09 -4.350828924727268654e-09
-2.206147478994724320e-09 -4.072501987808740368e-09
-2.719761680277436959e-09 -3.791689809837099543e-09
-3.211742643236835584e-09 -3.509502426102229619e-09
-3.682522513579916128e-09 -3.226932463178027852e-09
-4.132811372560289042e-09 -2.944838925489350544e-09
-4.563573163211158776e-09 -2.663944689492751146e-09
-4.976066408881462072e-09 -2.384827409152654136e-09
-5.371825175303678849e-09 -2.107905983790590616e-09
-5.752668429855273155e-09 -1.833447942756042382e-09
-6.120735909569734435e-09 -1.561528573525195537e-09
-6.478460599602946447e-09 -1.292052722555921937e-09
-6.828657025886352724e-09 -1.024706598101881286e-09
-7.174521901876271802e-09 -7.589520221377776240e-10
-7.519658025745737501e-09 -4.940009144565193753e-10
-7.868182585966758504e-09 -2.287639354305568117e-10
-8.224760979665459479e-09 3.816053875984753003e-11
-8.594729829803684835e-09 3.085780459277373001e-10
-8.984216007641342905e-09 5.847324455001518001e-10
-9.400304268174390563e-09 8.694227854598635972e-10
-9.851219771024953949e-09 1.166103338388412621e-09
-1.034667189715990969e-08 1.479046126511915327e-09
-1.089812333538854748e-08 1.813527434778134331e-09
-1.151932755298679349e-08 2.176112404089549707e-09
-1.222694655521761334e-08 2.575003121808183051e-09
-1.304136403901255515e-08 3.020527861589354850e-09
-1.398783313402875356e-08 3.525803176336570163e-09
-1.509801215052492584e-08 4.107656040762533137e-09
-1.641206161791872204e-08 4.787914304120116722e-09
-1.798159352265943458e-08 5.595225404328320684e-09
-1.987379553270378243e-08 6.567681998848548071e-09
-2.217733488278191117e-08 7.756648233274987816e-09
-2.501089890505400137e-08 9.232418005388327752e-09
-2.853575416463744246e-08 1.109274430509328192e-08
-3.297454811701548141e-08 1.347593150863146992e-08
-3.863992911820777008e-08 1.658131859718990238e-08
-4.597906820874725917e-08 2.070208304517380465e-08
-5.564431782012835881e-08 2.627899067476075606e-08
-6.860813504400443497e-08 3.399083181956521609e-08
-8.635476217183908767e-08 4.491101756411534655e-08
-1.112091386860067672e-07 6.078757792906519200e-08
-1.469189042537871541e-07 8.456168642121059742e-08
-1.997200250981673622e-07 1.213666912418784587e-07
-2.803627740824551184e-07 1.805402534573124185e-07
-4.081279437397743217e-07 2.798858074983047551e-07
-6.191664914644428107e-07 4.552310248489990062e-07
-9.847312098595892534e-07 7.833360777837937672e-07
-1.653349527385771094e-06 1.441214827264423317e-06
-2.954432669783223692e-06 2.874511295191565992e-06
-5.668082474662221949e-06 6.331373229853438464e-06
-1.175178431165291610e-05 1.580263963811922001e-05
-2.609818007050786844e-05 4.639525462522562705e-05
-5.559757159523597643e-05 1.693036211620872224e-04
2.752999989524826450e-05 8.200228062068672195e-04
4.518357542228801545e-03 3.834303882518925836e-03
1.376846609320608004e-02 -3.346179860313522325e-02
-9.338913623987007973e-02 3.059971408850788860e-02
1.029339665993448116e-01 8.668487426398366336e-02
9.459036946886197061e-02 -1.317655337645045333e-01
-1.896768845545184212e-01 -8.700481225462247670e-02
-8.831346981406115737e-02 2.024426732149719743e-01
2.486686035128057026e-01 8.376832665726205440e-02
7.747505465622761545e-02 -2.505033364447555866e-01
-2.894280809274195621e-01 -6.392916051755824502e-02
-3.490859958825226483e-02 2.808559545145750125e-01
3.088261671166115385e-01 0.000000000000000000e+00
-6.758167727463339214e-02 -2.774234646243483593e-01
-2.662895095713794236e-01 1.207411353740261289e-01
2.166911783465441110e-01 1.793969675423455479e-01
7.354454259006455719e-02 -2.266530319159858475e-01
-2.448703142086294526e-01 5.703812316156772755e-02
2.113552454388478441e-01 9.015459072126164042e-02
-1.037150271967564458e-01 -1.170816807052615927e-01
2.890814164561152436e-02 7.616656502583801780e-02
-1.288963017512988196e-03 -3.351415835581408181e-02
-2.948021234210026695e-03 1.076059082445213894e-02
1.629539638284011743e-03 -2.569310024267826460e-03
-5.208440423353550728e-04 4.471556186991152392e-04
1.181924481103764922e-04 -5.144056735069007819e-05
-2.010172437203036874e-05 2.128568155650104178e-06
2.594286776974251555e-06 5.484501069630796159e-07
-2.505821006545009345e-07 -1.479794501592926941e-07
1.717111052789626830e-08 2.043919205552063427e-08
-6.894138346624933765e-10 -1.922614769131721531e-09
-3.680521528748178533e-12 1.299033358040684928e-10
2.798177813179787011e-12 -6.243652188553685533e-12
-2.335176068671786503e-13 1.949845015411644722e-13
2.838334022177755862e-14 1.248665074775245101e-14
-8.995351212483601062e-15 -8.344736165973082693e-15
-4.949934809928452163e-15 9.506743757254604354e-15
7.258468723129843529e-15 -2.021967138403241122e-15
1.920513291215680725e-16 2.396331945795913791e-15
-5.353514796948333020e-15 -5.353128622285566432e-15
-6.559231563489640210e-15 5.623132973138369301e-15
7.626613973431863999e-15 -5.457958073899763464e-15
3.481462744493567345e-15 -1.067701652457321356e-14
-2.070586275238524585e-15 -8.406029152510023659e-15
1.122691171841059883e-14 -7.661683061682052342e-15
-3.003428214024047617e-15 4.860222652477511779e-15
-3.453068859690638068e-15 -6.631599995919290301e-15
9.856826989676804299e-16 -4.067001254048394319e-16
7.669412122218880472e-16 4.107601477494166431e-15
7.575149664079521696e-15 -1.777311649213154813e-16
-1.669220388302122075e-14 6.986783356196666981e-15
-6.402595402684898728e-15 2.693102650622981438e-15
-9.342344860634709772e-15 -1.883663771961553952e-15
3.976060419404413259e-15 -3.623717148509197411e-15
1.516708286554737619e-15 -2.833528527020317728e-15
-1.048944987246570083e-14 7.694999873837423959e-15
-7.228331765867708474e-15 -5.168467057565323486e-15
-3.678949895960333602e-15 2.498533408274549955e-15
-4.988772934811236108e-15 -1.188633677835227978e-14
-1.617962576686617842e-15 -1.854395713711120301e-15
4.451002024572105651e-15 2.346756187253452363e-15
7.182812345559957166e-15 5.739705187383045865e-17
-2.633049300491575702e-15 3.210067602893769144e-16
-5.033754726738114723e-15 5.034569098944557205e-15
-3.424201849946684805e-15 -1.327586402412056406e-15
5.198936572093090018e-15 2.378253633006675181e-15
2.578315223192808539e-16 3.534624395481184476e-15
4.527855828319550493e-15 2.855350713325799330e-15
2.087558653865616628e-15 1.616868091734943101e-15
-3.680380977051627615e-16 -8.159526308082076161e-16
-7.367334072760574960e-16 2.838846638352641675e-16
-2.563489629441042189e-15 5.974591221912830413e-15
9.758978304119257485e-16 2.807167996108140310e-16
6.651917847018980838e-16 -1.198564996289166927e-15
1.524590701847240193e-16 1.347358564441024136e-15
3.504796210637334103e-15 -2.466572116503739849e-16
3.687715260393533481e-15 -9.119401470768760698e-16
-2.048775895889852538e-15 2.284475173854262048e-15
-3.548818864036175027e-15 3.253993727607380897e-16
1.404658685343572069e-15 6.338583543859288886e-16
-6.272975833562432329e-16 3.766167990243544028e-15
-2.611759433509299177e-15 -4.206577697579829205e-16
-7.816137936086572291e-16 4.080419484586144087e-15
-6.169648616822920913e-15 3.297108078732186926e-15
-5.463338274506186938e-15 1.391471322505943738e-15
-8.005350971225935237e-15 3.367051501832702837e-15
-8.949754941444499601e-15 5.424730496653242625e-15
-1.369609343027556394e-14 4.697658800433240156e-15
-1.709456547229309524e-14 3.342779524817296998e-15
-1.832507008201620243e-14 3.458112592178663058e-15
-2.391382211199224036e-14 4.356880570820527955e-15
-2.634335115709273260e-14 6.722692487603110760e-15
-3.602535184541363331e-14 6.834340967184803487e-15
-4.169171100742955965e-14 6.128940365499770685e-15
-4.676811099384839799e-14 7.619110256431735232e-15
-5.812217192165469845e-14 8.077788364342705471e-15
-6.640869444415005792e-14 9.305195824471611283e-15
-7.484370671942916890e-14 7.654187879610505672e-15
-8.615716486649971359e-14 9.169882488150838416e-15
-1.025025474629058204e-13 1.406765961143872489e-14
-1.186505886087209450e-13 1.404312038102055491e-14
-1.377362687383615310e-13 7.940960674511913060e-15
-1.597747710570345580e-13 1.174986220888524328e-14
-1.854359049579911140e-13 1.921038463188654777e-14
-2.117452460776296349e-13 2.839353733627552574e-14
-2.429979296164045140e-13 2.334120938496177555e-14
-2.702578143687054625e-13 2.982972036918140438e-14
-3.077981249069192490e-13 3.506863980344724747e-14
-3.593152182028328932e-13 5.292677003964656740e-14
-3.916118788687318093e-13 7.724310015208292055e-14
-4.318778699758263896e-13 1.141497927090023932e-13
-4.682674570946827008e-13 1.533380908913648945e-13
-5.168134998220654905e-13 2.717517856273619471e-13
-5.099453580430150612e-13 4.080703262092187876e-13
-4.920923769573994627e-13 6.006704657905073804e-13
-4.190269633001242195e-13 8.081415110550474355e-13
-3.512056767006352276e-13 1.088890631933757651e-12
-1.859777520782693220e-13 1.318291504845752960e-12
1.561914894737495883e-14 1.518655763074787220e-12
2.379266265602645306e-13 1.630803294018060198e-12
4.484616552994064901e-13 1.517593165021780869e-12
5.393716938429359645e-13 1.152085524773656478e-12
5.433997346488341786e-13 4.421884461518898248e-13
4.635043591882941542e-13 -4.688549348118378856e-13
9.287478586724742860e-14 -1.077156639701881790e-12
-2.123802019704085539e-13 -1.222551634166908652e-12
-3.254030375976936385e-13 -6.866763388490807531e-13
-1.143342936959342082e-13 3.411501948752645431e-13
2.370322995800323308e-13 1.270100028230010464e-12
3.707440008287465510e-13 1.251358688526355527e-12
1.287698727636094433e-13 -6.886054858128794655e-14
