1.504849074296471523e-01 0.000000000000000000e+00
1.030964813612564729e-01 -4.099845927873976836e-04
-3.594678982695302671e-02 -1.653697730022295198e-03
-1.403876924774404011e-01 -9.933174239084296975e-04
-1.191225490840678580e-01 2.138907255674032948e-03
5.759898150224076509e-03 4.702983006343654758e-03
1.233150412855524986e-01 3.092640952884279093e-03
1.329980345348289461e-01 -2.509648584005652605e-03
2.960391152137210533e-02 -7.348786154234492746e-03
-9.675773217286648409e-02 -6.248708336024359766e-03
-1.401838527734257656e-01 1.078945278005824515e-03
-6.715242959300411763e-02 8.884978897288706851e-03
5.940862506190061620e-02 1.000476809837545430e-02
1.355595616716207263e-01 2.387465179139000582e-03
1.016427018557758688e-01 -8.412767599242358674e-03
-1.235771152564029036e-02 -1.338602483715259188e-02
-1.145643034571843522e-01 -7.622218295173434355e-03
-1.256914359075999299e-01 5.124465513625414692e-03
-3.967124471375288453e-02 1.494268610683270083e-02
7.509866888848046318e-02 1.356612324488921939e-02
1.309939644141061010e-01 1.224250788124908729e-03
8.775775522960085895e-02 -1.307636081010955104e-02
-1.980342880699876087e-02 -1.826165443047806855e-02
-1.108952893088293590e-01 -9.757948862193013828e-03
-1.196989048480130158e-01 6.723945453444894749e-03
-4.213137002764644895e-02 1.917537533195196736e-02
6.410717328910971180e-02 1.811895705700558232e-02
1.231945248509609403e-01 3.712575104888718447e-03
9.510130705442237931e-02 -1.413187709835578981e-02
1.667442723204291474e-03 -2.271893672087849786e-02
-9.126485074674636766e-02 -1.560213743545332821e-02
-1.206328323071496622e-01 2.759153949395742877e-03
-6.844079193947974482e-02 1.997054780632737461e-02
2.835921808644114445e-02 2.417605610504571997e-02
1.047942610630032273e-01 1.215781541336691252e-02
1.115851491780955468e-01 -8.432880081820130769e-03
4.625205711582751344e-02 -2.412801741311185189e-02
-4.749010017457762356e-02 -2.451095384046161549e-02
-1.095743628471593373e-01 -9.016477738239332684e-03
-1.019958648999555184e-01 1.270660751993651222e-02
-3.135467646819263543e-02 2.696836694454315606e-02
5.729307169642989389e-02 2.468669059651139308e-02
1.096313281598518680e-01 7.032023652819997805e-03
9.519935058730077948e-02 -1.535522628278179064e-02
2.440670285289489941e-02 -2.892470550713094335e-02
-5.953032003068191302e-02 -2.541713668905774132e-02
-1.073478194716296352e-01 -6.743083321509073247e-03
-9.246163043972074891e-02 1.625268185401166493e-02
-2.508294294837967037e-02 3.022619868565187828e-02
5.529962887275029909e-02 2.707025772587817736e-02
1.034067218039029512e-01 8.472303517202052492e-03
9.351767144450164049e-02 -1.518155276900522155e-02
3.263491070186598508e-02 -3.074279615192928097e-02
-4.487198706555429323e-02 -2.960965653853589799e-02
-9.701412534563870482e-02 -1.234881767724885226e-02
-9.684167137481036747e-02 1.177603695838425751e-02
-4.588338534611949293e-02 2.991891055340707706e-02
2.801194202924679050e-02 3.251195120171254671e-02
8.626145397996347330e-02 1.820089659914679581e-02
9.969811440219204790e-02 -5.627250361860652861e-03
6.280295734429361398e-02 -2.681118389370563265e-02
-4.684833200017703148e-03 -3.467218544596050583e-02
-6.871392266626134837e-02 -2.532079091777744706e-02
-9.821345414879983915e-02 -3.420041395009343344e-03
-7.993450885449060461e-02 2.030285018700395128e-02
-2.390780631093747388e-02 3.439623530273178825e-02
4.242051090579365691e-02 3.218049925675656175e-02
8.784965629849388058e-02 1.478380222207141548e-02
9.201645331573188313e-02 -9.592967066623485362e-03
5.416902963148130523e-02 -2.966139291951266216e-02
-7.451487219820744634e-03 -3.629442352009060180e-02
-6.469269517871677200e-02 -2.659392391421129542e-02
-9.242110599935662862e-02 -5.008585787369082554e-03
-7.936211668615564263e-02 1.884740864798104681e-02
-3.229343970856504015e-02 3.455140064298777708e-02
2.774266440630168348e-02 3.540300552462426892e-02
7.504244615621555314e-02 2.117492872487109976e-02
9.022133887393052332e-02 -1.991429710916772788e-03
6.791837454066262936e-02 -2.435251242546229711e-02
1.829298524845489674e-02 -3.670304681117594892e-02
-3.785541384767344975e-02 -3.411888240892863022e-02
-7.793552922405809491e-02 -1.780566952217430346e-02
-8.658729639989924676e-02 5.585295396455865202e-03
-6.132639022310168442e-02 2.676461494805960559e-02
-1.285990321403074864e-02 3.751868717947422910e-02
3.966832592469875240e-02 3.384091551256891012e-02
7.633689361362561154e-02 1.731361734589179774e-02
8.392963582917536969e-02 -5.684057418718566068e-03
6.047941186072045006e-02 -2.652246575991307198e-02
1.541776318969746533e-02 -3.757985393001091884e-02
-3.440762005631450848e-02 -3.498028073270259553e-02
-7.112231391801474012e-02 -1.985156334403775924e-02
-8.218365469012776925e-02 2.259896151697277089e-03
-6.448334672017400071e-02 2.350255378767254072e-02
-2.493727455000373586e-02 3.653344013800739754e-02
2.238398549803809201e-02 3.701980193180082895e-02
6.136105410181198760e-02 2.499435391732721112e-02
7.929712725973858678e-02 4.676453836380545237e-03
7.091937393648511945e-02 -1.708831996053620031e-02
3.971065695975653509e-02 -3.317239791919059794e-02
-3.662384231136520812e-03 -3.848368699752791056e-02
-4.510937029840912660e-02 -3.151297479451541789e-02
-7.171671205648802450e-02 -1.466746218276937519e-02
-7.569211458967754769e-02 6.638598238641470195e-03
-5.648623500397126351e-02 2.577617247087908223e-02
-2.058076967238463284e-02 3.697163239580962546e-02
2.081961892253906404e-02 3.701026550308118140e-02
5.534886014505939478e-02 2.608667929740329794e-02
7.315424912101396726e-02 7.605274233635401365e-03
6.960889437763415066e-02 -1.294335318463278595e-02
4.635579735651101929e-02 -2.964598798332680057e-02
1.051305035500440035e-02 -3.786084325910287623e-02
-2.759858510737145040e-02 -3.546280295824944667e-02
-5.746514525832980419e-02 -2.332271952596583209e-02
-7.124722131434416128e-02 -4.939493262322288553e-03
-6.574198326819771787e-02 1.461897365018134318e-02
-4.298465518956483961e-02 3.013573701339650884e-02
-9.434528477541444941e-03 3.762513424384677369e-02
2.593432913850845373e-02 3.531469633370927508e-02
5.406248372566586913e-02 2.400157022336408402e-02
6.809717132688061780e-02 6.734805073213938342e-03
6.498195255931576986e-02 -1.205040661995542689e-02
4.600379431495610350e-02 -2.769325284425046968e-02
1.624405283443981426e-02 -3.645664398751018165e-02
-1.684893325783802173e-02 -3.638669597080962381e-02
-4.535629671508754901e-02 -2.769605330511380401e-02
-6.276993743399768289e-02 -1.261328111126502199e-02
-6.542116616923933370e-02 5.229090428517355754e-03
-5.316304114797644476e-02 2.169395870625732622e-02
-2.920962317545617096e-02 3.310080237125157671e-02
7.656101408794156737e-04 3.702744061795559122e-02
3.001396311200765429e-02 3.278514941017109108e-02
5.223710645401786340e-02 2.148593641853003416e-02
6.291289445906166067e-02 5.716562251700203767e-03
6.015404538609560314e-02 -1.108253265823597525e-02
4.495564190762382784e-02 -2.538061673064024443e-02
2.082850335837307942e-02 -3.429249224299533993e-02
-7.057245471229951078e-03 -3.613690172667129857e-02
-3.300541643563210253e-02 -3.071668495788561909e-02
-5.195449735522682244e-02 -1.928471225308691500e-02
-6.043397024827418251e-02 -4.225462139542012635e-03
-5.714579758115627406e-02 1.146434573861472225e-02
-4.308912074469888054e-02 2.478066247615278925e-02
-2.124131982724654713e-02 3.328063834407102295e-02
4.108696244744256335e-03 3.551026206682727365e-02
2.822303135834414514e-02 3.122205006893994175e-02
4.679924807757303296e-02 2.135855926156586537e-02
5.671500577477332772e-02 7.822370835555304130e-03
5.651140415541874851e-02 -6.910120734404633092e-03
4.655127098195413482e-02 -2.025101341097242796e-02
2.885154091632127077e-02 -2.995287887793717657e-02
6.645295422103441457e-03 -3.447341678982610708e-02
-1.623006779329715793e-02 -3.319754028091811970e-02
-3.600188689706641104e-02 -2.649063714197513394e-02
-4.957338289862514569e-02 -1.558723376396983773e-02
-5.498219279925449510e-02 -2.345992332081138498e-03
-5.164529825384257811e-02 1.107909619080697100e-02
-4.036931361185071288e-02 2.259251458687767944e-02
-2.314412447241548376e-02 3.047856035849877757e-02
-2.769881274194098061e-03 3.364303353354259479e-02
1.761183262200786276e-02 3.174463148657252765e-02
3.500410995723141072e-02 2.520496460111252071e-02
4.698453372672347500e-02 1.510532492386525323e-02
5.202053689369592199e-02 2.994357069130534205e-03
4.963445206751188749e-02 -9.358424553237657678e-03
4.040748645237129261e-02 -2.022374272504302156e-02
2.583576061936350768e-02 -2.815033153801098711e-02
8.070986019523211652e-03 -3.214821114136045405e-02
-1.040888177837058677e-02 -3.179673726152540403e-02
-2.714856201353713777e-02 -2.726890576851153866e-02
-4.003579665456254155e-02 -1.927547416931316843e-02
-4.755350143808571156e-02 -8.942788728784074881e-03
-4.893692155889232953e-02 2.354403585270295474e-03
-4.422390711587786960e-02 1.318005936732395342e-02
-3.420121944871100383e-02 2.221858975900277422e-02
-2.026256419406447309e-02 2.842905764984120578e-02
-4.203439734939244665e-03 3.115515363634851695e-02
1.201687227335468400e-02 3.018129132548457577e-02
2.651490211163497202e-02 2.573259972327692977e-02
3.769583373542234606e-02 1.842349420989351089e-02
4.441723162831123090e-02 9.165107085475802245e-03
4.608922442776193507e-02 -9.543577028172621490e-04
4.270542973696496436e-02 -1.080054030783927574e-02
3.480728887536070626e-02 -1.931956390830395776e-02
2.339161692742039791e-02 -2.564683514553514967e-02
9.776411494350729231e-03 -2.918772362927213662e-02
-4.557043740014816990e-03 -2.966388767745311433e-02
-1.812704521985213438e-02 -2.712329352499526225e-02
-2.960195230233162930e-02 -2.191599236114266311e-02
-3.792398726816023635e-02 -1.464107496379653088e-02
-4.239624518772600048e-02 -6.072643316414799708e-03
-4.272755531903032339e-02 2.926015370151562739e-03
-3.903458240967480619e-02 1.149060093530993379e-02
-3.180481865569759897e-02 1.883757564775175031e-02
-2.182752927578438321e-02 2.433229012467653246e-02
-1.010204721962948415e-02 2.753823590999457394e-02
2.266024752175133106e-03 2.824450261792084416e-02
1.417011625875302591e-02 2.647083664519962742e-02
2.459986801999770184e-02 2.245181219345186718e-02
3.272229383852324341e-02 1.660336107495902561e-02
3.794128121273045856e-02 9.476152151733979387e-03
3.993227746464817624e-02 1.701012265943799978e-03
3.865148701502872652e-02 -6.068256714555665676e-03
3.432115280177110150e-02 -1.320963227814759416e-02
2.739434365059397608e-02 -1.918088227302728460e-02
1.850401127044933383e-02 -2.355751876172690329e-02
8.401866594963319085e-03 -2.605854401297614045e-02
-2.107138662946801341e-03 -2.655904446539359212e-02
-1.222920129763228891e-02 -2.508983273806444231e-02
-2.124007648888535590e-02 -2.182533381872207162e-02
-2.853363532901996569e-02 -1.706169777404101598e-02
-3.365786034982154451e-02 -1.118766178940395345e-02
-3.633680277683298820e-02 -4.650967987598064735e-03
-3.647822371789928575e-02 2.076818772368774213e-03
-3.416771780799486569e-02 8.534428330807962773e-03
-2.965100665245923653e-02 1.430162815584085610e-02
-2.330674910190376481e-02 1.902476354916523421e-02
-1.561262759235626692e-02 2.243582313366625919e-02
-7.107637222459718164e-03 2.436433848644421057e-02
1.646552734632010517e-03 2.474198747300211665e-02
1.010254284517634812e-02 2.360027436089822545e-02
1.776022681550551777e-02 2.106207847603036934e-02
2.419416488693981390e-02 1.732817927152008677e-02
2.907412922864153690e-02 1.266007114901054713e-02
3.217820427363971003e-02 7.360476916641569417e-03
3.339835753158869325e-02 1.752962475282083057e-03
3.273886962053296906e-02 -3.838039034107213268e-03
3.030840358649630056e-02 -9.105650175924830114e-03
2.630678914331253254e-02 -1.377649130258209315e-02
2.100779159036682275e-02 -1.762345984490750958e-02
1.473922946731187449e-02 -2.047492221749441094e-02
7.861807143471498741e-03 -2.222014522089681490e-02
7.479507817210583748e-04 -2.281102509454671287e-02
-6.238206163303172680e-03 -2.226037240523381228e-02
-1.275873152657825901e-02 -2.063717218921223839e-02
-1.851696059922175452e-02 -1.805935704996052341e-02
-2.326921679146559674e-02 -1.468470522851637004e-02
-2.683291566666455921e-02 -1.070050769354979198e-02
-2.909099906404888011e-02 -6.312641911610711309e-03
-2.999283973719919089e-02 -1.734650639097180466e-03
-2.955191931991241194e-02 2.822641644320536894e-03
-2.784070909158719437e-02 7.160527125704427634e-03
-2.498327214681082820e-02 1.110047771543595102e-02
-2.114615766327631458e-02 1.449062558254355509e-02
-1.652817538954416687e-02 1.721051651956280112e-02
-1.134962509012997847e-02 1.917408847518763115e-02
-5.841516365480114645e-03 2.033091494491131440e-02
-2.352544913221711609e-04 2.066582763080087107e-02
5.246806602198368988e-03 2.019709295301198165e-02
1.039962677328540828e-02 1.897336170298166702e-02
1.504232772062680419e-02 1.706964035467202143e-02
1.902348377064335544e-02 1.458254702870611513e-02
2.222479486608568838e-02 1.162511617188591480e-02
2.456315585253589229e-02 8.321405442303760058e-03
2.599120079398611893e-02 4.801138135051070954e-03
2.649645420012728542e-02 1.194586941095636401e-03
2.609926197714342727e-02 -2.372127891147579257e-03
2.484970354115767846e-02 -5.781188707282556780e-03
2.282370333810177995e-02 -8.926578538123257009e-03
2.011856592185462533e-02 -1.171686308978327033e-02
1.684815501737238486e-02 -1.407722692098638609e-02
1.313792511930519588e-02 -1.595076529178636460e-02
9.119995759131870744e-03 -1.729906040301913348e-02
4.928435254884282191e-03 -1.810209347473247521e-02
6.948941336312238620e-04 -1.835756206311400102e-02
-3.455300018745366929e-03 -1.807968514459067089e-02
-7.406503431605948075e-03 -1.729758696451429156e-02
-1.105551811548542533e-02 -1.605335477490817467e-02
-1.431372685595230440e-02 -1.439986581451195569e-02
-1.710859734150246142e-02 -1.239847574289674147e-02
-1.938457275500946042e-02 -1.011665480586916056e-02
-2.110338408369706598e-02 -7.625649880851894866e-03
-2.224383385120450030e-02 -4.998240816995368208e-03
-2.280111192637055903e-02 -2.306648709163540076e-03
-2.278571162388810453e-02 3.793575582011453340e-04
-2.222201869700540788e-02 2.994121532822812543e-03
-2.114664732646980017e-02 5.477502265141808227e-03
-1.960659618408837346e-02 7.776006712883793033e-03
-1.765729448071251539e-02 9.843647468667322473e-03
-1.536060299897974192e-02 1.164253022116261069e-02
-1.278282886000688644e-02 1.314318258081051058e-02
-9.992805566742429466e-03 1.432464185783193129e-02
-7.060082062683825654e-03 1.517432406201837253e-02
-4.053256467385088838e-03 1.568769983427936027e-02
-1.038482083907488890e-03 1.586780528462371914e-02
1.921834540301899444e-03 1.572461689653439562e-02
4.770131082450965697e-03 1.527431987613509477e-02
7.454576789501917052e-03 1.453849870668348296e-02
9.929750092489940394e-03 1.354327734396184799e-02
1.215711214477443666e-02 1.231843459710097594e-02
1.410528637244085233e-02 1.089651791003110395e-02
1.575015772515690402e-02 9.311976118438125213e-03
1.707480809824528378e-02 7.600328921998829659e-03
1.806930640061837900e-02 5.797387884677478176e-03
1.873037302300654267e-02 3.938540849067425666e-03
1.906093908430621722e-02 2.058108801672824811e-03
1.906962087554835844e-02 1.887815180697579448e-04
1.877012946183007763e-02 -1.638864198913887391e-03
1.818063452363469917e-02 -3.396762160811036581e-03
1.732310030154821448e-02 -5.059670819080186108e-03
1.622261002986915765e-02 -6.605405938417182460e-03
1.490669357859039645e-02 -8.014995664969555567e-03
1.340467123506997905e-02 -9.272762946351776822e-03
1.174702470877977446e-02 -1.036634120300234177e-02
9.964804584652920544e-03 -1.128662984412273987e-02
8.089081630008630036e-03 -1.202769668069953064e-02
6.150447611981512200e-03 -1.258663453707915825e-02
4.178569639620014972e-03 -1.296337942473132013e-02
2.201800525558476364e-03 -1.316049753924559973e-02
2.468462887530355893e-04 -1.318294810288824989e-02
-1.661509302684148828e-03 -1.303782872072195217e-02
-3.500624311704138118e-03 -1.273410947525998281e-02
-5.250164402208620448e-03 -1.228236147195698943e-02
-6.892217611089674484e-03 -1.169448498848824763e-02
-8.411361530600498446e-03 -1.098344179087355071e-02
-9.794686762582507922e-03 -1.016299557721399641e-02
-1.103178082688788253e-02 -9.247463908389803519e-03
-1.211467690819273586e-02 -8.251484396683973765e-03
-1.303777191843094770e-02 -7.189797358072482630e-03
-1.379771835159424552e-02 -6.077046600705357862e-03
-1.439329432532520173e-02 -4.927599524532618250e-03
-1.482525605275931448e-02 -3.755387253922735924e-03
-1.509617678127997235e-02 -2.573765114449482437e-03
-1.521027598352906948e-02 -1.395393402236663229e-03
-1.517324230081652445e-02 -2.321380781557932579e-04
-1.499205343057839063e-02 9.050092508073679515e-04
-1.467479582610237143e-02 2.005992925742172001e-03
-1.423048674679996961e-02 3.061737449916945852e-03
-1.366890086656138981e-02 4.064175510018377090e-03
-1.300040332453956254e-02 5.006261094804392332e-03
-1.223579078812604345e-02 5.881969073537225701e-03
-1.138614180016331301e-02 6.686282635548821893e-03
-1.046267740108357963e-02 7.415170005819871069e-03
-9.476632756097167973e-03 8.065551840535877676e-03
-8.439140278743947551e-03 8.635260675656479187e-03
-7.361124526196881346e-03 9.122993754046970077e-03
-6.253208948005859261e-03 9.528260494643036801e-03
-5.125634401449246681e-03 9.851325794760754789e-03
-3.988189198351317633e-03 1.009315027559360214e-02
-2.850150323830970799e-03 1.025532849392682411e-02
-1.720235363255993508e-03 1.034002605280326392e-02
-6.065645887761870678e-04 1.034991645102426722e-02
4.833674088363226068e-04 1.028811841899726111e-02
1.542711207248153096e-03 1.015813439685270964e-02
2.565273856048228690e-03 9.963790721935140288e-03
3.545522715292358934e-03 9.709180007316884492e-03
4.478582555326695268e-03 9.398606111500947685e-03
5.360226641965643024e-03 9.036532023218440957e-03
6.186862519328659507e-03 8.627530913994090056e-03
6.955513183318784605e-03 8.176240545645741681e-03
7.663794312783081368e-03 7.687321159942630752e-03
8.309888194530493793e-03 7.165416923708699780e-03
8.892514943068400082e-03 6.615120954436969070e-03
9.410901577795038539e-03 6.040943908956770969e-03
9.864749479942125018e-03 5.447286080312360029e-03
1.025420071028634167e-02 4.838412916573778082e-03
1.057980362570439328e-02 4.218433848038014543e-03
1.084247819124407528e-02 3.591284287221377033e-03
1.104348134229002007e-02 2.960710648012311857e-03
1.118437271084792017e-02 2.330258216483440531e-03
1.126698099096091338e-02 1.703261695322071806e-03
1.129337118073403014e-02 1.082838237210334738e-03
1.126581290314534675e-02 4.718827776166228602e-04
1.118674997377832117e-02 -1.269345232193666920e-04
1.105877135348747563e-02 -7.111689193226456568e-04
1.088458359427266209e-02 -1.278599986139187725e-03
1.066698486068630783e-02 -1.827228978797083500e-03
1.040884058500291150e-02 -2.355274818571490188e-03
1.011306079237669561e-02 -2.861168877720894534e-03
9.782579112849699651e-03 -3.343548725241619803e-03
9.420333479890057732e-03 -3.801250987258111141e-03
9.029248499767498354e-03 -4.233303466889212080e-03
8.612219463039413186e-03 -4.638916659082297292e-03
8.172097957963061002e-03 -5.017474785970211723e-03
7.711679036231359856e-03 -5.368526469009090446e-03
7.233689873413873955e-03 -5.691775144195569160e-03
6.740779860258399800e-03 -5.987069317319316034e-03
6.235512055675210448e-03 -6.254392746815312827e-03
5.720355928782388556e-03 -6.493854632884573166e-03
5.197681314568203953e-03 -6.705679882741801510e-03
4.669753505990473057e-03 -6.890199513756379082e-03
4.138729404983678382e-03 -7.047841248281712032e-03
3.606654654478071934e-03 -7.179120346612326287e-03
3.075461674391178138e-03 -7.284630717636729827e-03
2.546968526191831141e-03 -7.365036340143404914e-03
2.022878531974347041e-03 -7.421063021985776359e-03
1.504780576637960738e-03 -7.453490518588621813e-03
9.941500241732494081e-04 -7.463145027375606144e-03
4.923501820326913435e-04 -7.450892069916056210e-03
6.342505306476675653e-07 -7.417629769943909213e-03
-4.798523023427612999e-04 -7.364282530825915114e-03
-9.480689971229608499e-04 -7.291795113651571014e-03
-1.403077282987321480e-03 -7.201127113472630473e-03
-1.844037211266317134e-03 -7.093247829081908602e-03
-2.270203888408546099e-03 -6.969131519237390000e-03
-2.680923751035609124e-03 -6.829753036371110156e-03
-3.075630702309857609e-03 -6.676083827343765736e-03
-3.453842145835460831e-03 -6.509088289104311351e-03
-3.815154949700149539e-03 -6.329720466442524847e-03
-4.159241370869721371e-03 -6.138921077709868362e-03
-4.485844966529486770e-03 -5.937614854026404196e-03
-4.794776516805795800e-03 -5.726708176815841107e-03
-5.085909980241923659e-03 -5.507086998253371904e-03
-5.359178501185686734e-03 -5.279615029063636569e-03
-5.614570485742319782e-03 -5.045132177902021155e-03
-5.852125760851145664e-03 -4.804453226958914532e-03
-6.071931828947621512e-03 -4.558366728152673901e-03
-6.274120228841455552e-03 -4.307634104948802542e-03
-6.458863011617295251e-03 -4.052988944888823858e-03
-6.626369338761312414e-03 -3.795136468570008918e-03
-6.776882208288097405e-03 -3.534753160908692907e-03
-6.910675313287764458e-03 -3.272486551480610541e-03
-7.028050035965873604e-03 -3.008955130819067174e-03
-7.129332579300926183e-03 -2.744748390408674119e-03
-7.214871237369942583e-03 -2.480426974506701448e-03
-7.285033804434537866e-03 -2.216522932639951662e-03
-7.340205122253092018e-03 -1.953540062103277953e-03
-7.380784764201305144e-03 -1.691954330441255809e-03
-7.407184854271207410e-03 -1.432214368467754368e-03
-7.419828018466173743e-03 -1.174742024963683351e-03
-7.419145465667829203e-03 -9.199329747802001758e-04
-7.405575194602151412e-03 -6.681573725763135033e-04
-7.379560323224559383e-03 -4.197605450285283105e-04
-7.341547536650280120e-03 -1.750637148608671576e-04
-7.291985649448712650e-03 6.563524946966332874e-05
-7.231324277916473600e-03 3.020610641072157994e-04
-7.160012618022201444e-03 5.339602452879986701e-04
-7.078498324345268433e-03 7.611003148174705010e-04
-6.987226485531864741e-03 9.832689997987358044e-04
-6.886638691602589915e-03 1.200273430528159095e-03
-6.777172188545130607e-03 1.411939340112836408e-03
-6.659259115644966531e-03 1.618110269013890018e-03
-6.533325821023748536e-03 1.818646777293191335e-03
-6.399792250941541485e-03 2.013425667128352237e-03
-6.259071408581877265e-03 2.202339217810741871e-03
-6.111568877976394226e-03 2.385294435164064548e-03
-5.957682409043926069e-03 2.562212317059922931e-03
-5.797801559723618145e-03 2.733027136582666904e-03
-5.632307391229014054e-03 2.897685743907019856e-03
-5.461572212857561913e-03 3.056146888067942137e-03
-5.285959372649722508e-03 3.208380559417447521e-03
-5.105823090497470414e-03 3.354367353412422183e-03
-4.921508330389104749e-03 3.494097856288361226e-03
-4.733350708760047931e-03 3.627572053049021687e-03
-4.541676435867404368e-03 3.754798757977980891e-03
-4.346802287388130959e-03 3.875795067819441057e-03
-4.149035603659112850e-03 3.990585837747079659e-03
-3.948674314093897700e-03 4.099203180160123847e-03
-3.746006984429118593e-03 4.201685986103742207e-03
-3.541312884973992544e-03 4.298079469657954677e-03
-3.334862077733290360e-03 4.388434734572708301e-03
-3.126915521563746261e-03 4.472808364354409483e-03
-2.917725194220881051e-03 4.551262035407663276e-03
-2.707534231960890322e-03 4.623862155141337561e-03
-2.496577089448475360e-03 4.690679529175158236e-03
-2.285079728230128733e-03 4.751789067239866639e-03
-2.073259857536991109e-03 4.807269563908641435e-03
-1.861327290833040020e-03 4.857203722514909922e-03
-1.649483936317032353e-03 4.901679771564455487e-03
-1.437918776552194345e-03 4.940787011703438869e-03
-1.226814500885874560e-03 4.974615749891974845e-03
-1.016346728299490814e-03 5.003258516911772077e-03
-8.066838493899688295e-04 5.026809985641061095e-03
-5.979870721803557873e-04 5.045366800001868483e-03
-3.904105307460711133e-04 5.059027400126039735e-03
-1.841014175731447815e-04 5.067891858935090303e-03
2.079987453688578181e-05 5.072061732360048578e-03
2.241596075408048075e-04 5.071639923831418664e-03
4.258505533666356868e-04 5.066730562629192559e-03
6.257518513584476270e-04 5.057438896168667958e-03
8.237488693266180849e-04 5.043871196436233717e-03
1.019733069660300195e-03 5.026134681340737112e-03
1.213601880465527659e-03 5.004337449252018594e-03
1.405258573803111304e-03 4.978588429348767413e-03
1.594612150660855345e-03 4.948997346720220361e-03
1.781577234429880790e-03 4.915674703918552005e-03
1.966073973129139809e-03 4.878731779212391526e-03
2.148027952023465539e-03 4.838280643498737293e-03
2.327370116921296476e-03 4.794434196388936559e-03
2.504036710761118646e-03 4.747306224629156170e-03
2.677969224774623055e-03 4.697011484880353818e-03
2.849114365245497722e-03 4.643665812549973432e-03
3.017424040972097564e-03 4.587386262556185715e-03
3.182855371810544218e-03 4.528291283775354170e-03
3.345370724969592893e-03 4.466500934781307899e-03
3.504937781522837401e-03 4.402137144853567052e-03
3.661529642983051957e-03 4.335324030387744179e-03
3.815124982738841725e-03 4.266188274011396657e-03
3.965708254743404403e-03 4.194859578617529325e-03
4.113269973456490022e-03 4.121471210681336775e-03
4.257807079097446212e-03 4.046160647884581088e-03
4.399323412688892730e-03 3.969070353277598905e-03
4.537830330971180659e-03 3.890348701397386422e-03
4.673347493313595273e-03 3.810151085339406885e-03
4.805903875292291162e-03 3.728641245239417302e-03
4.935539067264893380e-03 3.645992864411339626e-03
5.062304946877766408e-03 3.562391492243474535e-03
5.186267843448224071e-03 3.478036867476854126e-03
5.307511336202149453e-03 3.393145731576873488e-03
5.426139908398423285e-03 3.307955247717324094e-03
5.542283732444696319e-03 3.222727166378240929e-03
5.656104996196940383e-03 3.137752913453938954e-03
5.767806320345193402e-03 3.053359818946844214e-03
5.877642048780187985e-03 2.969918754844215122e-03
5.985933559569452979e-03 2.887853494080565211e-03
6.093090250012539975e-03 2.807652151353900657e-03
6.199638579007451730e-03 2.729881092430327255e-03
6.306262851938182305e-03 2.655201603383496207e-03
6.413863199453719716e-03 2.584389386074551972e-03
6.523639215653891793e-03 2.518356244790696200e-03
6.637212532674689920e-03 2.458171638186554264e-03
6.756809248016703434e-03 2.405078069845311122e-03
6.885535692446922637e-03 2.360485863490617391e-03
7.027801165725836019e-03 2.325914207263251373e-03
7.189972376440654026e-03 2.302803117462768646e-03
7.381385489493174148e-03 2.292026262889519574e-03
7.615872669761577021e-03 2.292717363104521816e-03
7.913862752140373227e-03 2.299544636825203402e-03
8.304420752083478685e-03 2.296609130541037418e-03
8.823657298140870006e-03 2.244964649515721923e-03
9.496914573683172545e-03 2.064192429043500230e-03
1.028467760737213077e-02 1.643222367786074337e-03
1.111640489108404323e-02 9.958253299011511975e-04
1.264081662179195389e-02 -1.961427790538629312e-04
1.169092452646597856e-02 -3.312867919050973067e-03
9.435319162176042732e-03 -4.568774390163187621e-03
7.658011377385221322e-03 -4.649769357050982307e-03
6.473219349058121491e-03 -4.381442657156403228e-03
5.676404084240426612e-03 -4.072137940131819595e-03
5.111933154261201831e-03 -3.804618990643697345e-03
4.689572009662193279e-03 -3.591503608018833428e-03
4.358873732289535521e-03 -3.427003328709753941e-03
4.090989261317195917e-03 -3.302169803438872488e-03
3.868720568488042202e-03 -3.208929624640431515e-03
3.681308941864085745e-03 -3.140834980279829432e-03
3.521672904128150816e-03 -3.092926617797885948e-03
3.384901495256856848e-03 -3.061419604161107113e-03
3.267403822032760325e-03 -3.043407972875783549e-03
3.166411766473233025e-03 -3.036629578196495781e-03
3.079678770592268570e-03 -3.039288561410277006e-03
3.005290895278641024e-03 -3.049923202376952393e-03
2.941543873383899079e-03 -3.067307150575164770e-03
2.886859943987591520e-03 -3.090374418593891219e-03
2.839729169726051394e-03 -3.118161027858820655e-03
2.798665990712986135e-03 -3.149758152282354159e-03
2.762175366984531699e-03 -3.184273065950652109e-03
2.728724962945308207e-03 -3.220795224995912781e-03
2.696721082011955834e-03 -3.258365546041786485e-03
2.664486926381045423e-03 -3.295947468685486281e-03
2.630242309974967652e-03 -3.332398775233934643e-03
2.592084332726693127e-03 -3.366443431676665980e-03
2.547968878162228112e-03 -3.396642971208756277e-03
2.495693092620341301e-03 -3.421367180471869031e-03
2.432879310965647100e-03 -3.438764092144175506e-03
2.356961237067193432e-03 -3.446729581091692932e-03
2.265173621502745201e-03 -3.442877221871717616e-03
2.154547176749022248e-03 -3.424509531369220820e-03
2.021911148818691245e-03 -3.388592357702118960e-03
1.863906847031325531e-03 -3.331735119667556845e-03
1.677016809307583546e-03 -3.250181397109471165e-03
1.457616611552951628e-03 -3.139820732905165140e-03
1.202012657462005110e-03 -2.996286754001644889e-03
9.064856979382645338e-04 -2.814788390018400747e-03
5.675510361692882822e-04 -2.590294759007048982e-03
1.821378927233234003e-04 -2.317674318679523778e-03
-2.521476653419588111e-04 -1.991886512230364031e-03
-7.366755094664260810e-04 -1.608253237573374628e-03
-1.271347574428688572e-03 -1.162830890516503967e-03
-1.854044032700248546e-03 -6.529051434445260708e-04
-2.479948976505530565e-03 -7.763091539143016431e-05
-3.140751824689215575e-03 5.611625388448058301e-04
-3.823733114673479212e-03 1.257988770463268954e-03
-4.510763903360639863e-03 2.002545560628219302e-03
-5.177279740049427897e-03 2.778408361169315815e-03
-5.791336632379614179e-03 3.561644625005303683e-03
-6.312921121661024121e-03 4.319479647353706431e-03
-6.693772057439860770e-03 5.009231995207418485e-03
-6.878077552158686631e-03 5.577853196318188940e-03
-6.804530445237416854e-03 5.962550811264108463e-03
-6.410341771161452359e-03 6.093135178532210240e-03
-5.637888050217389896e-03 5.896878991003513988e-03
-4.444640542823443015e-03 5.306757356070925837e-03
-2.816790587790518954e-03 4.273843385273391575e-03
-7.863976927175717665e-04 2.784214922379857956e-03
1.549239180408238476e-03 8.797689552046091595e-04
4.009138054498243356e-03 -1.319401785769831140e-03
6.316936645294135393e-03 -3.596128012148419074e-03
8.105046705978412314e-03 -5.629460019143124778e-03
8.946863295837598554e-03 -7.012706334788393683e-03
8.430280690968280921e-03 -7.311184660786297293e-03
6.281436920413024927e-03 -6.172211188925553517e-03
2.533144072764008554e-03 -3.487433721053805058e-03
-2.296927988453120826e-03 4.204457291691455047e-04
-7.098215725212847840e-03 4.660232708257029677e-03
-1.025805186225075410e-02 7.810775359417878108e-03
-1.009678626221267514e-02 8.287068153552569830e-03
-5.710904394168777633e-03 5.113548257031790695e-03
1.970747249054112527e-03 -1.067171929413802652e-03
9.586283347362199031e-03 -7.386993029150079604e-03
1.221538985846491385e-02 -9.542439573169995623e-03
