5.428961219284283990e-02 -3.574253554067022970e-02
5.135040322038452593e-02 -3.385231182997496674e-02
4.476246702156339713e-02 -2.978821556319946259e-02
3.547568662747999091e-02 -2.410979197672625737e-02
2.450787046210708628e-02 -1.740744183780112975e-02
1.286950531645486388e-02 -1.026698382791424446e-02
1.387877443064122317e-03 -3.165502944215627720e-03
-9.298736404668979036e-03 3.528051644483796122e-03
-1.873587505585162100e-02 9.548071833380741141e-03
-2.663565587447912913e-02 1.472178658013814298e-02
-3.285233925325271864e-02 1.895539504593190400e-02
-3.735502531454045622e-02 2.221900041126295341e-02
-4.020059840610897689e-02 2.453188919758311423e-02
-4.150889777751197440e-02 2.594911962183035770e-02
-4.144119098904061604e-02 2.654992680773189673e-02
-4.018237237616146401e-02 2.642812671689065418e-02
-3.792686968992809576e-02 2.568448518245458612e-02
-3.486797292511017998e-02 2.442088884500576151e-02
-3.119015612838399454e-02 2.273608782108217652e-02
-2.706390750386819533e-02 2.072275599683967226e-02
-2.264258495324866088e-02 1.846561860113127979e-02
-1.806085037034333915e-02 1.604041680656285995e-02
-1.343429014535509752e-02 1.351350750865554923e-02
-8.859890272500024755e-03 1.094192775657347287e-02
-4.417095064729884869e-03 8.373784152902342265e-03
-1.692345611793348668e-04 5.848855932345022393e-03
3.834844886245209611e-03 3.399325383653967886e-03
7.559070431219193364e-03 1.050570458797621442e-03
1.097844201581196256e-02 -1.178028114887661468e-03
1.407740249544163144e-02 -3.272298842825912234e-03
1.684831833334529336e-02 -5.222533154400181565e-03
1.929009407437743198e-02 -7.022794832809488644e-03
2.140693153677305366e-02 -8.670292847706312714e-03
2.320723581877160574e-02 -1.016482057725097074e-02
2.470266408487428386e-02 -1.150826108939791842e-02
2.590730906083693261e-02 -1.270415589506731190e-02
2.683700671845632574e-02 -1.375733313820035920e-02
2.750875635792393581e-02 -1.467359034604378241e-02
2.794024086847636881e-02 -1.545942646470879756e-02
2.814943511079550514e-02 -1.612181782254773835e-02
2.815429092012919701e-02 -1.666803279828757423e-02
2.797248802936988174e-02 -1.710548024734642736e-02
2.762124114717055129e-02 -1.744158710244493593e-02
2.711715441864204559e-02 -1.768370097219109510e-02
2.647611549065517419e-02 -1.783901398497666005e-02
2.571322236321003235e-02 -1.791450454480427931e-02
2.484273710928125087e-02 -1.791689406683396810e-02
2.387806137495060779e-02 -1.785261613588432286e-02
2.283172932313352888e-02 -1.772779587507989849e-02
2.171541435697213127e-02 -1.754823762335036216e-02
2.053994655581272560e-02 -1.731941929902754834e-02
1.931533828217141605e-02 -1.704649207345746570e-02
1.805081587983982036e-02 -1.673428419589112828e-02
1.675485578816146570e-02 -1.638730800232694393e-02
1.543522375651674473e-02 -1.600976930909069063e-02
1.409901616423087090e-02 -1.560557854419449691e-02
1.275270275019359419e-02 -1.517836311006023724e-02
1.140217034586618258e-02 -1.473148061543393464e-02
1.005276750921644917e-02 -1.426803277835585367e-02
8.709350301223418855e-03 -1.379088002773442775e-02
7.376329870783866066e-03 -1.330265719274658850e-02
6.057723058516199799e-03 -1.280579133206949383e-02
4.757207892021716317e-03 -1.230252407041908941e-02
3.478186384765422946e-03 -1.179494354897349211e-02
2.223856193855813963e-03 -1.128503679746251792e-02
9.972854394483809948e-04 -1.077478401000625009e-02
-1.985438106553751025e-04 -1.026632740796668344e-02
-1.360826219752283737e-03 -9.762214207025150456e-03
-2.487265425196226974e-03 -9.265538193296948138e-03
-3.576431253197532526e-03 -8.779723064495573506e-03
-4.627788657709361667e-03 -8.308148420090659750e-03
-5.641516232279885495e-03 -7.853949539388959539e-03
-6.618337421693842350e-03 -7.419981108304843365e-03
-7.559416994421827227e-03 -7.008843758851450272e-03
-8.466306634841052822e-03 -6.622923119657697123e-03
-9.340920823102236495e-03 -6.264425857206084441e-03
-1.018553180064740368e-02 -5.935409552134727693e-03
-1.100277797097268945e-02 -5.637806655465047237e-03
-1.179568323878137093e-02 -5.373443385869073122e-03
-1.256768656865190834e-02 -5.144054285857306910e-03
-1.332268216360443097e-02 -4.951292844003443022e-03
-1.406507149392453165e-02 -4.796738244644760223e-03
-1.479982915486828011e-02 -4.681897944888508550e-03
-1.553258533273422365e-02 -4.608205363410725758e-03
-1.626972860196320217e-02 -4.577011448659519879e-03
-1.701853395291229309e-02 -4.589568199751863954e-03
-1.778732246395383493e-02 -4.647001249432464696e-03
-1.858566101395085768e-02 -4.750267223274894958e-03
-1.942461301571074550e-02 -4.900089573311405128e-03
-2.031705462187471251e-02 -5.096863571781680251e-03
-2.127807539328845782e-02 -5.340516688328957214e-03
-2.232548849033270250e-02 -5.630303813483494672e-03
-2.348048342735889818e-02 -5.964506547450631330e-03
-2.476846489445797342e-02 -6.339990040778473689e-03
-2.622013463241737452e-02 -6.751546562625002773e-03
-2.787289021394056057e-02 -7.190917063502783556e-03
-2.977263462352760723e-02 -7.645322342826063947e-03
-3.197611169534347875e-02 -8.095240970329247582e-03
-3.455389891966026417e-02 -8.511020215813767248e-03
-3.759418559959952499e-02 -8.847664195019788388e-03
-4.120740583352196229e-02 -9.036753828888287668e-03
-4.553160414983722926e-02 -8.973827067289502288e-03
-5.073791696862502143e-02 -8.498550251946325462e-03
-5.703439272123154297e-02 -7.363456710458751719e-03
-6.466378437740250007e-02 -5.184717662616619704e-03
-7.388535730760248388e-02 -1.365324631167636610e-03
-8.491902826365721468e-02 5.021967676122302687e-03
-9.780643117214561644e-02 1.540386694245831321e-02
-1.120983092112166485e-01 3.192331682499249118e-02
-1.262012190240136278e-01 5.763276152395750696e-02
-1.361226222857921386e-01 9.639241527370995266e-02
-1.333741379346760902e-01 1.516991861887727056e-01
-1.024600312063532470e-01 2.226860190522793603e-01
-2.114229070770982932e-02 2.945770722362861527e-01
1.265406537848189628e-01 3.238999175695241872e-01
3.093056131013299792e-01 2.373509580956601472e-01
3.993005781465770454e-01 0.000000000000000000e+00
2.543423562792194170e-01 -2.416340372354778276e-01
-1.141524349927466875e-03 -2.443055597563932868e-01
-8.892094899383173878e-02 -9.363722769454622952e-02
-5.243648488143964198e-02 -1.289364794952925844e-02
-1.953618682338791393e-02 1.323785469715402056e-03
-6.705453686878124799e-03 5.743009227651561972e-04
-2.132334295155325146e-03 -6.631611553590147177e-04
-1.284350100702053975e-04 -1.659958355762621842e-03
3.727883734750649840e-04 -3.313388218821885969e-03
-1.494522181179715626e-03 -5.290747272796778380e-03
-5.804758884188999934e-03 -5.463351049459351516e-03
-1.033244911797292186e-02 -2.246013491610456599e-03
-1.248374440391123406e-02 3.465711862518361646e-03
-1.142820964041687919e-02 9.417421647723186323e-03
-8.001342571749803581e-03 1.385964578839531808e-02
-3.563908229785659430e-03 1.618656301432201336e-02
7.948024982831615286e-04 1.661927011557740030e-02
4.472895330730320904e-03 1.570894651174820772e-02
7.263260363425120408e-03 1.401333926652458331e-02
9.192267464799588200e-03 1.196497888916098207e-02
1.039163025870912943e-02 9.851926221899759417e-03
1.102124500760455483e-02 7.843784961144632112e-03
1.123112059568720511e-02 6.026897593769489983e-03
1.114681929165298527e-02 4.434514649752317565e-03
1.086694627108633279e-02 3.068626699579706310e-03
1.046585752463327114e-02 1.914349543687129257e-03
9.998021982866502760e-03 9.488061314449594726e-04
9.502395031959124869e-03 1.463120659308562652e-04
9.006170961836371808e-03 -5.187768184841319054e-04
8.527763624062189782e-03 -1.070629509647791442e-03
8.079067598410151832e-03 -1.531322300654242496e-03
7.667119341522654792e-03 -1.920669840123615489e-03
7.295284546357807924e-03 -2.256281797906497990e-03
6.964081589534084314e-03 -2.553712057350170268e-03
6.671728994192429804e-03 -2.826619720756928800e-03
6.414485269513399597e-03 -3.086888678483379594e-03
6.186837438704253199e-03 -3.344662617713558238e-03
5.981596529038110677e-03 -3.608250733419568045e-03
5.789986683518793219e-03 -3.883857207702448664e-03
5.601881105874744263e-03 -4.175121261423083222e-03
5.406396678446508119e-03 -4.482604593076185660e-03
5.192893939879819447e-03 -4.803622358973145927e-03
4.951932606784020634e-03 -5.132747799189642419e-03
4.675626739812925765e-03 -5.462668089738740261e-03
4.357474814979479805e-03 -5.784806266949550115e-03
3.992076301552795539e-03 -6.089560168232338588e-03
3.574964931370616834e-03 -6.366312887416106583e-03
3.102598730257772469e-03 -6.603371355779995115e-03
2.572484273857182473e-03 -6.787923426132648659e-03
1.983408497785459426e-03 -6.906063328984403567e-03
1.335758762725194025e-03 -6.942920214125155969e-03
6.319169605788989199e-04 -6.882921791182757508e-03
-1.232859101619322544e-04 -6.710226964658570596e-03
-9.220717340082497989e-04 -6.409363862160630601e-03
-1.753197996464188248e-03 -5.966110353248050766e-03
-2.601455967328698826e-03 -5.368650939987383054e-03
-3.447232949711684889e-03 -4.609034377841086244e-03
-4.266204029408224123e-03 -3.684937666178651414e-03
-5.029237834575767639e-03 -2.601710703527839418e-03
-5.702620675451369574e-03 -1.374628179236172696e-03
-6.248721575973559261e-03 -3.120755595397740889e-05
-6.627233216706885678e-03 1.386638234569837879e-03
-6.797125037805397049e-03 2.820957414796430515e-03
-6.719427141175648467e-03 4.197099356614695381e-03
-6.360917844572921802e-03 5.424646119419078774e-03
-5.698703337223025821e-03 6.400656326691641848e-03
-4.725544880225283212e-03 7.015990874224774763e-03
-3.455600592221956448e-03 7.165411679242738446e-03
-1.930005637872438508e-03 6.761854988917010215e-03
-2.214301456828181303e-04 5.754679992359620216e-03
1.563538613331610276e-03 4.150685454792172983e-03
3.285586111430542806e-03 2.035217870712630658e-03
4.778935496034212617e-03 -4.111815463568425184e-04
5.864050655115537330e-03 -2.907168299789476135e-03
6.367633862023408531e-03 -5.084195150560464824e-03
6.149797390796911574e-03 -6.527652525308976113e-03
5.136789233836048726e-03 -6.851174000410642680e-03
3.355665489055513831e-03 -5.802522269400539265e-03
9.649641611146432324e-04 -3.386559381984773163e-03
-1.726991297515820993e-03 2.728685822324269884e-05
-4.266284989795060545e-03 3.664428225551665842e-03
-6.107725656639553975e-03 6.450299466532742609e-03
-6.704486357004478016e-03 7.285068584262357691e-03
