-5.830914557132058640e-01 5.270334120392430877e-02
3.350261714635698052e-03 -8.925425611045336577e-03
8.094015667037537387e-01 0.000000000000000000e+00
3.902458597525700068e-02 1.633411195831347210e-02
-1.896597177069437538e-03 1.400290016918593651e-02
3.227003215551523668e-03 -2.235785655204509687e-03
-2.652815431866711220e-04 2.044406472859928590e-04
6.303990398271153942e-05 4.256831240613374124e-06
1.131383226387577853e-05 1.844715426580770200e-06
5.013736584353552079e-06 1.494843853036247727e-06
3.186006596890449175e-06 2.232051840632919942e-07
1.862217007729339100e-06 5.240615634157767109e-07
8.457250469707378930e-07 3.198050340767706077e-07
5.959888557223342464e-07 1.510715115797494416e-07
3.402927969185092564e-07 8.282486519741524476e-08
2.263500812831413177e-07 1.826173295521465420e-08
1.178300390625211424e-07 3.836745835617732368e-08
1.114195286504198146e-07 -5.810475809115023995e-09
5.966866873611078314e-08 1.220268028586173052e-08
5.549537068786768803e-08 1.043863330133407253e-08
4.534500888891392484e-08 1.157617796473667942e-08
2.168704377687681280e-08 1.151197446987603516e-08
2.418865163783432853e-08 9.493768265654049238e-09
1.527473146945107672e-08 3.547649919052644005e-09
1.130544362055816472e-08 -1.452682152385183005e-09
5.441050363932918621e-09 2.479670103319243785e-09
7.072106234088657661e-09 1.366988452697931845e-09
8.098144280868654575e-09 1.696744657347300795e-09
3.642509443339283522e-09 1.897557469876031590e-09
2.360635268290749602e-09 8.666993434151246280e-10
5.910175441016568897e-09 -9.660623843427138551e-10
2.403297077932526975e-09 9.108656146373356751e-10
5.947222669835457819e-09 2.736752032691387044e-10
1.217492086008397050e-09 2.533751912328542677e-10
1.182046102097186436e-09 2.260899245563605162e-10
9.604768087728835922e-10 1.841764659365865696e-10
8.059731282604094390e-10 1.483100186537481353e-10
6.585515569167224065e-10 1.171748014646963099e-10
5.371870960182625056e-10 1.227991978776387336e-10
4.549972809584040402e-10 9.047112573418750314e-11
4.032965421852898272e-10 9.001180793154300223e-11
3.376627162501888843e-10 5.705683345351880099e-11
2.938772162197793226e-10 5.459298368210147479e-11
2.632734016455737856e-10 5.524314073258087528e-11
2.280678248351383273e-10 4.815966937605515829e-11
2.116550279862501337e-10 3.668792213715721549e-11
1.900787642633276893e-10 3.314785560995066567e-11
1.785342100468490963e-10 3.730148055888622666e-11
1.574161226477925718e-10 3.122468732894352579e-11
1.599095865207939997e-10 3.008314128369148974e-11
1.493709288658075848e-10 3.017119205428583518e-11
1.372774716035632526e-10 2.317212975729240731e-11
1.334841231077748575e-10 2.716761598204451184e-11
1.259953859648841054e-10 1.903902502456190595e-11
1.234982398455344947e-10 2.227642919367116658e-11
1.227801712704981061e-10 1.663828862195496095e-11
1.107001555088302489e-10 2.347200374099986366e-11
1.115684060477490587e-10 2.233829135882519773e-11
1.101934609649935330e-10 1.515987627896249532e-11
1.074033243055045203e-10 1.702191613358018942e-11
1.001384017916379707e-10 1.879994664911409175e-11
1.122031030146618011e-10 1.953474389572982655e-11
9.880113379154878541e-11 1.524230634696182278e-11
1.046308656639737482e-10 1.720557697257382893e-11
9.371557770983820540e-11 1.615878499206484871e-11
9.605758134115970461e-11 1.614960957280548544e-11
9.729912483032598076e-11 1.494269876753556439e-11
9.327802273472700581e-11 1.539127236549876424e-11
8.953524252144724101e-11 1.440936678076803116e-11
8.615352604512955337e-11 1.549470411020672794e-11
8.977353922764056806e-11 1.062164512323146856e-11
8.299202227758986465e-11 1.546371606282128860e-11
8.171594008582037515e-11 1.353930391467070703e-11
8.226036596579707698e-11 1.453570117753268953e-11
7.863075404493127457e-11 1.908710484568281160e-11
7.587299513476626455e-11 9.356080705643678689e-12
7.366940054004954130e-11 1.443967535451682848e-11
7.289991616488969696e-11 1.344752013673996613e-11
7.059335587827907769e-11 1.038165761176851934e-11
6.996620500797849805e-11 1.406750871769202910e-11
6.865185523672260727e-11 1.089410983536755122e-11
6.259609326569837014e-11 9.435579602686119840e-12
6.377685451105219461e-11 1.191815936267002057e-11
6.152548738886811908e-11 1.024667084392456609e-11
5.551264044783954791e-11 1.186242916978707133e-11
5.525486475802917261e-11 9.480724892298416179e-12
5.623644792769239693e-11 1.313241611148780485e-11
5.191315964178639853e-11 1.012628837852912764e-11
5.265838480073831724e-11 1.048391153720253525e-11
4.586879776794818887e-11 8.347788071236495442e-12
4.914634555296030973e-11 1.021287967545748118e-11
4.375186892464760453e-11 8.743927533305980708e-12
4.168423217930534870e-11 5.989778134490004543e-12
4.254749637738032624e-11 1.097606073385727269e-11
4.031896694932697474e-11 6.246733072784206634e-12
3.701545708815435663e-11 5.951253366229132588e-12
3.603248150320307438e-11 9.269346526179889832e-12
3.519214441424434140e-11 5.998175560168914619e-12
2.995787044306137246e-11 5.364971712356631271e-12
3.289713171272232153e-11 6.584375014560496212e-12
3.075137112293563457e-11 5.382488831851879263e-12
3.008767095030914998e-11 6.523753937701315684e-12
2.616942908638613403e-11 4.786025421841700969e-12
2.402387706078493141e-11 3.910886097067530304e-12
2.570937431016849088e-11 1.149065671383109148e-12
2.354476646572628392e-11 2.415460684436528000e-12
2.192586140383207013e-11 5.857017343903123227e-12
2.068146964629090610e-11 3.080392228336947198e-12
1.922051663469504090e-11 2.085001531272021641e-12
1.908498038324929811e-11 2.464446072386334054e-12
1.815929942436475159e-11 3.894175434065538084e-12
1.635863449148259788e-11 1.342348382630683092e-12
1.587594443471163841e-11 1.392151697362112597e-12
1.539185225604506760e-11 4.439125942016303924e-12
1.464431500545224174e-11 4.047433360942345573e-12
1.329064136978589406e-11 3.183445171233775760e-12
1.275351813598246457e-11 2.745493212767175787e-12
1.211461239097127271e-11 4.065992649134564344e-12
1.173626821520983744e-11 2.546475336512770445e-12
9.910412228194989203e-12 1.627420214098028598e-12
1.131461560964834088e-11 2.004202863622574886e-12
8.557692997204995661e-12 2.296176884546736039e-12
8.875489352350157251e-12 3.039189446860471713e-12
8.464738906943557130e-12 1.473269134496081033e-12
7.184575423247220692e-12 1.707806848355522098e-12
7.817267036265109593e-12 1.485837471870614602e-12
6.553524529115827692e-12 1.242297645690213439e-12
5.623509473922477533e-12 3.705251493199395629e-13
5.617463177553245625e-12 -1.622815287006980818e-13
5.105856952660538463e-12 7.549711607880798761e-13
4.952842211386283894e-12 9.503170923224985834e-13
4.655576294977085200e-12 1.722454216855539513e-12
4.207466195309244813e-12 9.741023979651664210e-14
4.013603061090506384e-12 1.709015778192676146e-12
3.861471556510715771e-12 1.772565341704245754e-12
3.261204010489065943e-12 2.208943488754886173e-13
3.249098290957389768e-12 1.567291230673272938e-12
2.929709226531629918e-12 1.301603040818881831e-12
2.719838931596588515e-12 -4.838999116585898392e-13
2.618323873045346272e-12 1.473716623048882253e-12
2.332541910001782848e-12 8.490500797729869733e-13
2.534728771903099344e-12 1.667420087694782483e-12
1.953868884325770532e-12 3.204243985479524684e-13
2.023725756232773474e-12 2.938727024176394923e-13
1.881352985022755184e-12 8.531202848276287141e-13
1.427584450068443547e-12 -3.849007105499766491e-13
1.584419816999827313e-12 5.357987629718357480e-13
1.306264670730894810e-12 -1.666224383473442450e-13
1.449324342451329479e-12 3.012349560338681197e-13
1.275315242797071317e-12 1.881609653038923182e-13
1.248495729646707425e-12 1.225052800802118480e-13
1.015811682363250457e-12 1.690674821778148945e-13
9.342367077994946583e-13 1.672595523010448877e-13
1.038071649221231447e-12 1.602564947821675816e-13
1.004026149972337021e-12 1.600791002364280211e-13
9.721495200759799908e-13 6.206867525440743955e-14
9.442491743783752527e-13 4.000602171019676243e-13
6.409901644465771865e-13 -3.093976639059100641e-14
9.628883121894958507e-13 -1.063455114254191333e-13
4.804071915120724103e-13 -4.207874054065886154e-14
6.778951094247923686e-13 2.269457768996109284e-13
3.195568279304090831e-13 1.064033883548719453e-13
3.826239764566244286e-13 5.921219860726907063e-13
3.405557094483051073e-13 -5.534144827608430776e-14
1.655177298105782994e-14 2.398171774918858028e-13
7.503808996840348724e-14 6.687802295280225517e-13
-2.431708222168552918e-13 -2.571442565798112447e-13
4.939498824212300534e-13 -1.955486761588273320e-13
8.181516761463461719e-13 -1.551641476725998563e-13
-2.988910714761706212e-13 -7.849487210326389489e-14
7.394028014521227956e-13 2.362676852763058082e-13
-1.025767827169521840e-13 -7.416583441908412681e-13
5.473794561398966516e-13 -1.583891641017658423e-12
-3.396494981230536666e-13 -4.637515050479518564e-13
-1.627016616675750945e-13 -3.131244607180797836e-12
-3.104043739490734651e-13 1.105383883259903991e-12
-4.858989176826688843e-13 -5.822862047828931663e-13
-3.174869902870279289e-13 -7.482388844942107543e-13
6.627209836078564129e-13 -5.587307135035110334e-13
5.735652580417875465e-13 1.317238798030959422e-12
-4.233884701446263117e-13 -1.239546093530463389e-12
9.722372074157165042e-13 1.463977215088202491e-12
1.078738267911813721e-12 2.774964438400264785e-12
5.024697013695454587e-12 4.274187739685208718e-12
4.071963563699424798e-12 2.757734504055492440e-12
-2.416996345661331274e-12 4.212847657589843394e-12
-1.575586911573358178e-12 2.375678384240807522e-12
-6.693484474426902401e-13 1.847601850410158174e-12
-5.823161099052760087e-12 5.757737119236582345e-12
8.261020206957220634e-12 3.469844397349307604e-12
-5.847999967147333023e-12 2.408561971185967451e-12
2.677031293995880340e-12 7.672246579905847049e-13
6.220858749020927838e-12 -6.091505894433885722e-12
-5.469133546694585435e-13 1.028026009575363129e-12
-2.311940365672721264e-12 2.245615061380789346e-12
-5.298726984765411434e-12 -3.605878063688412236e-12
-8.713815947510653874e-12 -3.704914612408289631e-13
-9.193839097860202315e-12 -6.128741277048585816e-12
7.302520826213610011e-12 3.123523947756584661e-12
-1.203219916380260651e-10 -2.721018863670368197e-11
