7.856587996872606977e-03 -4.205098812806282865e-02
6.241331203774980532e-03 -3.399967882867103303e-02
1.829295250708700207e-03 -1.237925357375676411e-02
-3.067608811203579450e-03 1.236738203367878514e-02
-6.377024966481213003e-03 3.067762010996324257e-02
-7.040250841768895540e-03 3.715918336467437938e-02
-5.163418247542007206e-03 3.139987563405588489e-02
-1.695623074715953311e-03 1.683804726445769367e-02
2.084825900481545018e-03 -1.231557345765343318e-03
5.040514393664382621e-03 -1.760402859459815963e-02
6.468388258649536947e-03 -2.851120035092327004e-02
6.187983801655796631e-03 -3.220077397612870762e-02
4.466710069832444119e-03 -2.885392249963489308e-02
1.854359180010826426e-03 -2.008070226614382461e-02
-1.003153976487417085e-03 -8.248749162896052214e-03
-3.520662233726358070e-03 4.153491416672926671e-03
-5.275739509432822091e-03 1.499822696552494464e-02
-6.051515622909848201e-03 2.279972198893901597e-02
-5.830035055992235059e-03 2.680681483229203910e-02
-4.752474698659229016e-03 2.694968113302805002e-02
-3.063297380914820935e-03 2.369524987629198845e-02
-1.052561169565144512e-03 1.786254162627709183e-02
9.938399927385834463e-04 1.043815152433957144e-02
2.830776239060610842e-03 2.418375411812498117e-03
4.275872665845350216e-03 -5.308441503028685227e-03
5.218092053732165114e-03 -1.203602061798747513e-02
5.615628289641981519e-03 -1.727442980813466422e-02
5.486408269219368930e-03 -2.075217872667410937e-02
4.894409966767840001e-03 -2.239527811636718782e-02
3.934511988704896511e-03 -2.229218690608465725e-02
2.717915862561029981e-03 -2.065231242359519270e-02
1.359485523503106003e-03 -1.776399308986801109e-02
-3.227201579101418583e-05 -1.395607719781012321e-02
-1.362355351777376532e-03 -9.565565304812312375e-03
-2.553672112018931777e-03 -4.912436506544704679e-03
-3.549046869711452307e-03 -2.817721809689557617e-04
-4.311298788758901809e-03 4.087390095896919519e-03
-4.821886953942676642e-03 8.007441141793426517e-03
-5.078596930569608675e-03 1.134297320253095480e-02
-5.092682843682552057e-03 1.400811277442026194e-02
-4.885802857209260025e-03 1.596150016484665368e-02
-4.487005296352232324e-03 1.719985693372292485e-02
-3.929946420628198205e-03 1.775090901312148181e-02
-3.250454109623037921e-03 1.766625642693766401e-02
-2.484496861108385218e-03 1.701461571965747627e-02
-1.666575006920491958e-03 1.587571737223447688e-02
-8.285201765123612755e-04 1.433502159346017324e-02
1.331673115707952132e-06 1.247932244593165894e-02
7.986406587348685027e-04 1.039324061864339670e-02
1.543289538758229641e-03 8.156556376358904681e-03
2.219390036309935865e-03 5.842302839735160486e-03
2.815119954554707454e-03 3.515522251755468126e-03
3.322437389801889251e-03 1.232580965797924755e-03
3.736712404048066812e-03 -9.590603548089399015e-04
4.056310091613755248e-03 -3.020718845514484309e-03
4.282152586363215802e-03 -4.922092114755543049e-03
4.417281556095623875e-03 -6.640668726906913746e-03
4.466437332580923056e-03 -8.161012101872935909e-03
4.435666138129767608e-03 -9.473971982244998313e-03
4.331962926286687943e-03 -1.057586687329947761e-02
4.162954135582713419e-03 -1.146767114946507272e-02
3.936622109043332388e-03 -1.215423200836858279e-02
3.661070985307900583e-03 -1.264353418961759908e-02
3.344332439113042142e-03 -1.294602433070702122e-02
2.994208657020557256e-03 -1.307400192481938603e-02
2.618149298189015751e-03 -1.304107996326949598e-02
2.223158839764265756e-03 -1.286171536213678857e-02
1.815730575437071899e-03 -1.255080705818218713e-02
1.401803570127149994e-03 -1.212335808851222434e-02
9.867390273389530821e-04 -1.159419692363033126e-02
5.753127595479346629e-04 -1.097775270146767075e-02
1.717207366818940782e-04 -1.028787871709516480e-02
-2.204050008499320104e-04 -9.537718482311314736e-03
-5.979724586852148104e-04 -8.739608813415591232e-03
-9.583999129910173928e-04 -7.905014681542293226e-03
-1.299582020865655638e-03 -7.044490922702671687e-03
-1.619853313422716691e-03 -6.167666320632848864e-03
-1.917950312072005470e-03 -5.283246016155811187e-03
-2.192973278082836243e-03 -4.399028644113850937e-03
-2.444348401304708915e-03 -3.521935034668597763e-03
-2.671791056343207627e-03 -2.658045732877584513e-03
-2.875270600870688791e-03 -1.812644979839150329e-03
-3.054977060580282931e-03 -9.902691555967329824e-04
-3.211289936223967259e-03 -1.947580092009405274e-04
-3.344749277324303438e-03 5.706927094575335504e-04
-3.456029093776170208e-03 1.303478344497505667e-03
-3.545913117201396521e-03 2.001533059500057009e-03
-3.615272877550827248e-03 2.663278903055591937e-03
-3.665048024871923708e-03 3.287576756745332150e-03
-3.696228799426326973e-03 3.873679566271282133e-03
-3.709840534810393727e-03 4.421188137032979956e-03
-3.706930065861938073e-03 4.930009676436375617e-03
-3.688553906215627076e-03 5.400319183364174318e-03
-3.655768056462013228e-03 5.832523719490143727e-03
-3.609619304814157964e-03 6.227229544011421772e-03
-3.551137883914584972e-03 6.585212052066758900e-03
-3.481331352547898262e-03 6.907388425259158166e-03
-3.401179576700775076e-03 7.194792879282780468e-03
-3.311630691197041745e-03 7.448554376981228811e-03
-3.213597931003400136e-03 7.669876663894368250e-03
-3.107957228772647261e-03 7.860020477052321805e-03
-2.995545483585530626e-03 8.020287775014086837e-03
-2.877159413245401233e-03 8.152007837215233949e-03
-2.753554910938590256e-03 8.256525083942747520e-03
-2.625446833975258673e-03 8.335188471336879568e-03
-2.493509159531825774e-03 8.389342323229954240e-03
-2.358375449395149794e-03 8.420318466392160556e-03
-2.220639571381001487e-03 8.429429544860238960e-03
-2.080856631561511707e-03 8.417963395201287155e-03
-1.939544076283802702e-03 8.387178373397934442e-03
-1.797182928170043895e-03 8.338299531469996889e-03
-1.654219124759898334e-03 8.272515549740507707e-03
-1.511064932462336408e-03 8.190976338362297368e-03
-1.368100412201036457e-03 8.094791228777802744e-03
-1.225674916535111209e-03 7.985027683117122341e-03
-1.084108600759657592e-03 7.862710455423112602e-03
-9.436939334489199450e-04 7.728821145749209878e-03
-8.046971940718771095e-04 7.584298093054640116e-03
-6.673599473526145055e-04 7.430036558482177277e-03
-5.319004859843769542e-04 7.266889156331300670e-03
-3.985152347615122069e-04 7.095666493143545570e-03
-2.673801108732960091e-04 6.917137981235964295e-03
-1.386518357724565026e-04 6.732032795362019942e-03
-1.246919554075760946e-05 6.541040945969731069e-03
1.110457524843724928e-04 6.344814444792722455e-03
2.317865287624631693e-04 6.143968541979113150e-03
3.496611371857931330e-04 5.939083016421467000e-03
4.645910277585108602e-04 5.730703503131226971e-03
5.765101167837204110e-04 5.519342844083679686e-03
6.853638642634670309e-04 5.305482450102571787e-03
7.911084085935884361e-04 5.089573664187994548e-03
8.937097577731666076e-04 4.872039116383028098e-03
9.931430378510358245e-04 4.653274063655000320e-03
1.089391798005734076e-03 4.433647707976719546e-03
1.182447373124070368e-03 4.213504485955117153e-03
1.272308305307194663e-03 3.993165326366186589e-03
1.358979825216690947e-03 3.772928870215458332e-03
1.442473399029677028e-03 3.553072647937233382e-03
1.522806344330495786e-03 3.333854208800202199e-03
1.600001525273083043e-03 3.115512193871379423e-03
1.674087138381379156e-03 2.898267341959616383e-03
1.745096608529843937e-03 2.682323408835305800e-03
1.813068622779598002e-03 2.467867967189008461e-03
1.878047339207807118e-03 2.255073027345364921e-03
1.940082818471168535e-03 2.044095362381440507e-03
1.999231714524046886e-03 1.835076310941457199e-03
2.055558159184472326e-03 1.628140609686177555e-03
2.109134333792837476e-03 1.423393444237721055e-03
2.160038780958308847e-03 1.220914821179991437e-03
2.208347933496029002e-03 1.020753079044174096e-03
2.254119940625984829e-03 8.229275503379663778e-04
2.297386271931330104e-03 6.274455036961828743e-04
2.338158796793418041e-03 4.343161300692484697e-04
2.376439273100522387e-03 2.435538214535235609e-04
2.412224846896119344e-03 5.517685446058582469e-05
2.445510504920837044e-03 -1.307944552009150966e-04
2.476290010067866594e-03 -3.143391134581365086e-04
2.504556150544086542e-03 -4.954362841439123154e-04
2.530300681569551749e-03 -6.740657352128094203e-04
2.553514125715921398e-03 -8.502080149719967077e-04
2.574185507783943467e-03 -1.023844443924692678e-03
2.592302057637791996e-03 -1.194956976377436423e-03
2.607848895357956897e-03 -1.363527966874534224e-03
2.620808705152910967e-03 -1.529539862201518413e-03
2.631161400274829257e-03 -1.692974833093146420e-03
2.638883777317964190e-03 -1.853814350870286887e-03
2.643949159417308820e-03 -2.012038712990700182e-03
2.646327027226232521e-03 -2.167626516499625809e-03
2.645982633450041834e-03 -2.320554077025928884e-03
2.642876601271548342e-03 -2.470794787439186020e-03
2.636964503412090981e-03 -2.618318410580937859e-03
2.628196419754012542e-03 -2.763090295343509362e-03
2.616516473173099815e-03 -2.905070507461040251e-03
2.601862341253960778e-03 -3.044212860435570149e-03
2.584164744391855353e-03 -3.180463832053065029e-03
2.563346909254189503e-03 -3.313761348513175921e-03
2.539324010520313708e-03 -3.444033416244016675e-03
2.512002591491806214e-03 -3.571196575164256072e-03
2.481279969729285016e-03 -3.695154148424163558e-03
2.447043633022488469e-03 -3.815794253088875335e-03
2.409170636405835991e-03 -3.932987536169896443e-03
2.367527013602362639e-03 -4.046584592341092614e-03
2.321967222375243521e-03 -4.156413013272784208e-03
2.272333649181313385e-03 -4.262274010981082287e-03
2.218456209385355135e-03 -4.363938548734810560e-03
2.160152087438309450e-03 -4.461142906652761954e-03
2.097225679820649731e-03 -4.553583592423210251e-03
2.029468820233565514e-03 -4.640911505092462815e-03
1.956661391955656030e-03 -4.722725243215299129e-03
1.878572463180746589e-03 -4.798563435856300317e-03
1.794962119473838148e-03 -4.867895974098998199e-03
1.705584221175753933e-03 -4.930114005235246462e-03
1.610190374350557990e-03 -4.984518556314421894e-03
1.508535481963889455e-03 -5.030307662631290470e-03
1.400385346786388969e-03 -5.066561896478972461e-03
1.285526910708310140e-03 -5.092228240029932421e-03
1.163781870512896159e-03 -5.106102332240030142e-03
1.035024569868055145e-03 -5.106809257271591532e-03
8.992052826074102730e-04 -5.092783236340401275e-03
7.563802004591491362e-04 -5.062246923596029798e-03
6.067496585995197159e-04 -5.013191477722099901e-03
4.507062943766273946e-04 -4.943359262904541487e-03
2.888949137177009366e-04 -4.850232003047875648e-03
1.222856412450756738e-04 -4.731028594040245783e-03
-4.773865678098839632e-05 -4.582718573416534255e-03
-2.192810457290880408e-04 -4.402059657759505550e-03
-3.898182685311403581e-04 -4.185670698615509035e-03
-5.560851835945801848e-04 -3.930154835819057134e-03
-7.139710544370905625e-04 -3.632290959573310392e-03
-8.584550361434844113e-04 -3.289313968162069484e-03
-9.836260278933246174e-04 -2.899303281490692944e-03
-1.082857548123372865e-03 -2.461691239999380405e-03
-1.149240760154176090e-03 -1.977882004948607747e-03
-1.176415773561472356e-03 -1.451929025211648114e-03
-1.159972975171690143e-03 -8.911451201565920126e-04
-1.099602178210554258e-03 -3.064084454750481100e-04
-1.002118944210947035e-03 2.882097642441565030e-04
-8.853654366800833061e-04 8.769854298474631183e-04
-7.827911005248805410e-04 1.445724554532092782e-03
-7.484510464657970511e-04 1.986759328414404013e-03
-8.627564633440823992e-04 2.505260896736474611e-03
-1.241691538947493250e-03 3.025778699295937364e-03
-2.058189822382284866e-03 3.599259849138392031e-03
-3.596446465928057959e-03 4.319339936138884457e-03
-6.381076872251391190e-03 5.387029272330810456e-03
-1.144870083666373571e-02 7.361601504416944580e-03
-2.077066094833322080e-02 1.204544004126460906e-02
-3.708925961939223137e-02 2.520690518574189576e-02
-5.868241680241351177e-02 6.241352591647757186e-02
-5.698834795901552147e-02 1.483186709850352336e-01
4.937188860510403204e-02 2.625690443119212403e-01
2.879289467076303621e-01 2.480093605329104500e-01
4.412602224859261124e-01 0.000000000000000000e+00
3.371228454551812859e-01 -2.639571115023339187e-01
1.197851499769264083e-01 -3.461353120718774212e-01
-4.009451097451111057e-02 -2.875943634075595057e-01
-1.089079147897843575e-01 -1.927010472242445260e-01
-1.200962480574682134e-01 -1.150609623795653541e-01
-1.072610622351184012e-01 -6.448990740321344783e-02
-8.859242578283016423e-02 -3.491307007098874704e-02
-7.126622980237420912e-02 -1.855939980889891386e-02
-5.720259287624365752e-02 -9.808976925714529838e-03
-4.634820380000417850e-02 -5.246285816796279755e-03
-3.810332357174137791e-02 -2.943315983356184842e-03
-3.183748269329050862e-02 -1.846413242173076605e-03
-2.703439546416634698e-02 -1.386925474405983905e-03
-2.330656470286362678e-02 -1.258923258258835658e-03
-2.037298708795534652e-02 -1.297801827953172504e-03
-1.803214426793431011e-02 -1.415072042189206847e-03
-1.613943889844313140e-02 -1.563429779254679741e-03
-1.459040856600769126e-02 -1.717964475106010733e-03
-1.330881431586021860e-02 -1.865974205147207660e-03
-1.223834757125680586e-02 -2.001400403725868676e-03
-1.133688616652680711e-02 -2.121764673190958649e-03
-1.057250685900535184e-02 -2.226475108523796181e-03
-9.920699507502198089e-03 -2.315889297033191675e-03
-9.362403670413372431e-03 -2.390798844616581938e-03
-8.882611019167723290e-03 -2.452150150050150419e-03
-8.469359947382983783e-03 -2.500897844153747093e-03
-8.113004497149777991e-03 -2.537932555042266176e-03
-7.805677089792891453e-03 -2.564049862170122724e-03
-7.540889495035131215e-03 -2.579941650769578942e-03
-7.313233459585431924e-03 -2.586199132872662055e-03
-7.118153875738516753e-03 -2.583321469156962813e-03
-6.951775270134013564e-03 -2.571726645410541724e-03
-6.810767864106047689e-03 -2.551762755353816775e-03
-6.692243249750118653e-03 -2.523718781667598152e-03
-6.593672442421955049e-03 -2.487834420307726523e-03
-6.512820963427411528e-03 -2.444308806247816844e-03
-6.447697010719500438e-03 -2.393308160878920236e-03
-6.396509741382680816e-03 -2.334972424512792369e-03
-6.357635439099305896e-03 -2.269420991005766455e-03
-6.329589870020812387e-03 -2.196757683520908846e-03
-6.311005531366615379e-03 -2.117075078242902555e-03
-6.300612794251861035e-03 -2.030458312380044317e-03
-6.297224169832321521e-03 -1.936988464719270608e-03
-6.299721087356361174e-03 -1.836745595530319590e-03
-6.307042738737165741e-03 -1.729811558196475956e-03
-6.318176595873565768e-03 -1.616272620471644744e-03
-6.332150330278724440e-03 -1.496221975566706681e-03
-6.348024904439333177e-03 -1.369762203616651380e-03
-6.364888663358894694e-03 -1.237007723834118549e-03
-6.381852294579042073e-03 -1.098087297360169452e-03
-6.398044558203314601e-03 -9.531466112898104217e-04
-6.412608724981823036e-03 -8.023509977625705499e-04
-6.424699687803321103e-03 -6.458883299124899662e-04
-6.433481738674291447e-03 -4.839721303881588683e-04
-6.438127039536724674e-03 -3.168449388633294648e-04
-6.437814860167552673e-03 -1.447819839482573662e-04
-6.431731686420390573e-03 3.190481426906073212e-05
-6.419072401039920515e-03 2.128624709078553220e-04
-6.399042804276058698e-03 3.976922083077786326e-04
-6.370863910644070614e-03 5.859444354621304654e-04
-6.333778628769595395e-03 7.771136602038241845e-04
-6.287061726881439626e-03 9.706338686406711536e-04
-6.230034266986499494e-03 1.165875583237668042e-03
-6.162083797680387512e-03 1.362147165019751954e-03
-6.082690685560731420e-03 1.558705357474400198e-03
-5.991456851033168454e-03 1.754783248754543650e-03
-5.888122882288248511e-03 1.949643452379901587e-03
-5.772547257237263009e-03 2.142648707802725754e-03
-5.644634176769266695e-03 2.333310359464851446e-03
-5.504246088767669395e-03 2.521275534350343826e-03
-5.351153069864984443e-03 2.706268934940535102e-03
-5.185027037309778569e-03 2.888033135410585008e-03
-5.005459033538045034e-03 3.066288017786885159e-03
-4.811981976137741715e-03 3.240707896630974118e-03
-4.604091860490057073e-03 3.410909584294935515e-03
-4.381266045040732408e-03 3.576446278050862768e-03
-4.142979139182579283e-03 3.736804371542455910e-03
-3.888717353759714966e-03 3.891401735766088742e-03
-3.617992086871103189e-03 4.039586781592855065e-03
-3.330353331586170720e-03 4.180638028498601458e-03
-3.025403343391728540e-03 4.313764087333369149e-03
-2.702810893292600415e-03 4.438104086827781083e-03
-2.362326340734972451e-03 4.552728620121256238e-03
-2.003797697775858665e-03 4.656641323634622999e-03
-1.627187837639936354e-03 4.748781220818798672e-03
-1.232592903252264886e-03 4.828025980134466322e-03
-8.202619920829165492e-04 4.893196253628459211e-03
-3.906181254013062210e-04 4.943061272440025730e-03
5.571953375304856786e-05 4.976345889787807744e-03
5.179122761385112923e-04 4.991739258485133716e-03
9.948773762010832203e-04 4.987905358533321898e-03
1.485262754784480790e-03 4.963495578537219927e-03
1.987420998825717607e-03 4.917163576162025644e-03
2.499383101379714939e-03 4.847582605077262186e-03
3.018832321378867901e-03 4.753465534677423117e-03
3.543078682032529264e-03 4.633587737424494507e-03
4.069034765345284563e-03 4.486813014401158303e-03
4.593193563290993466e-03 4.312122687681807162e-03
5.111609308133712587e-03 4.108647932927722915e-03
5.619882330434224776e-03 3.875705401545873931e-03
6.113149223115761990e-03 3.612836033896272853e-03
6.586079689938217560e-03 3.319846944904667092e-03
7.032881704707979846e-03 2.996856083049854319e-03
7.447316761616791167e-03 2.644339246836353331e-03
7.822727190430795938e-03 2.263178863286529740e-03
8.152077670727942565e-03 1.854713727920615299e-03
8.428013212298527540e-03 1.420788690648095223e-03
8.642936008058491743e-03 9.638029801203032085e-04
8.789103565786163946e-03 4.867556188134030369e-04
8.858750522793220478e-03 -6.713981199914925702e-06
8.844236416927211616e-03 -5.122924476860463497e-04
8.738221411969348401e-03 -1.024968467791511273e-03
8.533871561471529157e-03 -1.539021296690576412e-03
8.225094574851057883e-03 -2.048024996941272442e-03
7.806806187965060519e-03 -2.544871868032407437e-03
7.275226075938535930e-03 -3.021818888261979062e-03
6.628200857836726023e-03 -3.470560907062531994e-03
5.865549853856597690e-03 -3.882334467939955753e-03
4.989427104198121757e-03 -4.248055875888390176e-03
4.004690539879126633e-03 -4.558496654325961892e-03
2.919266194339149162e-03 -4.804498835048930105e-03
1.744491938904234015e-03 -4.977231395209342178e-03
4.954215200246169133e-04 -5.068487654512503215e-03
-8.089342467899669114e-04 -5.071021498629353294e-03
-2.145456254902414726e-03 -4.978917698992941024e-03
-3.486886766980208316e-03 -4.787988751826412724e-03
-4.801954112732003191e-03 -4.496186938172645579e-03
-6.055688946616774593e-03 -4.104016418697767690e-03
-7.209969385542695092e-03 -3.614925766830271760e-03
-8.224331139575916452e-03 -3.035656865577702687e-03
-9.057074589885289947e-03 -2.376521617378678491e-03
-9.666692958465243971e-03 -1.651574078652689233e-03
-1.001363341544443675e-02 -8.786426776746154334e-04
-1.006238514336456856e-02 -7.918586976208251416e-05
-9.783864524458755693e-03 7.220643805412882768e-04
-9.158037145126723955e-03 1.497702747815133663e-03
-8.176679214456762310e-03 2.218517708557028300e-03
-6.846137894444775593e-03 2.854636265536843621e-03
-5.189902525273807667e-03 3.376938687650076105e-03
-3.250749488674450557e-03 3.758712047532153117e-03
-1.092176807552491281e-03 3.977482389829853360e-03
1.201193542602722007e-03 4.016932130470672428e-03
3.524589333863132300e-03 3.868773798162817787e-03
5.755777138581340963e-03 3.534416616250191795e-03
7.759764469703730495e-03 3.026233220159369602e-03
9.395722124034694422e-03 2.368215793155642197e-03
1.052618312394886652e-02 1.595810956337760309e-03
1.102835555041757100e-02 7.547482709264561468e-04
1.080709638178786215e-02 -1.012648713868530802e-04
9.808738770318788797e-03 -9.140138160551023773e-04
8.034565828101889601e-03 -1.625310445289052195e-03
5.552317330356301532e-03 -2.182320030719901629e-03
2.503760001572697107e-03 -2.543222353949233568e-03
-8.938722841662698161e-04 -2.682562623855870923e-03
-4.354754565627064894e-03 -2.595499553044865355e-03
-7.541497755843963244e-03 -2.300091562817317692e-03
-1.009335744835250341e-02 -1.836826642814136292e-03
-1.166532120426231993e-02 -1.264842063112534692e-03
-1.197589254567551012e-02 -6.547244649579065691e-04
-1.085906211170373399e-02 -7.842115971737513569e-05
-8.313427533738322606e-03 4.024321782849587213e-04
-4.539132373687573482e-03 7.476852330419169216e-04
4.811242446531088443e-05 9.466904081342469163e-04
4.836316632160601869e-03 1.020386567532673714e-03
9.076594222963259295e-03 1.015222513099694763e-03
1.200296404482968649e-02 9.897000343401817814e-04
1.297118766740703623e-02 9.924423470652273156e-04
