6.013060128232188109e-05 -5.422557095061667680e-05
5.803458396276626585e-05 -5.236762128085846024e-05
5.231173337942138127e-05 -4.733304120057304593e-05
4.338544789179224335e-05 -3.948543395532134250e-05
3.187091925316801611e-05 -2.935180615100425877e-05
1.853528531218281967e-05 -1.758954005983976164e-05
4.233761984987840500e-06 -4.932575058485115198e-06
-1.014422925084301316e-05 7.853529597877483744e-06
-2.372988254181988013e-05 2.001749950442430177e-05
-3.572647948754685196e-05 3.086565233089625363e-05
-4.545439886008875827e-05 3.980004734143961157e-05
-5.238723828225162152e-05 4.634947071899758682e-05
-5.617732509725560815e-05 5.019181024733625332e-05
-5.666963501102890370e-05 5.116696355076907118e-05
-5.390388300503287753e-05 4.928002068546319186e-05
-4.810526041846755309e-05 4.469503270983904013e-05
-3.966492680421700195e-05 3.772019301535559533e-05
-2.911189365588965169e-05 2.878569264390827602e-05
-1.707833634111958246e-05 1.841584588703726018e-05
-4.260626796068024078e-06 7.197306525566332534e-06
8.621511665444113587e-06 -4.254696348304078888e-06
2.086536026196851939e-05 -1.533017853912217726e-05
3.182286910497001325e-05 -2.545646184000816348e-05
4.093370461260591501e-05 -3.412686122004833137e-05
4.775211984649762079e-05 -4.092465730363940434e-05
5.196651463883073386e-05 -4.554134083449116750e-05
5.341101311909249657e-05 -4.778847541429369757e-05
5.206885310983727313e-05 -4.760289507742654060e-05
4.806782907217112391e-05 -4.504531391623527078e-05
4.166843520051240885e-05 -4.029275784488492988e-05
3.324569933839141388e-05 -3.362551843152551684e-05
2.326596780398243697e-05 -2.540956374785216225e-05
1.226008724624847907e-05 -1.607551337574854292e-05
7.945286777387838571e-07 -6.095389934369815671e-06
-1.055798791968213202e-05 4.041602643203543643e-06
-2.124687694085232142e-05 1.385305029450638751e-05
-3.076972477331830938e-05 2.288591039146240357e-05
-3.869482447917700071e-05 3.073669911906978352e-05
-4.467929129929104816e-05 3.706845418539202571e-05
-4.848211287556720436e-05 4.162384466295956204e-05
-4.997177186625934378e-05 4.423401842394381148e-05
-4.912836108536104842e-05 4.482300101356097413e-05
-4.604037873961525144e-05 4.340767696288941801e-05
-4.089663191888551436e-05 4.009358571204476652e-05
-3.397388063878252669e-05 3.506694128523591244e-05
-2.562101539629462214e-05 2.858343121856556576e-05
-1.624067399834292988e-05 2.095446153139724000e-05
-6.269266610539889542e-06 1.253158827486607344e-05
3.843607707597068480e-06 3.689911842459170204e-06
1.365540129170407694e-05 -5.188790979657270225e-06
2.274963589791659715e-05 -1.373245750608122202e-05
3.075292663271779519e-05 -2.159397768283851136e-05
3.734937442553422208e-05 -2.846469620165331785e-05
4.229184329438873840e-05 -3.408570285164212456e-05
4.540980313092253691e-05 -3.825655777186799363e-05
4.661358598443462314e-05 -4.084122696972867394e-05
4.589506630652842399e-05 -4.177113287213796513e-05
4.332492661164096686e-05 -4.104534925051526496e-05
3.904680385097466095e-05 -3.872808473716108052e-05
3.326872403957798830e-05 -3.494370027255975478e-05
2.625232016797786585e-05 -2.986959004496922863e-05
1.830038934255452180e-05 -2.372732062369052559e-05
9.743378885971838301e-06 -1.677246783402311969e-05
9.253984356154708705e-07 -9.283615197267689839e-06
-7.809662393814265701e-06 -1.550982047178841950e-06
-1.613137087597229954e-05 6.134864921672964746e-06
-2.373486120952472819e-05 1.349379393544810839e-05
-3.035141001552413474e-05 2.026600671231397162e-05
-3.575715423414238818e-05 2.622073232544705530e-05
-3.977971981180776072e-05 3.116346020043956385e-05
-4.230262370271380004e-05 3.494152611267039335e-05
-4.326740463694798278e-05 3.744793719833535881e-05
-4.267352631694047927e-05 3.862339338327080876e-05
-4.057617715754760978e-05 3.845653065107100982e-05
-3.708216090282484524e-05 3.698247394940331625e-05
-3.234413055416492550e-05 3.427984240227171321e-05
-2.655346277370284033e-05 3.046639542636756607e-05
-1.993210063888688088e-05 2.569354435992659752e-05
-1.272370925746263315e-05 2.013997976783624372e-05
-5.184491778519872092e-06 1.400467957835104790e-05
2.425996309835941259e-06 7.499567915441888539e-06
9.853717695646448468e-06 8.420895437918305678e-07
1.685842237778274695e-05 -5.752048842216638081e-06
2.322106780622562396e-05 -1.207574052947832651e-05
2.875018689345034903e-05 -1.793674148825121672e-05
3.328704912438269780e-05 -2.316316385032290203e-05
3.670951025296878052e-05 -2.760806591730699685e-05
3.893449634893158417e-05 -3.115304213428578414e-05
3.991911652407664437e-05 -3.371075465287769158e-05
3.966044400496571810e-05 -3.522638550241454099e-05
3.819404604855686138e-05 -3.567802382282845479e-05
3.559137850315165100e-05 -3.507603508673327018e-05
3.195618985625991499e-05 -3.346148793283654032e-05
2.742010191464069933e-05 -3.090373852283321871e-05
2.213754962663771548e-05 -2.749729179069336106e-05
1.628027102601134636e-05 -2.335807334022864076e-05
1.003154011673127049e-05 -1.861925500994660626e-05
3.580331189659136268e-06 -1.342678137679145077e-05
-2.884406814337926139e-06 -7.934743973981310305e-06
-9.179201958755133937e-06 -2.300745140450091819e-06
-1.513109169259853275e-05 3.318615309875216516e-06
-2.058211239025455722e-05 8.772009444129216563e-06
-2.539314637268277219e-05 1.391730015522483173e-05
-2.944705189177553888e-05 1.862502001357887338e-05
-3.265102712670526331e-05 2.278133848261796256e-05
-3.493818441593880836e-05 2.629046483785973625e-05
-3.626833501284484342e-05 2.907645315140900614e-05
-3.662800698296727345e-05 3.108439430680275383e-05
-3.602973893979938128e-05 3.228099769610848446e-05
-3.451070973762847711e-05 3.265458159411022251e-05
-3.213077871229919129e-05 3.221450585083892546e-05
-2.897002240354623089e-05 3.099009322032382784e-05
-2.512586183201772575e-05 2.902909615631881437e-05
-2.070987936554094332e-05 2.639577413847371648e-05
-1.584442610684836609e-05 2.316865250244744479e-05
-1.065911976013377344e-05 1.943803736014068631e-05
-5.287329342422882999e-06 1.530336259784516401e-05
1.372627951027317298e-07 1.087044426997397322e-05
5.483939036852403838e-06 6.248715147037973319e-06
1.062799152725247257e-05 1.548507946675134917e-06
1.545347169213376318e-05 -3.121549880566948994e-06
1.985559331423725413e-05 -7.656973763555684456e-06
2.374275020140671728e-05 -1.195964369775109570e-05
2.703812158427038297e-05 -1.593977003919021956e-05
2.968085027324038648e-05 -1.951757216290992910e-05
3.162679000346649874e-05 -2.262464759174308054e-05
3.284882905117797019e-05 -2.520501794368709751e-05
3.333680690580230775e-05 -2.721584647545413553e-05
3.309704936366336962e-05 -2.862782993635167698e-05
3.215155474765916363e-05 -2.942527473783827069e-05
3.053686997248461607e-05 -2.960587396700932992e-05
2.830269982647119520e-05 -2.918020743355771520e-05
2.551029612619021064e-05 -2.817099167522331570e-05
2.223067535031670835e-05 -2.661211062033730091e-05
1.854271403606179362e-05 -2.454746040770910303e-05
1.453117071234353322e-05 -2.202964370803555644e-05
1.028468155665030656e-05 -1.911854981254222375e-05
5.893774422190544271e-06 -1.587985680769578835e-05
1.448942524540492889e-06 -1.238349140891473149e-05
-2.961184953672530255e-06 -8.702080562829001819e-06
-7.251542638758712639e-06 -4.909426837812630496e-06
-1.134217135913534780e-05 -1.079037003127398030e-06
-1.515958056862155056e-05 2.717269851330314706e-06
-1.863791349316644666e-05 6.410651679046857899e-06
-2.171990295338478187e-05 9.936410953896300286e-06
-2.435761093941705819e-05 1.323502462702071164e-05
-2.651294990357299508e-05 1.625302471107247429e-05
-2.815798830347933938e-05 1.894372137959683311e-05
-2.927504710273634019e-05 2.126776409481824514e-05
-2.985659766089515302e-05 2.319353972208658269e-05
-2.990497467817834345e-05 2.469740979772566829e-05
-2.943192057553383913e-05 2.576379204308767190e-05
-2.845797987362248054e-05 2.638509382535211579e-05
-2.701176378398717360e-05 2.656150752878323011e-05
-2.512910635204945725e-05 2.630067970212365144e-05
-2.285213411519340166e-05 2.561726738064806086e-05
-2.022827138871973482e-05 2.453239614566110651e-05
-1.730920300412966349e-05 2.307303528742893472e-05
-1.414981563992796960e-05 2.127130589417633230e-05
-1.080713785091573592e-05 1.916373781956826855e-05
-7.339297567062809548e-06 1.679049130868347494e-05
-3.804514248073421421e-06 1.419455861606250534e-05
-2.601410958890987743e-07 1.142096025997173012e-05
3.238229204980612403e-06 8.515949657564353588e-06
6.637583781401779193e-06 5.526238809960306014e-06
9.888224547171901778e-06 2.498256488869356074e-06
1.294441160276942064e-05 -5.225509490513056645e-07
1.576490986778542733e-05 -3.492367394606031640e-06
1.831343575541884177e-05 -6.369596184277331817e-06
2.055900260357829335e-05 -9.115384842559326212e-06
2.247616535999507511e-05 -1.169408099376751134e-05
2.404516665771906601e-05 -1.407361647937527327e-05
2.525198789532701448e-05 -1.622581806974856107e-05
2.608831024034005539e-05 -1.812664443584694629e-05
2.655139159666144975e-05 -1.975635023135109754e-05
2.664386651287287385e-05 -2.109957921672242547e-05
2.637347675745218458e-05 -2.214538932418975444e-05
2.575274085227120672e-05 -2.288721341005445930e-05
2.479857124272410529e-05 -2.332276016388228152e-05
2.353184800030836256e-05 -2.345386024202033854e-05
2.197695801148261743e-05 -2.328626316575717147e-05
2.016130851810190333e-05 -2.282939087535871628e-05
1.811482365301046331e-05 -2.209605406490854564e-05
1.586943227443634227e-05 -2.110213754513235660e-05
1.345855496011455896e-05 -1.986626089991687039e-05
1.091659749219997476e-05 -1.840942062524838653e-05
8.278457562917243957e-06 -1.675461977620318734e-05
5.579050773918283371e-06 -1.492649090793762089e-05
2.852861304532865101e-06 -1.295091779070248117e-05
1.335218997891525393e-07 -1.085466101677961215e-05
-2.546572908223106658e-06 -8.664992209187653428e-06
-5.156617170222147227e-06 -6.409341097979381091e-06
-7.667705032802687299e-06 -4.114959259553575108e-06
-1.005310165344653661e-05 -1.808603826811153523e-06
-1.228847245334821956e-05 4.837560181597890001e-07
-1.435207028414813968e-05 2.737207454174357033e-06
-1.622488068123598506e-05 4.928135509485032496e-06
-1.789072592442342340e-05 7.034436281766926228e-06
-1.933632912267914194e-05 9.035701001389759117e-06
-2.055133998025106124e-05 1.091337048501974176e-05
-2.152832428554025889e-05 1.265085993415632586e-05
-2.226271949061752056e-05 1.423365440986322217e-05
-2.275275901886223578e-05 1.564937565820299572e-05
-2.299936815152033801e-05 1.688782126849150609e-05
-2.300603450317021800e-05 1.794097741803194572e-05
-2.277865620338653476e-05 1.880300669086091468e-05
-2.232537096025266596e-05 1.947021265543754525e-05
-2.165636919416473916e-05 1.994098304662601735e-05
-2.078369440134853635e-05 2.021571352242307006e-05
-1.972103383945202271e-05 2.029671405671595053e-05
-1.848350252682603859e-05 2.018810008787125289e-05
-1.708742341669451905e-05 1.989567057083734428e-05
-1.555010645156284428e-05 1.942677508036323684e-05
-1.388962902631415691e-05 1.879017208681135493e-05
-1.212462019409953327e-05 1.799588047682960508e-05
-1.027405074202110114e-05 1.705502632108799429e-05
-8.357031046757968233e-06 1.597968680333371845e-05
-6.392618397601878034e-06 1.478273312133290948e-05
-4.399635249073711824e-06 1.347767405416191950e-05
-2.396499640437192049e-06 1.207850176340399596e-05
-4.010687977463735183e-07 1.059954126114672683e-05
1.569503282339789185e-06 9.055304837459600089e-06
3.498893675942905750e-06 7.460352596018812771e-06
5.371723410639527415e-06 5.829160101213726770e-06
7.173655175187329121e-06 4.175993994950809243e-06
8.891475831383941836e-06 2.514796298252598312e-06
1.051316386127466449e-05 8.590779729685499772e-07
1.202794203053986478e-05 -7.781778160327822026e-07
1.342631568220121820e-05 -2.384602426965670199e-06
1.470009719292622635e-05 -3.948518266624686328e-06
1.584241722742165052e-05 -5.459005041045218564e-06
1.684772351479594673e-05 -6.905955763736982373e-06
1.771176794424256668e-05 -8.280122651578387805e-06
1.843158283728416278e-05 -9.573153127309275444e-06
1.900544729919578904e-05 -1.077761622722432021e-05
1.943284458559623999e-05 -1.188701978298861349e-05
1.971441144043535257e-05 -1.289581880735608967e-05
1.985188037126641694e-05 -1.379941556609205077e-05
1.984801582606759575e-05 -1.459415186098099569e-05
1.970654522522149505e-05 -1.527729408359833059e-05
1.943208578283089119e-05 -1.584701162616623243e-05
1.903006802380342332e-05 -1.630234925431432621e-05
1.850665686980077596e-05 -1.664319405729707997e-05
1.786867112645230987e-05 -1.687023759738651106e-05
1.712350216032266432e-05 -1.698493387654535821e-05
1.627903250424157176e-05 -1.698945373298702040e-05
1.534355507854019170e-05 -1.688663626632548541e-05
1.432569366054327697e-05 -1.667993787402515362e-05
1.323432517864024778e-05 -1.637337946007879041e-05
1.207850435057571428e-05 -1.597149235323852193e-05
1.086739112774652150e-05 -1.547926344344773973e-05
9.610181350365417020e-06 -1.490208001633150111e-05
8.316040962080240934e-06 -1.424567473396961933e-05
6.994044077142200723e-06 -1.351607117546558882e-05
5.653115141124862718e-06 -1.271953031869419942e-05
4.301975373030156897e-06 -1.186249830802809326e-05
2.949093629789892880e-06 -1.095155581856158531e-05
1.602641786072646498e-06 -9.993369292282660714e-06
2.704546802328134371e-07 -8.994644286913729337e-06
-1.040005363853164692e-06 -7.962081144494280747e-06
-2.321679466830299378e-06 -6.902333153270100440e-06
-3.567938636939086517e-06 -5.821967345435545967e-06
-4.772605819162302404e-06 -4.727428042270497978e-06
-5.929973670416359435e-06 -3.625003229196624916e-06
-7.034818205888041880e-06 -2.520793816341192582e-06
-8.082408482512697147e-06 -1.420685814048705037e-06
-9.068512504371485056e-06 -3.303254293173175037e-07
-9.989399549917899509e-06 7.449029333021540215e-07
-1.084183913348902820e-05 1.799895802547255846e-06
-1.162309682376912260e-05 2.829846957877481635e-06
-1.233092714862945536e-05 3.830261004552732180e-06
-1.296356382109481413e-05 4.796964292237402629e-06
-1.351970752390943704e-05 5.726113275141269097e-06
-1.399851149039512378e-05 6.614200423755826636e-06
-1.439956511874597858e-05 7.458057806574123428e-06
-1.472287585260129531e-05 8.254858468303264110e-06
-1.496884955833620277e-05 9.002115737336728187e-06
-1.513826962107563177e-05 9.697680599417644792e-06
-1.523227497654587431e-05 1.033973727884533316e-05
-1.525233728599961503e-05 1.092679716834422067e-05
-1.520023745425489115e-05 1.145769125202107803e-05
-1.507804167789484603e-05 1.193156116533333953e-05
-1.488807720548569803e-05 1.234784903064435400e-05
-1.463290797390848024e-05 1.270628621205981002e-05
-1.431531028060294939e-05 1.300688112335465202e-05
-1.393824863491628280e-05 1.324990622221777375e-05
-1.350485192240076088e-05 1.343588432081476465e-05
-1.301839000504239549e-05 1.356557433446377134e-05
-1.248225086589743042e-05 1.363995658778621939e-05
-1.189991839828154297e-05 1.366021779012245348e-05
-1.127495092735322716e-05 1.362773578882103221e-05
-1.061096054067677947e-05 1.354406419629474013e-05
-9.911593292482923889e-06 1.341091699040140787e-05
-9.180510341529988253e-06 1.323015316920366635e-05
-8.421370064446837193e-06 1.300376154645325238e-05
-7.637811183466973892e-06 1.273384575676206402e-05
-6.833436938904374994e-06 1.242260954231053706e-05
-6.011800321916868676e-06 1.207234237778107143e-05
-5.176390383810663528e-06 1.168540549164295272e-05
-4.330619623320743655e-06 1.126421832937160815e-05
-3.477812452846245881e-06 1.081124550370835791e-05
-2.621194734280571777e-06 1.032898426379527405e-05
-1.763884370590694956e-06 9.819952520242119847e-06
-9.088829353910938811e-07 9.286677446341389945e-06
-5.906831637312165756e-08 8.731684678458006261e-06
7.828116543906088972e-07 8.157488131079519103e-06
1.614144614155949547e-06 7.566580436666904062e-06
2.432458161602381626e-06 6.961424018168963220e-06
3.235423463806911179e-06 6.344442796904720553e-06
4.020858017276396565e-06 5.718014534720953499e-06
4.786727603668908399e-06 5.084463806722513576e-06
5.531147482618567354e-06 4.446055597726918863e-06
6.252382864780585906e-06 3.804989511569565448e-06
6.948848709274106477e-06 3.163394581989278790e-06
7.619108890451988944e-06 2.523324669692851843e-06
8.261874777490647992e-06 1.886754428891022279e-06
8.876003272549417997e-06 1.255575825213328179e-06
9.460494350803615239e-06 6.315951853006120142e-07
1.001448814607748529e-05 1.653075590079914667e-08
1.053726162534664561e-05 -5.879892485458451685e-07
1.102822489242143257e-05 -1.180428133740594833e-06
1.148691716317378552e-05 -1.759341772499708092e-06
1.191300245052587734e-05 -2.323379234645059123e-06
1.230626499738673428e-05 -2.871283024839534354e-06
1.266660449410278955e-05 -3.401888952478288735e-06
1.299403111581274073e-05 -3.914125659825234071e-06
1.328866041182189724e-05 -4.407013831046336296e-06
1.355070807978023836e-05 -4.879665107821291409e-06
1.378048465369819459e-05 -5.331280735214113191e-06
1.397839013485845928e-05 -5.761149961807122514e-06
1.414490859147847135e-05 -6.168648216631325947e-06
1.428060275015503851e-05 -6.553235085725002076e-06
1.438610860625850374e-05 -6.914452109511858046e-06
1.446213006935803967e-05 -7.251920423594101334e-06
1.450943366663651084e-05 -7.565338262006520779e-06
1.452884332051225603e-05 -7.854478342356172624e-06
1.452123521691496990e-05 -8.119185152717157858e-06
1.448753277890099900e-05 -8.359372156866344626e-06
1.442870175832411572e-05 -8.575018935163539860e-06
1.434574545720379419e-05 -8.766168278002318693e-06
1.423970008866505270e-05 -8.932923245114036885e-06
1.411163028660492857e-05 -9.075444206701939611e-06
1.396262477079915336e-05 -9.193945878464200266e-06
1.379379217381718632e-05 -9.288694363824972491e-06
1.360625703474973455e-05 -9.360004213839750257e-06
1.340115596373128689e-05 -9.408235516462484712e-06
1.317963397921837156e-05 -9.433791024069257484e-06
1.294284102080549543e-05 -9.437113328950558048e-06
1.269192863781853960e-05 -9.418682093755482529e-06
1.242804685203903845e-05 -9.379011345360243406e-06
1.215234119852143204e-05 -9.318646838633717750e-06
1.186594993635442490e-05 -9.238163494114639816e-06
1.157000143209084458e-05 -9.138162917822869715e-06
1.126561171042902949e-05 -9.019271003767561075e-06
1.095388216957937336e-05 -8.882135627238514113e-06
1.063589745697214837e-05 -8.727424427525332651e-06
1.031272350118119896e-05 -8.555822686125837565e-06
9.985405692964258959e-06 -8.368031300452230686e-06
9.654967214311054814e-06 -8.164764855070968065e-06
9.322407505494053465e-06 -7.946749791023441175e-06
8.988700866985397029e-06 -7.714722673842677920e-06
8.654795188626432994e-06 -7.469428560206016472e-06
8.321610800327761389e-06 -7.211619462506940107e-06
7.990039437181730456e-06 -6.942052910415336315e-06
7.660943313014314528e-06 -6.661490608232269462e-06
7.335154294550253878e-06 -6.370697185838874435e-06
7.013473169988742654e-06 -6.070439041880131603e-06
6.696669004788439004e-06 -5.761483275786588061e-06
6.385478577578929021e-06 -5.444596706748714496e-06
6.080605889362776947e-06 -5.120544976073989204e-06
5.782721738542779984e-06 -4.790091729254259868e-06
5.492463355896988922e-06 -4.453997874547138984e-06
5.210434091265176596e-06 -4.113020913980731377e-06
4.937203146271130279e-06 -3.767914342110602700e-06
4.673305345843565212e-06 -3.419427108420408186e-06
4.419240942361073675e-06 -3.068303137901800156e-06
4.175475445771090361e-06 -2.715280905481594716e-06
3.942439473847406573e-06 -2.361093058152078999e-06
3.720528615954117323e-06 -2.006466079809131675e-06
3.510103305585042364e-06 -1.652119991619301807e-06
3.311488695574510413e-06 -1.298768083202021285e-06
3.124974530450470205e-06 -9.471166669264748995e-07
2.950815012119291899e-06 -5.978648483137208783e-07
2.789228653238524458e-06 -2.517043064065413114e-07
2.640398114986414648e-06 9.068092471564155921e-08
2.504470025137888405e-06 4.286146803217901005e-07
2.381554773169820726e-06 7.614289040427181522e-07
2.271726279976488304e-06 1.088463909909268997e-06
2.175021740047459272e-06 1.409068676314271106e-06
2.091441334359473385e-06 1.722601181585826385e-06
2.020947913409118661e-06 2.028428790682827528e-06
1.963466650863299225e-06 2.325928702891723437e-06
1.918884667692422677e-06 2.614488471303629462e-06
1.887050630103466724e-06 2.893506605186938524e-06
1.867774322410151945e-06 3.162393265294801369e-06
1.860826200860383881e-06 3.420571064712238220e-06
1.865936932090009036e-06 3.667475986461374571e-06
1.882796924508783956e-06 3.902558429226203105e-06
1.911055859303726402e-06 4.125284394627751420e-06
1.950322232638768252e-06 4.335136826162161679e-06
2.000162919778376466e-06 4.531617113314507230e-06
2.060102775299129671e-06 4.714246772425929195e-06
2.129624285700195352e-06 4.882569314566779310e-06
2.208167291792921438e-06 5.036152312577828907e-06
2.295128802512276137e-06 5.174589676541899286e-06
2.389862922924877127e-06 5.297504146811251841e-06
2.491680922827007650e-06 5.404550012190104933e-06
2.599851474791477568e-06 5.495416059079431211e-06
2.713601094151261130e-06 5.569828754801746681e-06
2.832114815736221149e-06 5.627555666911994474e-06
2.954537146169360117e-06 5.668409115206182158e-06
3.079973333250056710e-06 5.692250051339981959e-06
3.207490997409437569e-06 5.698992154605496531e-06
3.336122173135612925e-06 5.688606129082366062e-06
3.464865811037413684e-06 5.661124179222709139e-06
3.592690794013750932e-06 5.616644635849013269e-06
3.718539522599146277e-06 5.555336695238106688e-06
3.841332126344016327e-06 5.477445225747749998e-06
3.959971358862460658e-06 5.383295586014849823e-06
4.073348232779073034e-06 5.273298387328783623e-06
4.180348450232971135e-06 5.147954121285362439e-06
4.279859680577680441e-06 5.007857559168850767e-06
4.370779731696092520e-06 4.853701815947503044e-06
4.452025654133282322e-06 4.686281955689401178e-06
4.522543806446059606e-06 4.506497999187484828e-06
4.581320897553540659e-06 4.315357177606798516e-06
4.627396004001031958e-06 4.113975259000282966e-06
4.659873539775904940e-06 3.903576757687718392e-06
4.677937130311886363e-06 3.685493820638680354e-06
4.680864311559163052e-06 3.461163570547023815e-06
4.668041939596404172e-06 3.232123673540538042e-06
4.638982153286956896e-06 3.000005891013158609e-06
4.593338685971680797e-06 2.766527371949988508e-06
4.530923266652495326e-06 2.533479445218183667e-06
4.451721793231279641e-06 2.302713682610279900e-06
4.355909892817784024e-06 2.076125025543137804e-06
4.243867417130499829e-06 1.855631801891870341e-06
4.116191346374711521e-06 1.643152509717254360e-06
3.973706502630616706e-06 1.440579310302502291e-06
3.817473401791873155e-06 1.249748260509185404e-06
3.648792508172742248e-06 1.072406423188194204e-06
3.469204099959676797e-06 9.101761283280395531e-07
3.280482915465047072e-06 7.645168173454796067e-07
3.084626735104908599e-06 6.366850892471305363e-07
2.883838071603261058e-06 5.276937794829773718e-07
2.680498198442499358e-06 4.382711380926637287e-07
2.477132859220798456e-06 3.688214269980181329e-07
2.276369174035360359e-06 3.193885206391158804e-07
2.080883508247869107e-06 2.896243562832244126e-07
1.893340403770708150e-06 2.787643252345009209e-07
1.716323101358829234e-06 2.856119014671181183e-07
1.552256708834469782e-06 3.085349443678555150e-07
1.403325696047767799e-06 3.454761537580351576e-07
1.271388111132647670e-06 3.939800614663860761e-07
1.157889697683913844e-06 4.512386720553701297e-07
1.063781912628989634e-06 5.141573732802983886e-07
9.894486517452140674e-07 5.794419804893360572e-07
9.346472101083479669e-07 6.437067249095087338e-07
8.984695470866757390e-07 7.036016211210847142e-07
8.793301773062447422e-07 7.559559535001075597e-07
8.749868308131972275e-07 7.979326426587478469e-07
8.825992764554398181e-07 8.271860693411431201e-07
8.988302306560576660e-07 8.420136868847883135e-07
9.199899572307108877e-07 8.414896552116286067e-07
9.422229191578368373e-07 8.255670675898601406e-07
9.617306751386694942e-07 7.951344842472535365e-07
9.750202531978047153e-07 7.520128583910917478e-07
9.791617890717812436e-07 6.988809965802647729e-07
9.720338103570415459e-07 6.391218533668971055e-07
9.525299545666083025e-07 5.765885120481249766e-07
9.206981422520752737e-07 5.152976862751453506e-07
8.777834976667405507e-07 4.590696295177141853e-07
8.261508590446658095e-07 4.111455334945511128e-07
7.690726281955859371e-07 3.738252207007482178e-07
7.103834802277489582e-07 3.481768437090768709e-07
6.540246325661374429e-07 3.338734321675961823e-07
6.035250186257742154e-07 3.292052666429570884e-07
5.614910005103728286e-07 3.312994580351567390e-07
5.291944409349811210e-07 3.365475245455314614e-07
5.063537324865339412e-07 3.411997945805908508e-07
4.911863612716322706e-07 3.420378980017859781e-07
4.807695664270196401e-07 3.369941821014005161e-07
4.716781025197135782e-07 3.255647352150147432e-07
4.607846867494376313e-07 3.088775243989775208e-07
4.460306967161223785e-07 2.893414168375150732e-07
4.269337200001822378e-07 2.699153444736351177e-07
4.046289588761875793e-07 2.531777571479943486e-07
3.813647108800538460e-07 2.404969145811617378e-07
3.595754749354846152e-07 2.316357409296578682e-07
3.408748184070050105e-07 2.250110803818079638e-07
3.254291870437976239e-07 2.185574734686809170e-07
3.120714219879863046e-07 2.108080373048985283e-07
2.991480045181091305e-07 2.015931424393902776e-07
2.856078431778727749e-07 1.918906243811802252e-07
2.715724365877863226e-07 1.828998083473558453e-07
2.579289928062469117e-07 1.750615093311980369e-07
2.453255959140763950e-07 1.678965211279264007e-07
2.336099758236334775e-07 1.607781149518258803e-07
2.223007966504667503e-07 1.536633648320715275e-07
2.113099646007679970e-07 1.468530112295612134e-07
2.008096656981247787e-07 1.403789178563688709e-07
1.907839309485324359e-07 1.341361610735428739e-07
1.811829926652897590e-07 1.281294189025415339e-07
1.719979593980897484e-07 1.223574637686646653e-07
1.632142950461832072e-07 1.168113434278859060e-07
1.548172211492252720e-07 1.114836901819813309e-07
1.467925042520626423e-07 1.063673341880556835e-07
1.391263252385939468e-07 1.014552737697867207e-07
1.318052712498928629e-07 9.674068016150498610e-08
1.248163131844530392e-07 9.221689628540264731e-08
1.181468091655276164e-07 8.787743397920109214e-08
1.117844979972591836e-07 8.371597283933604921e-08
1.057174897326179800e-07 7.972635907545476760e-08
9.993425533333990207e-08 7.590260038254947996e-08
9.442362284821180961e-08 7.223886736151430692e-08
8.917477196252601460e-08 6.872948885192420809e-08
8.417721827095883524e-08 6.536895000735374004e-08
7.942082164582130902e-08 6.215189071313860880e-08
7.489575874557667100e-08 5.907310226743484573e-08
7.059252937439605459e-08 5.612752356801945555e-08
6.650195207568258585e-08 5.331024123327281376e-08
6.261514363530387793e-08 5.061648572533147226e-08
5.892352339806338063e-08 4.804162793412441617e-08
5.541879964141304597e-08 4.558117790269200152e-08
5.209296469845227460e-08 4.323078120082155068e-08
4.893829493886802013e-08 4.098621574058615754e-08
4.594732921386360015e-08 3.884339134175903512e-08
4.311287414378572532e-08 3.679834501252774681e-08
4.042799400350997335e-08 3.484723777705152892e-08
3.788600340817590313e-08 3.298635419156936076e-08
3.548046063648264407e-08 3.121209918572815032e-08
3.320515850617705836e-08 2.952099232382516669e-08
3.105412629000341003e-08 2.790967015310412397e-08
2.902161842771612657e-08 2.637487902186312548e-08
2.710209610397125371e-08 2.491347538406476799e-08
2.529024999440194313e-08 2.352242232499009683e-08
2.358096549249295390e-08 2.219878567943177883e-08
2.196933047075110615e-08 2.093973454335533903e-08
2.045063004506120994e-08 1.974253555888830402e-08
1.902034106388417160e-08 1.860455289181910922e-08
1.767411191676386488e-08 1.752324279661089755e-08
1.640777719209203641e-08 1.649615462743538452e-08
1.521734491235078490e-08 1.552092690870830802e-08
1.409898294798727907e-08 1.459528309182460036e-08
1.304902831899565915e-08 1.371703350125582604e-08
1.206396261047855461e-08 1.288406779057865588e-08
1.114043136580676987e-08 1.209435692898160477e-08
1.027521745743162391e-08 1.134594992739632783e-08
9.465249626420275365e-09 1.063696973033861069e-08
8.707587364963221754e-09 9.965612674156887791e-09
7.999425829378562974e-09 9.330145754432024596e-09
7.338081924991040135e-09 8.728903977594028829e-09
6.721000723085573270e-09 8.160292855395371399e-09
6.145750042344347287e-09 7.622777534472728914e-09
5.609994883814889782e-09 7.114890651269753906e-09
5.111517544701089050e-09 6.635218947904740592e-09
4.648212098207808427e-09 6.182414727056927501e-09
4.218065582823777736e-09 5.755183770637611098e-09
3.819161675308956084e-09 5.352285479001033059e-09
3.449684401107374996e-09 4.972535608581038621e-09
3.107897706129304612e-09 4.614798636306759301e-09
2.792155248237298524e-09 4.277988835691953447e-09
2.500898765708667238e-09 3.961069708061779756e-09
2.232641933766812561e-09 3.663050470100917592e-09
1.985972136559365339e-09 3.382981324070534621e-09
1.759557146800034629e-09 3.119959845829601853e-09
1.552122978189784972e-09 2.873122435072547763e-09
1.362469726145254580e-09 2.641645155439360600e-09
1.189461553348274943e-09 2.424743954560093752e-09
1.032006712724588659e-09 2.221666890712466629e-09
8.890936617286631848e-10 2.031702123611570910e-09
7.597459988250916360e-10 1.854169413333642793e-09
6.430501681813644273e-10 1.688420160598721947e-09
5.381389499059303748e-10 1.533838613058727542e-09
4.441877200700831572e-10 1.389836376803776630e-09
3.604173020212569789e-10 1.255855659118238232e-09
2.861018461338182475e-10 1.131362859988447421e-09
2.205271918013634531e-10 1.015853713574759189e-09
1.630567766242436919e-10 9.088470450773614347e-10
1.130574196435308241e-10 8.098859606396421999e-10
6.993865329243180242e-11 7.185332408598585462e-10
3.315224207319756627e-11 6.343776575407083426e-10
2.161423945363353936e-12 5.570248446327762477e-10
-2.352382814720923608e-11 4.861017441904477690e-10
-4.437504506524818319e-11 4.212514852004151773e-10
-6.084411692525033612e-11 3.621371622562679008e-10
-7.334658585338856074e-11 3.084384021267979652e-10
-8.228771642988036908e-11 2.598454445576859120e-10
-8.804133820519349621e-11 2.160706401680391221e-10
-9.096271123665823080e-11 1.768372657110920414e-10
-9.140110771768174044e-11 1.418767737989240425e-10
-8.967077654205656817e-11 1.109428857401410480e-10
-8.607622665531455096e-11 8.379255376496586033e-11
-8.090644596255415260e-11 6.019714245091578538e-11
-7.444080009466734439e-11 3.993911951788289408e-11
-6.693383433362701338e-11 2.280719083453649374e-11
-5.863119647322611320e-11 8.603639960200184512e-12
-4.976993622591967390e-11 -2.865424480724298937e-12
-4.056923060383850289e-11 -1.178317773214566937e-11
-3.122957080046795425e-11 -1.832360679439422514e-11
-2.195849507536063032e-11 -2.265903757459264926e-11
-1.293596656907045262e-11 -2.495186727321035721e-11
-4.344043394896748874e-12 -2.536158749593588611e-11
3.653995578500563982e-12 -2.403814211899482507e-11
1.091094293245062422e-11 -2.112783802278202569e-11
1.727191373575800185e-11 -1.677715262629593611e-11
2.261004092737089692e-11 -1.111946067584245351e-11
2.679869338212715609e-11 -4.291573021804488797e-12
2.972107835996168348e-11 3.576844224711286046e-12
3.127946688813978101e-11 1.235723842190839091e-11
3.137474495268091629e-11 2.192543117599143622e-11
2.992824200019599016e-11 3.216177981028384076e-11
2.686399385311260786e-11 4.294437373907116903e-11
2.212253571171567275e-11 5.415812554995693717e-11
1.566456286642318283e-11 6.568979771213894429e-11
7.440124677774984847e-12 7.742443737739806377e-11
-2.557401948846742107e-12 8.925392185549456265e-11
-1.435773523598343326e-11 1.010660620528501926e-10
-2.794247063416076976e-11 1.127564437545776796e-10
-4.329546418434328751e-11 1.242186095509342154e-10
-6.038382615582640436e-11 1.353471314160343742e-10
-7.914755953236382534e-11 1.460427224931309615e-10
-9.953452891638749942e-11 1.561978491484868363e-10
-1.214413517439061503e-10 1.657185669731102233e-10
-1.447681490039720364e-10 1.745030352968401661e-10
-1.693819402012323340e-10 1.824576976704644384e-10
-1.951417101123371268e-10 1.894824915480562419e-10
-2.218677909892497053e-10 1.954878487949075537e-10
-2.493634105253005791e-10 2.003783660855797805e-10
-2.774098608173415818e-10 2.040683247116276569e-10
-3.057504993594886242e-10 2.064680493632942519e-10
-3.341081981423464651e-10 2.074915371757181594e-10
-3.621702496297101467e-10 2.070567529702714777e-10
-3.895976612336726208e-10 2.050830459972922678e-10
-4.160016496286196547e-10 2.014957224736938195e-10
-4.409800286845147063e-10 1.962205901279483618e-10
-4.640704532174526544e-10 1.891868286248322782e-10
-4.847894616391862984e-10 1.803295751235967643e-10
-5.025906863149593724e-10 1.695906573953605806e-10
-5.168960326783599929e-10 1.569131386710078979e-10
-5.270838365340724405e-10 1.422446768182014145e-10
-5.324688974728205230e-10 1.255475217600109158e-10
-5.323325483519714084e-10 1.067769127745536303e-10
-5.258697328293427490e-10 8.591271263652251775e-11
-5.122524121172722242e-10 6.292797700768466107e-11
-4.905835305886369067e-10 3.780818075555710415e-11
-4.598806098523061739e-10 1.055735507335198414e-11
-4.191272731222233289e-10 -1.882088577307641509e-11
-3.672329296855189135e-10 -5.030970898027026770e-11
-3.030038458827571237e-10 -8.386972405703901390e-11
-2.252085604841147036e-10 -1.194602790799502953e-10
-1.325256285792241668e-10 -1.570211189549848544e-10
-2.355956403851423141e-11 -1.964778277622759849e-10
1.031801307609536991e-10 -2.377333154062309807e-10
2.492485388396817558e-10 -2.806796520598652192e-10
4.163063432333676036e-10 -3.251839596845941390e-10
6.060881350555855940e-10 -3.710983388219550027e-10
8.204360742271719799e-10 -4.182429878543976920e-10
1.061260278378631411e-09 -4.664188254384205788e-10
1.330593404186493741e-09 -5.154031410866650270e-10
1.630536356637638769e-09 -5.649407495192688356e-10
1.963302689189682521e-09 -6.147481156663564880e-10
2.331186123399749722e-09 -6.645103143822236448e-10
2.736579297643210501e-09 -7.138818542781670544e-10
3.181964693849500096e-09 -7.624747210348782091e-10
3.669926010923251615e-09 -8.098677120522407351e-10
4.203099256379313521e-09 -8.556002159177603522e-10
4.784216448611026805e-09 -8.991680377856588660e-10
5.416095283800672823e-09 -9.400208954955973877e-10
6.101581083865692717e-09 -9.775644727349948797e-10
6.843603236691517621e-09 -1.011152661721298364e-09
7.645104044578358046e-09 -1.040096048474203051e-09
8.509057715147141612e-09 -1.063640183518606125e-09
9.438445148183432294e-09 -1.080985485694931446e-09
1.043621792473751939e-08 -1.091273036592578973e-09
1.150530268941778578e-08 -1.093576904670847078e-09
1.264853080499980119e-08 -1.086922367184904215e-09
1.386863174171166107e-08 -1.070271687022181173e-09
1.516819210984036945e-08 -1.042519518524036576e-09
1.654960026239982625e-08 -1.002497753646391957e-09
1.801500678960638464e-08 -9.489768192177969861e-10
1.956622002941682093e-08 -8.806714679442623621e-10
2.120472910223838544e-08 -7.962252776263505501e-10
2.293154124549501224e-08 -6.942224071506887925e-10
2.474708999526120345e-08 -5.732125778161191513e-10
2.665122880197555383e-08 -4.316676101052160530e-10
2.864301831204813510e-08 -2.680284597834161146e-10
3.072066641054271516e-08 -8.069132433341119495e-11
3.288134287671730118e-08 1.319784374490451692e-10
3.512103480463609435e-08 3.716205967022019069e-10
3.743437093042636679e-08 6.398936899762872625e-10
3.981442881752691765e-08 9.384448792212319343e-10
4.225237195016034933e-08 1.268856227830316687e-09
4.474002757771469332e-08 1.634429988827249247e-09
4.721889608503893229e-08 1.982844920593522921e-09
5.023662498688577073e-08 3.437360929155911417e-09
4.924063647750154986e-08 -1.124933610099227588e-08
5.839346438943486008e-08 1.622840085402398125e-07
2.743699354993188982e-07 -1.387952410120600807e-06
-3.142849564124285159e-06 9.662173918973091826e-06
2.759583730901889884e-05 -5.321356797030738948e-05
-1.688503886001379737e-04 2.318753090006511145e-04
7.792599130043344896e-04 -7.872476269435615525e-04
-2.732160079194623052e-03 2.018717067011028404e-03
7.179394805694044868e-03 -3.645060615403889620e-03
-1.348934416316650321e-02 3.749013438437547811e-03
1.592403865578497293e-02 4.267060135644296396e-04
-6.056583222977925986e-03 -7.247672538669413037e-03
-1.240151275557189320e-02 7.236493953378153425e-03
1.546816895551685229e-02 4.379327357859339083e-03
7.655705198523034445e-03 -1.073896409762460126e-02
-1.855694362483662277e-02 -3.517939183027504052e-03
-9.282704270546577457e-03 1.222107905993467455e-02
1.820905022863344644e-02 6.961457757127948766e-03
1.732833816268008337e-02 -1.076179353905190074e-02
-1.029558959379772536e-02 -1.358571837905463153e-02
-2.560516978255954201e-02 2.423464797845938795e-03
-9.235950109448349404e-03 1.652689465987751405e-02
1.905805196920576025e-02 1.226468727420953683e-02
2.872853790659285131e-02 -5.340169219065968136e-03
1.071938619920285302e-02 -1.863018771471338514e-02
-1.803436126145640389e-02 -1.580518536544166588e-02
-3.339815041881621926e-02 1.773339867837150745e-04
-2.399437908238832504e-02 1.660842766094574458e-02
2.868212611866167300e-03 2.194786357158699450e-02
2.922703181287922627e-02 1.326336311830205589e-02
3.924703785957901064e-02 -3.562032868821598999e-03
2.781308054164146129e-02 -1.880517884283608443e-02
1.419695994080595949e-03 -2.473905026657148218e-02
-2.690222352451596480e-02 -1.904743811059643119e-02
-4.453206571563264604e-02 -4.883581878877414975e-03
-4.448566802896444794e-02 1.146832099097886207e-02
-2.724249117399496836e-02 2.364504132282441162e-02
6.006522199804784079e-04 2.756153625215607486e-02
2.950983837187388936e-02 2.240425383144732663e-02
5.047298098116973636e-02 1.030600916507096176e-02
5.757984709287514852e-02 -4.820043811368804158e-03
4.919505821817240360e-02 -1.869766633973511671e-02
2.776306146034571848e-02 -2.788166929795668145e-02
-1.358580833869884458e-03 -3.046944936302191376e-02
-3.151402257274292518e-02 -2.628104698301958475e-02
-5.633706045511355925e-02 -1.660743700259044442e-02
-7.098204093891753719e-02 -3.697943494111578452e-03
-7.283776231008332047e-02 9.836528900443949203e-03
-6.171176576429637101e-02 2.156359454904136982e-02
-3.957393095619403389e-02 2.962544640649546202e-02
-1.000025853529628445e-02 3.295644749733481205e-02
2.253177048977606997e-02 3.132960383518836045e-02
5.336276047956516749e-02 2.526590227084835744e-02
7.828545131266302637e-02 1.585262971771650084e-02
9.403027997587955211e-02 4.517566127593720948e-03
9.857403818740403945e-02 -7.200676984572186405e-03
9.127084014657271815e-02 -1.785623043856192013e-02
7.282391811285668370e-02 -2.625468536071299749e-02
4.512811863269026308e-02 -3.155831323944075645e-02
1.101775437614928473e-02 -3.333721897736461465e-02
-2.604555459239308104e-02 -3.157155428430163946e-02
-6.231348495623426770e-02 -2.661337157303952233e-02
-9.409310440769151629e-02 -1.911829423603931405e-02
-1.180684998173183037e-01 -9.957402464164018599e-03
-1.315845921951926401e-01 -1.190620921011856931e-04
-1.328795735121962585e-01 9.390734264564441075e-03
-1.212552094389413027e-01 1.764227888916351100e-02
-9.717617725431626496e-02 2.386438353330654419e-02
-6.229092576403300052e-02 2.751017543274694721e-02
-1.936767666182104622e-02 2.830270377335367127e-02
2.785933126326109802e-02 2.625750623296062292e-02
7.493581177541561167e-02 2.168017712826179888e-02
1.170240294462287917e-01 1.513799758403690937e-02
1.493221990347844141e-01 7.405982975211668554e-03
1.675499609450781247e-01 -6.105908998047231834e-04
1.684714971071475942e-01 -7.972916661296377064e-03
1.504136724169108097e-01 -1.381767458055203207e-02
1.137210366805375406e-01 -1.746833506044007805e-02
6.107472191626730357e-02 -1.853569924151905746e-02
-2.408405230648931125e-03 -1.699219208106641371e-02
-6.938181007710121639e-02 -1.320343001073439118e-02
-1.308531949064393463e-01 -7.902100862580412055e-03
-1.771850512797056576e-01 -2.094333635698442109e-03
-1.994906519007980106e-01 3.101621004120085068e-03
-1.913161581944636813e-01 6.670250090527341663e-03
-1.503880159763435476e-01 7.935133752327589579e-03
-8.008502999958787283e-02 6.766351542888170492e-03
9.804685001451918930e-03 3.695019958523481848e-03
1.035165720270606049e-01 -1.298681583295551931e-04
1.813229913139527416e-01 -3.186937861111580408e-03
2.232616007670661928e-01 -4.027123618002670380e-03
2.142566592589640884e-01 -1.839467523715002800e-03
1.496849514831111172e-01 3.028975635381357494e-03
3.977126843081855989e-02 8.838051958235056821e-03
-8.925557321614213668e-02 1.274990421703488079e-02
-1.991944346115863684e-01 1.178819309478726027e-02
-2.499692809563165419e-01 4.331380278769333264e-03
-2.144669758052956121e-01 -8.370058766153463253e-03
-9.375907289817692059e-02 -2.151767429123099123e-02
7.442842379717660994e-02 -2.786411430434784439e-02
2.217744796310733013e-01 -2.100055600354881410e-02
2.740924957840263909e-01 0.000000000000000000e+00
1.900555378056206779e-01 2.710369401527236433e-02
-3.869607195795991567e-03 4.443282344685128837e-02
