-1.983606153583941146e-04 -8.228857757330824041e-05
-1.952973596498340948e-04 -8.113659641985952146e-05
-1.885127338365033913e-04 -7.825067128364923675e-05
-1.783022911095421539e-04 -7.376569512617200562e-05
-1.650591709679274845e-04 -6.786479949739497705e-05
-1.493612174872055269e-04 -6.081621886134502391e-05
-1.317269118547820630e-04 -5.286529426730236179e-05
-1.126395855241510457e-04 -4.424343766275386718e-05
-9.254877395224313675e-05 -3.516758366519465043e-05
-7.186795623340229693e-05 -2.583832611441119054e-05
-5.097219683389994063e-05 -1.643821601063245733e-05
-3.019656564724625987e-05 -7.130573614840830302e-06
-9.835515281940234475e-06 1.941129885464267042e-06
9.856833041898536058e-06 1.065336310780054909e-05
2.866562217090261121e-05 1.890217297365042406e-05
4.641355978836272917e-05 2.660245519233022334e-05
6.295873546200067008e-05 3.368693918933258314e-05
7.819209040813445593e-05 4.010496335623129526e-05
9.203466028979300937e-05 4.582110780844402345e-05
1.044346938783885948e-04 5.081374244234938310e-05
1.153647331333443180e-04 5.507353875740642372e-05
1.248187240358275595e-04 5.860198508812243263e-05
1.328092127854714076e-04 6.140993681433749732e-05
1.393646689239128999e-04 6.351622590433917326e-05
1.445269656304730887e-04 6.494634783395278712e-05
1.483490377958181640e-04 6.573123850531389890e-05
1.508927304156437309e-04 6.590614921809227105e-05
1.522268432238873506e-04 6.550962396041426017e-05
1.524253721540279230e-04 6.458258021231264284e-05
1.515659440229804634e-04 6.316749201209569760e-05
1.497284376235086256e-04 6.130767214618902260e-05
1.469937820444347650e-04 5.904664890898586816e-05
1.434429213799128227e-04 5.642763186900214917e-05
1.391559339194025518e-04 5.349306040492136460e-05
1.342112933206574964e-04 5.028422838028912163e-05
1.286852590647816902e-04 4.684097815567968948e-05
1.226513835929517974e-04 4.320145714579782831e-05
1.161801238584170959e-04 3.940193027616454354e-05
1.093385455353840133e-04 3.547664194562154190e-05
1.021901087587558489e-04 3.145772142833488439e-05
9.479452498414171725e-05 2.737512602819633020e-05
8.720767532259127164e-05 2.325661671016888320e-05
7.948158149291675899e-05 1.912776136131443978e-05
7.166442132417008863e-05 1.501196126644491793e-05
6.380058151632087449e-05 1.093049680990833565e-05
5.593074111599734895e-05 6.902588828373790042e-06
4.809197987718251806e-05 2.945472434586705589e-06
4.031790634827993634e-05 -9.255194954809661256e-07
3.263880115296164064e-05 -4.696865631565016958e-06
2.508177151071928971e-05 -8.356760431839217702e-06
1.767091357337622883e-05 -1.189501516206517006e-05
1.042747963654401023e-05 -1.530295726508724285e-05
3.370047721725386863e-06 -1.857332941177706440e-05
-3.485308583226437120e-06 -2.170018934675927217e-05
-1.012485178739356534e-05 -2.467881144790708383e-05
-1.653701511484320584e-05 -2.750559074636390380e-05
-2.271224125427656466e-05 -3.017795000244184823e-05
-2.864282617627889713e-05 -3.269425030015368674e-05
-3.432276874417224962e-05 -3.505370550779534370e-05
-3.974762666268436104e-05 -3.725630085281007555e-05
-4.491437915202941108e-05 -3.930271577399535620e-05
-4.982129660094385446e-05 -4.119425114169379806e-05
-5.446781733872853694e-05 -4.293276087598197932e-05
-5.885443157108711100e-05 -4.452058794189001187e-05
-6.298257244470462242e-05 -4.596050465914508054e-05
-6.685451414050322318e-05 -4.725565723004993831e-05
-7.047327684232856286e-05 -4.840951436207402794e-05
-7.384253838554196098e-05 -4.942581984081475876e-05
-7.696655235713020337e-05 -5.030854889300253577e-05
-7.985007239390399831e-05 -5.106186816798280730e-05
-8.249828240770825706e-05 -5.169009915840701850e-05
-8.491673245409795496e-05 -5.219768487632968194e-05
-8.711127995390618062e-05 -5.258915959931760185e-05
-8.908803597410730392e-05 -5.286912150130894427e-05
-9.085331627500311407e-05 -5.304220798561967807e-05
-9.241359683373985751e-05 -5.311307354088398551e-05
-9.377547356011989928e-05 -5.308636994577239346e-05
-9.494562592775318425e-05 -5.296672865436075360e-05
-9.593078425274945034e-05 -5.275874519996388916e-05
-9.673770036211870138e-05 -5.246696546301955787e-05
-9.737312140445619464e-05 -5.209587365524752698e-05
-9.784376656701630314e-05 -5.164988188062688004e-05
-9.815630647547128975e-05 -5.113332114049746129e-05
-9.831734506306595784e-05 -5.055043365832235494e-05
-9.833340370934437827e-05 -4.990536640757829370e-05
-9.821090745881307278e-05 -4.920216573204884018e-05
-9.795617314231184374e-05 -4.844477295726376602e-05
-9.757539923509389102e-05 -4.763702089703620863e-05
-9.707465729588274697e-05 -4.678263116646058152e-05
-9.645988484208591984e-05 -4.588521221914626676e-05
-9.573687952600150124e-05 -4.494825803257686313e-05
-9.491129448700478199e-05 -4.397514737099645363e-05
-9.398863476300737001e-05 -4.296914356156207403e-05
-9.297425465427381806e-05 -4.193339472370884407e-05
-9.187335593920670381e-05 -4.087093439687263381e-05
-9.069098685100901946e-05 -3.978468251768690943e-05
-8.943204172979163987e-05 -3.867744669834431194e-05
-8.810126127352701294e-05 -3.755192376763148753e-05
-8.670323331413961449e-05 -3.641070153403684769e-05
-8.524239405437179621e-05 -3.525626073710043786e-05
-8.372302970531155907e-05 -3.409097715746671118e-05
-8.214927846704883358e-05 -3.291712385396275409e-05
-8.052513280325002435e-05 -3.173687350542950340e-05
-7.885444196175879006e-05 -3.055230083317721842e-05
-7.714091469827355529e-05 -2.936538508412204113e-05
-7.538812216346683285e-05 -2.817801255646053737e-05
-7.359950091517186114e-05 -2.699197915152456279e-05
-7.177835602469032268e-05 -2.580899293992728217e-05
-6.992786423905240304e-05 -2.463067672777602310e-05
-6.805107717534386363e-05 -2.345857061530770842e-05
-6.615092451022412223e-05 -2.229413453959315066e-05
-6.423021714659119484e-05 -2.113875079573451253e-05
-6.229165031656201147e-05 -1.999372653466699229e-05
-6.033780659678769490e-05 -1.886029623654579413e-05
-5.837115881424493160e-05 -1.773962416384297316e-05
-5.639407279784457112e-05 -1.663280679681440429e-05
-5.440880994823743772e-05 -1.554087527322856689e-05
-5.241752958501583789e-05 -1.446479784758534922e-05
-5.042229104191459403e-05 -1.340548238772530454e-05
-4.842505543196947126e-05 -1.236377897249534366e-05
-4.642768706372739839e-05 -1.134048263617216559e-05
-4.443195441924678211e-05 -1.033633636279877326e-05
-4.243953064517269147e-05 -9.352034426985652153e-06
-4.045199348424430340e-05 -8.388226305432950331e-06
-3.847082460094960489e-05 -7.445521371390531137e-06
-3.649740826702356803e-05 -6.524494770376826580e-06
-3.453302953237723835e-05 -5.625694972425845981e-06
-3.257887211325944266e-05 -4.749653710164951654e-06
-3.063601662086383383e-05 -3.896899268153394496e-06
-2.870544049380964818e-05 -3.067973941981722109e-06
-2.678802189761014083e-05 -2.263456733302672481e-06
-2.488455141332079719e-05 -1.483990676035730979e-06
-2.299575608133094885e-05 -7.303119694584844572e-07
-2.112233942426231938e-05 -3.273546647713707838e-09
-1.926503535829058813e-05 6.961478383295208990e-07
-1.742466440496435575e-05 1.366870135882380661e-06
-1.560217618244361115e-05 2.007748013174084177e-06
-1.379866681619724732e-05 2.617625726297891828e-06
-1.201537325020821969e-05 3.195384588856009309e-06
-1.025365379137080684e-05 3.739976819959508822e-06
-8.514964738189181835e-06 4.250445010643093253e-06
-6.800838966144316909e-06 4.725931026322635309e-06
-5.112868591218091383e-06 5.165678098104646163e-06
-3.452692011098178237e-06 5.569029542014087189e-06
-1.821984577965144009e-06 5.935425810238087607e-06
-2.224524278131213474e-07 6.264401199412597703e-06
1.344171710004790032e-06 6.555580615707142124e-06
2.876131136983494777e-06 6.808676816971356522e-06
4.371646643684365880e-06 7.023488343341541822e-06
5.828917096516089101e-06 7.199897908301061680e-06
7.246119651338776957e-06 7.337871384225146479e-06
8.621409543291392617e-06 7.437457412322509949e-06
9.952919570262930545e-06 7.498787515588996028e-06
1.123875968754886365e-05 7.522076604565662781e-06
1.247701641568067321e-05 7.507623959807245379e-06
1.366575242312636841e-05 7.455814645210779403e-06
1.480300617872567657e-05 7.367121199225592486e-06
1.588679183712763264e-05 7.242105752651992797e-06
1.691509938738363101e-05 7.081422389421580456e-06
1.788589495998654029e-05 6.885819689056113342e-06
1.879712173112595564e-05 6.656143546952978865e-06
1.964670106436465353e-05 6.393340176670414187e-06
2.043253419572205418e-05 6.098459253329657209e-06
2.115250435367161617e-05 5.772656980277873420e-06
2.180447965532480048e-05 5.417199267339887617e-06
2.238631649157020402e-05 5.033464876067954305e-06
2.289586372360428627e-05 4.622948317167875224e-06
2.333096769444126671e-05 4.187262472243613394e-06
2.368947801419394854e-05 3.728140725697553827e-06
2.396925454216382957e-05 3.247438851623948644e-06
2.416817519473479401e-05 2.747135861497850274e-06
2.428414491216215133e-05 2.229334134864062048e-06
2.431510598884318366e-05 1.696258430698726735e-06
2.425904947945278122e-05 1.150253278819232849e-06
2.411402822598427014e-05 5.937790272741676026e-07
2.387817097353244828e-05 2.940540642085372760e-08
2.354969846746388741e-05 -5.401970957896773589e-07
2.312694068832939822e-05 -1.112268723741492926e-06
2.260835586614458770e-05 -1.683975629351980619e-06
2.199255094032112083e-05 -2.252429294740308477e-06
2.127830392085819163e-05 -2.814710258860897678e-06
2.046458729290811818e-05 -3.367897859915623073e-06
1.955059313511099418e-05 -3.909106191569011842e-06
1.853575956718823446e-05 -4.435527972951803686e-06
1.741979779849255254e-05 -4.944486751653029957e-06
1.620272059116317385e-05 -5.433498984021968928e-06
1.488487052553065524e-05 -5.900347698621751920e-06
1.346694826357034882e-05 -6.343169521862504399e-06
1.195004072300644630e-05 -6.760555960327348196e-06
1.033564748713291872e-05 -7.151672228679450990e-06
8.625705624585301804e-06 -7.516394544568123898e-06
6.822612265878242335e-06 -7.855469621999689698e-06
4.929242388918577783e-06 -8.170698850242989433e-06
2.948964844822003554e-06 -8.465149748224850084e-06
8.856518808594258697e-07 -8.743399081211388464e-06
-1.256315304267952707e-06 -9.011812195267438936e-06
-3.472045344134659303e-06 -9.278862263066916678e-06
-5.756139392935979450e-06 -9.555496410257501968e-06
-8.102694128908600625e-06 -9.855555242874845467e-06
-1.050530086362807015e-05 -1.019625438418478004e-05
-1.295703731772929997e-05 -1.059874137048973051e-05
-1.545043478203359045e-05 -1.108873790847995693e-05
-1.797741279978419367e-05 -1.169729304521210285e-05
-2.052915234457274401e-05 -1.246166770059018268e-05
-2.309587901429768520e-05 -1.342638762327400203e-05
-2.566650715794610303e-05 -1.464451485891646894e-05
-2.822808259137472996e-05 -1.617920512850765056e-05
-3.076493295492179874e-05 -1.810564403488139134e-05
-3.325740231387360488e-05 -2.051349676180966755e-05
-3.567998644319871966e-05 -2.351006062256488045e-05
-3.799863594523033211e-05 -2.722438444481149449e-05
-4.016686753915646733e-05 -3.181274873936679854e-05
-4.212020411565146080e-05 -3.746605487399542675e-05
-4.376821640359407838e-05 -4.441994540781698338e-05
-4.498315850893899926e-05 -5.296885484360413875e-05
-4.558364640297335739e-05 -6.348582798541879994e-05
-4.531113528384508724e-05 -7.645089964042896767e-05
-4.379577038365517391e-05 -9.249243063194467600e-05
-4.050637673557952874e-05 -1.124484682218093788e-04
-3.467661493127357662e-05 -1.374597653243859639e-04
-2.519502301861675564e-05 -1.691141107814240401e-04
-1.044018041446823124e-05 -2.096760468834259368e-04
1.196699951024318408e-05 -2.624624952497688025e-04
4.553412533561492143e-05 -3.324744982025071099e-04
9.544318659269686084e-05 -4.274900061172705237e-04
1.693203451840822303e-04 -5.600057276882559280e-04
2.782146363265042819e-04 -7.507713694378644271e-04
4.375060442678267584e-04 -1.035343680678677686e-03
6.666080023875023712e-04 -1.476360637048606487e-03
9.838411760619862265e-04 -2.186415415331322866e-03
1.386132020342865836e-03 -3.369386225318677600e-03
1.786385006608576242e-03 -5.389177993597284513e-03
1.843985408869684879e-03 -8.861527656508548165e-03
5.578707161770081295e-04 -1.469482284634205521e-02
-4.559257995589372815e-03 -2.377391848797509241e-02
-1.867054742405835008e-02 -3.543230727026893540e-02
-4.974834900229901241e-02 -4.319579756970962081e-02
-1.026247368592926590e-01 -2.763254207467683715e-02
-1.591182172201788259e-01 4.462289944901450672e-02
-1.521313375677968149e-01 1.891277401096095323e-01
6.264835609992010744e-03 3.292011774459862594e-01
2.827450519825921993e-01 2.877538286126973821e-01
4.384493228477094884e-01 0.000000000000000000e+00
2.923398879834079866e-01 -3.003988505822192678e-01
3.156743892145947444e-04 -3.541194925382882275e-01
-1.760090019630734526e-01 -2.028130062110035103e-01
-1.825229033278551183e-01 -3.962419350713466959e-02
-1.146785773520520441e-01 4.130326317927558027e-02
-5.201485174688082191e-02 5.572436455836201480e-02
-1.639124355040889880e-02 4.353800045485062276e-02
-1.326041781954743386e-03 2.809020691869587583e-02
3.294863327241607381e-03 1.671426831638719163e-02
3.803541465113631330e-03 9.717138296444530546e-03
3.096518348993205789e-03 5.720335205190203373e-03
2.241946497610732870e-03 3.485950624990923410e-03
1.543007069036631115e-03 2.224316222765938128e-03
1.036365775492847918e-03 1.490377930737037549e-03
6.861417512247899777e-04 1.045354517565654255e-03
4.483040192709334911e-04 7.626624618623410127e-04
2.874721711472303276e-04 5.745323081352548275e-04
1.785505815728081710e-04 4.438151481209015223e-04
1.045759457068595646e-04 3.494777599796875271e-04
5.427732530957417545e-05 2.791556172524374286e-04
2.018159489776271299e-05 2.252828776984155089e-04
-2.696340830319699889e-06 1.830388264105167382e-04
-1.771836636162431484e-05 1.492294935781338398e-04
-2.718427805934736657e-05 1.216608167937291397e-04
-3.269423785634828765e-05 9.877667011480922789e-05
-3.538342399438424921e-05 7.944354175441005516e-05
-3.607461341845915573e-05 6.281856796970327239e-05
-3.537787605063718124e-05 4.826611216810770989e-05
-3.375595573261409377e-05 3.530336071545527146e-05
-3.156728528492737287e-05 2.356356813948686665e-05
-2.909435775348399888e-05 1.277023888472830959e-05
-2.656250334153380477e-05 2.718286745740103053e-06
-2.415239633831572840e-05 -6.740307703877470403e-06
-2.200851696486160825e-05 -1.570779702573219422e-05
-2.024501221615085104e-05 -2.424983739335021923e-05
-1.894992138785477081e-05 -3.240311427584762253e-05
-1.818839989840181342e-05 -4.018175610370470526e-05
-1.800532820772198436e-05 -4.758275632827150913e-05
-1.842755571478730913e-05 -5.459058851440287094e-05
-1.946592512509080937e-05 -6.118108524594728691e-05
-2.111715404194331228e-05 -6.732469103100285402e-05
-2.336561723841200066e-05 -7.298915918289737494e-05
-2.618504257364889857e-05 -7.814174991539439975e-05
-2.954012239441667584e-05 -8.275099295300794892e-05
-3.338803626343122898e-05 -8.678807404670265801e-05
-3.767988050055560772e-05 -9.022789433730449206e-05
-4.236199701258390476e-05 -9.304984984313498849e-05
-4.737719720911509705e-05 -9.523837581244630609e-05
-5.266588361629895678e-05 -9.678329745250122682e-05
-5.816706898434586485e-05 -9.768002110049060381e-05
-6.381929607094891934e-05 -9.792959465458130378e-05
-6.956146462291733614e-05 -9.753866518008118258e-05
-7.533357672642584447e-05 -9.651935445781619567e-05
-8.107740351390127118e-05 -9.488907185689644255e-05
-8.673708988390821145e-05 -9.267027613166529541e-05
-9.225969964502583258e-05 -8.989019862740396162e-05
-9.759571792913813906e-05 -8.658052976527430653e-05
-1.026995166065591673e-04 -8.277707750679126533e-05
-1.075297953997512106e-04 -7.851939188947307344e-05
-1.120500025445047676e-04 -7.385035214799848453e-05
-1.162287436706394185e-04 -6.881570627313713989e-05
-1.200401798113036463e-04 -6.346355134026269551e-05
-1.234644126016617896e-04 -5.784372935976889852e-05
-1.264878433690271454e-04 -5.200712349021255441e-05
-1.291034815981928171e-04 -4.600481683959768611e-05
-1.313111612274110913e-04 -3.988709473366650813e-05
-1.331175945988144461e-04 -3.370226945852857311e-05
-1.345361677760047463e-04 -2.749533346450289134e-05
-1.355863583816681859e-04 -2.130649956978295032e-05
-1.362926592032341155e-04 -1.516976280648735478e-05
-1.366829494464007080e-04 -9.111707074796013164e-06
-1.367863883209794449e-04 -3.150846086512432980e-06
-1.366310898034522588e-04 2.702261835410484545e-06
-1.362419764928811015e-04 8.444054357212140772e-06
-1.356391929232445795e-04 1.407635173675956310e-05
-1.348372761487103542e-04 1.960444921511609454e-05
-1.338450375865645880e-04 2.503529124683047562e-05
-1.326659552529083140e-04 3.037596205265441531e-05
-1.312988353277076280e-04 3.563257710171735965e-05
-1.297385593293949038e-04 4.080953762465294851e-05
-1.279768019387983490e-04 4.590906727126113618e-05
-1.260026703059081684e-04 5.093094404121106420e-05
-1.238032526305136701e-04 5.587235692660613294e-05
-1.213640831388250062e-04 6.072783859818561998e-05
-1.186695398054313369e-04 6.548923996988851995e-05
-1.157031929023427810e-04 7.014572792439994272e-05
-1.124481193844611841e-04 7.468379581953322750e-05
-1.088871982941301152e-04 7.908728187579943184e-05
-1.050033978386363267e-04 8.333739454173930453e-05
-1.007800643490933763e-04 8.741274656331458252e-05
-9.620122011596269783e-05 9.128940077655884429e-05
-9.125187679940501028e-05 9.494093214039888080e-05
-8.591836912613151601e-05 9.833851088870509917e-05
-8.018871312100901987e-05 1.014510124057471397e-04
-7.405299180118078987e-05 1.042451599722360624e-04
-6.750377055727600707e-05 1.066857071061533740e-04
-6.053654384537395850e-05 1.087356662933472185e-04
-5.315021336946029496e-05 1.103565912066745841e-04
-4.534759755658378884e-05 1.115089199374923569e-04
-3.713597037421376504e-05 1.121523866658062592e-04
-2.852762685020133045e-05 1.122465091784706498e-04
-1.954047074247431082e-05 1.117511593531718064e-04
-1.019861836230117228e-05 1.106272232632860562e-04
-5.330105000506798807e-07 1.088373567168750885e-04
9.417977658745543503e-06 1.063468408341577135e-04
1.960794136677506251e-05 1.031245406827611472e-04
2.998188116452702210e-05 9.914396781417824127e-05
4.047568614994044193e-05 9.438444474804333481e-05
5.101568733723705175e-05 8.883236608259764580e-05
6.151830606077286561e-05 8.248254655143998461e-05
7.188982626251296112e-05 7.533964138123924823e-05
8.202632298052266093e-05 6.741961822000970312e-05
9.181378313032180440e-05 5.875125300620064625e-05
1.011284581675456489e-04 4.937761420231009046e-05
1.098374913183741404e-04 3.935749094341394963e-05
1.177998645371220148e-04 2.876671099219604521e-05
1.248677120995583248e-04 1.769928395778147708e-05
1.308880479558670448e-04 6.268294475938963288e-06
1.357049528408280764e-04 -5.393540777325113388e-06
1.391622636251467710e-04 -1.713374871080185628e-05
1.411068014848146064e-04 -2.878051369219420866e-05
1.413921660305803745e-04 -4.014374240522501543e-05
1.398831095238019359e-04 -5.101689634624667071e-05
1.364604876077199394e-04 -6.117970819914570781e-05
1.310267602275271589e-04 -7.040189188389528886e-05
1.235119878835652381e-04 -7.844794201947754946e-05
1.138802337189123476e-04 -8.508309500137968616e-05
1.021362407417584909e-04 -9.008048880104150419e-05
8.833220587228914013e-05 -9.322951024343299298e-05
7.257441866979810318e-05 -9.434525501917700519e-05
5.502947361889184476e-05 -9.327894583383411606e-05
3.592970211006856510e-05 -8.992905736811659034e-05
1.557740621824699442e-05 -8.425278353902895291e-05
-5.652585613760650941e-06 -7.627735512027667894e-05
-2.731257628127415393e-05 -6.611057805972468280e-05
-4.888444935553121364e-05 -5.394982161975709446e-05
-6.978551152983104963e-05 -4.008855050621954841e-05
-8.937832441737551532e-05 -2.491937987214830409e-05
-1.069850781084337492e-04 -8.932553858780602638e-06
-1.219069651737829320e-04 7.291271514179773188e-06
-1.334488582943924408e-04 2.309499682474497339e-05
-1.409493653788225162e-04 3.776668056634082196e-05
-1.438160222304319931e-04 5.056934161055668574e-05
-1.415649763885982028e-04 6.077905322718729462e-05
-1.338640133947468505e-04 6.773075731554099724e-05
-1.205771823996271483e-04 7.087037507098040883e-05
-1.018086064385182973e-04 6.981075999833355049e-05
-7.794234304679961906e-05 6.438787179756170467e-05
-4.967444205315750571e-05 5.471232330177055537e-05
-1.803270439122071190e-05 4.121029234024197331e-05
1.562080806687100466e-05 2.464687820093792889e-05
4.960954294965404644e-05 6.124573674088452040e-06
8.198886983694192410e-05 -1.294999492118638557e-05
1.106208015419745115e-04 -3.093567222936662812e-05
1.332651324621853233e-04 -4.605863676848717371e-05
1.479008387366090999e-04 -5.664052737745399669e-05
1.528465640230633818e-04 -6.128080180266784894e-05
