1.388383804859259427e-02 2.743627808657937706e-02
1.369274669349612727e-02 2.708284690318044433e-02
1.328445074623275067e-02 2.625234195142418792e-02
1.266970286314983082e-02 2.496780092843273527e-02
1.186547586822865596e-02 2.326649587676363207e-02
1.090166835262832562e-02 2.121370486143839967e-02
9.805305764282217645e-03 1.886978178299347081e-02
8.602336199798443772e-03 1.629349190439768197e-02
7.317805511788660205e-03 1.354209682692124328e-02
5.975711174192059952e-03 1.067081922977401731e-02
4.598787936720783419e-03 7.732198984701819239e-03
3.208300049457463599e-03 4.775492509059379824e-03
1.823866181354763614e-03 1.846168552929798330e-03
4.633258963576190425e-04 -1.014481921230468448e-03
-8.573507117963744418e-04 -3.769619478772084139e-03
-2.124112039993992108e-03 -6.387018803930034905e-03
-3.324836162391753107e-03 -8.839129302013398054e-03
-4.449308523822331773e-03 -1.110304492027739884e-02
-5.489170825074976036e-03 -1.316039533790415265e-02
-6.437845836910317289e-03 -1.499717091325120273e-02
-7.290442745552803798e-03 -1.660349353971752109e-02
-8.043647377913597241e-03 -1.797334499829820326e-02
-8.695601323311652475e-03 -1.910426360867860385e-02
-9.245773590619284915e-03 -1.999701904850995082e-02
-9.694828037967426898e-03 -2.065527419166556661e-02
-1.004448940324516315e-02 -2.108524175727193029e-02
-1.029741036027120339e-02 -2.129534249871888746e-02
-1.045704163712038622e-02 -2.129587062400683378e-02
-1.052750686652856489e-02 -2.109867114730341192e-02
-1.051348349831766719e-02 -2.071683294223119337e-02
-1.042009079343901232e-02 -2.016440041117362192e-02
-1.025278564016904315e-02 -1.945610590861446276e-02
-1.001726668574498894e-02 -1.860712436367859338e-02
-9.719387060953245394e-03 -1.763285093840029696e-02
-9.365075789819373581e-03 -1.654870203224440353e-02
-8.960267820073870848e-03 -1.536993949694371968e-02
-8.510842480513378452e-03 -1.411151755425510065e-02
-8.022570066640668379e-03 -1.278795160745810344e-02
-7.501066173686209322e-03 -1.141320789935672264e-02
-6.951753333979689142e-03 -1.000061278892007063e-02
-6.379829471271793347e-03 -8.562780289123604269e-03
-5.790242655747545805e-03 -7.111556423746705040e-03
-5.187671627929190017e-03 -5.657978914721893855e-03
-4.576511555412385475e-03 -4.212250698330509587e-03
-3.960864491502419198e-03 -2.783725782672477958e-03
-3.344534017611077228e-03 -1.380905995445312531e-03
-2.731023570171064833e-03 -1.144722560060800615e-05
-2.123537976436264303e-03 1.317826169143875362e-03
-1.524987750643735105e-03 2.600900038263151068e-03
-9.379957315505055640e-04 3.832543361342616306e-03
-3.649056734176098736e-04 5.008276491148161078e-03
1.922075656828840101e-04 6.124335697626096496e-03
7.315265624688771680e-04 7.177634900957154812e-03
1.251478886708270056e-03 8.165725390502316661e-03
1.750723941289181185e-03 9.086754237838478784e-03
2.228139316819919766e-03 9.939422027037981069e-03
2.682806865498623544e-03 1.072294044470286506e-02
3.113998672647416699e-03 1.143699019655551943e-02
3.521163079682208645e-03 1.208167964690676048e-02
3.903910889508617824e-03 1.265750451238747618e-02
4.262001864385908841e-03 1.316530888191463564e-02
4.595331607179552538e-03 1.360624778097412578e-02
4.903918899630528225e-03 1.398175144986415694e-02
5.187893555689730186e-03 1.429349146229046824e-02
5.447484834066981113e-03 1.454334877247327740e-02
5.683010441832102647e-03 1.473338374541648468e-02
5.894866150053911479e-03 1.486580819589424993e-02
6.083516032990081771e-03 1.494295943672796327e-02
6.249483334170820477e-03 1.496727631575928488e-02
6.393341955638001325e-03 1.494127720318223600e-02
6.515708560660985783e-03 1.486753987636746724e-02
6.617235275165985441e-03 1.474868323757975129e-02
6.698602968951633020e-03 1.458735079088410887e-02
6.760515094277465102e-03 1.438619579765677836e-02
6.803692056647141911e-03 1.414786802536907757e-02
6.828866090294505656e-03 1.387500200130518599e-02
6.836776609146047977e-03 1.357020668154909626e-02
6.828166002598314889e-03 1.323605644566244743e-02
6.803775844352683011e-03 1.287508332895039020e-02
6.764343481691569362e-03 1.248977040680866388e-02
6.710598971860720283e-03 1.208254624956148215e-02
6.643262331606071200e-03 1.165578037113305584e-02
6.563041065276518926e-03 1.121177960125592683e-02
6.470627936491628665e-03 1.075278531874478138e-02
6.366698947546595502e-03 1.028097149281530232e-02
6.251911490334690139e-03 9.798443491535760441e-03
6.126902632259790572e-03 9.307237631668513825e-03
5.992287500783705090e-03 8.809321464012481381e-03
5.848657731989720734e-03 8.306594814950057568e-03
5.696579953128460064e-03 7.800891641561936291e-03
5.536594280228124276e-03 7.293982809645917220e-03
5.369212836104968189e-03 6.787579979411411529e-03
5.194918345564822175e-03 6.283340895665180149e-03
5.014162973902515884e-03 5.782876546229631133e-03
4.827367806024191778e-03 5.287760900455274436e-03
4.634923863649139178e-03 4.799544285523356033e-03
4.437196642354611364e-03 4.319771843982446458e-03
4.234538475231313867e-03 3.850008532112199171e-03
4.027317585150155636e-03 3.391870032343136370e-03
3.815978774791904064e-03 2.947049261942010813e-03
3.601144882993442820e-03 2.517302023777064426e-03
3.383711730841585351e-03 2.104336230696361373e-03
3.164822867955064453e-03 1.709640414876828322e-03
2.945731211466287667e-03 1.334400364859373309e-03
2.727682072832049356e-03 9.795283033791121058e-04
2.511862152663778443e-03 6.457225640433575343e-04
2.299387212580789302e-03 3.335146523632373560e-04
2.091303935399257269e-03 4.329927927812396264e-05
1.888595166348462206e-03 -2.246475850262044747e-04
1.692184797021210755e-03 -4.701580344767821405e-04
1.502941222788135855e-03 -6.931660004272332783e-04
1.321679189264190991e-03 -8.937037477745716791e-04
1.149160094239925090e-03 -1.071900070562778039e-03
9.860908557230564468e-04 -1.227979556060333982e-03
8.331214393457506790e-04 -1.362262499599322134e-03
6.908411106165313238e-04 -1.475165166881158268e-03
5.597734557934975173e-04 -1.567200159104729321e-03
4.403702023331362890e-04 -1.638976659550210775e-03
3.330038703909568012e-04 -1.691200347125114802e-03
2.379593011203525463e-04 -1.724672751921051041e-03
1.554241347015798951e-04 -1.740289817257957387e-03
8.547835570759494076e-05 -1.739039414840700803e-03
2.808308738926274580e-05 -1.721997546329433800e-03
-1.693109920406204311e-05 -1.690322961201841173e-03
-4.987598753554401375e-05 -1.645249928372060971e-03
-7.121712177854790451e-05 -1.588078932127114790e-03
-8.158415185790114221e-05 -1.520165129775351894e-03
-8.177927054647978183e-05 -1.442904517762325263e-03
-7.278270164732733843e-05 -1.357717927508272481e-03
-5.575400335819141913e-05 -1.266033211583361901e-03
-3.202776747104982974e-05 -1.169266303359634907e-03
-3.102182302085264125e-06 -1.068802240168438295e-03
2.938113329919046085e-05 -9.659776955196926456e-04
6.366751664637384763e-05 -8.620670441734066842e-04
9.793115833296300041e-05 -7.582743917826632483e-04
1.303294743348931597e-04 -6.557341982032650462e-04
1.590706515747515441e-04 -5.555230346342126396e-04
1.824951161445237066e-04 -4.586847086859081359e-04
1.991723478444554793e-04 -3.662712716180355080e-04
2.080147062442575109e-04 -2.794060278901587709e-04
2.084013093639370683e-04 -1.993876795322965421e-04
2.002507931973325928e-04 -1.278778606808516304e-04
1.837760092716152378e-04 -6.715877867325885733e-05
1.583002843590973572e-04 -1.976101161835843193e-05
1.211330687857201419e-04 1.566837473757330825e-05
7.849891255598895139e-05 5.128686123783893539e-05
5.997608394042008146e-05 7.530342045232693332e-05
1.909700934700657085e-05 7.253804711276246487e-05
-1.562481347773495309e-05 5.296792640928368005e-05
1.996568465171339108e-05 -1.944203597547719306e-05
5.133902395338054044e-04 -2.872133742005930136e-04
3.309586186120886276e-03 -2.683007898177205627e-03
5.795107077034965075e-03 -2.192090926654897270e-02
-5.515649780035770944e-02 -6.228809120441035352e-02
-1.856924957224698192e-01 6.085397686479991630e-02
-4.104154280587528347e-02 2.958498489675086551e-01
2.532473279771942920e-01 2.467785916746363106e-01
3.637650272056114353e-01 0.000000000000000000e+00
2.787409218682074252e-01 -2.066845336260757504e-01
1.252271596425065525e-01 -2.921864099879764032e-01
-9.226712530820357916e-03 -2.845824923640664084e-01
-9.694796856952439534e-02 -2.321649245027000430e-01
-1.416336982458072657e-01 -1.687443468840555683e-01
-1.560679501814215553e-01 -1.112011562707738432e-01
-1.523552350122436838e-01 -6.549093586606685724e-02
-1.392925890139971312e-01 -3.207885718921256457e-02
-1.225122973413954042e-01 -9.214197456339445758e-03
-1.053218112245988131e-01 5.438074995894923158e-03
-8.950199564031560695e-02 1.410338279164435188e-02
-7.588795772644621462e-02 1.866547027983124496e-02
-6.474477919611607013e-02 2.063493571482701711e-02
-5.599258384606039390e-02 2.118908886946629239e-02
-4.933174848901324128e-02 2.122218723053578837e-02
-4.430876251929267984e-02 2.137534188515605518e-02
-4.036497775231030760e-02 2.202876129448813614e-02
-3.692850022017832301e-02 2.327495852188881525e-02
-3.354981053952986458e-02 2.497496301890329840e-02
-2.993558668261054462e-02 2.689686740162893983e-02
-2.589129972183408512e-02 2.878683623857803200e-02
-2.127778589828769815e-02 3.037442143269780334e-02
-1.599842130517812461e-02 3.136251703255053119e-02
-1.000647219200354737e-02 3.142183750819144139e-02
-3.326098504541057793e-03 3.019720826196353042e-02
3.916016885261639630e-03 2.733173802682162951e-02
1.145123858339899131e-02 2.251625900196375929e-02
1.882713870408722276e-02 1.557203042974935302e-02
2.537398380273524906e-02 6.572169068067084188e-03
3.019857833894125376e-02 -4.001876505133851111e-03
3.223508412075729024e-02 -1.509314601444436757e-02
3.039237240888145036e-02 -2.495294085988449678e-02
2.383931059733605806e-02 -3.119218512597025580e-02
1.244884108966613778e-02 -3.117582331103056076e-02
-2.642745629157070356e-03 -2.295046583672044962e-02
-1.853519174883851844e-02 -6.761079233373639558e-03
-3.049164778328784797e-02 1.323160413654088027e-02
-3.285446740767708484e-02 2.828320016099777207e-02
-2.149481663612876070e-02 2.767820929935132027e-02
2.242942808381118060e-03 6.591466455299564361e-03
2.782715962352927050e-02 -2.317736496192374096e-02
3.621576025648146763e-02 -3.183179037325812449e-02
