-2.421951975426893649e-03 -2.728454767929988211e-04
-1.992603470710032059e-03 -2.580754254137168115e-04
-1.506313306615795046e-03 -2.320284330184052394e-04
-1.015495677145453147e-03 -2.032062395926448155e-04
-5.554296258455103689e-04 -1.784772527122348925e-04
-1.460824221748479386e-04 -1.630915398488732876e-04
1.993192111738091728e-04 -1.591721393445970725e-04
4.870656265168067092e-04 -1.689706344801024667e-04
7.302943124190666756e-04 -1.950512328385913842e-04
9.473979223235508632e-04 -2.397261390511477950e-04
1.161004625671436521e-03 -3.064012056254001529e-04
1.396840887076183230e-03 -3.998086837696880917e-04
1.686982777733371909e-03 -5.260461419384625682e-04
2.068675823264382735e-03 -6.912641559094892313e-04
2.591957439089530128e-03 -9.086970193360494486e-04
3.317630921882118184e-03 -1.189949556443928519e-03
4.332252069655811479e-03 -1.553956134830687848e-03
5.749909683994813142e-03 -2.021036364108325448e-03
7.732283593785853337e-03 -2.613458893011969854e-03
1.050369387587211760e-02 -3.357995638304783498e-03
1.437735888587045145e-02 -4.267917881900858308e-03
1.980539219381293251e-02 -5.349377975776915643e-03
2.741754373025595548e-02 -6.544935863421828814e-03
3.813891781805186371e-02 -7.706244966055238524e-03
5.329802851884184178e-02 -8.496416610791866428e-03
7.494621964201036990e-02 -8.125209554947172841e-03
1.063536883199998617e-01 -4.968564046910881396e-03
1.535681134375221635e-01 4.439537002216950926e-03
2.304403811748604591e-01 2.693557583518343609e-02
3.804522586048209032e-01 6.888023344547797300e-02
7.253474670791746348e-01 0.000000000000000000e+00
3.683666671259340775e-01 -9.559029327488359484e-02
2.060832352781375998e-01 -4.571907934388682454e-02
1.317990837925089032e-01 -1.766149149437242633e-02
8.921226292856000717e-02 -5.169926583232831857e-03
6.205447273324533192e-02 9.914286498591360491e-05
4.386799622592555542e-02 2.088599192018012179e-03
3.137922084282110391e-02 2.596392006583891736e-03
2.267518642869684534e-02 2.457795443049784825e-03
1.654785800607125323e-02 2.064293817115916627e-03
1.220054613235077752e-02 1.596633494716600665e-03
9.093939097317867842e-03 1.133941312494007739e-03
6.856432980688604087e-03 7.067049842605019339e-04
5.228428800271742345e-03 3.230446236601134942e-04
4.026313989748709320e-03 -1.792005016852896301e-05
3.118586082606105564e-03 -3.192879295390688935e-04
2.410026420320357955e-03 -5.828650690932996687e-04
1.831003805132562718e-03 -8.074520699901410227e-04
1.330626353770696232e-03 -9.880551173707965117e-04
8.724618113962468976e-04 -1.115818552267159930e-03
4.318724140148597502e-04 -1.178618784136311205e-03
-5.850402876864952545e-06 -1.162364866621278577e-03
-4.415192595881868012e-04 -1.052177800984874408e-03
-8.660715079117761641e-04 -8.360817356743815683e-04
-1.260143508124069106e-03 -5.082118687489964098e-04
-1.594956292057049139e-03 -7.273369423620570982e-05
-1.834441128508087224e-03 4.523738758374309010e-04
-1.939331729147511984e-03 1.032417746051976590e-03
-1.873238137301754978e-03 1.614973669352629763e-03
-1.610326844440976811e-03 2.131682253136809452e-03
-1.143843680821741288e-03 2.504001650896709417e-03
-4.945958654528086109e-04 2.653610678357164535e-03
2.835358133940399632e-04 2.516501963068793098e-03
1.102474595098788595e-03 2.059593577377805042e-03
1.846084608659556356e-03 1.296884077222413244e-03
2.385241589750893270e-03 3.008033122808644565e-04
2.599627254992746724e-03 -7.959236102349320600e-04
2.406885374558519718e-03 -1.812779670717681955e-03
1.790657258957359648e-03 -2.549255100195495401e-03
8.211679295448758931e-04 -2.826699450148379301e-03
-3.404527722071038561e-04 -2.537165061067042128e-03
-1.461013461085443636e-03 -1.687343707924598068e-03
-2.279452145233663591e-03 -4.226812856617063671e-04
-2.571076811295726610e-03 9.823032411706445616e-04
-2.217884159719596317e-03 2.175113618069091353e-03
-1.263916790279688606e-03 2.813645178775837918e-03
6.735061602918236093e-05 2.672871364522635008e-03
1.410499336032801799e-03 1.737752095653293406e-03
2.352396065535594400e-03 2.449920125987846745e-04
2.563792695141925860e-03 -1.355677242360393050e-03
1.928203744196998158e-03 -2.526852106776959241e-03
6.171142125672083971e-04 -2.827818808750325128e-03
-9.317708284679938110e-04 -2.097322466110267992e-03
-2.147085466094871865e-03 -5.577396463504773931e-04
-2.535942322818778884e-03 1.222363200605835077e-03
-1.900109589415219843e-03 2.522119849575763222e-03
-4.593910280151373223e-04 2.763671077063941696e-03
1.194436570822093912e-03 1.790990247990952326e-03
2.325181241755095059e-03 -6.201166614619891149e-06
2.384726485917108840e-03 -1.815609516070085683e-03
1.302122754406314070e-03 -2.756672155409891061e-03
-4.289724318640802622e-04 -2.322317589725158421e-03
-1.947144720047058264e-03 -6.851062657370668961e-04
-2.445633827993073418e-03 1.325842633565912226e-03
-1.620497615675117482e-03 2.619852710696104169e-03
1.100330360871381690e-04 2.442130494794240124e-03
1.781210537333969505e-03 8.480871579438332237e-04
2.406746112463036252e-03 -1.256009371209880097e-03
1.578957933760592909e-03 -2.597413989419684009e-03
-2.273069053484831755e-04 -2.311571691899139656e-03
-1.887261600178206499e-03 -5.375447483105698018e-04
-2.314077334648488495e-03 1.592980770758324052e-03
-1.193446569178741165e-03 2.648080021477481824e-03
7.421288931883211499e-04 1.870605828336291930e-03
2.153766670275951596e-03 -2.316787486780518728e-04
2.018662412395128957e-03 -2.164669133259899351e-03
4.053881279228612302e-04 -2.491812686142888533e-03
-1.505191164163013386e-03 -9.316943612913230859e-04
-2.256087294918543516e-03 1.346243816970971131e-03
-1.240585681454548384e-03 2.555828789800627682e-03
7.598993033927404789e-04 1.701788084861676365e-03
2.132144870876728684e-03 -5.496449072501029091e-04
1.727492541615654846e-03 -2.332786598835798978e-03
-1.365196255806114679e-04 -2.114531440696438766e-03
-1.871281162003354771e-03 -5.408825769393775686e-05
-1.950459321730118331e-03 2.045912379471560502e-03
-2.833459737561053768e-04 2.286707544587633905e-03
1.630642032382442720e-03 4.214266685296990203e-04
2.019048313329662846e-03 -1.829428906908252403e-03
4.999719087928134516e-04 -2.325139959280005629e-03
-1.486968418320268586e-03 -5.646385515667817333e-04
-2.007331077685208746e-03 1.742191588238848178e-03
-5.328374400949165450e-04 2.290566471512202936e-03
1.466260204273323346e-03 5.048113231703463613e-04
1.947501557084457043e-03 -1.791274446149543126e-03
4.004166003289984363e-04 -2.192168323368114818e-03
-1.555020754289879745e-03 -2.546937200105734702e-04
-1.826799039692344724e-03 1.944532424222306707e-03
-1.107507326211953263e-04 1.994496525210158466e-03
1.710850960145393835e-03 -1.754140887916344027e-04
1.601996619452234795e-03 -2.130806796544112199e-03
-3.213694223797124291e-04 -1.633157490714706598e-03
-1.855741061937673901e-03 7.542343631004059731e-04
-1.213632363135074173e-03 2.235870154321259375e-03
8.531521210664439045e-04 1.043716691944462319e-03
1.878552542420612028e-03 -1.396547159800662222e-03
6.202742305624949631e-04 -2.110762961299748972e-03
-1.383664108847084935e-03 -2.101295091257391603e-04
-1.649753079715299796e-03 1.936194613983057127e-03
1.568165056824442395e-04 1.612214087095662114e-03
1.743558232251122284e-03 -7.731462608199447979e-04
1.073389990697597857e-03 -2.134575554792355820e-03
-9.824437481621018774e-04 -6.871872801378243068e-04
-1.723944554770456394e-03 1.656064640006981500e-03
-1.686480882799962981e-04 1.759381331730029262e-03
1.593891227833890483e-03 -5.184712081778843854e-04
1.174424037114392156e-03 -2.064468030448295653e-03
-8.479619251482216433e-04 -7.435765398176873197e-04
-1.671988485337777466e-03 1.600776272353429458e-03
-1.498742124887613228e-04 1.665481425339037985e-03
1.564184172818959811e-03 -6.393767568281314003e-04
1.028653712613773578e-03 -2.001366887704859356e-03
-9.785010834830105454e-04 -4.479824815528414203e-04
-1.539803423462180864e-03 1.743547454193568411e-03
1.603184640922532668e-04 1.337737674198597642e-03
1.601059252849816551e-03 -1.055118824431651925e-03
6.374221281370811426e-04 -1.836482230951239645e-03
-1.270866952627917358e-03 1.723225561125402486e-04
-1.227788079636359846e-03 1.894870613235628398e-03
6.901892158340954030e-04 6.801109514011513752e-04
1.518983892970091542e-03 -1.575954393093782638e-03
-2.127397853633422820e-05 -1.340328304885283909e-03
-1.506799089731507670e-03 1.005260213922656723e-03
-5.966291369462140221e-04 1.726176112184908120e-03
1.248146184413677796e-03 -3.236328603246269899e-04
1.070298154652093775e-03 -1.826956359358337598e-03
-8.294180287165087238e-04 -3.461622709275097667e-04
-1.356219988578630502e-03 1.682325413247424701e-03
3.403663179596243282e-04 9.165734437433666580e-04
1.452625405343724004e-03 -1.358572072455038445e-03
1.433145759173303901e-04 -1.338915677195411493e-03
-1.385845338666246655e-03 9.285871885853525529e-04
-5.678738505083109032e-04 1.598301925799388646e-03
1.196780117907614597e-03 -4.581970229736452072e-04
9.026612840765096263e-04 -1.704511713655557960e-03
-9.296988928562768296e-04 -1.102441027711506495e-06
-1.136686724462947348e-03 1.682226258852287685e-03
6.249417633919237365e-04 4.143133302095774843e-04
1.273514511124922231e-03 -1.562676196117347227e-03
-3.148585218835638706e-04 -7.617658514384148582e-04
-1.325753302041936428e-03 1.377534118956387846e-03
2.263347041912250443e-05 1.036195085107920449e-03
1.310515069579370855e-03 -1.155112083987073612e-03
2.372912775819332304e-04 -1.239270024414686634e-03
-1.245900649553150722e-03 9.184756591113715785e-04
-4.576926873328099657e-04 1.378317778727985304e-03
1.148826719158714494e-03 -6.849527062181158445e-04
6.368310728059782891e-04 -1.463632201876519275e-03
-1.033748229539766667e-03 4.665148757482881362e-04
-7.766500071205535358e-04 1.506478740210666313e-03
9.122411158780247822e-04 -2.706212832402489325e-04
8.813305988160187367e-04 -1.517762592212468275e-03
-7.929919885363196936e-04 1.012214647806194127e-04
-9.560938137778353559e-04 1.507238785237080374e-03
6.821536867935314554e-04 4.026446553001013619e-05
1.006407696657299084e-03 -1.483130064108190583e-03
-5.837597780549144341e-04 -1.540936246162069047e-04
-1.037413696192375934e-03 1.452018174996469587e-03
5.002241810542375341e-04 2.415130453657719333e-04
1.053632651754761798e-03 -1.418904692127586275e-03
-4.327495897888631064e-04 -3.042439979220551514e-04
-1.058782130572213931e-03 1.387357681728067747e-03
3.817134494210821052e-04 3.441184862729131317e-04
1.055745539487724970e-03 -1.359691279180474640e-03
-3.469331449461894980e-04 -3.628457477189150904e-04
-1.046569537948510188e-03 1.337140607857308658e-03
3.278884067281156263e-04 3.618809658767547415e-04
1.032531674224178384e-03 -1.320014590365651760e-03
-3.238408898306284413e-04 -3.423756315612995287e-04
-1.014195281701036266e-03 1.307816449113858139e-03
3.339199531678919042e-04 3.051900753176830226e-04
9.914960027882281125e-04 -1.299332892881095713e-03
-3.571320701514612140e-04 -2.509569687740770055e-04
-9.638059137024753125e-04 1.292695307086917048e-03
3.923490190666444836e-04 1.801861941269359473e-04
9.300190874367371321e-04 -1.285422764705677944e-03
-4.382414648691160416e-04 -9.340747502791630318e-05
-8.886239583025117321e-04 1.274457363975663084e-03
4.932014674981049758e-04 -8.652940046872644245e-06
8.378041442922422614e-04 -1.256207325849611253e-03
-5.552281986150777848e-04 1.248626463910862438e-04
-7.755462350006747402e-04 1.226614231264333858e-03
6.218143434839663603e-04 -2.534446960999600846e-04
6.997935626835723568e-04 -1.181265430138927434e-03
-6.898174135382641918e-04 3.917164737750563654e-04
-6.086328348182259507e-04 1.115573913632026716e-03
7.553548198260068508e-04 -5.358195624934841781e-04
5.005482430400816233e-04 -1.025051394726504000e-03
-8.137217101820014200e-04 6.804623590338556563e-04
-3.747314535826682790e-04 9.056992497278172453e-04
8.593802255930753364e-04 -8.187115329606048635e-04
2.314705006888648578e-04 -7.545397305853101654e-04
-8.860394318292133704e-04 9.418841215684823145e-04
-7.259328559518308317e-05 5.702991570290337877e-04
8.868902445073761388e-04 -1.039613055046647791e-03
-9.804119418095304716e-05 -3.542366208992455529e-04
-8.550340979608088031e-04 1.100178883778221662e-03
2.740683402336529162e-04 1.110777461907577366e-04
7.841770274589467344e-04 -1.111218841061545684e-03
-4.462302612847539665e-04 1.500372044153570645e-04
-6.696218091070104675e-04 1.060929268340068650e-03
6.022190218067900724e-04 -4.147550400242326759e-04
5.095879867958503671e-04 -9.398591929623293035e-04
-7.269200607042293353e-04 6.631177862477358230e-04
-3.068009489084206742e-04 7.433290472234790718e-04
8.032986847254481406e-04 -8.699397570358637045e-04
7.020921457738863152e-05 -4.743781089520388147e-04
-8.141712659893612144e-04 1.006407913207514777e-03
1.834960728475811909e-04 1.469186489397931832e-04
7.450893799592681445e-04 -1.043393011244073479e-03
-4.290750823678086533e-04 2.115582061506047617e-04
-5.883924607338568554e-04 9.568506096951052498e-04
6.334194871849509927e-04 -5.588070255145546937e-04
3.481786717820043592e-04 -7.353308933898880777e-04
-7.586478586771506398e-04 8.396993589357172605e-04
-4.535794092134286069e-05 3.888729311843007420e-04
7.685332688820668487e-04 -9.929022585373678805e-04
-2.788337051657920561e-04 4.265136840468172915e-05
-6.386735236048608332e-04 9.638148740264019382e-04
5.634121413113349266e-04 -4.852807542510449105e-04
3.695952329829256099e-04 -7.238342624403134272e-04
-7.354718918898306727e-04 8.358789974363706621e-04
2.534946861936408178e-07 2.930315354841656018e-04
7.279914574050255207e-04 -9.817365591732766725e-04
-3.876835306586727059e-04 2.414243788242125433e-04
-5.076715504165115345e-04 8.378903761379867402e-04
6.729925282007393015e-04 -7.242172072711821869e-04
1.069218805195834630e-04 -3.976281823440453757e-04
-7.321096735105921257e-04 9.641878690928278994e-04
3.550132604454062329e-04 -2.219952694929876907e-04
4.947128020695538021e-04 -8.099977277456717932e-04
-6.855154992206210444e-04 7.740904546935918704e-04
-1.283468204799109960e-05 2.568455347858626865e-04
6.895615578206726760e-04 -9.565526128162538501e-04
-5.021290186812065685e-04 4.685440870642887672e-04
-2.966570783529724688e-04 5.836831859568525523e-04
7.360406385294511900e-04 -9.384183339553896002e-04
-3.148058402995480756e-04 2.062988844972500960e-04
-4.615732346281553990e-04 7.542431863688333791e-04
7.228032176693106881e-04 -8.826106741353426360e-04
-2.056736142889176871e-04 7.017649196389800516e-05
-5.231217672470182866e-04 8.109763006247936497e-04
7.209101326932884938e-04 -8.786320277166979279e-04
-2.163972808166955892e-04 9.986868500256859736e-05
-4.885854869911981663e-04 7.685890318548134611e-04
7.522036546949744567e-04 -9.519343993717506057e-04
-3.695809597880084512e-04 3.277910423863479778e-04
-3.135609540913322519e-04 5.589869551661602815e-04
7.524883663943236767e-04 -1.017633353381376237e-03
-6.427709003710763884e-04 7.456329782449741539e-04
9.578142366367572557e-05 2.552102126243198886e-05
5.108746909359106192e-04 -7.801170120597996499e-04
-8.205347531103094000e-04 1.090344529718975317e-03
6.979985394628437749e-04 -8.386116743817830128e-04
-2.470693915153360362e-04 2.016670050519429598e-04
-3.057790381107629188e-04 5.165727439378615905e-04
7.517289774272528603e-04 -1.060439107447175766e-03
-9.824603012614748550e-04 1.313383843584758903e-03
9.972640837627015122e-04 -1.293433414142407950e-03
-8.622589237740495207e-04 1.094830793426395743e-03
6.604459783597714084e-04 -8.247787568910487210e-04
-4.577112430482329838e-04 5.637705268504286313e-04
2.907787121448524199e-04 -3.539174276168481062e-04
-1.708259748087852519e-04 2.057361734845964362e-04
9.338463647306659201e-05 -1.114024947872858381e-04
-4.772410541681485705e-05 5.643792465120112145e-05
2.288135986090241586e-05 -2.684179427336910064e-05
-1.032066722142203303e-05 1.201632009131844773e-05
4.389146418272578241e-06 -5.074248068138422903e-06
-1.762990830132918825e-06 2.024656681935344765e-06
6.698565799689059227e-07 -7.643859313552867398e-07
-2.409754638404038400e-07 2.733581617251625417e-07
8.220812168839732756e-08 -9.269128833557828576e-08
-2.656655553738900823e-08 2.981740084052297962e-08
8.183378826841150148e-09 -9.111435931659773455e-09
-2.360196281228684311e-09 2.643203920566912597e-09
6.770045606077352672e-10 -7.328574751169040008e-10
-1.563650121374919338e-10 1.905451206681973561e-10
6.211743383995897531e-11 -5.177193750294245248e-11
3.308400374761440923e-12 1.064336287228281836e-11
1.695712026874543667e-11 -5.214868444129354483e-12
1.342716041746110715e-11 -4.178996395548300752e-12
1.200568760948354104e-11 -3.489539726837321152e-12
1.284277200509639724e-11 -3.877034311150229210e-12
1.198851148808823793e-11 -1.635338619059466914e-12
9.183356978126278264e-12 -2.839539615940782576e-12
1.007979036276453181e-11 -2.090398808752379253e-12
7.281380810861534419e-12 -3.262950095394753530e-12
8.843587170089819401e-12 -2.525686236448213359e-12
8.167599377902981167e-12 -3.901595894123107437e-12
6.794192709342076961e-12 -2.314746915763089628e-12
8.212864151002110508e-12 -2.474421860813166420e-12
6.244494846571536042e-12 -2.547467100540519102e-12
5.650742012145294778e-12 -1.916903827472307371e-12
5.535023374775819419e-12 -9.710005674306037945e-12
4.877822273414188148e-12 -7.237098325102590765e-12
4.236382348869447174e-12 -4.331795553500306483e-12
5.315300157620326537e-12 -4.827686535135306735e-12
2.287885279954376425e-12 -3.799633570914496875e-12
4.412386648323268172e-12 -5.893900213454779563e-12
5.150397426706772966e-12 -6.179178766430312757e-12
3.394118339396276749e-12 -5.246965354458949352e-12
4.416983253107183897e-12 -6.079192639953726655e-12
3.113943641654817990e-12 -7.668000701156365015e-12
2.417175616275556346e-12 -6.441100244250117547e-12
-1.370126146555698627e-12 -6.523417860399300178e-12
1.777999284743926580e-12 -7.765947456310096599e-12
-6.660953800563490114e-13 -5.527843695669155464e-12
-1.620877817571084671e-13 -6.681443695292683527e-12
-1.726792330400937157e-12 -1.009626821078874419e-11
-2.601521684565320475e-12 -8.354523747570288997e-12
-1.547717400112570584e-12 -7.217741082065651700e-12
3.359745289791151561e-12 -1.183441642463542048e-11
2.256767639952009849e-12 -1.015225205515819455e-11
-4.134809331159035827e-13 -8.787836112408517804e-12
-4.913293223134568983e-12 -1.151831663128254601e-11
4.406150401639598586e-13 -4.519142146585367025e-12
3.220617024241535521e-12 -4.978038629697158513e-12
1.247312248376810872e-12 -8.353039702412190283e-12
-3.562381145156675225e-13 -3.515375975660868044e-12
4.439298464871493492e-12 -5.773373654774205941e-12
1.759711141477779321e-12 -2.624171390739311686e-12
-2.515050508322578130e-12 1.883873004267808678e-13
-2.978501689206407815e-12 6.075815362526934264e-12
-1.968694081100497099e-13 7.073640368978147711e-12
-2.957395548889443138e-12 3.566720079432847893e-13
-2.064172685540368350e-12 3.757771686213377321e-12
-1.711206339255317894e-12 9.473057891398967939e-13
2.535978236874940704e-12 -2.892007986484013759e-12
-1.720283731168154507e-12 -1.528328588470884669e-12
2.799739143787261956e-12 1.103210999018956597e-12
5.144035566740645438e-12 -6.939344571845297136e-13
4.267379734054394696e-12 -3.814664611974902740e-12
-2.075384513779320613e-12 6.013827655772920849e-12
4.698037841072904073e-12 -1.544364987216419773e-12
1.312470493850200777e-12 -4.333346805356054323e-12
5.817949245487369720e-12 -3.025815312433560439e-12
-4.129913894985857257e-12 -5.980370178805521545e-12
1.318759779784321986e-12 7.123600145659044341e-12
-7.902625693609942288e-13 -3.472146478642998624e-12
7.432280848872288271e-13 1.381199602729978328e-12
1.254342444746281424e-13 -1.668873101603811229e-12
9.916120486432828601e-13 -4.022439335825413436e-13
9.773501870164733277e-13 -2.855707528024531728e-13
3.804061409334245052e-13 6.935782935547331553e-13
-2.926304216505480722e-14 -2.910164486278277517e-13
7.153080860800972379e-13 6.596860305553995368e-13
1.549271158873767004e-12 -3.978322436270435853e-13
8.230696715463622716e-13 -8.420022425596948024e-13
-7.922166007347771692e-14 -2.694160453500364668e-13
-2.426784093539355812e-15 1.284833344385739899e-13
5.774162481612518491e-13 3.061748119532661270e-13
-1.002059963052827514e-12 3.760652193773063304e-13
1.836354518263986234e-13 3.351198825508032811e-13
9.501807530176510274e-14 -3.039674364998886585e-13
2.012691879845681939e-13 1.693463535309839976e-14
1.483939283913459549e-13 -4.268268713358016780e-14
6.083403013954381255e-14 6.189933962060060301e-14
-5.642864744541660073e-13 1.410867268686256014e-13
-1.202864769498571717e-10 3.887285600641884051e-12
