-4.725206543896168232e-02 -1.010291227442623729e-02
-4.469963265059720414e-02 -9.547217348977636922e-03
-3.909337276908764897e-02 -8.192692254893723866e-03
-3.122622601637858875e-02 -6.249660877813740731e-03
-2.194247418019158388e-02 -3.948644358602113567e-03
-1.207972384150869660e-02 -1.518996267094709519e-03
-2.322157658098845858e-03 8.500294605600613096e-04
6.802109922167898226e-03 3.012716559914513977e-03
1.491571566179580345e-02 4.866685772443184871e-03
2.177743429101012401e-02 6.349287501344400356e-03
2.726204117287920822e-02 7.431928030904460386e-03
3.133805575176713820e-02 8.113494275742066941e-03
3.404580798286244159e-02 8.413722043296881919e-03
3.547736832372195420e-02 8.367054121424142080e-03
3.575916994332634796e-02 8.017294701283001618e-03
3.503763798873314739e-02 7.413190140283994548e-03
3.346779773817437631e-02 6.604945728122249213e-03
3.120462472970966100e-02 5.641613017134604682e-03
2.839679004989227942e-02 4.569241181861613370e-03
2.518241260144437471e-02 3.429668812825874616e-03
2.168643332622468417e-02 2.259831406403467642e-03
1.801925605300154845e-02 1.091468373680416640e-03
1.427634305954324570e-02 -4.887284868604650431e-05
1.053850192088144448e-02 -1.139622141427043761e-03
6.872648244186182857e-03 -2.163832099097740512e-03
3.332873235598342136e-03 -3.108739227236547407e-03
-3.831593479807773943e-05 -3.965283567859292577e-03
-3.208681893083416368e-03 -4.727618239657988171e-03
-6.154940595854967167e-03 -5.392631218547948996e-03
-8.861492396883033709e-03 -5.959494363218779782e-03
-1.131923325322919081e-02 -6.429248994999865741e-03
-1.352446555984615495e-02 -6.804433030121924408e-03
-1.547791832094202319e-02 -7.088751495026558713e-03
-1.718387928319407149e-02 -7.286790009291391895e-03
-1.864943670702460046e-02 -7.403769299509053124e-03
-1.988382515788857455e-02 -7.445337843691300639e-03
-2.089786766172662194e-02 -7.417399200633234720e-03
-2.170350546409604772e-02 -7.325970339812249744e-03
-2.231340620342862208e-02 -7.177067265683746353e-03
-2.274064135399908593e-02 -6.976614356433210110e-03
-2.299842415844262355e-02 -6.730374058579380835e-03
-2.309989983614073317e-02 -6.443893855854939019e-03
-2.305798053602286027e-02 -6.122467734891583711e-03
-2.288521823728660587e-02 -5.771109680924164237e-03
-2.259370954528390485e-02 -5.394537040255961355e-03
-2.219502705252852925e-02 -4.997161873253296895e-03
-2.170017261640578426e-02 -4.583088687127516263e-03
-2.111954853505392318e-02 -4.156117178522720883e-03
-2.046294317447995559e-02 -3.719748831214586895e-03
-1.973952811152644010e-02 -3.277196404580566547e-03
-1.895786431032803546e-02 -2.831395514683319840e-03
-1.812591524545501681e-02 -2.385017654196085884e-03
-1.725106522843194296e-02 -1.940484121706535173e-03
-1.634014148791562704e-02 -1.499980437643817820e-03
-1.539943880291312281e-02 -1.065470916308478965e-03
-1.443474569579496387e-02 -6.387131430994518388e-04
-1.345137136017291943e-02 -2.212721782208143322e-04
-1.245417263114606370e-02 1.854656237076802029e-04
-1.144758039962454760e-02 5.802792156249079623e-04
-1.043562493066271801e-02 9.620998283908712041e-04
-9.421959561505554442e-03 1.329998122431511314e-03
-8.409882233936089718e-03 1.683171106214549108e-03
-7.402354277833158268e-03 2.020927980855138049e-03
-6.402015932831493956e-03 2.342673234075930058e-03
-5.411198736853530325e-03 2.647883679055671683e-03
-4.431937725798652458e-03 2.936073414259867276e-03
-3.465995600020138102e-03 3.206739077588443600e-03
-2.514929317800106492e-03 3.459291626263904639e-03
-1.580220644968201695e-03 3.693033049795309882e-03
-6.633912406954670755e-04 3.907241554146649240e-03
2.339909284983112238e-04 4.101284736644422724e-03
1.110359319208518341e-03 4.274669087552391590e-03
1.964184736044655676e-03 4.427041810733721959e-03
2.793989649060456184e-03 4.558178220060261215e-03
3.598348644980889788e-03 4.667968821303677615e-03
4.375881562510938738e-03 4.756409666013768078e-03
5.125242899439380086e-03 4.823596319453465724e-03
5.845109270205079040e-03 4.869721097525890607e-03
6.534165774851121399e-03 4.895073227957644733e-03
7.191091685380388010e-03 4.900041731815230756e-03
7.814545637924859636e-03 4.885120969184116382e-03
8.403150412542744613e-03 4.850918920016002688e-03
8.955477334084426672e-03 4.798168378783561165e-03
9.470030315608647664e-03 4.727741340022746652e-03
9.945229573440397472e-03 4.640666943302965142e-03
1.037939506823211400e-02 4.538153435916814429e-03
1.077072976446419479e-02 4.421614704298947214e-03
1.111730285811111767e-02 4.292702012717076326e-03
1.141703317443112063e-02 4.153341684365751199e-03
1.166767303166858782e-02 4.005779537069999695e-03
1.186679292841325527e-02 3.852632965173471893e-03
1.201176750368350074e-02 3.696951601133164483e-03
1.209976325617498349e-02 3.542287500531923500e-03
1.212772849613963193e-02 3.392775735663760596e-03
1.209238585123846230e-02 3.253226129491816696e-03
1.199022722645609954e-02 3.129226593293602324e-03
1.181751027340935227e-02 3.027258076208491893e-03
1.157025372807915509e-02 2.954820552062282970e-03
1.124422599967244210e-02 2.920568713260188014e-03
1.083491612705588490e-02 2.934455357424871260e-03
1.033746729575953267e-02 3.007880287106814987e-03
9.746538180200502860e-03 3.153843933624408177e-03
9.056032816482963155e-03 3.387110056962122119e-03
8.258599651103995520e-03 3.724395253721024361e-03
7.344735719113289554e-03 4.184633485811475352e-03
6.301227968293485714e-03 4.789428510664905415e-03
5.108497231306480084e-03 5.563940040158518729e-03
3.736143296341389725e-03 6.538718921517398634e-03
2.135559846848802002e-03 7.753554286685792468e-03
2.277969505180455379e-04 9.265532607455495562e-03
-2.116234661765571852e-03 1.116595446989895879e-02
-5.107625219729694695e-03 1.361626631377027379e-02
-9.088826325991722702e-03 1.692615086630806440e-02
-1.460085801961788846e-02 2.172832364107349368e-02
-2.243118545477073081e-02 2.937884809177711276e-02
-3.342841703498995731e-02 4.286373620428406139e-02
-4.718793878671868197e-02 6.863913394767870435e-02
-5.668509958338604354e-02 1.189284371486180464e-01
-3.334816345125578285e-02 2.070596480995367528e-01
8.795129434337808916e-02 3.081527574834406757e-01
3.341599704381119640e-01 2.812306216994024388e-01
4.866471010999375291e-01 0.000000000000000000e+00
3.284644889897510578e-01 -2.696991737430440295e-01
9.599156280509221761e-02 -2.926176927083612989e-01
-1.827227295729092274e-02 -2.014087106951910899e-01
-4.396221283169062660e-02 -1.214030868070448826e-01
-3.875279100881472844e-02 -7.432626323732950679e-02
-2.818776694148754369e-02 -4.920936915655173965e-02
-1.914615455558984700e-02 -3.561736267599725086e-02
-1.249083148208682617e-02 -2.782369060396492483e-02
-7.755764782863783409e-03 -2.305407227701133585e-02
-4.391293523833206085e-03 -1.997450490656233271e-02
-1.992704762707924685e-03 -1.791439302334692577e-02
-2.915529950966256950e-04 -1.651152039417767836e-02
8.874569901415184803e-04 -1.555300980024637396e-02
1.661428754116187415e-03 -1.490292001753723214e-02
2.112010756665024143e-03 -1.446815741724432301e-02
2.299099759517276090e-03 -1.418163851457817856e-02
2.268850303762826731e-03 -1.399341982488037928e-02
2.058319242413237347e-03 -1.386563242560694478e-02
1.698186730492306151e-03 -1.376932122470852539e-02
1.214398162549948108e-03 -1.368230411442140741e-02
6.292065630069437927e-04 -1.358762691548053361e-02
-3.811866444586469219e-05 -1.347240145204410718e-02
-7.707717644504355264e-04 -1.332691240351635727e-02
-1.554002000987297124e-03 -1.314392549333842468e-02
-2.374775647778729938e-03 -1.291815311536707520e-02
-3.221487892627486124e-03 -1.264584628984604005e-02
-4.083715110082586190e-03 -1.232448940319023044e-02
-4.952004460699775505e-03 -1.195257890958821394e-02
-5.817702501725507611e-03 -1.152946982251074927e-02
-6.672828587276850854e-03 -1.105527409280494117e-02
-7.510002974439711210e-03 -1.053079153998024223e-02
-8.322442608729493235e-03 -9.957444062538709645e-03
-9.104034041195937718e-03 -9.337162675120077443e-03
-9.849465683893464385e-03 -8.672141775539772557e-03
-1.055431341431354794e-02 -7.964347600031193228e-03
-1.121480618582130877e-02 -7.214753383432594668e-03
-1.182695061626902119e-02 -6.422625961806162874e-03
-1.238518509071437172e-02 -5.585497227087415743e-03
-1.288131140954961590e-02 -4.699951714559637110e-03
-1.330408964147541430e-02 -3.762666006963918605e-03
-1.363927458424732918e-02 -2.771273987134557134e-03
-1.386982035428288920e-02 -1.725024572943697826e-03
-1.397615153847821083e-02 -6.253298925644829248e-04
-1.393650829610141098e-02 5.237191555231731884e-04
-1.372741287264876535e-02 1.714834724569389663e-03
-1.332431705743846589e-02 2.937006400687009432e-03
-1.270249403385100354e-02 4.174984421321409692e-03
-1.183823923896444238e-02 5.408805332631756377e-03
-1.071044307619629411e-02 6.613410550265097498e-03
-9.302591318294639589e-03 7.758426085001197611e-03
-7.605233431538872650e-03 8.808190457030485102e-03
-5.618930562350676720e-03 9.722136430111587985e-03
-3.357648480347835696e-03 1.045564830435482574e-02
-8.524906613385867769e-04 1.096152632926268057e-02
1.844432796588899894e-03 1.119218783418285922e-02
4.656338297744813497e-03 1.110271356135646842e-02
7.478811174346501785e-03 1.065479831217681396e-02
1.017826578003511867e-02 9.821577171407989970e-03
1.259275023237336685e-02 8.593162483835599733e-03
1.453622895940829413e-02 6.982535939980825598e-03
1.580761748996162633e-02 5.031195918119507962e-03
1.620583846697486868e-02 2.813678300696417431e-03
1.555189960556646947e-02 4.397874554563980425e-04
1.371831445410738246e-02 -1.946838026817011716e-03
1.066492820931340228e-02 -4.175237334338125807e-03
6.478225062401717256e-03 -6.059852410924979928e-03
1.408422489479350817e-03 -7.419856254624278107e-03
-4.104749020212570751e-03 -8.104142780262555898e-03
-9.430202035789843687e-03 -8.019116139306661437e-03
-1.378274481402247918e-02 -7.154148515773969472e-03
-1.631432301899283718e-02 -5.597574193660329218e-03
-1.626850634976961113e-02 -3.535428320438770752e-03
-1.319357529987097953e-02 -1.227251477821577610e-03
-7.185293327790084721e-03 1.040517858650468787e-03
9.032645647820835991e-04 3.012539917151467461e-03
9.382356900666776953e-03 4.510221396903280229e-03
1.593832153764038542e-02 5.448415588787202009e-03
1.817403854752480674e-02 5.775073503346446480e-03
