1.502614226826591015e-01 0.000000000000000000e+00
1.029433726029172214e-01 -4.093757799798376784e-04
-3.589340583100286697e-02 -1.651241882835332089e-03
-1.401792031914197989e-01 -9.918422533699081112e-04
-1.189456401508501432e-01 2.135730821038919758e-03
5.751344620829262379e-03 4.695998672112948469e-03
1.231319066244531135e-01 3.088048082738353850e-03
1.328005192254446687e-01 -2.505921564391833112e-03
2.955994632350033083e-02 -7.337872552404062221e-03
-9.661403783770282361e-02 -6.239428409626702338e-03
-1.399756659841406015e-01 1.077342985031641553e-03
-6.705270126031917521e-02 8.871783902169763647e-03
5.932039784779600394e-02 9.989910066384581275e-03
1.353582425255538957e-01 2.383919519371273388e-03
1.014917521634786379e-01 -8.400273893371019290e-03
-1.233935959314013710e-02 -1.336614533090465726e-02
-1.143941645153791903e-01 -7.610898536718604945e-03
-1.255047716836232286e-01 5.116855253296095918e-03
-3.961232862167006485e-02 1.492049482190969251e-02
7.498714036298301244e-02 1.354597622777134816e-02
1.307994255632495550e-01 1.222432589718519536e-03
8.762742602442227802e-02 -1.305694122177322725e-02
-1.977401923478891779e-02 -1.823453412839250165e-02
-1.107305991960925301e-01 -9.743457317736795714e-03
-1.195211401352992003e-01 6.713959822033349623e-03
-4.206880044010656572e-02 1.914689809275233953e-02
6.401196820457484560e-02 1.809204863118665796e-02
1.230115689695071429e-01 3.707061491811332321e-03
9.496007200846295904e-02 -1.411088997642281212e-02
1.664965959675711316e-03 -2.268519692907944307e-02
-9.112931382053435225e-02 -1.557896670452938066e-02
-1.204536807287591299e-01 2.755056426471093334e-03
-6.833915036111150310e-02 1.994088967504082169e-02
2.831710223573855392e-02 2.414015231542886858e-02
1.046386314903765685e-01 1.213975980284941539e-02
1.114194341457375725e-01 -8.420356539282337904e-03
4.618336788216275551e-02 -2.409218503044324722e-02
-4.741957313001610858e-02 -2.447455268073605444e-02
-1.094116343662062257e-01 -9.003087310698987267e-03
-1.018443909208835568e-01 1.268773707051270780e-02
-3.130811137351331014e-02 2.692831634656659562e-02
5.720798617143930259e-02 2.465002842546840101e-02
1.094685149605211794e-01 7.021580312113601813e-03
9.505796999192224483e-02 -1.533242238807815128e-02
2.437045609458474843e-02 -2.888174955990808340e-02
-5.944191204878303270e-02 -2.537938973635013584e-02
-1.071883975910487147e-01 -6.733069089737087065e-03
-9.232431572847379919e-02 1.622854514209618251e-02
-2.504569201873462631e-02 3.018130988325743586e-02
5.521750377509788976e-02 2.703005571484337968e-02
1.032531527466523935e-01 8.459721210571279071e-03
9.337878832368302906e-02 -1.515900680571754741e-02
3.258644426394493449e-02 -3.069714017283484836e-02
-4.480534816309751645e-02 -2.956568329422895602e-02
-9.687005007847319937e-02 -1.233047838631129434e-02
-9.669785196230816504e-02 1.175854850950047714e-02
-4.581524378650836393e-02 2.987447812447085668e-02
2.797034182012926584e-02 3.246366776883789773e-02
8.613334739540862151e-02 1.817386639513227445e-02
9.955005281800276273e-02 -5.618893480969718718e-03
6.270968846464135271e-02 -2.677136677824385608e-02
-4.677876186523219695e-03 -3.462069389912948714e-02
-6.861187610067873144e-02 -2.528318701565266530e-02
-9.806759768418495116e-02 -3.414962186940352640e-03
-7.981579818949689764e-02 2.027269858214427595e-02
-2.387230065196167816e-02 3.434515358381844130e-02
4.235751249990561684e-02 3.213270803231250972e-02
8.771919100358392674e-02 1.476184671538207684e-02
9.187979969471170294e-02 -9.578720717389854755e-03
5.408858295382404369e-02 -2.961734296393594632e-02
-7.440421463636295168e-03 -3.624052278743420535e-02
-6.459662054674178422e-02 -2.655442928359211599e-02
-9.228385178028609970e-02 -5.001147435718850814e-03
-7.924425614198260526e-02 1.881941851843099353e-02
-3.224548062437117973e-02 3.450008849638397379e-02
2.770146400569322917e-02 3.535042857510213576e-02
7.493100082902204306e-02 2.114348177843756310e-02
9.008735120939001528e-02 -1.988472393255610177e-03
6.781750877126212218e-02 -2.431634670060335221e-02
1.826581793095567383e-02 -3.664853927219253321e-02
-3.779919528435341652e-02 -3.406821252043966408e-02
-7.781978764344132937e-02 -1.777922627569234262e-02
-8.645870591831296414e-02 5.577000805230086095e-03
-6.123531449668490056e-02 2.672486697440139974e-02
-1.284080488300969741e-02 3.746296828978545879e-02
3.960941466334375050e-02 3.379065838730502258e-02
7.622352580960774227e-02 1.728790480236110094e-02
8.380499187850987131e-02 -5.675616197820282371e-03
6.038959362173176165e-02 -2.648307744477993581e-02
1.539486581609840476e-02 -3.752404424894906221e-02
-3.435652185060228403e-02 -3.492833158971475616e-02
-7.101669069657520761e-02 -1.982208175459158547e-02
-8.206160414082877552e-02 2.256540096131551959e-03
-6.438758271186674487e-02 2.346765029432131694e-02
-2.490024023974272971e-02 3.647918444707651253e-02
2.235074310467307160e-02 3.696482386581444179e-02
6.126992685528742655e-02 2.495723474152159588e-02
7.917936303717704183e-02 4.669508682263689286e-03
7.081405133373351590e-02 -1.706294230006484558e-02
3.965168223084641896e-02 -3.312313378920961338e-02
-3.656945799823887663e-03 -3.842653501361972118e-02
-4.504237900209705908e-02 -3.146617492364146840e-02
-7.161020615065040451e-02 -1.464567948778682481e-02
-7.557970468751587512e-02 6.628739371395648422e-03
-5.640234759204185155e-02 2.573789241261409400e-02
-2.055020532324365948e-02 3.691672592715632140e-02
2.078869963464921936e-02 3.695530158473275123e-02
5.526666147199317536e-02 2.604793790134548800e-02
7.304560756811430411e-02 7.593979484742687663e-03
6.950551787328822229e-02 -1.292413122160696037e-02
4.628695385035180160e-02 -2.960196094467471006e-02
1.049743676376158584e-02 -3.780461629822118308e-02
-2.755759919361606622e-02 -3.541013725122852535e-02
-5.737980451996695791e-02 -2.328808296806772135e-02
-7.114141274342775101e-02 -4.932157556947629889e-03
-6.564435040537609789e-02 1.459726312023670869e-02
-4.292081910216275636e-02 3.009098253768645315e-02
-9.420517578776788428e-03 3.756925721999154061e-02
2.589581379254843677e-02 3.526225046496397897e-02
5.398219522948795313e-02 2.396592538973515291e-02
6.799603981896697180e-02 6.724803033878413647e-03
6.488544731737211357e-02 -1.203251079136764476e-02
4.593547337403895009e-02 -2.765212583495329363e-02
1.621992794175326422e-02 -3.640250243554118276e-02
-1.682391185440731962e-02 -3.633265823635993541e-02
-4.528893906139565273e-02 -2.765492196618227899e-02
-6.267671875479836896e-02 -1.259454912309822261e-02
-6.532401007384894265e-02 5.221324763477221825e-03
-5.308408949382154018e-02 2.166174108439068713e-02
-2.916624464765195726e-02 3.305164442699589505e-02
7.644725116804761827e-04 3.697245117084811683e-02
2.996938876409744809e-02 3.273646011540769230e-02
5.215952846725384340e-02 2.145402750463250643e-02
6.281946175731228932e-02 5.708072365604216838e-03
6.006470971157224642e-02 -1.106607425397185956e-02
4.488887722830674221e-02 -2.534292425484607411e-02
2.079756974915972223e-02 -3.424156472058043771e-02
-7.046766066521801403e-03 -3.608323502384525039e-02
-3.295640146850994240e-02 -3.067106775470925667e-02
-5.187734112510210271e-02 -1.925607260598327652e-02
-6.034422112705398883e-02 -4.219186929893325305e-03
-5.706093167082833956e-02 1.144732004651731125e-02
-4.302513034199027808e-02 2.474386072458094332e-02
-2.120977554243437188e-02 3.323121325073009197e-02
4.102593242114420391e-03 3.545752570646372448e-02
2.818111613624509071e-02 3.117568206345953247e-02
4.672974524955952891e-02 2.132683945339683418e-02
5.663077694625891223e-02 7.810753555815603752e-03
5.642747755534639059e-02 -6.899858837913823428e-03
4.648213601908216669e-02 -2.022093897723193506e-02
2.880869166679934923e-02 -2.990839619971057128e-02
6.635424528554791958e-03 -3.442222063273538829e-02
-1.620596659568378228e-02 -3.314823888265223950e-02
-3.594842264691484185e-02 -2.645129611202313991e-02
-4.949976366109397341e-02 -1.556408532689607972e-02
-5.490054095082657487e-02 -2.342508422761766657e-03
-5.156860202225703460e-02 1.106264252213852960e-02
-4.030936333534601568e-02 2.255896233847522886e-02
-2.310975532412501074e-02 3.043329651792852156e-02
-2.765769936211553981e-03 3.359307008782942694e-02
1.758567502401917754e-02 3.169748729724490566e-02
3.495212300004099659e-02 2.516753240391163271e-02
4.691475451891754384e-02 1.508289163611813144e-02
5.194327856399352100e-02 2.989909723766212557e-03
4.956073713684792242e-02 -9.344526823137140614e-03
4.034747430134122403e-02 -2.019370893247722162e-02
2.579738875091297512e-02 -2.810852597030207706e-02
8.058996439911116777e-03 -3.210046830700176435e-02
-1.039342706706218589e-02 -3.174951637225292139e-02
-2.710824734227074151e-02 -2.722840912594976653e-02
-3.997634326793830101e-02 -1.924684853589948841e-02
-4.748288360532595953e-02 -8.929508136724302950e-03
-4.886424929236782289e-02 2.350906734900728642e-03
-4.415823422468390103e-02 1.316048533757250422e-02
-3.415043133163363220e-02 2.218559259205478418e-02
-2.023247646650617321e-02 2.838683728385569746e-02
-4.197201525397107127e-03 3.110888469685154506e-02
1.199902155977268341e-02 3.013646860924155957e-02
2.647552020736830547e-02 2.569438369291159041e-02
3.763984683356789984e-02 1.839613286510897658e-02
4.435126255484762858e-02 9.151495308535671780e-03
4.602077203067875960e-02 -9.529411169698874529e-04
4.264200234832606073e-02 -1.078450119895530551e-02
3.475559073911266977e-02 -1.929087322697955326e-02
2.335687192381755845e-02 -2.560874784994640607e-02
9.761886151132780770e-03 -2.914437776467075636e-02
-4.550282745083357103e-03 -2.961983465707055882e-02
-1.810013168422945629e-02 -2.708301353107365680e-02
-2.955799764217295622e-02 -2.188344571906083308e-02
-3.786767380639866759e-02 -1.461933229342604612e-02
-4.233329022362934679e-02 -6.063625622613375357e-03
-4.266410857373055532e-02 2.921669147240185324e-03
-3.897662035064294178e-02 1.147353542554553629e-02
-3.175759378133408140e-02 1.880959911181691660e-02
-2.179512195225032437e-02 2.429615334113710556e-02
-1.008705370873687682e-02 2.749733791723701914e-02
2.262650115141260840e-03 2.820255567936949537e-02
1.414906250318587536e-02 2.643152370153219882e-02
2.456332465815377897e-02 2.241846782221521353e-02
3.267368745004456398e-02 1.657870215646729817e-02
3.788492366470671419e-02 9.462077770836754831e-03
3.987296261913522710e-02 1.698484668990534949e-03
3.859407377736798206e-02 -6.059246240519285814e-03
3.427017002723475869e-02 -1.319001621064404099e-02
2.735364734493501288e-02 -1.915239835823355843e-02
1.847651744561253084e-02 -2.352253515333262504e-02
8.389374899284219797e-03 -2.601984617556409723e-02
-2.104024013323303743e-03 -2.651960337440962059e-02
-1.221105496294240880e-02 -2.505257361127322807e-02
-2.120854870550888116e-02 -2.179292283772260586e-02
-2.849127649645676053e-02 -1.703636131039015442e-02
-3.360789216063874568e-02 -1.117104890338051042e-02
-3.628285673780573539e-02 -4.644062799699924353e-03
-3.642406832302433339e-02 2.073732460953802911e-03
-3.411699443835849999e-02 8.521751750011987564e-03
-2.960699177186422795e-02 1.428038662222963842e-02
-2.327215683178250269e-02 1.899650759171704964e-02
-1.558946265174536959e-02 2.240250130535220707e-02
-7.097103872227663798e-03 2.432815250360743919e-02
1.644084365556605469e-03 2.470524051824277839e-02
1.008751556815964262e-02 2.356522283111585001e-02
1.773382614762466711e-02 2.103079628143837004e-02
2.415820816424079850e-02 1.730244214622250754e-02
2.903092420731631998e-02 1.264126648312944440e-02
3.213038827590425361e-02 7.349542527844137030e-03
3.334872831817909528e-02 1.750355654467634914e-03
3.269021859471038516e-02 -3.832342811055282697e-03
3.026336077577932576e-02 -9.092131176437734039e-03
2.626768780779238643e-02 -1.375603579023264474e-02
2.097655842085253963e-02 -1.759729135360948993e-02
1.471730431060777611e-02 -2.044451917487457096e-02
7.850094163283506676e-03 -2.218715050534999719e-02
7.468010502688585822e-04 -2.277715302449382848e-02
-6.228982350227242268e-03 -2.222731827542808250e-02
-1.273982573853308514e-02 -2.060652884613139307e-02
-1.848950498527400857e-02 -1.803254219983092821e-02
-2.323470538798928786e-02 -1.466290226252909765e-02
-2.679311366978410699e-02 -1.068462185846816119e-02
-2.904784551698514836e-02 -6.303272706862506417e-03
-2.994834887403781051e-02 -1.732080432909031964e-03
-2.950808535780514302e-02 2.818443578172218772e-03
-2.779941862546023851e-02 7.149886613590160714e-03
-2.494622753056451731e-02 1.108398571514321654e-02
-2.111481391381866968e-02 1.446909859029727602e-02
-1.650369227674419390e-02 1.718494991781108205e-02
-1.133283522206315896e-02 1.914560545693781354e-02
-5.832909283273532940e-03 2.030071359149680441e-02
-2.349760815782506868e-04 2.063512854999453860e-02
5.238940665203272763e-03 2.016708962518114212e-02
1.038410531490141162e-02 1.894517535725499108e-02
1.501990818301898040e-02 1.704428082811249023e-02
1.899514847265132422e-02 1.456088067082037148e-02
2.219170180826660413e-02 1.160784146466218268e-02
2.452658644909040328e-02 8.309036629522304623e-03
2.595250679633474139e-02 4.793996808170770778e-03
2.645700588085330221e-02 1.192801223173739315e-03
2.606039938673642559e-02 -2.368617178755488654e-03
2.481269235051661651e-02 -5.772615714934264605e-03
2.278969645574701469e-02 -8.913334862833278971e-03
2.008857174193509273e-02 -1.169947611857898029e-02
1.682301282732514419e-02 -1.405633515046489194e-02
1.311828788589191122e-02 -1.592709172904784726e-02
9.106320229784430412e-03 -1.727338511083180081e-02
4.920979063047710954e-03 -1.807522624726541627e-02
6.937193889065803101e-04 -1.833031611551267856e-02
-3.450317340933661998e-03 -1.805285257711120028e-02
-7.395659109158946379e-03 -1.727191662679029849e-02
-1.103926119695804869e-02 -1.602953301464864200e-02
-1.429263800726800204e-02 -1.437850045337321636e-02
-1.708336495886136897e-02 -1.238008348519889848e-02
-1.935596775522023874e-02 -1.010165215790774507e-02
-2.107223423069562451e-02 -7.614347542242530867e-03
-2.221099840378347803e-02 -4.990841404043815099e-03
-2.276745730197105716e-02 -2.303247584780936802e-03
-2.275208867216331129e-02 3.787686427347506518e-04
-2.218924206886600803e-02 2.989648330464731232e-03
-2.111547731435635053e-02 5.469339841942813356e-03
-1.957772330064998928e-02 7.764429575161879704e-03
-1.763132693945857615e-02 9.828998416351455297e-03
-1.533805716347079809e-02 1.162520832864032648e-02
-1.276412264141244500e-02 1.312363068950266401e-02
-9.978254672755313900e-03 1.430333393838946129e-02
-7.049898935939831468e-03 1.515175277098585252e-02
-4.047551698316729021e-03 1.566436455209802361e-02
-1.037268042561979159e-03 1.584420088006024963e-02
1.918638138974529221e-03 1.570122341935763222e-02
4.762689983475195885e-03 1.525159333647494418e-02
7.443133684811283415e-03 1.451686305640336253e-02
9.914615101537526537e-03 1.352311773492278699e-02
1.213865259185292582e-02 1.230009195320942890e-02
1.408391614876223358e-02 1.088028481532245934e-02
1.572632650348412472e-02 9.298093993157180090e-03
1.704899064339136794e-02 7.588986432058792211e-03
1.804199219161395709e-02 5.788720507997861461e-03
1.870205637355103201e-02 3.932631504618620127e-03
1.903210991766563984e-02 2.054989433637014005e-03
1.904075627991877809e-02 1.884355180861900861e-04
1.874168612239927520e-02 -1.636498853991201659e-03
1.815304209941335373e-02 -3.391789180690924117e-03
1.729675578820901588e-02 -5.052231405439339129e-03
1.619787312584971412e-02 -6.595674244747318053e-03
1.488388304955968328e-02 -8.003174026209475614e-03
1.338406225301370066e-02 -9.259076986021965230e-03
1.172884712495788490e-02 -1.035103491724836261e-02
9.949242082550250124e-03 -1.126996075162452898e-02
8.076271692991878609e-03 -1.200993111766508921e-02
6.140482232279446603e-03 -1.256804316518033045e-02
4.171496688988099444e-03 -1.294423300899611579e-02
2.197625704507159567e-03 -1.314106304241904020e-02
2.455355694550385298e-04 -1.316348513190129625e-02
-1.660026824483889791e-03 -1.301858635142551929e-02
-3.496453238819563145e-03 -1.271532347199184551e-02
-5.243439612093909324e-03 -1.226425191034759971e-02
-6.883100661535451054e-03 -1.167725428195272308e-02
-8.400036965843299050e-03 -1.096727311465889310e-02
-9.781358384670531952e-03 -1.014805167795423783e-02
-1.101666799112916914e-02 -9.233886282090122272e-03
-1.209801089474133590e-02 -8.239392813900507651e-03
-1.301979242588239410e-02 -7.179289712044288271e-03
-1.377867015115435100e-02 -6.068199051063163062e-03
-1.437342410824161629e-02 -4.920466908566127791e-03
-1.480480949699686417e-02 -3.750003735071331511e-03
-1.507539585748219994e-02 -2.570145037989238299e-03
-1.518939651491319973e-02 -1.393532328220188285e-03
-1.515249178610962415e-02 -2.320139617084122224e-04
-1.497164913463885916e-02 9.034347601962148394e-04
-1.465494313851635998e-02 2.002773093571271618e-03
-1.421137780492599291e-02 3.056939000172196729e-03
-1.365071343627790972e-02 4.057877127188370611e-03
-1.298329992911452860e-02 4.998551906247832369e-03
-1.221991807336788964e-02 5.872947132530989545e-03
-1.137163012200247993e-02 6.676053422913485851e-03
-1.044964062039522787e-02 7.403844966100357403e-03
-9.465168224391763349e-03 8.053246966572355156e-03
-8.429328997661298881e-03 8.622095153321480271e-03
-7.353031463346069302e-03 9.109088677022389099e-03
-6.246883491544435313e-03 9.513737657159002103e-03
-5.121110935934868567e-03 9.836306568504073200e-03
-3.985487784717458778e-03 1.007775457525001382e-02
-2.849277467022380723e-03 1.023967383456690118e-02
-1.721184851428334255e-03 1.032422670051382114e-02
-6.093183891770570862e-04 1.033408266727772751e-02
4.788382116294423625e-04 1.027235579810740346e-02
1.536445443704664588e-03 1.014254329466502541e-02
2.557319287174855248e-03 9.948465773351960681e-03
3.535935041869630192e-03 9.694209729285745147e-03
4.467424431260193576e-03 9.384072587713216881e-03
5.347566700498141909e-03 9.022510666135023089e-03
6.172774419980075686e-03 8.614090299461755335e-03
6.940074686453706447e-03 8.163442315244046066e-03
7.647086387610086376e-03 7.675219985714456725e-03
8.291994165433060060e-03 7.154060530113685867e-03
8.873519678304407285e-03 6.604550192219748629e-03
9.390890723698122958e-03 6.031192875533515803e-03
9.843808743037406675e-03 5.438382281514535926e-03
1.023241518899430103e-02 4.830377464725238608e-03
1.055725719271907379e-02 4.211281691363963353e-03
1.081925292695204779e-02 3.585024465927167964e-03
1.101965701911131884e-02 2.955346572489498704e-03
1.116002632812654501e-02 2.325787963462245915e-03
1.124218635922541974e-02 1.699678318017670397e-03
1.126819855418332607e-02 1.080130085615230075e-03
1.124032865861341983e-02 4.700338257698521462e-04
1.116101633444311313e-02 -1.279443463869417603e-04
1.103284615515536492e-02 -7.113633982262701147e-04
1.085852009204208921e-02 -1.278006288491694876e-03
1.064083157368306276e-02 -1.825877329676472375e-03
1.038264117663014255e-02 -2.353198180469429253e-03
1.008685398373137740e-02 -2.858402638491823987e-03
9.756398626686074022e-03 -3.340130395431533620e-03
9.394208012664986493e-03 -3.797219908236190797e-03
9.003201719228279970e-03 -4.228700530655984599e-03
8.586270028936613535e-03 -4.633784040971743526e-03
8.146259563513637975e-03 -5.011855690737279830e-03
7.685960467934691356e-03 -5.362464890787289364e-03
7.208095087093075240e-03 -5.685315641055173168e-03
6.715308071074453308e-03 -5.980256800252361539e-03
6.210157840196628420e-03 -6.247272283547931557e-03
5.695109337065719368e-03 -6.486471266372129812e-03
5.172527990506537582e-03 -6.698078464294859174e-03
4.644674814218761535e-03 -6.882424550574315139e-03
4.113702562749155765e-03 -7.039936765152338301e-03
3.581652866924892389e-03 -7.171129761343758048e-03
3.050454272060429926e-03 -7.276596729919690421e-03
2.521921103342802516e-03 -7.357000833325779733e-03
1.997753084669454289e-03 -7.413066977267871935e-03
1.479535639495919899e-03 -7.445573941126415116e-03
9.687408049635693776e-04 -7.455346883739834632e-03
4.667286931593350729e-04 -7.443250236349608501e-03
-2.525056324428204269e-05 -7.410180990781849511e-03
-5.060544406499667414e-04 -7.357062386570542220e-03
-9.746452857375387767e-04 -7.284837998062246300e-03
-1.430087261075373801e-03 -7.194466219109027852e-03
-1.871543024582178775e-03 -7.086915140723034842e-03
-2.298270188741052128e-03 -6.963157814596195386e-03
-2.709617602222032760e-03 -6.824167893598316777e-03
-3.105021493067990426e-03 -6.670915638721187403e-03
-3.484001509523144621e-03 -6.504364280501066277e-03
-3.846156691238025900e-03 -6.325466721919046319e-03
-4.191161400782496271e-03 -6.135162568945216888e-03
-4.518761242289566493e-03 -5.934375473968748343e-03
-4.828768991402232653e-03 -5.724010777239012596e-03
-5.121060557994874460e-03 -5.504953430774655460e-03
-5.395571000760236539e-03 -5.278066189235808975e-03
-5.652290610289781303e-03 -5.044188052053758670e-03
-5.891261075219286596e-03 -4.804132941419573394e-03
-6.112571743828097010e-03 -4.558688600595933206e-03
-6.316355991754163228e-03 -4.308615697550250215e-03
-6.502787704628110524e-03 -4.054647119055104082e-03
-6.672077882758160189e-03 -3.797487441004701939e-03
-6.824471373737529128e-03 -3.537812560790752799e-03
-6.960243737280761255e-03 -3.276269478612725463e-03
-7.079698245439146158e-03 -3.013476214552713878e-03
-7.183163020311086368e-03 -2.750021849198120306e-03
-7.270988310244788123e-03 -2.486466676017446559e-03
-7.343543904721663157e-03 -2.223342454276940397e-03
-7.401216687297425961e-03 -1.961152751888694395e-03
-7.444408325273819613e-03 -1.700373368217982179e-03
-7.473533094128364911e-03 -1.441452827374570516e-03
-7.489015834242131013e-03 -1.184812933166511876e-03
-7.491290037030619298e-03 -9.308493774916077202e-04
-7.480796057108550154e-03 -6.799323943835664484e-04
-7.457979446811691809e-03 -4.324074525863552156e-04
-7.423289409246753255e-03 -1.885959800344626063e-04
-7.377177365658834328e-03 5.120388591448293142e-05
-7.320095632846575912e-03 2.867165281239449776e-04
-7.252496206179228841e-03 5.176880643463122218e-04
-7.174829643760431003e-03 7.438855516498105863e-04
-7.087544047115578241e-03 9.650961849002126849e-04
-6.991084133852505308e-03 1.181126493147736413e-03
-6.885890397751864844e-03 1.391801537411531094e-03
-6.772398351758980237e-03 1.596964113053891314e-03
-6.651037849390223355e-03 1.796473959434894850e-03
-6.522232480151691179e-03 1.990206979360629493e-03
-6.386399034718466886e-03 2.178054470446479096e-03
-6.243947035675392887e-03 2.359922370277811425e-03
-6.095278329690442462e-03 2.535730516861807622e-03
-5.940786737353889735e-03 2.705411925853092123e-03
-5.780857756688396326e-03 2.868912085405698510e-03
-5.615868316913229588e-03 3.026188269629934233e-03
-5.446186578883468500e-03 3.177208871182684094e-03
-5.272171778978108556e-03 3.321952753303113008e-03
-5.094174113328873987e-03 3.460408621388380741e-03
-4.912534659642298768e-03 3.592574413980273960e-03
-4.727585333902840567e-03 3.718456712591565808e-03
-4.539648879663829052e-03 3.838070169480587400e-03
-4.349038888046408494e-03 3.951436952038160991e-03
-4.156059846989247977e-03 4.058586201760468019e-03
-3.961007218928109044e-03 4.159553504616109176e-03
-3.764167547434377897e-03 4.254380368585704807e-03
-3.565818594454380798e-03 4.343113700565552626e-03
-3.366229513946597182e-03 4.425805272182094241e-03
-3.165661072794957731e-03 4.502511153927756665e-03
-2.964365944057523183e-03 4.573291082102412704e-03
-2.762589130404163353e-03 4.638207686930742417e-03
-2.560568672261166051e-03 4.697325419883722000e-03
-2.358537156581836432e-03 4.750708768007783425e-03
-2.156726516735014889e-03 4.798418609735424084e-03
-1.955396944046441585e-03 4.840512662553263061e-03
-1.754778803312043427e-03 4.877127499876868395e-03
-1.555069252611107665e-03 4.908380540110389087e-03
-1.356455098196853977e-03 4.934382686099296478e-03
-1.159115242123155134e-03 4.955242894002649147e-03
-9.632213134949602421e-04 4.971069784933427119e-03
-7.689379725581810439e-04 4.981972319314856117e-03
-5.764231260147834133e-04 4.988060102074871882e-03
-3.858281095479034698e-04 4.989443519291959783e-03
-1.972978535829319081e-04 4.986233791467382589e-03
-1.097103730517308418e-05 4.978542983673841030e-03
1.730197680233902784e-04 4.966483994174302613e-03
3.545479668182068521e-04 4.950170533831938120e-03
5.334928194817495969e-04 4.929717104321429226e-03
7.097393362000459140e-04 4.905238977813638351e-03
8.831781872614178318e-04 4.876852183520430720e-03
1.053705631390580710e-03 4.844673501726293185e-03
1.221223465852685651e-03 4.808820467929211112e-03
1.385639001277038079e-03 4.769411387733389976e-03
1.546865065970444951e-03 4.726565364374752005e-03
1.704820044085739303e-03 4.680402338856479508e-03
1.859427954849501418e-03 4.631043144968097040e-03
2.010618580039995676e-03 4.578609579734709868e-03
2.158327648150347011e-03 4.523224488967757945e-03
2.302497088701418310e-03 4.465011871168732271e-03
2.443075368445282378e-03 4.404096997836396549e-03
2.580017929058021908e-03 4.340606553117997909e-03
2.713287745961209460e-03 4.274668790479472374e-03
2.842856038295944916e-03 4.206413708408560971e-03
2.968703161344170716e-03 4.135973241607786115e-03
3.090819726288070342e-03 4.063481465607247933e-03
3.209208002470738744e-03 3.989074810288764476e-03
3.323883669386745385e-03 3.912892271886379142e-03
3.434878009840348304e-03 3.835075611754280335e-03
3.542240660729668780e-03 3.755769521353806428e-03
3.646043066964192291e-03 3.675121719306425998e-03
3.746382838978920549e-03 3.593282934842512155e-03
3.843389265879022364e-03 3.510406703748140695e-03
3.937230328715572887e-03 3.426648867575563060e-03
4.028121673524721197e-03 3.342166611763253484e-03
4.116338148896809580e-03 3.257116789596335368e-03
4.202228755922051209e-03 3.171653152045477743e-03
4.286236149388297431e-03 3.085921893024972263e-03
4.368922294148154528e-03 3.000054595350905556e-03
4.451002500701739528e-03 2.914157138754084296e-03
4.533390986314713052e-03 2.828292280209422551e-03
4.617262478288914132e-03 2.742452196035382195e-03
4.704136342556809562e-03 2.656514890068482904e-03
4.795992595445549428e-03 2.570174256164754062e-03
4.895433498142027877e-03 2.482826298133461972e-03
5.005910436234389457e-03 2.393380933141484729e-03
5.132044117866041248e-03 2.299944540343947050e-03
5.280075948179359206e-03 2.199272320945837994e-03
5.458494852042987747e-03 2.085799758511881503e-03
5.678868445230491474e-03 1.949882853934287869e-03
5.956806441529732300e-03 1.774510856043902624e-03
6.312588516270358982e-03 1.529004805284293715e-03
6.769616629376359190e-03 1.156722794051436368e-03
7.344294269804843740e-03 5.512097868173898747e-04
8.006248185982429641e-03 -4.867045020987923604e-04
8.544180233867840202e-03 -2.302338568410264297e-03
8.180227495346067967e-03 -5.307045554193434017e-03
4.918992293826029115e-03 -8.978761527123582664e-03
-2.508440621026691245e-03 -8.439081286011512403e-03
-3.155100906280548963e-03 -5.688255949658133949e-04
-2.664424574919238391e-03 1.743641903716122319e-04
-6.588174822250198945e-03 8.038010548218186072e-03
5.377875825886083323e-03 1.618177890636832844e-02
1.490347352492383919e-02 1.154897503669504409e-02
1.735224011958934331e-02 5.396551966704888313e-03
1.671225013146506594e-02 1.294622701051054928e-03
1.528316650287478255e-02 -1.041984951708560189e-03
1.384909648913713529e-02 -2.318638048918061911e-03
1.260498105305381950e-02 -3.010219844349783409e-03
1.156392093960495124e-02 -3.383450973838104427e-03
1.069422733184284893e-02 -3.582439116089875322e-03
9.960149750306328958e-03 -3.685354612309165237e-03
9.331937962678447593e-03 -3.735380512620315938e-03
8.786885591753961292e-03 -3.756894276697228269e-03
8.308121643501144640e-03 -3.763936406817972383e-03
7.883142532053853332e-03 -3.764718711993531638e-03
7.502588098700225215e-03 -3.764078879889190283e-03
7.159323857409365284e-03 -3.764848174223859624e-03
6.847778445078805086e-03 -3.768629994304391329e-03
6.563470670637528218e-03 -3.776250924834767021e-03
6.302671340610840889e-03 -3.788025087392443528e-03
6.062159082165584356e-03 -3.803909378577528116e-03
5.839041382901741239e-03 -3.823593266276773331e-03
5.630620838746616674e-03 -3.846548222262843961e-03
5.434292730546206283e-03 -3.872051462640053489e-03
5.247464400773096428e-03 -3.899192696231875647e-03
5.067489851383704530e-03 -3.926869117931003003e-03
4.891615011855450848e-03 -3.953771842779616082e-03
4.716930638803001202e-03 -3.978365773579174008e-03
4.540330889041479731e-03 -3.998864206844084807e-03
4.358476430087605304e-03 -4.013199094747546027e-03
4.167761598256745220e-03 -4.018987700815686639e-03
3.964285621578658887e-03 -4.013496284109636936e-03
3.743828108896176191e-03 -3.993601259011564202e-03
3.501828564885161449e-03 -3.955747527446359935e-03
3.233367168843994353e-03 -3.895900650767452830e-03
2.933134357534201465e-03 -3.809475772923918546e-03
2.595339990607155659e-03 -3.691135305455223951e-03
2.214188891914444825e-03 -3.533246683637587815e-03
1.785758149361563619e-03 -3.329686007207731044e-03
1.305804788455863135e-03 -3.074335715832396485e-03
7.703974606575567270e-04 -2.760973290497631925e-03
1.763531678272169372e-04 -2.383472583250390454e-03
-4.782841665595414854e-04 -1.936120853543490819e-03
-1.193662613647436532e-03 -1.414059420287419079e-03
-1.967409260841133673e-03 -8.138721166517984534e-04
-2.793767188992815273e-03 -1.343482598237447220e-04
-3.662575196472262450e-03 6.225555979711327927e-04
-4.558099651782851133e-03 1.450539272302212718e-03
-5.457754205951066521e-03 2.337569358222976734e-03
-6.330783428009818976e-03 3.264308359395914558e-03
-7.137045397268890375e-03 4.202443393327469703e-03
-7.826110476248827538e-03 5.113068992322968714e-03
-8.337002238686276948e-03 5.945383073124242169e-03
-8.599041523206996801e-03 6.636094828433660581e-03
-8.534407798765665520e-03 7.110116760996798221e-03
-8.063181265109665985e-03 7.283307254495245339e-03
-7.111728654733482161e-03 7.068210556195306075e-03
-5.625264197419196921e-03 6.383838666894186761e-03
-3.585124611685440443e-03 5.170434120569955723e-03
-1.030556016388029352e-03 3.409657629612961992e-03
1.916615237205677178e-03 1.149504868720558140e-03
5.028405467560692968e-03 -1.468820485012910498e-03
7.955560436142839267e-03 -4.188092307788583712e-03
1.023246546983153961e-02 -6.626661340038768680e-03
1.131760246464480479e-02 -8.299491608089955980e-03
1.068645453309617285e-02 -8.686577230071410721e-03
7.988316353028254713e-03 -7.363829727866396183e-03
3.260146269496856479e-03 -4.196759464262149984e-03
-2.846720909104315331e-03 4.361988801852313951e-04
-8.928365801533742763e-03 5.478506836759169073e-03
-1.294206947775299391e-02 9.239747299905237340e-03
-1.275718344485124098e-02 9.830521530685587539e-03
-7.224379850179180051e-03 6.083610311064411788e-03
2.483938667020105153e-03 -1.243084680381970801e-03
1.211116440212057881e-02 -8.741497070560107219e-03
1.542694647758227622e-02 -1.129493205386261634e-02
