-1.159632379963821324e-03 -2.355724910284889471e-04
-1.156580176764055150e-03 -2.350188222279236646e-04
-1.147755166241551210e-03 -2.331025845067307280e-04
-1.133116755591005330e-03 -2.298097945128688613e-04
-1.112814067228238765e-03 -2.251594994967003526e-04
-1.087463623814094232e-03 -2.192795457493890523e-04
-1.057493464081173291e-03 -2.122649707172270177e-04
-1.023268049963038185e-03 -2.042007614127480403e-04
-9.851240098731305073e-04 -1.951681571368558130e-04
-9.433839821249138426e-04 -1.852469743849586995e-04
-8.983626339358124699e-04 -1.745165124288266330e-04
-8.503692911385470976e-04 -1.630558443098291941e-04
-7.997089220440242426e-04 -1.509438113078459998e-04
-7.466822662281869883e-04 -1.382588664197445332e-04
-6.915855051288376156e-04 -1.250788406705780564e-04
-6.347096892325650207e-04 -1.114806726825387777e-04
-5.763400449408943773e-04 -9.754012495939575432e-05
-5.167552347906511495e-04 -8.333150110101513949e-05
-4.562266165352392628e-04 -6.892737282446984980e-05
-3.950175297506154475e-04 -5.439832242483381731e-05
-3.333826281385503568e-04 -3.981270424915069950e-05
-2.715672689230333751e-04 -2.523642739527753189e-05
-2.098069662171619064e-04 -1.073276091456908698e-05
-1.483269121417114486e-04 3.637837861752891316e-06
-8.734156730527391373e-05 1.781787173060466194e-05
-2.705432070321045013e-05 3.175292897191260924e-05
3.234278203699597544e-05 4.539178613033168196e-05
9.066924396102462214e-05 5.868648890682113558e-05
1.477562581450600151e-04 7.159241199791210647e-05
2.034467880520138391e-04 8.406829883894182830e-05
2.575955901516815950e-04 9.607628229589948562e-05
3.100691822918817870e-04 1.075818874151212711e-04
3.607457614550174641e-04 1.185540173850822962e-04
4.095150746178016278e-04 1.289649238927030313e-04
4.562782464689936089e-04 1.387901630713068556e-04
5.009475677353195447e-04 1.480085382400255032e-04
5.434462478251219156e-04 1.566020306266084974e-04
5.837081354344266426e-04 1.645557192494921444e-04
6.216774106716313085e-04 1.718576911115998111e-04
6.573082521489809508e-04 1.784989428282358101e-04
6.905644823666011543e-04 1.844732747763776974e-04
7.214191945799321897e-04 1.897771788130579165e-04
7.498543641968035680e-04 1.944097205673307803e-04
7.758604475997354488e-04 1.983724172643630535e-04
7.994359711320347386e-04 2.016691119918643735e-04
8.205871128255632458e-04 2.043058452690642182e-04
8.393272792861556806e-04 2.062907247273503214e-04
8.556766799906721527e-04 2.076337936601443143e-04
8.696619010872746547e-04 2.083468991474237125e-04
8.813154806302628307e-04 2.084435604087112677e-04
8.906754870235713802e-04 2.079388379868476783e-04
8.977851022926764020e-04 2.068492043146183087e-04
9.026922116548579973e-04 2.051924161665884781e-04
9.054490007126418704e-04 2.029873894506126685e-04
9.061115614547883947e-04 2.002540767464512054e-04
9.047395081145572643e-04 1.970133479541653237e-04
9.013956038064909566e-04 1.932868743714691144e-04
8.961453987400774075e-04 1.890970164776996257e-04
8.890568806925245975e-04 1.844667156628392577e-04
8.802001383121028011e-04 1.794193901022953538e-04
8.696470377206116584e-04 1.739788349427891765e-04
8.574709127857976180e-04 1.681691269315060185e-04
8.437462693437518734e-04 1.620145335891619884e-04
8.285485035667032247e-04 1.555394269987566682e-04
8.119536345936632319e-04 1.487682022545219643e-04
7.940380514683112239e-04 1.417252005905521328e-04
7.748782743626075062e-04 1.344346371853703110e-04
7.545507300041410029e-04 1.269205336180502302e-04
7.331315411699283529e-04 1.192066549317794872e-04
7.106963300591215543e-04 1.113164512434783364e-04
6.873200353131096946e-04 1.032730038225098529e-04
6.630767424116868879e-04 9.509897554769217826e-05
6.380395271380899817e-04 8.681656563897301464e-05
6.122803117758423251e-04 7.844746854991393157e-05
5.858697336734680454e-04 7.001283689742304576e-05
5.588770257899449909e-04 6.153324829709708437e-05
5.313699088155600945e-04 5.302867596588879435e-05
5.034144944474531298e-04 4.451846294880295311e-05
4.750751993856877978e-04 3.602129982101871293e-05
4.464146696071634034e-04 2.755520571423776831e-05
4.174937144687247519e-04 1.913751251366957543e-05
3.883712501854313308e-04 1.078485207028911930e-05
3.591042522286736665e-04 2.513146272452457741e-06
3.297477161900539029e-04 -5.662400178512558057e-06
3.003546266588504260e-04 -1.372730444358424688e-05
2.709759336642288976e-04 -2.166780782576590010e-05
2.416605362396975168e-04 -2.947087580548753393e-05
2.124552726749453244e-04 -3.712419598051575715e-05
1.834049170278200479e-04 -4.461617405606273609e-05
1.545521814783622520e-04 -5.193592802794285985e-05
1.259377241175114602e-04 -5.907328069744886102e-05
9.760016177499713976e-05 -6.601875065272018960e-05
6.957608750166491642e-05 -7.276354184727217749e-05
4.190009233460062688e-05 -7.929953190190422278e-05
1.460479098622728312e-05 -8.561925925147813570e-05
-1.227914888867279254e-05 -9.171590925356126278e-05
-3.872297417924212999e-05 -9.758329937079881188e-05
-6.469981087646436144e-05 -1.032158635340544775e-04
-9.018462600774453228e-05 -1.086086357887996469e-04
-1.151541872378119272e-04 -1.137572333217377462e-04
-1.395870204125831265e-04 -1.186578389599864016e-04
-1.634633653089770280e-04 -1.233071832302710881e-04
-1.867651298391522115e-04 -1.277025260606969481e-04
-2.094758429447409549e-04 -1.318416382026654928e-04
-2.315806064035566569e-04 -1.357227824462458557e-04
-2.530660457573125229e-04 -1.393446946972397966e-04
-2.739202605569213416e-04 -1.427065649799081932e-04
-2.941327741091404589e-04 -1.458080184250061604e-04
-3.136944828965442531e-04 -1.486490962983345605e-04
-3.325976058304743973e-04 -1.512302371209953112e-04
-3.508356334858002998e-04 -1.535522579286096733e-04
-3.684032774549784290e-04 -1.556163357127994063e-04
-3.852964199488193497e-04 -1.574239890845321999e-04
-4.015120637604876943e-04 -1.589770601956613685e-04
-4.170482826996663520e-04 -1.602776969511016591e-04
-4.319041725951624361e-04 -1.613283355414190561e-04
-4.460798029545744625e-04 -1.621316833220292329e-04
-4.595761693609947979e-04 -1.626907020626254042e-04
-4.723951466787671338e-04 -1.630085915873303606e-04
-4.845394431340663104e-04 -1.630887738239967773e-04
-4.960125553257142264e-04 -1.629348772779529956e-04
-5.068187242170205803e-04 -1.625507219434367209e-04
-5.169628921531413358e-04 -1.619403046638746521e-04
-5.264506609407771818e-04 -1.611077849501382688e-04
-5.352882510216746669e-04 -1.600574712634794824e-04
-5.434824617669884415e-04 -1.587938077687044191e-04
-5.510406329133795116e-04 -1.573213615611908248e-04
-5.579706071578501188e-04 -1.556448103695714982e-04
-5.642806939222571238e-04 -1.537689307352147654e-04
-5.699796342972308135e-04 -1.516985866672898857e-04
-5.750765671683771450e-04 -1.494387187719493774e-04
-5.795809965261499060e-04 -1.469943338526504765e-04
-5.835027599570935227e-04 -1.443704949775128363e-04
-5.868519983105376396e-04 -1.415723120091625037e-04
-5.896391265329812333e-04 -1.386049325911914898e-04
-5.918748056598127812e-04 -1.354735335851628658e-04
-5.935699159516726444e-04 -1.321833129512740444e-04
-5.947355311601253136e-04 -1.287394820647355166e-04
-5.953828939077105342e-04 -1.251472584605793680e-04
-5.955233921625871637e-04 -1.214118589984097905e-04
-5.951685367904614504e-04 -1.175384934381435743e-04
-5.943299401616328930e-04 -1.135323584184674551e-04
-5.930192957932424068e-04 -1.093986318284890765e-04
-5.912483590039946651e-04 -1.051424675635040992e-04
-5.890289285582243559e-04 -1.007689906565050928e-04
-5.863728292776361874e-04 -9.628329277446635902e-05
-5.832918955950961272e-04 -9.169042807223844811e-05
-5.797979560296142578e-04 -8.699540939348555935e-05
-5.759028185568075033e-04 -8.220320481060390018e-05
-5.716182568532754936e-04 -7.731873449441821543e-05
-5.669559973908754654e-04 -7.234686790602790421e-05
-5.619277073590488733e-04 -6.729242130141997139e-05
-5.565449833944674908e-04 -6.216015554117942476e-05
-5.508193410960074768e-04 -5.695477419940958856e-05
-5.447622053059643539e-04 -5.168092196266523594e-05
-5.383849011413040881e-04 -4.634318331207577812e-05
-5.316986457532194964e-04 -4.094608148559355208e-05
-5.247145408056882272e-04 -3.549407770971918253e-05
-5.174435656574822521e-04 -2.999157069928138248e-05
-5.098965712350581958e-04 -2.444289641924886255e-05
-5.020842745938973971e-04 -1.885232810198422950e-05
-4.940172541561296512e-04 -1.322407652226136081e-05
-4.857059456311973284e-04 -7.562290516337589542e-06
-4.771606386168805876e-04 -1.871057753496900154e-06
-4.683914738877730660e-04 3.845594251712109574e-06
-4.594084413894384709e-04 9.583696884705127355e-06
-4.502213789526757150e-04 1.533933893515355027e-05
-4.408399717567086282e-04 2.110866486918579451e-05
-4.312737525759129131e-04 2.688787286587535500e-05
-4.215321028546275542e-04 3.267321262620336399e-05
-4.116242546676976031e-04 3.846098296093974315e-05
-4.015592936407223149e-04 4.424752916170953884e-05
-3.913461629091906304e-04 5.002924017540002664e-05
-3.809936682367065183e-04 5.580254559151918682e-05
-3.705104844052941986e-04 6.156391246964589611e-05
-3.599051630506111435e-04 6.730984203896259275e-05
-3.491861421297077703e-04 7.303686632661668269e-05
-3.383617572520225569e-04 7.874154477349954231e-05
-3.274402551526954357e-04 8.442046092761699180e-05
-3.164298096510776434e-04 9.007021935643577627e-05
-3.053385405145745009e-04 9.568744295155886235e-05
-2.941745356983677920e-04 1.012687708681534154e-04
-2.829458776023365007e-04 1.068108574547301187e-04
-2.716606740359845361e-04 1.123103726371090362e-04
-2.603270947876902596e-04 1.177640044575485807e-04
-2.489534148278922513e-04 1.231684646591483406e-04
-2.375480653944137032e-04 1.285204986711245990e-04
-2.261196943860932431e-04 1.338169018092501131e-04
-2.146772376786615063e-04 1.390545443506543966e-04
-2.032300030476360273e-04 1.442304091883629008e-04
-1.917877683226928878e-04 1.493416473096168158e-04
-1.803608947122306962e-04 1.543856585635261340e-04
-1.689604548807542746e-04 1.593602080825150236e-04
-1.575983720991929338e-04 1.642635923828605882e-04
-1.462875607252212093e-04 1.690948734007336580e-04
-1.350420472394239736e-04 1.738542016278247940e-04
-1.238770336955135221e-04 1.785432478270449928e-04
-1.128088414352851582e-04 1.831657490202990982e-04
-1.018546512341693107e-04 1.877281376192771283e-04
-9.103195816458856809e-05 1.922401578250352563e-04
-8.035772056760341815e-05 1.967153002995006283e-04
-6.984731221947344392e-05 2.011708679209504413e-04
-5.951351656055830255e-05 2.056275876760528694e-04
-4.936581322403187615e-05 2.101088712747290420e-04
-3.941006817206647937e-05 2.146399587235586336e-04
-2.964856859320050210e-05 2.192471623483100850e-04
-2.008025811734164931e-05 2.239573192745983744e-04
-1.070103861107365978e-05 2.287974577734693167e-04
-1.504053759643371712e-06 2.337946335501937302e-04
7.520084419082939480e-06 2.389758827671877397e-04
1.638313740804367224e-05 2.443682481302410876e-04
2.509914807986647191e-05 2.499988481152406084e-04
3.368440772190339717e-05 2.558949701437883829e-04
4.215747524061226755e-05 2.620841762454611981e-04
5.053924250418211181e-05 2.685944150657333402e-04
5.885304192000651545e-05 2.754541364217942805e-04
6.712479414840189526e-05 2.826924069770070228e-04
7.538319500085860665e-05 2.903390261279126857e-04
8.365994281127102307e-05 2.984246416900873927e-04
9.199000792883096401e-05 3.069808654297029901e-04
1.004119480687603368e-04 3.160403879136247413e-04
1.089682737818559280e-04 3.256370925699125503e-04
1.177058699601154194e-04 3.358061679744227452e-04
1.266764802874208824e-04 3.465842174041731017e-04
1.359372631276682100e-04 3.580093638765222369e-04
1.455514290051840819e-04 3.701213483749719933e-04
1.555889715375682381e-04 3.829616178192360595e-04
1.661275057288333942e-04 3.965733986059430112e-04
1.772532301576131475e-04 4.110017495708578883e-04
1.890620321539020589e-04 4.262935869168304635e-04
2.016607588635024092e-04 4.424976709527488473e-04
2.151686801456593134e-04 4.596645419721822842e-04
2.297191746431630774e-04 4.778463879413409219e-04
2.454616750895981421e-04 4.970968230053659370e-04
2.625639155915743999e-04 5.174705488126321844e-04
2.812145301365154781e-04 5.390228630374624625e-04
3.016260607942363326e-04 5.618089693478973187e-04
3.240384435209801590e-04 5.858830300728925687e-04
3.487230505642811710e-04 6.112968862442681815e-04
3.759873818125745483e-04 6.380983480647364585e-04
4.061805115503327101e-04 6.663289314126699669e-04
4.396994143768426190e-04 6.960208801438921150e-04
4.769963107495695616e-04 7.271932679367228321e-04
5.185871932174406776e-04 7.598469142291510445e-04
5.650617127895316656e-04 7.939577709497737217e-04
6.170946244795089001e-04 8.294683373501317509e-04
6.754590050465454285e-04 8.662765302434134382e-04
7.410414642721775691e-04 9.042212684530022068e-04
8.148595630062271684e-04 9.430638110411840346e-04
8.980816228375872873e-04 9.824636059930973251e-04
9.920490388825376534e-04 1.021947035049148526e-03
1.098301076650491604e-03 1.060866965821033762e-03
1.218601899690453143e-03 1.098350402165173666e-03
1.354969190346439704e-03 1.133230733579177266e-03
1.509703105133132928e-03 1.163960067488118300e-03
1.685413330683784581e-03 1.188495846517899747e-03
1.885040497647620531e-03 1.204154346129289108e-03
2.111865892834370768e-03 1.207421681875080243e-03
2.369499904350564658e-03 1.193710618638953169e-03
2.661834356069306060e-03 1.157048826517500639e-03
2.992936018745036200e-03 1.089681483206610254e-03
3.366846937950583683e-03 9.815687654458941057e-04
3.787240153118127430e-03 8.197578285549533307e-04
4.256854668661894971e-03 5.876112559320026234e-04
4.776598280287583896e-03 2.638832473231607790e-04
5.344157661555101919e-03 -1.783427680062565262e-04
5.951888542400834980e-03 -7.727950367885469841e-04
6.583673055004933723e-03 -1.561084471017523505e-03
7.210329868270608754e-03 -2.593397651620762013e-03
7.783062228450779441e-03 -3.928227156655214256e-03
8.224375191798902196e-03 -5.630093773661784887e-03
8.415990784028900759e-03 -7.763480368443766502e-03
8.183754886716607807e-03 -1.038008947068155483e-02
7.280775554265069352e-03 -1.349500350041428140e-02
5.372787006562631043e-03 -1.704551234739581575e-02
2.035148325645616887e-03 -2.082497251016754078e-02
-3.219528464523884782e-03 -2.438504279569911337e-02
-1.084920466242023269e-02 -2.690751424546957565e-02
-2.107312806103606509e-02 -2.707048283126213192e-02
-3.348100867847763479e-02 -2.298661779982578632e-02
-4.642276936800079912e-02 -1.238752314099799551e-02
-5.627487382682480610e-02 6.642184894415792060e-03
-5.702589945510116304e-02 3.401141056634062604e-02
-4.123447154731877534e-02 6.497244975714358550e-02
-3.958099692236096215e-03 8.758995468922456396e-02
4.958738375783819374e-02 8.386366607889292335e-02
9.649254309432916954e-02 3.998689634953368766e-02
1.010576192416372809e-01 -3.364103291241862803e-02
4.511508785719160752e-02 -9.078984450969752873e-02
-3.432345498499538711e-02 -8.092855386593762745e-02
-6.542054459707515035e-02 -1.607205640492255505e-02
-3.276775185477244501e-02 2.954082406026607363e-02
3.469783276561936268e-03 2.374191600209613409e-02
9.459928661273863185e-03 5.006962015491014939e-03
3.697965929073822756e-03 -1.373812541684330500e-03
6.066471650996730627e-04 -1.068579156264239669e-03
-1.718190128650846243e-07 -3.326135184878057445e-04
-2.687168956253179755e-05 -7.243953160331405132e-05
-2.163596767044391881e-05 3.957608586121328615e-06
-6.773099348160328945e-05 8.449305229796857377e-05
-2.094735153433791952e-04 4.161114318785390492e-04
-1.140794561424672256e-04 1.841447557598480372e-03
3.401287947129920733e-03 5.609175260182872741e-03
1.954846501489061750e-02 4.901412225431540579e-03
4.067091988673109809e-02 -3.204869852291999249e-02
-1.012344865490533846e-02 -1.084459257594470455e-01
-1.680058612209420488e-01 -8.187896859077500866e-02
-2.275925192240454975e-01 1.385677024627945675e-01
-2.683802099144470127e-02 3.252991969415121032e-01
2.513294353370420509e-01 2.520235889282942954e-01
3.560347454841050197e-01 0.000000000000000000e+00
2.537983633716971998e-01 -2.178554052444061084e-01
6.685686782457361810e-02 -2.928716023539300606e-01
-8.878984400295455992e-02 -2.458588526280192921e-01
-1.683940799694327028e-01 -1.455404149269848291e-01
-1.807986273969328095e-01 -4.702198271097637883e-02
-1.535141755978197131e-01 2.421551816596399440e-02
-1.113189806824770173e-01 6.451268649807241629e-02
-6.963207908420192271e-02 8.032986956255197541e-02
-3.550323120431543578e-02 8.035933197178596332e-02
-1.067962732557573360e-02 7.193069557605784314e-02
5.719904149466072812e-03 6.007908833374315388e-02
1.550839002597107635e-02 4.779675796754480344e-02
2.055632022734806691e-02 3.661620999468939014e-02
2.243479867782217571e-02 2.715622531936041917e-02
2.233069577193899646e-02 1.952319361670324174e-02
2.108116268794177350e-02 1.357027649639868001e-02
1.924655104481299769e-02 9.049750480585915316e-03
1.718467575775235734e-02 5.694921361464874016e-03
1.511271421705115588e-02 3.259446822817376778e-03
1.315401315959304103e-02 1.532694463036688663e-03
1.137146930414219444e-02 3.426114637066404039e-04
9.790396326162976656e-03 -4.472554012832447240e-04
8.413711996265556964e-03 -9.429700630372164034e-04
7.231757226287599885e-03 -1.225806941704264989e-03
6.228477263539667144e-03 -1.357396502252448695e-03
5.385195893636221184e-03 -1.384103737276994039e-03
4.682829318886612760e-03 -1.340591456068290256e-03
4.103108291267701206e-03 -1.252638871919019119e-03
3.629183150709230053e-03 -1.139328403786241855e-03
3.245854732352965004e-03 -1.014718515738070046e-03
2.939586398777735334e-03 -8.891088064114497681e-04
2.698395014278560673e-03 -7.699861390051260506e-04
2.511681906992627687e-03 -6.627225969716974731e-04
2.370042197258729905e-03 -5.710797735579375934e-04
2.265078197608976721e-03 -4.975604354308458665e-04
2.189237433154877111e-03 -4.436391993010035560e-04
2.135695808497480724e-03 -4.099008881579032770e-04
2.098306122222992880e-03 -3.961222494441174339e-04
2.071619105728653067e-03 -4.013485967507791018e-04
2.050946517714597860e-03 -4.240218993228321446e-04
2.032395164037532898e-03 -4.621782127505399420e-04
2.012813942885201355e-03 -5.136649534552720307e-04
1.989662729026956973e-03 -5.763072278872239263e-04
1.960855465130866612e-03 -6.479940143831404474e-04
1.924620642889677841e-03 -7.266985939050267344e-04
1.879395934296652264e-03 -8.104603648972613216e-04
1.823756911758412855e-03 -8.973492174324537458e-04
1.756374206800613959e-03 -9.854248720621229703e-04
1.675993391494804861e-03 -1.072697601183355545e-03
1.581433426000126811e-03 -1.157093648818548247e-03
1.471601137394544208e-03 -1.236427374702779016e-03
1.345520455582535461e-03 -1.308381833694620454e-03
1.202375994039917104e-03 -1.370499675954324047e-03
1.041571084692187107e-03 -1.420186665551105695e-03
8.628005987783303509e-04 -1.454730633267757242e-03
6.661388253903935495e-04 -1.471339213567708550e-03
4.521423165431280220e-04 -1.467200192356007526e-03
2.219668969654426847e-04 -1.439568619346134936e-03
-2.250309166928499431e-05 -1.385884899277731478e-03
-2.785168729015385686e-04 -1.303927711526093767e-03
-5.423164353408012122e-04 -1.192004611879004042e-03
-8.090015617270436251e-04 -1.049181284378346117e-03
-1.072413081763456174e-03 -8.755473261457201971e-04
-1.325051207553736834e-03 -6.725118179173133993e-04
-1.558050984000600245e-03 -4.431154108855828297e-04
-1.761242542780996467e-03 -1.923369593979108705e-04
-1.923329531480570155e-03 7.263826820646826997e-05
-2.032224009154327046e-03 3.422348497929156861e-04
-2.075579018173557850e-03 6.044483788034540417e-04
-2.041559146536153953e-03 8.450260276239555555e-04
-1.919882191066464875e-03 1.047951798688098388e-03
-1.703148299239090353e-03 1.196324793674914764e-03
-1.388442846245799929e-03 1.273707617389685173e-03
-9.791516309509960304e-04 1.265988122748320415e-03
-4.868580188493500929e-04 1.163731266657565917e-03
6.690053599695536994e-05 9.648893344433134541e-04
6.493526093081082671e-04 6.775822963805006862e-04
1.216151165671890220e-03 3.224590234897757547e-04
1.712548941923279977e-03 -6.607426912391375137e-05
2.076741484881584106e-03 -4.406699383582894864e-04
2.245996950844993123e-03 -7.448933203540527995e-04
2.165975737083461646e-03 -9.209432208628178570e-04
1.803143192710494587e-03 -9.214822556680545961e-04
1.159296807672256313e-03 -7.246582053416546904e-04
2.859125040244917763e-04 -3.495926791096529759e-04
-7.056551260793282035e-04 1.326428991890437074e-04
-1.643640864152626007e-03 5.995729361162152908e-04
-2.316965511292587952e-03 8.987436376188808959e-04
-2.514556479604354317e-03 8.910838116495335866e-04
