-7.988450020799106599e-03 -4.744828679885748808e-03
-3.411611745270783612e-03 -3.179101188906518615e-03
2.787673128151637149e-04 -8.431813991848600021e-04
6.658452631467491611e-04 -3.090818610835077240e-05
7.028835383131474884e-04 5.014022504322800783e-05
2.719937892980287767e-03 -8.452180079035584610e-05
2.042252775070012294e-02 -8.751691394244975886e-03
9.654370492232552392e-01 0.000000000000000000e+00
2.427769267920137364e-01 -1.496358449371635452e-02
6.617170199849449486e-02 3.111463901611589283e-03
2.782911768484225279e-02 9.665400000888956650e-03
2.491490657693684260e-02 3.406763713385433344e-03
1.791710585257325766e-02 -1.417326097527367781e-02
-6.739075248535679637e-03 -1.958056893223270381e-02
-1.891114326657522549e-02 4.240509471877693982e-03
6.945459812076731562e-03 1.589605824915061444e-02
1.171275889257007360e-02 -9.709173984189417225e-03
-1.414502861585710189e-02 -3.035196586087094209e-03
8.202120838064839992e-03 7.957417740962429917e-03
-2.815937108389309808e-03 -6.558539202610006412e-03
3.573453584638852177e-04 3.755613936234910005e-03
3.057359441543550257e-04 -1.687544560315625084e-03
-2.488176261355993417e-04 6.400099191992317900e-04
1.477241182117067101e-04 -2.033462732317877007e-04
-6.543050178850117404e-05 6.528548714684033211e-05
2.899895203516517593e-05 -2.809566428764828677e-05
-7.639364121706753965e-06 1.065626034784974704e-05
8.806327198421477298e-06 -5.930632487399839597e-06
-4.419039231011085193e-06 1.303462267761531659e-06
3.289194034812946597e-06 1.989212311070497098e-06
-5.253514255643828804e-07 7.361416162007526435e-07
2.636383547444691029e-06 -1.659304154340638081e-06
-2.909414409735037943e-06 6.797859029808332743e-07
1.475782216539598940e-06 -8.507484102037499844e-08
9.211632182502462472e-08 7.286309445957889364e-09
3.671713183796946301e-07 1.054140910264309280e-07
3.596848425376068257e-07 1.405887957165951011e-08
1.784191571296405546e-07 5.340075243880112019e-08
1.796185800126347144e-07 -4.050445101142284620e-09
2.158624366709853789e-07 -1.209430346391786363e-08
9.063718907639602267e-08 -3.466387970210229767e-08
1.381184891643603577e-07 5.006082139292865798e-09
1.044676062401352894e-07 3.665110303548495459e-08
4.567932910566043561e-08 -1.334454531864765900e-08
7.863251215187850327e-08 2.387928794467384351e-08
6.986004175423532103e-08 1.063473518607617850e-08
7.378307692102898195e-08 -2.386062222543362642e-08
3.544608964293022447e-08 -1.462815403983777416e-09
2.724025464794043973e-08 6.740645010996328899e-09
5.227726642221578600e-08 2.029237213141311863e-08
2.504254752063291295e-08 1.234310774029971799e-09
2.623643171053294845e-08 -1.400658141468377261e-08
3.436001193975203057e-08 1.381522025932453228e-09
1.788983771407086129e-08 1.620260749057382546e-08
7.953059729243221219e-09 -9.525863886819029167e-09
2.916416752864356831e-08 -8.229840383551862910e-10
6.087158485846203772e-09 -8.607282895453052457e-09
6.777941075984316181e-09 7.664869479590498842e-09
1.342944278440515023e-08 7.497954703818759527e-09
1.614749868683265520e-08 -4.981024120366613045e-09
1.711363498301594025e-08 -4.641689110354098123e-09
-1.326095275728351993e-08 9.214520029787807153e-09
2.015467981287852185e-08 -1.579894896427216850e-08
3.385889564645231960e-09 1.566140720348713325e-08
1.395641920001054058e-08 -1.203118790776255471e-08
-2.084664879848585768e-09 6.695432528275429967e-09
1.100754962386534062e-08 -2.375252585701364662e-09
-3.218319800886062375e-10 2.947628496982606966e-10
6.931873822006212040e-09 1.629937949395855846e-09
2.274478111179676439e-09 -2.062697320628557978e-09
3.106987876387042906e-09 2.207182413805814577e-09
4.135882445875257616e-09 -1.212496958683721764e-09
1.102314754538782575e-09 4.382316623779040656e-10
3.726463186462473929e-09 5.836514061489632789e-10
1.537971134983085195e-09 -6.849695485388538192e-10
2.013221689073486663e-09 8.225836667720373418e-10
2.336206193175258023e-09 -2.853909483517160468e-10
1.044982106309283614e-09 -9.907122078248911035e-11
2.165678549253844483e-09 5.402846530236543526e-10
1.335809475300950020e-09 -3.923563795369315561e-10
9.192048234806152924e-10 1.568994084207088060e-10
1.807918866188671060e-09 3.723212947575486494e-10
8.026536183639349868e-10 -4.108570140567370019e-10
1.008872491464330313e-09 1.605620824313289998e-10
1.374929805914518464e-09 2.674840413228590781e-10
5.405590679344026618e-10 -2.872631549483810256e-10
9.160134790841845204e-10 1.181937784019011110e-10
1.133055567943293708e-09 2.735486444384619413e-10
4.867928678849584164e-10 -2.590832472422971947e-10
7.087437540899577614e-10 5.647167830833171470e-11
9.008338400902402601e-10 2.332821273993718870e-10
5.058565279288328027e-10 -2.149395140517588626e-10
6.052488479243855699e-10 7.554874787105517117e-11
7.570568106143443796e-10 1.367435064037912975e-10
4.478516283088979782e-10 -1.776954329398459375e-10
4.759933643047296985e-10 4.159979589757613358e-11
6.162599711445334906e-10 1.370375486311237169e-10
5.889449603409527893e-10 -1.530150771685391357e-10
3.477690812191399555e-10 4.817143774681424764e-12
4.499982174952451772e-10 1.566675826253108033e-10
5.726138011228218106e-10 -4.015667139700151348e-11
4.007879329206933176e-10 -9.743261198513165015e-11
3.236909320130957593e-10 1.037805572670297677e-10
4.669484638897561266e-10 8.192411058301981846e-11
4.782626451453057064e-10 -1.002341909399658888e-10
3.151237397348526381e-10 -1.032521069814924415e-11
3.288167065526967077e-10 1.208366081855465889e-10
4.315382506350251617e-10 1.142546670946229018e-11
4.031795691104895136e-10 -9.632275890743588477e-11
3.001918878913686227e-10 3.504455337887128774e-11
3.167744235806845213e-10 8.764200312451905844e-11
3.842951257595217916e-10 -3.222533648113390459e-11
3.688965903352307079e-10 -7.263661467114165369e-11
2.829814427712825710e-10 6.959493906015408971e-11
2.948473463153398363e-10 5.615456924298389350e-11
3.650546152678636009e-10 -6.523167215630283323e-11
3.428639374537680555e-10 -2.875365198751806984e-11
2.634404535539707598e-10 9.068038955433657599e-11
2.739137231735393368e-10 3.484432549397180360e-11
3.405858708141428670e-10 -8.599771940614738223e-11
3.333623364706242325e-10 -1.924272304868748042e-11
2.648811835506277530e-10 7.839985901784886261e-11
2.469570973195277899e-10 2.806905824778090439e-11
3.015084852026818414e-10 -5.267595107857972966e-11
3.286918430660123624e-10 -3.047607280102260427e-11
2.739713049227430455e-10 5.630054655152123289e-11
2.265245213297159006e-10 3.035491118643725773e-11
2.657177930993345173e-10 -2.852073303340811757e-11
3.152611977485351152e-10 -3.157470814049631455e-11
2.758982066003892051e-10 1.122333170247530746e-11
2.224445865968110001e-10 2.597295775056097542e-11
2.315576460271748455e-10 5.473971989449550689e-12
2.879736678976398238e-10 -3.016688292360085678e-11
2.870389223527449260e-10 -1.554070368970164775e-11
2.313237060512563656e-10 1.199771459520887579e-11
2.103914625497401644e-10 1.840186135543000055e-11
2.510178435535628158e-10 -2.648973582704752626e-12
2.779432176396210416e-10 -1.837959582674527412e-11
2.323817121911785350e-10 1.918207387075531732e-11
1.977243109384841327e-10 2.340044972020411501e-11
2.264490441411235214e-10 -9.492345281515625891e-12
2.600801777648066841e-10 -2.675743663512645735e-11
2.390022325482105367e-10 7.140686771106131778e-12
1.919184515264773107e-10 3.617802106852588391e-11
1.819830583476886159e-10 2.268996245256910402e-11
2.262640056255657370e-10 -1.477113920785059948e-11
2.521075546887915827e-10 -2.289022388664589401e-11
2.233721278920752516e-10 1.677445420215809148e-12
1.800904525296498962e-10 1.694082926172912442e-11
1.745186055900221645e-10 9.062236012809425413e-12
2.165333684689034149e-10 -1.015593136629190932e-11
2.238529927891720541e-10 8.899446996726885388e-13
1.792270014483876283e-10 3.008915173674643349e-11
1.566881997559887749e-10 8.756988336832614767e-12
1.930336714313187101e-10 -2.775396268098922237e-11
2.157594943224822993e-10 -9.495360550414099173e-13
1.898615744061379210e-10 3.020116054841721175e-11
1.524102208179538696e-10 9.509415778440784652e-12
1.627887661374458421e-10 -2.968055789022514541e-11
1.927714575354718585e-10 -1.055761266470546527e-11
1.922210658919220977e-10 3.410885568039923894e-11
1.520870839668377720e-10 2.544451804735533596e-11
1.392950774328958436e-10 -3.101133315893574165e-11
1.691709831742156894e-10 -2.182826616726633187e-11
1.869361008030568984e-10 3.649291253896247441e-11
1.571140246701411073e-10 4.153000450706980639e-11
1.233593072597107710e-10 -1.626723655853396269e-11
1.366686783674247659e-10 -4.693550509233285786e-11
1.687276626746163020e-10 1.096676764184740036e-11
1.646627328456799934e-10 5.073201044451420713e-11
1.249929730749182683e-10 8.205661509221696692e-12
1.083548679920759571e-10 -4.466765473528535934e-11
1.433860283444212210e-10 -2.441765861401722533e-11
1.761354985713376793e-10 1.822269956261708810e-11
1.399506900785915832e-10 3.451562047573676607e-11
9.609790271659592239e-11 -1.531927460101599089e-11
1.040911452763500772e-10 -2.555685043888065325e-11
1.497534716831473427e-10 7.130228651765093598e-12
1.579048518675716167e-10 1.961052141830786039e-11
1.025166996243740074e-10 3.972593977128732354e-12
6.726819886606497499e-11 -1.914811515636831392e-11
9.908281855006972434e-11 4.508974781099467724e-12
1.497152781848556631e-10 2.637023657387370976e-11
1.421158613944462494e-10 -5.627463261601775357e-12
8.860022714521188439e-11 -2.972968814954473366e-11
6.675158046641523291e-11 -3.237510159203995551e-12
1.055214681768436366e-10 3.626883029503773829e-11
1.407446414434280880e-10 6.180567934653484314e-12
1.161213931370249936e-10 -4.598242120768746215e-11
5.134045571021135914e-11 -1.095425953781533388e-11
6.239674485504559385e-11 3.210565207367699348e-11
1.284168196402107426e-10 2.113944918674248824e-11
1.122900687303550970e-10 -1.394516305477163061e-11
5.893233894732981402e-11 -2.142932636425109839e-11
5.004117477244562068e-11 1.755887949926480255e-11
9.803206214707817779e-11 3.002677532474662176e-11
1.064782673030511802e-10 -3.504600237405521239e-12
6.908397478089069570e-11 -1.884895785992100319e-11
4.686496696516943245e-11 5.364364706700207251e-12
7.829648643653820068e-11 8.675758971243854824e-12
1.018703427420142355e-10 -7.693204025324877080e-12
7.152430872284048413e-11 -2.972637581958888293e-12
4.192037176801113934e-11 9.866868324460842812e-12
4.789942262806409932e-11 1.552747003721151177e-11
8.233962191436408340e-11 3.556568120817626783e-12
8.094125547573408623e-11 -5.792741460694822756e-13
5.098099004857521621e-11 1.175732988173580511e-11
4.291688149584141899e-11 8.079758753418082332e-12
7.032383147229854938e-11 -1.189242810889286989e-11
7.230789877407062360e-11 2.269537602888317869e-12
4.810373667714194549e-11 7.163312636680133965e-12
4.056084736725930409e-11 6.850977997409299414e-12
5.822098346319491790e-11 -5.734725635278385581e-12
7.258510825388616892e-11 -9.377106813510510164e-12
4.759721888370609571e-11 1.646229221958025911e-11
2.056482750053207696e-11 2.229084475723286352e-11
5.277414838123031501e-11 -2.089524429400071891e-11
6.027307446220509994e-11 -8.967676323739597589e-12
4.050152449890242851e-11 1.193267403145804884e-11
4.090180626140012205e-11 -6.371976849863905642e-12
4.878856981824433625e-11 -1.492974746103604826e-11
2.625004374311704066e-11 1.321555636990280827e-11
3.075632662893042031e-11 1.923903618649287307e-11
4.678024123323051020e-11 -1.132714983799461782e-11
3.787303969272494104e-11 -6.973021255972483557e-12
2.600542009589692418e-11 2.428695129339716200e-11
3.338807144938215783e-11 6.664851656658319622e-12
4.266622994590443130e-11 -3.529694959524082315e-11
1.934705701102962674e-11 1.602605516271589304e-11
3.091840287880013039e-11 2.080253963824570466e-11
4.476748111831319153e-11 -2.038260726830141240e-11
2.452370470588212585e-11 -1.123045393479686133e-12
2.123229673229501007e-11 1.832567117351855434e-11
3.822849044193763805e-11 -1.770670750813195642e-11
3.802688315989669483e-11 -1.840860455211761300e-11
4.311205719531826958e-12 4.257976957495362314e-11
1.338244381177959986e-11 5.615243958903615473e-12
4.416055267353366324e-11 -3.069172819049778401e-11
6.530973718304614853e-12 2.534236561164827850e-11
1.464116942855323144e-11 -5.766105886217895499e-12
3.238626623017202083e-11 -1.372289423975231216e-11
5.107899895632446802e-12 3.642236697506110383e-11
1.179752119973982533e-11 -6.386916292730434961e-12
4.305351285945334277e-11 -2.367704474719535787e-11
8.647220738307878390e-12 1.872840898244806952e-11
6.038517484792970025e-12 -4.298565930973249725e-12
2.850026498545467479e-11 -5.827580637834935910e-12
1.439870846535744420e-11 -1.909036627702097939e-13
-8.589101227272675628e-12 2.018252552791352548e-11
4.085160735504340292e-11 -3.195607475183414001e-11
-1.069106949462233174e-12 2.088661010124324888e-11
6.232728708840509655e-12 -8.679561217268811865e-12
3.181739218375211780e-11 -2.170464193320940266e-12
-2.842280798736465720e-11 2.692322944567929059e-11
4.013329038712228497e-11 -2.508581191253834880e-11
-4.125368793478445784e-12 1.662461232194126614e-11
3.271757765558433375e-13 7.842961342831810238e-12
3.290416381738734010e-11 -2.147144140741546057e-11
-1.992552936055792194e-11 3.498040286359799937e-11
2.437758140635874781e-11 -2.471571534370355264e-11
6.334468934100822402e-12 4.230926815242674239e-12
7.028274056465134833e-12 -3.761750187277039593e-12
5.592204165748240443e-12 3.114262244966631606e-12
7.268749852534842496e-12 2.274857170626040827e-13
-2.569398456211179516e-12 8.299371217682541699e-12
1.173090625023105400e-11 -2.938374051973471637e-12
-5.923807919534230420e-12 9.366295595211005198e-12
1.248102842320137662e-11 -5.503856657345121926e-12
1.301319118671903779e-12 4.309147530305290936e-14
-3.875511716877858735e-12 1.102091741902706287e-11
7.398003593542967795e-12 -5.917518111806884578e-12
3.529714869519244139e-12 5.962107916850303930e-12
-9.518548412704364462e-13 4.152438667305745744e-12
-5.127024960694926039e-12 5.956975285736081403e-12
1.233916392660720864e-12 6.280360365420767389e-13
-9.588933978135391245e-12 1.284037758950262494e-11
1.305186188972330837e-12 4.292019189770114854e-12
5.357284822868893882e-13 5.309993768577810148e-13
1.428538432780846653e-13 2.267745887121470312e-12
-9.168634851565187533e-13 6.409869156191679473e-13
-4.680977309114173024e-12 6.970970104583023859e-12
-5.825973633581689406e-13 -2.350756556534826601e-12
-3.263695903022500160e-12 2.088757316543748500e-12
-3.913855582565626038e-12 9.782414889944067598e-12
2.750725042432004521e-12 -2.996418669459303446e-12
-2.468245824245480542e-12 2.253093996732037533e-12
-3.316558370084103614e-12 5.255041009124281949e-12
3.334414749618362414e-12 -2.267004060702642204e-12
-5.961308910372243017e-12 3.501027756412870766e-12
3.292186051158599807e-12 -7.046942676033752198e-12
-5.083970578245761933e-12 4.726546903461828126e-12
-3.473050535606269686e-12 6.305969751395768627e-13
-1.447075371624911740e-12 -2.346367672951871822e-12
-5.084114894291976200e-12 2.576813679802652545e-12
-5.217136232968770814e-12 1.740645783566707973e-12
-3.713107933447830131e-12 1.109386409464839194e-12
-5.247897017774690222e-12 2.202047289714834192e-12
-1.853987102568923091e-12 -1.818057661079031434e-12
-1.634026575511191053e-12 7.661761088335300636e-14
-2.457576471186780074e-13 -1.168063221765131709e-13
6.571881729827073301e-13 -6.872574445625735848e-12
-7.882500370542718893e-12 2.873309769001343423e-12
-3.414140464279737345e-12 1.851826236381327125e-12
-5.325584614473838986e-12 -9.978470150549770646e-13
-2.002599328503615960e-12 -7.251395762795828097e-13
3.917185757196177053e-13 -4.542089561874317268e-12
-3.928753233372519848e-12 1.246639369752829130e-12
-2.174455414087905849e-12 -2.136811981963904723e-12
-3.708567882173163864e-12 -1.129962420228862970e-12
-6.926381580894852469e-12 2.408690183103497498e-12
-2.389372513984521600e-12 1.495784586126114533e-12
-1.013166114905264507e-12 2.304969505391935056e-13
-2.668685127703538479e-12 -6.189742947425643211e-13
-9.843139258683727502e-13 -4.706390108989587416e-13
-1.211157994106109043e-12 8.102331037426271937e-13
-2.169300835277222850e-12 3.531210377993380107e-13
-1.234111502513711547e-12 8.074018188141074190e-13
-1.496537807673752872e-12 -4.869830154967426118e-13
-1.215305790675357944e-12 1.947772400338117357e-13
-3.267572246376264076e-13 3.756462860175266410e-13
-7.007333186226235574e-13 3.056503159016220868e-13
-6.367035338421446521e-13 4.415902300638045958e-13
-1.227352515738113065e-13 -2.076843242353504120e-13
3.192367273619219371e-13 5.275355507993054214e-13
-1.351014342501559787e-13 1.150725324918486371e-12
8.252247667075978865e-13 5.091231264520110996e-13
-3.669662792972988753e-13 2.451324579559137935e-12
1.953055055256931440e-13 8.794663472473556751e-13
6.647684359642972991e-13 2.083769625695196738e-12
1.853951540471886942e-12 8.823332946784895587e-13
1.601627151313478684e-12 1.909288759717447954e-13
-9.230192021522110461e-13 1.179034692739747676e-12
1.283141548205568995e-12 1.253393576877564097e-12
-1.118389984662880547e-14 3.750190460978705864e-13
1.310148852236767633e-12 6.500987211673661670e-13
6.378459652923885218e-13 4.820754648477452803e-13
1.751730528509102611e-13 6.954124969517884676e-14
1.091060343336182092e-12 1.442830187852278703e-13
-2.568500452544769828e-13 -1.153547784266391852e-12
-5.897912689343014137e-13 -4.274520471466017869e-13
8.470511527856436706e-13 -6.011968434403267306e-14
6.604931157313504932e-13 -8.006222971108053310e-13
-3.573631250225659562e-13 -5.839592321049776255e-13
-3.250648006822954394e-13 -4.568011968951304344e-13
3.757494396763562848e-13 -2.620804891509580501e-13
-3.212077990831704006e-13 1.139874497061962599e-13
-2.175201045261385154e-13 2.445406875088612219e-13
2.042364866639953919e-13 1.115559934966225128e-12
-5.441778165770833309e-13 8.829635494618263531e-13
-1.586462035182943312e-13 4.178654916857695085e-13
-7.156768248421159605e-13 -3.614957194505155287e-13
-1.480504752500213045e-13 7.442411147927996625e-13
-3.608938383741759056e-13 3.949294198341716360e-13
-4.754668822494027156e-13 3.095012406240648307e-13
-4.914682425651875881e-13 7.991258965849685891e-13
-3.347399476218677718e-13 -2.288173510352505280e-15
-5.820809483131607507e-15 8.484895184758042453e-13
6.694925018284292651e-13 9.110495459629441957e-13
-2.037978931372576772e-12 4.045061616453104987e-13
6.164636328922031812e-13 9.513262106547042255e-13
-4.223253623175402214e-12 2.182953086262419329e-12
-1.009383255588391571e-12 1.152789734894287193e-12
-2.846744970822034005e-12 3.070235543204164097e-13
-2.826326115936426042e-12 -7.237969811883171658e-14
3.664261545398698049e-13 1.166258412598830527e-12
7.447154302544520541e-13 3.017670721542215826e-13
9.277325347316346751e-13 1.369256662772908670e-12
-3.000182160724200625e-12 1.783471875869344756e-13
-8.410664454123272174e-13 1.126572647098925151e-12
1.693741726401595345e-13 6.862020762566110747e-13
3.836828126326331654e-12 -7.109014485962817293e-13
1.261116002513044873e-12 5.736800124787313429e-13
-4.097494210195692211e-14 2.433244942918827036e-13
1.106526920195932279e-12 8.777739232035969082e-13
1.646368175769359090e-12 1.593875597595726398e-14
2.113051279115430844e-12 -2.897797975648035904e-13
2.027063830837854067e-12 1.426453187763164268e-14
2.604522555657130367e-12 -1.154461864356328777e-12
1.670750918842916505e-12 -1.488582232842159485e-12
4.200667039850014283e-13 -2.924177960349981288e-12
-2.188713978188046314e-12 -3.198928407409441122e-12
1.424234431133262232e-13 -8.504080174476988148e-13
2.396195162881215821e-12 -7.342966264635977267e-13
-5.722126081896926258e-13 1.353772049852915098e-12
-1.365058892154885394e-12 7.331536102551001028e-13
-9.318667341448159714e-13 2.449977753307471926e-12
-1.493587879456128473e-12 1.628222744665881871e-12
-5.670893394984773478e-12 -1.021369597424145527e-12
-1.134234241240309718e-12 1.816122192674200717e-12
-2.690414992146195241e-12 -8.563421264414470147e-13
2.156337281151915609e-12 -1.403674226223718226e-12
7.308186284762918787e-13 -3.328983833438844915e-12
3.031866963655750594e-12 -3.030262425382980424e-12
1.515909573713541799e-12 -3.474863243099525091e-12
1.459870460211441644e-12 2.428537128675042117e-13
-4.521942856714117237e-12 1.041841001985774796e-13
-9.858361264478086852e-12 -1.470016113359575162e-12
4.404715883035739036e-13 -4.225237570673292150e-13
2.421836921774270614e-12 -2.822596877292983758e-12
-1.257669262380935399e-10 -5.318102657062729031e-13
