-1.316028060465206616e-02 -6.722890195063729521e-03
-4.676633466061664440e-03 -2.320616425661089881e-03
1.939047802583868454e-02 1.025225767334652510e-02
-2.236247727853084635e-02 -1.378623499159505744e-02
8.974848924648717516e-03 9.258730347053378829e-03
1.152487452776925284e-02 2.120314719332262038e-03
-1.861221597553923413e-02 -1.119295687439231246e-02
2.849966188302949406e-03 7.696311733580638026e-03
1.576932674213839952e-02 5.418191614484580559e-03
-9.557018994683350033e-03 -1.044605251317319398e-02
-1.187354785703128267e-02 -1.069133702192844124e-03
1.087633415934015184e-02 1.035549308696358944e-02
1.071491397227045117e-02 -1.532457272528597002e-04
-9.131721919311799190e-03 -9.937470081761224858e-03
-1.185605126262550581e-02 -1.313161544051686270e-03
4.631255143661859239e-03 9.121610324706139195e-03
1.300822300935220929e-02 4.770472885657276244e-03
2.784226916653538986e-03 -6.258001201897262812e-03
-1.015957855500121756e-02 -8.268258626052365015e-03
-1.001034290947607104e-02 6.098013035578473545e-05
1.041762003211633546e-03 7.784790649577866088e-03
1.012299866353370131e-02 6.877383325510038128e-03
9.194033010520623328e-03 -4.972028821607593456e-04
7.749950906390302464e-04 -6.861167295674373487e-03
-7.332612167357284785e-03 -7.311328894071170148e-03
-9.550972559703054324e-03 -2.542827599364107065e-03
-5.627393181497269969e-03 3.399682914853284499e-03
9.952847635087990787e-04 6.828725658460585435e-03
6.433120673864220138e-03 6.470524452028635944e-03
8.552684079105952325e-03 3.307682630862976165e-03
7.345889566797146955e-03 -7.199112337291852567e-04
4.125666150653720457e-03 -3.944308588829409379e-03
4.843075896198930676e-04 -5.550349280858600694e-03
-2.400844457925826667e-03 -5.544528680253938205e-03
-3.988224700685724135e-03 -4.418070317916600667e-03
-4.263236278314111449e-03 -2.788321324199392447e-03
-3.502246889869109914e-03 -1.163991217985901969e-03
-2.052990683128325371e-03 1.450285559096780533e-04
-1.916017226353485437e-04 1.016785619904943434e-03
1.942771818599383846e-03 1.461022988904621791e-03
4.355416526602308609e-03 1.562769374548479348e-03
7.245543681766516628e-03 1.428736228099479954e-03
1.095295051214507064e-02 1.165026982093726217e-03
1.599057082138244379e-02 8.818882154718338945e-04
2.309613026328021304e-02 7.182423348428904064e-04
3.331773018168966705e-02 8.972853258460379219e-04
4.814383866790222788e-02 1.837727433119997270e-03
6.970059233367582874e-02 4.383631972616267719e-03
1.010949521528568124e-01 1.032001630366582642e-02
1.472675772628361801e-01 2.367153398212640952e-02
2.185861755475633217e-01 5.442116289813431207e-02
3.567506617817181591e-01 1.267890775609900045e-01
7.528456613690338584e-01 0.000000000000000000e+00
3.441099978436756301e-01 6.038170803196005187e-03
2.002289966501182572e-01 2.192387715740239801e-02
1.244172496739771178e-01 2.176785218936590910e-02
7.874853430569393742e-02 1.762040234028871763e-02
4.976741611965319889e-02 1.339264578180356449e-02
3.088738832974529530e-02 1.013399479250901881e-02
1.842522415698995275e-02 7.992677335961853938e-03
1.021907106849764650e-02 6.846583034903248530e-03
4.990256245670076501e-03 6.500243817320469283e-03
1.989240072996942450e-03 6.736861508836787180e-03
8.137127765522773068e-04 7.394671137538377619e-03
1.190672307809327330e-03 8.169194932821080210e-03
2.856813831257015192e-03 8.722456051468249760e-03
5.457424401175229103e-03 8.703328316341140541e-03
8.475786760880345619e-03 7.800648308020359523e-03
1.121757740215689747e-02 5.825709044123239880e-03
1.287503776280419371e-02 2.808391751753561670e-03
1.268464045387181043e-02 -9.241101344876208150e-04
1.016401266551331117e-02 -4.728920922202848112e-03
5.371520463437202096e-03 -7.731973133395650052e-03
-9.119540928617532027e-04 -9.036230047959172354e-03
-7.201203922248785791e-03 -8.028470747564089849e-03
-1.161846108066386801e-02 -4.698006756030728703e-03
-1.249601227944781463e-02 1.713760436877812508e-04
-9.115615918334202608e-03 5.081489721197811338e-03
-2.281141259940602448e-03 8.246506629463147206e-03
5.633783788725334023e-03 8.291102467324179201e-03
1.139197189421320595e-02 4.963412432671250769e-03
1.224938036093296996e-02 -5.088105519416201775e-04
7.434043483048323984e-03 -5.731278581644161027e-03
-1.061374925086044354e-03 -8.158086302155507369e-03
-9.055827618004544041e-03 -6.425163748416072400e-03
-1.217403610873816003e-02 -1.291487380786420641e-03
-8.394249993774442406e-03 4.494903488770746712e-03
3.609253373590465188e-04 7.582143221590348023e-03
8.891247767456611842e-03 6.027262948194240383e-03
1.170799538777513200e-02 7.097770541199671657e-04
6.733072866098450439e-03 -4.958387798069976288e-03
-2.846575959144657421e-03 -7.140134183242140449e-03
-1.032286741569955237e-02 -4.267216755891827321e-03
-1.012897911320017295e-02 1.620091852342296071e-03
-2.237536338649373339e-03 6.139379053153344937e-03
7.323378350601266080e-03 5.809724439574193502e-03
1.087395927985024269e-02 8.927601765684940217e-04
5.376331923259182466e-03 -4.599090408155172977e-03
-4.616271171978305644e-03 -6.075473068197872334e-03
-1.043623178187683825e-02 -2.299222892179217295e-03
-6.836931498958567256e-03 3.367964376304865941e-03
2.964500328421215258e-03 5.812652717416692642e-03
9.829009600753150014e-03 2.827768625732127606e-03
7.167725211600827796e-03 -2.705409304229902754e-03
-2.455024778946131650e-03 -5.437126304679056749e-03
-9.451247628288703476e-03 -2.739834121400746680e-03
-6.690528800533369035e-03 2.591287630004166301e-03
2.966156443145484024e-03 5.074635974940607495e-03
9.296938179306102334e-03 2.192909447599235718e-03
5.481544368016696631e-03 -2.890386487168698608e-03
-4.273099732304131218e-03 -4.656474254276810401e-03
-9.056657803926154021e-03 -1.251949893472518657e-03
-3.449989941741273599e-03 3.404491868386711438e-03
6.028689180368137362e-03 4.009699486812813400e-03
8.225920480471193494e-03 -2.598289464805932612e-05
5.504952469800484128e-04 -3.857779730407911653e-03
-7.632575803879395292e-03 -2.938121940543435371e-03
-6.226216535631441673e-03 1.489462313180634845e-03
2.957492041551048560e-03 3.895459680471486871e-03
8.182203436895298457e-03 1.341177440254552036e-03
2.707330241424982849e-03 -2.797147081394157735e-03
-6.215541802946342002e-03 -3.154631233459531409e-03
-6.648725767508400011e-03 6.238761673907440488e-04
1.958198441374085687e-03 3.404743703961574802e-03
7.690048170906699058e-03 1.470085459101368348e-03
2.514641812362514682e-03 -2.391275502412443243e-03
-6.150727301282888325e-03 -2.747232671039947192e-03
-5.720386566840827795e-03 8.035702269798793151e-04
3.155709145456929952e-03 3.035589347413969984e-03
7.124884774831446999e-03 7.167119547961100980e-04
1.073443581739554412e-04 -2.566169206189678267e-03
-6.959570596062673170e-03 -1.799977538120649733e-03
-2.831351021572928520e-03 1.718885239100836210e-03
5.831962215821568513e-03 2.363841868722139136e-03
4.695559053471814841e-03 -8.286147669261756474e-04
-4.380765910300290014e-03 -2.513441754423207004e-03
-5.747922266274163236e-03 1.020187159354475886e-04
3.092723642297422193e-03 2.423858958861454735e-03
6.216693751464920370e-03 3.777634585978636040e-04
-2.267623718224649754e-03 -2.256525251417609932e-03
-6.339645569155771647e-03 -6.031227416484852364e-04
2.072093817071030304e-03 2.119348821959424634e-03
6.239588083904929784e-03 5.889201462400590632e-04
-2.602506362306966203e-03 -2.052875755380851198e-03
-5.820306912246359966e-03 -3.354344198646650767e-04
3.877344918254353647e-03 2.018133729709349882e-03
4.668327768007255775e-03 -1.756505877176432837e-04
-5.636052390488998677e-03 -1.868282668539030314e-03
-2.058305275193193611e-03 9.209634219535921956e-04
6.811617399678517558e-03 1.326366169255599817e-03
-2.464056763519984275e-03 -1.656859954455923260e-03
-4.940683664580130911e-03 -1.124600375896124028e-04
6.962088158325626872e-03 1.663188603184090038e-03
-2.264979923189470046e-03 -1.441270724857226029e-03
-4.353212044630464655e-03 -3.586294793731913816e-05
8.230657410270170865e-03 1.401145554730151696e-03
-8.294009730833544480e-03 -1.889673800551719017e-03
6.117502890391746800e-03 1.615351353997784758e-03
-3.609501098673059509e-03 -1.052278239448040196e-03
1.773148714712787215e-03 5.572834674527583562e-04
-7.412806572804370858e-04 -2.476638439577811190e-04
2.672880837562919610e-04 9.405356100994848685e-05
-8.382932996974907472e-05 -3.086545710652313472e-05
2.300552079011226536e-05 8.818089925951782220e-06
-5.537811820656230987e-06 -2.201846424114612542e-06
1.178619820548571714e-06 4.833029798918473428e-07
-2.171969316484137238e-07 -9.310361414894875901e-08
3.951389157828532855e-08 1.712144947544314598e-08
-3.208661794468126790e-09 -2.466778424884747633e-09
2.829863445511854740e-09 7.669327448430071002e-10
1.662689617387094578e-09 6.676079347481017245e-11
1.423038228041583781e-09 3.875208491396527369e-10
1.258673477612006034e-09 1.565515017884741939e-10
1.119477045434403736e-09 1.830803822520883874e-10
9.225693648291015015e-10 1.517539990970941057e-10
7.930304908101319151e-10 1.354750864268383023e-10
6.619918407024096540e-10 1.218429855680183613e-10
5.597124296649800572e-10 8.349333290605494480e-11
4.624373568342329026e-10 7.765577938041319652e-11
3.825854067632687268e-10 6.237053569675558687e-11
3.133783145244369065e-10 5.144106353800623711e-11
2.551079957923995009e-10 4.179899557750409521e-11
2.059859848510736335e-10 3.377119659644874822e-11
1.649537754343862451e-10 2.702193953139872833e-11
1.310278011782630856e-10 2.153757123168674731e-11
1.032127055662094614e-10 1.694199569083628986e-11
8.063527621228469104e-11 1.319232272426166136e-11
6.233137481894853481e-11 1.025534103954820057e-11
4.761284139848597807e-11 7.938403604016680647e-12
3.634554635049451696e-11 5.914221763603349909e-12
2.734326513296483133e-11 4.428391951121199084e-12
2.026112479641761925e-11 3.341893749662823890e-12
1.497429189806049117e-11 2.438500210991482552e-12
1.085893330722070185e-11 1.762538147345121034e-12
7.829987282521490588e-12 1.289069289291755876e-12
5.599630995386643090e-12 9.289105838192046652e-13
3.900873438575329629e-12 6.451095796761347226e-13
2.688446873096128440e-12 4.364434579897200465e-13
4.706258477539869491e-12 7.786560808479197381e-13
-1.418437019625566641e-08 -2.221388301074769619e-09
