1.590196102009622803e-01 0.000000000000000000e+00
1.586846835490251517e-01 7.543845219975392480e-04
1.566272459918613691e-01 1.154336588297250055e-03
1.529734348280556155e-01 1.184867445139251019e-03
1.478626740077507440e-01 8.367054240295407341e-04
1.416373906422509765e-01 1.732356453321565182e-04
1.345614653566444829e-01 -7.545522272930649255e-04
1.268492640399494220e-01 -1.899206679012541144e-03
1.186779236479439947e-01 -3.216497443884726304e-03
1.101944802257971423e-01 -4.665749255340329027e-03
1.015208425747485821e-01 -6.210074254668129790e-03
9.275765250585291111e-02 -7.816436100343153448e-03
8.398746003932525128e-02 -9.455576542274475582e-03
7.527741441458533911e-02 -1.110184508085082511e-02
6.668157763150772688e-02 -1.273296646586673936e-02
5.824292520319487160e-02 -1.432977290441420082e-02
4.999507875285481850e-02 -1.587592082506859847e-02
4.196380478279718163e-02 -1.735760637468144324e-02
3.416830808091322891e-02 -1.876328941449730697e-02
2.662234443007828813e-02 -2.008343242063366507e-02
1.933517446613747942e-02 -2.131025816322978592e-02
1.231237820727376642e-02 -2.243752815147217680e-02
5.556547749629487179e-03 -2.346034244115297041e-02
-9.321261831276538012e-04 -2.437496040330554281e-02
-7.155359763856958613e-03 -2.517864138275244246e-02
-1.311636104047544590e-02 -2.586950379480764534e-02
-1.881948309055802432e-02 -2.644640107591507069e-02
-2.426993535599361249e-02 -2.690881295360298894e-02
-2.947354441570925604e-02 -2.725675064170368644e-02
-3.443655666563954360e-02 -2.749067471109581037e-02
-3.916547649823307053e-02 -2.761142448361469937e-02
-4.366693456286484254e-02 -2.762015784202683302e-02
-4.794758152335561879e-02 -2.751830036645796368e-02
-5.201400341757783652e-02 -2.730750272540767576e-02
-5.587265529030178979e-02 -2.698960528488240918e-02
-5.952981024201484811e-02 -2.656660895634402331e-02
-6.299152143569825002e-02 -2.604065137892809870e-02
-6.626359494645998882e-02 -2.541398761619464985e-02
-6.935157163617199083e-02 -2.468897463567201397e-02
-7.226071649386943407e-02 -2.386805892547861838e-02
-7.499601410702957938e-02 -2.295376668340702239e-02
-7.756216912400465402e-02 -2.194869608772356123e-02
-7.996361073574334566e-02 -2.085551122615903960e-02
-8.220450034981130472e-02 -1.967693731891573955e-02
-8.428874175361993071e-02 -1.841575692478271062e-02
-8.621999316963871451e-02 -1.707480686592761920e-02
-8.800168069548131022e-02 -1.565697564866010832e-02
-8.963701269820664730e-02 -1.416520119388711002e-02
-9.112899479703127914e-02 -1.260246872360429315e-02
-9.248044512329793576e-02 -1.097180867879483240e-02
-9.369400959266954709e-02 -9.276294570393306405e-03
-9.477217696395000279e-02 -7.519040688179899623e-03
-9.571729349157283295e-02 -5.703199614147183572e-03
-9.653157700680047026e-02 -3.831959506888978073e-03
-9.721713028704864756e-02 -1.908541141418244880e-03
-9.777595359287374888e-02 6.380529334008150366e-05
-9.820995627046197329e-02 2.081803621433855889e-03
-9.852096733348963964e-02 4.142155296973093481e-03
-9.871074495296042195e-02 6.241543162724155769e-03
-9.878098479756640404e-02 8.376635286506999012e-03
-9.873332718040361833e-02 1.054408879815114941e-02
-9.856936298165187849e-02 1.274055363545893022e-02
-9.829063833061699174e-02 1.496267609502572454e-02
-9.789865804576433628e-02 1.720710207024413879e-02
-9.739488784669461663e-02 1.947047984760825329e-02
-9.678075537032190812e-02 2.174946232083254521e-02
-9.605765004241220706e-02 2.404070847171814462e-02
-9.522692187684991816e-02 2.634088395877799693e-02
-9.428987929901530562e-02 2.864666064659428940e-02
-9.324778611534850770e-02 3.095471490476529169e-02
-9.210185777999836676e-02 3.326172450221293042e-02
-9.085325714066046221e-02 3.556436392392064300e-02
-8.950308987940393257e-02 3.785929794126695336e-02
-8.805239990124591465e-02 4.014317327658362827e-02
-8.650216496111914899e-02 4.241260821667194175e-02
-8.485329286192949683e-02 4.466418005028638394e-02
-8.310661859789067463e-02 4.689441023203509695e-02
-8.126290286096027327e-02 4.909974721061437231e-02
-7.932283237208770377e-02 5.127654690350853806e-02
-7.728702254146231632e-02 5.342105085448245472e-02
-7.515602300230031507e-02 5.552936217635723315e-02
-7.293032659900183790e-02 5.759741945875519048e-02
-7.061038244082652737e-02 5.962096891124081532e-02
-6.819661365440093936e-02 6.159553511780108126e-02
-6.568944047804638198e-02 6.351639089735923449e-02
-6.308930933619105730e-02 6.537852689896898883e-02
-6.039672850896293799e-02 6.717662170921202824e-02
-5.761231096331866086e-02 6.890501341136039126e-02
-5.473682483683752625e-02 7.055767370887235101e-02
-5.177125195373918909e-02 7.212818590917423334e-02
-4.871685460178029614e-02 7.360972824853305452e-02
-4.557525060076605961e-02 7.499506422450698262e-02
-4.234849644512711508e-02 7.627654177765268162e-02
-3.903917799457328613e-02 7.744610331733285669e-02
-3.565050781933321034e-02 7.849530870717411069e-02
-3.218642787555791446e-02 7.941537339929757855e-02
-2.865171569297305862e-02 8.019722390974863557e-02
-2.505209170698671078e-02 8.083157274535966719e-02
-2.139432476968962035e-02 8.130901469787792102e-02
-1.768633224688741928e-02 8.162014609467882487e-02
-1.393727047535483349e-02 8.175570810917746900e-02
-1.015761074498329475e-02 8.170675457338705261e-02
-6.359195434248995915e-03 8.146484387671916461e-02
-2.555268508839435293e-03 8.102225347782256171e-02
1.239525647824646359e-03 8.037221430505346598e-02
5.009181089198802561e-03 7.950916088436268958e-02
8.736412542626879885e-03 7.842899146965723323e-02
1.240278601331047670e-02 7.712933080335331038e-02
1.598890159200019173e-02 7.560978650835867287e-02
1.947463066676687060e-02 7.387218860602462467e-02
2.283940761573436187e-02 7.192080042235851622e-02
2.606257346102011305e-02 6.976248832227237295e-02
2.912376597200232176e-02 6.740683747758619004e-02
3.200334744907269713e-02 6.486620137288796883e-02
3.468285808247528745e-02 6.215567411797974506e-02
3.714547959685809281e-02 5.929297694428754123e-02
3.937649115000102507e-02 5.629825353476636263e-02
4.136369745841249335e-02 5.319377298461595849e-02
4.309780815710610030e-02 5.000354405972248784e-02
4.457274773874066870e-02 4.675284969624697584e-02
4.578587720900265806e-02 4.346771603087474373e-02
4.673811190685825401e-02 4.017433519987318596e-02
4.743392467947447205e-02 3.689846522447020466e-02
4.788122950608104944e-02 3.366483308680210534e-02
4.809114734401381125e-02 3.049656819629623788e-02
4.807766289581873881e-02 2.741469266477603028e-02
4.785718756901196497e-02 2.443769206200104016e-02
4.744804953195785879e-02 2.158118580606103315e-02
4.686993594120807821e-02 1.885771038216621856e-02
4.614331473043320475e-02 1.627662170555813775e-02
4.528886364039721307e-02 1.384411575081401051e-02
4.432693245657708114e-02 1.156335972262061140e-02
4.327706092158277451e-02 9.434720092591863602e-03
4.215756995176380556e-02 7.456069266739931423e-03
4.098523810382171534e-02 5.623149737176234148e-03
3.977506927565233052e-02 3.929973408442838378e-03
3.854015191858288503e-02 2.369234275410192492e-03
3.729160501605219974e-02 9.327145160152698622e-04
3.603860205539892447e-02 -3.883330028083692431e-04
3.478846133569735155e-02 -1.602839213850067862e-03
3.354678926018551943e-02 -2.719619880266149411e-03
3.231766263389533600e-02 -3.747128908437315567e-03
3.110383630555841467e-02 -4.693266206557040326e-03
2.990696351028011152e-02 -5.565239357086091201e-03
2.872781779435613914e-02 -6.369475968363865967e-03
2.756650723310348494e-02 -7.111581770034501940e-03
2.642267360551695671e-02 -7.796338304796148269e-03
2.529567114455356924e-02 -8.427733376865018111e-03
2.418472132430327104e-02 -9.009017177110273736e-03
2.308904182088736962e-02 -9.542777132946560562e-03
2.200794923754156862e-02 -1.003102494804101498e-02
2.094093639819296498e-02 -1.047528992669179843e-02
1.988772597761824870e-02 -1.087671345510971693e-02
1.884830295407110418e-02 -1.123614037007177394e-02
1.782292885127945495e-02 -1.155420384099737491e-02
1.681214100503411815e-02 -1.183140126426991331e-02
1.581674016768325197e-02 -1.206815949533649249e-02
1.483776968099975030e-02 -1.226488848250526127e-02
1.387648923918067753e-02 -1.242202300233731689e-02
1.293434596000781790e-02 -1.254005271318713553e-02
1.201294511494952616e-02 -1.261954113638386228e-02
1.111402246783123673e-02 -1.266113444551686222e-02
1.023941976002651875e-02 -1.266556109784484907e-02
9.391064477091709203e-03 -1.263362339077718326e-02
8.570954649536915992e-03 -1.256618198105549644e-02
7.781149088488799846e-03 -1.246413427853291546e-02
7.023763132597421466e-03 -1.232838743327993765e-02
6.300969685105433336e-03 -1.215982638196778064e-02
5.615005037878265798e-03 -1.195927711991562163e-02
4.968178698052874362e-03 -1.172746501760193669e-02
4.362886133194400669e-03 -1.146496761291779243e-02
3.801623006967030319e-03 -1.117216088056074974e-02
3.286999057100747825e-03 -1.084915750621681836e-02
2.821749232154985472e-03 -1.049573517457762228e-02
2.408738999890130007e-03 -1.011125231842294539e-02
2.050959808409137143e-03 -9.694548178040159753e-03
1.751509437113876397e-03 -9.243823399358410894e-03
1.513550319510267427e-03 -8.756496797504976018e-03
1.340236721994712572e-03 -8.229033384778306620e-03
1.234598763270080765e-03 -7.656738422565329688e-03
1.199367458221467075e-03 -7.033512274541194910e-03
1.236720032475514645e-03 -6.351561487459645057e-03
1.347918405600142698e-03 -5.601063222039002511e-03
1.532805688841868026e-03 -4.769783523013496757e-03
1.789115511859927033e-03 -3.842655873845503278e-03
2.111536797757847857e-03 -2.801336354308638608e-03
2.490462301686350959e-03 -1.623767390098017609e-03
2.910333373039625422e-03 -2.838061523841876790e-04
3.347477528717755953e-03 1.248990391928714912e-03
3.767322883333339232e-03 3.009279561180984615e-03
4.120870947554759918e-03 5.035328447718927410e-03
4.340329616736261428e-03 7.367574021540490743e-03
4.333876082795052459e-03 1.004590721791458544e-02
3.979684891157127952e-03 1.310511107705043983e-02
3.119731906446022128e-03 1.656783107979052649e-02
1.554779767672083077e-03 2.043480468100851433e-02
-9.554576368122399271e-04 2.467429373531920822e-02
-4.670982972744774225e-03 2.922663226357644084e-02
-9.910021768355599392e-03 3.397065328531358175e-02
-1.707913980338746779e-02 3.851581373703205635e-02
