4.285742901942558164e-02 -2.725007840112992144e-02
4.331043518289622030e-02 -2.402189684474461545e-02
4.754819062954755010e-02 -2.245217230923727408e-02
5.655745655502476821e-02 -2.246535920403713513e-02
7.160179972711812335e-02 -2.380629697635180606e-02
9.446311644719526668e-02 -2.593287879732202386e-02
1.278169719369390278e-01 -2.766915424443408197e-02
1.760293396372299424e-01 -2.649112789360853759e-02
2.484782188513934842e-01 -1.597710309129028727e-02
3.758026292403172652e-01 1.666780366501992294e-02
7.364245624370568954e-01 0.000000000000000000e+00
2.927392812211699891e-01 -6.761692034112608274e-02
1.751377053126476069e-01 -2.405924487225814118e-02
1.183242466646437507e-01 -7.963585550604227598e-03
8.385546295010881668e-02 -2.383405415247525500e-03
6.118379232951121072e-02 -5.283742168492276681e-04
4.577180887584343660e-02 -1.662075394836572129e-04
3.509740835720338847e-02 -6.535174059816555719e-04
2.761044469820311820e-02 -1.099615705353238458e-03
2.245904349329326533e-02 -1.634614532227092638e-03
1.907487601302749330e-02 -2.132729482061336904e-03
1.699770482271610941e-02 -2.375163646951112921e-03
1.564074036818458718e-02 -2.439317204776103067e-03
1.456860047728902527e-02 -2.388703349872808510e-03
1.385969691874185117e-02 -3.022552198097550047e-03
1.325877032306181126e-02 -4.145714805367775938e-03
1.257695269400551687e-02 -5.617381909262137221e-03
1.167810436509316568e-02 -7.305311450758480984e-03
1.045342099465901287e-02 -9.060554193361932546e-03
8.826207984336538470e-03 -1.069383319800265401e-02
6.769481770043770871e-03 -1.202034695943670663e-02
4.309758470012237802e-03 -1.285811425712970850e-02
1.531648815457734361e-03 -1.304637554822888658e-02
-1.426696395493571353e-03 -1.246096486210648661e-02
-4.377566384109097229e-03 -1.103697270434355650e-02
-7.100443041355445663e-03 -8.784295646766944812e-03
-9.360719932152905196e-03 -5.798308178908013685e-03
-1.093430738164768989e-02 -2.262147711940166485e-03
-1.163483663556827939e-02 1.561371886896794920e-03
-1.134080939536870856e-02 5.348560639174243514e-03
-1.001833468000809177e-02 8.743980010960026444e-03
-7.735939681380503939e-03 1.139775368053099619e-02
-4.668823358273365733e-03 1.300723730167794787e-02
-1.090094698774055331e-03 1.335786583238631961e-02
2.651618652920084002e-03 1.235754517417127392e-02
6.166444712459973922e-03 1.005912009522018889e-02
9.066365280344563377e-03 6.666498507572894174e-03
1.101232495090591693e-02 2.521777553149416682e-03
1.175911969485019318e-02 -1.926846135468096664e-03
1.119176048640426434e-02 -6.173777506097339468e-03
9.347647000374194326e-03 -9.716067294469584240e-03
6.420222929112606898e-03 -1.211740020248651233e-02
2.742256813952448184e-03 -1.306740261990616860e-02
-1.250377917860589182e-03 -1.242764414807088699e-02
-5.070694847564780235e-03 -1.025700356746499578e-02
-8.241999355652597503e-03 -6.811558160538595114e-03
-1.036065784531139955e-02 -2.517609329217973275e-03
-1.115151839721579760e-02 2.079727009594101086e-03
-1.050784686947905944e-02 6.386230629057495015e-03
-8.509530673724154115e-03 9.837449634615471131e-03
-5.416150357084259515e-03 1.197585212022455638e-02
-1.635102828606735132e-03 1.251520871233992825e-02
2.331460691770517214e-03 1.138260140028903022e-02
5.953895298784050300e-03 8.731434459613138938e-03
8.747269761385208578e-03 4.922908140571403621e-03
1.033833807926760016e-02 4.779513073385000324e-04
1.051765887900274477e-02 -3.994021329201345380e-03
9.269214247563752063e-03 -7.879564260154131236e-03
6.773059025994736422e-03 -1.064693040054883778e-02
3.380404886676061180e-03 -1.192071455115601038e-02
-4.354585651776660647e-04 -1.153458690185669815e-02
-4.145475087744226843e-03 -9.554417010431163690e-03
-7.238909342963743311e-03 -6.268384720762524426e-03
-9.294620522702115931e-03 -2.145487671671139022e-03
-1.003935261815167707e-02 2.231533338858686290e-03
-9.384784824498854788e-03 6.249115858492364402e-03
-7.438198658293433685e-03 9.349646715734339503e-03
-4.485460224345707084e-03 1.110960118300476605e-02
-9.490121783817724067e-04 1.129792255817470455e-02
2.672871326145113361e-03 9.906484193279991093e-03
5.876707706667386177e-03 7.148602879189711046e-03
8.224164126190506782e-03 3.426229265847078979e-03
9.402207955256786098e-03 -7.290657352283049820e-04
9.264733520054357907e-03 -4.732515098317276701e-03
7.850136630995645237e-03 -8.028860915939651025e-03
5.372826264575628584e-03 -1.016952650784525534e-02
2.190387425900116626e-03 -1.087346644174343353e-02
-1.248500309169238865e-03 -1.006345118928598896e-02
-4.467702741591217733e-03 -7.873202535645978245e-03
-7.029714968838795923e-03 -4.625013443555004225e-03
-8.594969536183598435e-03 -7.816428285116285880e-04
-8.966337054133206169e-03 3.120217484207826394e-03
-8.113062236840065666e-03 6.545227012134063535e-03
-6.171384034576080091e-03 9.032801142062552718e-03
-3.422378805510532633e-03 1.025856459179166208e-02
-2.506743827261899253e-04 1.007572407728750744e-02
2.909815379371760193e-03 8.531233033393552725e-03
5.635410985087426980e-03 5.855233128322871912e-03
7.569252791431708635e-03 2.425952489534023877e-03
8.467426753469883827e-03 -1.284487876480706978e-03
8.228762656322378966e-03 -4.775497696388499025e-03
6.904824556765136109e-03 -7.585548967291281912e-03
4.689377081518879102e-03 -9.352712378271796703e-03
1.889365381413895097e-03 -9.860337353011236830e-03
-1.118177004323046841e-03 -9.062261940264175822e-03
-3.937179337487915071e-03 -7.084848903106276755e-03
-6.204605395579952665e-03 -4.206301060874196272e-03
-7.636725473267200193e-03 -8.166829065186810826e-04
-8.063773127534666629e-03 2.635518132626224561e-03
-7.448891361574465700e-03 5.702910177242190813e-03
-5.889452775068696605e-03 7.996890953278521647e-03
-3.601174718183024290e-03 9.236136069681629215e-03
-8.876355891102244780e-04 9.279954814014943973e-03
1.900440940176798162e-03 8.142743739959650007e-03
4.410635726744403795e-03 5.988318966893348659e-03
6.333132342700410582e-03 3.105508726826671211e-03
7.438348286825208558e-03 -1.312945356163473971e-04
7.603429807459274881e-03 -3.311168554113430237e-03
6.824699907065037707e-03 -6.038831483224371688e-03
5.215002650467637918e-03 -7.983348541895564365e-03
2.986791431204024669e-03 -8.917453882457144348e-03
4.235270279836689158e-04 -8.742949310837933377e-03
-2.156718919871147312e-03 -7.499525297338443738e-03
-4.440761882555318424e-03 -5.356479742749968229e-03
-6.158017124030695441e-03 -2.588914237017968072e-03
-7.111945307007175483e-03 4.581888085968123352e-04
-7.201675422801101685e-03 3.413269507299565228e-03
-6.431561121730359001e-03 5.923427002120854046e-03
-4.907948893672368397e-03 7.696115512069946242e-03
-2.823978920776311526e-03 8.532453802056128717e-03
-4.346186993369025205e-04 8.348478291227140816e-03
1.974808751352905879e-03 7.182230679718203982e-03
4.122705306785580393e-03 5.186314459255780135e-03
5.763835602147739795e-03 2.607268368877106203e-03
6.716792655047394006e-03 -2.454096831604776589e-04
6.883299523634810700e-03 -3.036659385557325796e-03
6.257405528313769207e-03 -5.445150104771386175e-03
4.923863506629962486e-03 -7.199891040088126325e-03
3.046232254022917998e-03 -8.110056233846980878e-03
8.463918904189143225e-04 -8.084843361737939493e-03
-1.421934299924594407e-03 -7.141430791798587460e-03
-3.502480802138338914e-03 -5.400511286889662400e-03
-5.165193753119842746e-03 -3.070296571980209860e-03
-6.231252073181892462e-03 -4.211462827718409456e-04
-6.591699820313002764e-03 2.246055801115112022e-03
-6.217835123292336091e-03 4.634070688727292761e-03
-5.162474075278065261e-03 6.482158637786549285e-03
-3.552238688909519805e-03 7.594038027933582534e-03
-1.571991713266375663e-03 7.858027700381849806e-03
5.566452788340876898e-04 7.257405429838845699e-03
2.600181498153644657e-03 5.870146347323305230e-03
4.338764783311279717e-03 3.858384102173386364e-03
5.589547586479122476e-03 1.449035456864371631e-03
6.225473951739974622e-03 -1.092068516719700306e-03
6.187620291426259439e-03 -3.489582786016146888e-03
5.489969206698063105e-03 -5.488337790589317353e-03
4.216332640133183159e-03 -6.880149109367083432e-03
2.509976774175579680e-03 -7.524984480306372986e-03
5.572489406879337862e-04 -7.364407850283681035e-03
-1.432907951622600573e-03 -6.426097024705403928e-03
-3.251299625244699794e-03 -4.819203749382083499e-03
-4.710307553217959672e-03 -2.721288005084807234e-03
-5.662950867897507262e-03 -3.584125869318356087e-04
-6.017289369940764972e-03 2.019354394696939742e-03
-5.744810386718790171e-03 4.164373501544881007e-03
-4.882099217362092722e-03 5.857027038165230418e-03
-3.525799278025020141e-03 6.927860241419607490e-03
-1.821550562916722038e-03 7.274087120134197990e-03
5.181430273807035962e-05 6.868913511948987471e-03
1.901094404321533810e-03 5.762902987351353756e-03
3.538587607517651792e-03 4.077438769730939647e-03
4.800973157389350730e-03 1.991131930539629877e-03
5.565337083485811208e-03 -2.792860061744354295e-04
5.760803962711902489e-03 -2.501534307419844491e-03
5.374717361876739721e-03 -4.451472502585486837e-03
4.452880652862778801e-03 -5.935510475657039542e-03
3.093970946776902244e-03 -6.809529044322011268e-03
1.438811671035815582e-03 -6.992501964898753704e-03
-3.443213252683984503e-04 -6.473579065350442210e-03
-2.076824482831762537e-03 -5.312065890426039688e-03
-3.587585450503485117e-03 -3.630448629673431547e-03
-4.729733222968207987e-03 -1.601293508317975980e-03
-5.394702188715824569e-03 5.705680260270280021e-04
-5.522291537577979879e-03 2.668726887893124212e-03
-5.105820248375807398e-03 4.486674758360141568e-03
-4.191973132648739962e-03 5.847958622804941622e-03
-2.875455603740325813e-03 6.623069556629793131e-03
-1.289073310046361370e-03 6.741480361944330625e-03
4.097194551959558104e-04 6.197748043598546967e-03
2.054440545020184191e-03 5.051191856783987522e-03
3.485827020324797770e-03 3.419286690139879820e-03
4.567135708298693079e-03 1.465514066240108243e-03
5.197044980286397685e-03 -6.170677256191027873e-04
5.318961469531968515e-03 -2.624884422252867291e-03
4.925899761719049023e-03 -4.363663987982942249e-03
4.060539035463675561e-03 -5.667097730844478966e-03
2.810525683061762450e-03 -6.412571627613569344e-03
1.299540820241268857e-03 -6.532502731047059620e-03
-3.249555914003124379e-04 -6.020256726310046699e-03
-1.906092222904104969e-03 -4.930153505201948470e-03
-3.292672690321466183e-03 -3.371636514710150707e-03
-4.353540779802847656e-03 -1.498234517234401774e-03
-4.989873393505964497e-03 5.075703314096991024e-04
-5.144264064627216727e-03 2.452080916861893410e-03
-4.805777267533126521e-03 4.149014910514173954e-03
-4.010543316010563297e-03 5.437246996337042997e-03
-2.837888099329690956e-03 6.195989158776870828e-03
-1.402411324100081083e-03 6.355995022827486129e-03
1.571975503182161064e-04 5.905764341987977846e-03
1.691519129501608924e-03 4.892205558433341400e-03
3.054660480155367997e-03 3.415741935600156726e-03
4.118057656637311853e-03 1.620370432870721356e-03
4.782529224269284340e-03 -3.203464685867826560e-04
4.987461085677987599e-03 -2.220000710622499832e-03
4.716281046032311762e-03 -3.897170040403634145e-03
3.997735677486282009e-03 -5.192667163990660230e-03
2.902878733360267274e-03 -5.984578907158867936e-03
1.538082564636167326e-03 -6.199685498820338252e-03
3.475444327823130029e-05 -5.820198695934058163e-03
-1.463255682403556733e-03 -4.885203607443244431e-03
-2.813358494943126592e-03 -3.486690718169114210e-03
-3.887743872626765046e-03 -1.760574811394657619e-03
-4.585441872993497800e-03 1.264313189894190632e-04
-4.841794914651836867e-03 1.992832074449925762e-03
-4.634456681947115436e-03 3.659727296443622026e-03
-3.985361976732734388e-03 4.967901836407128714e-03
-2.958491708823946312e-03 5.793004263275627029e-03
-1.653653076268363524e-03 6.057374581727548862e-03
-1.968699068773981705e-04 5.737398462130691677e-03
1.271702795296003738e-03 4.865689074144127768e-03
2.611192611925536311e-03 3.527887662789140795e-03
3.693478387394275118e-03 1.854384695333059080e-03
4.415434051524834078e-03 7.746837754150654592e-06
4.708781913581713309e-03 -1.832954368882048525e-03
4.546614058407612985e-03 -3.489417465793310039e-03
3.945954425433083508e-03 -4.801336772039200597e-03
2.966108696114420733e-03 -5.641924030249754508e-03
1.702949359805712177e-03 -5.930226866727653437e-03
2.796717145544154199e-04 -5.639044524125017867e-03
-1.165103664493170139e-03 -4.797657570217366690e-03
-2.490747806251376612e-03 -3.489082613741847395e-03
-3.568273067215045873e-03 -1.842089100677518718e-03
-4.292898634466040322e-03 -1.872311549439291574e-05
-4.594310072192082928e-03 1.801476012282474289e-03
-4.443604630193172256e-03 3.439049645661217645e-03
-3.856226552330857624e-03 4.732279989980405638e-03
-2.890579458611845873e-03 5.553207553020147146e-03
-1.642420157398561320e-03 5.820420157529452784e-03
-2.355502591464679087e-04 5.507327175438838165e-03
1.190311136109447601e-03 4.645061661815087783e-03
2.493304808637796053e-03 3.319671966032593062e-03
3.543514679311642306e-03 1.663824038304299782e-03
4.235966665988772674e-03 -1.562180374680330851e-04
4.501242598841193564e-03 -1.957086636355350601e-03
4.312627938441749090e-03 -3.556670175531889428e-03
3.689041711268000769e-03 -4.792517860119187290e-03
2.693406784767645584e-03 -5.538437755768446311e-03
1.426569447712855866e-03 -5.717588944701793366e-03
1.732537406214855295e-05 -5.310694510714750356e-03
-1.390490235765342013e-03 -4.358472753947174178e-03
-2.652578305341361624e-03 -2.957955444421072385e-03
-3.638956876238992003e-03 -1.252978899406487082e-03
-4.247440452396824759e-03 5.802650896639819159e-04
-4.414416255677513015e-03 2.351207410987380102e-03
-4.121766740491118741e-03 3.874606410309558088e-03
-3.399161980532709217e-03 4.989961740577517069e-03
-2.321408327504484535e-03 5.578607924282233399e-03
-1.001045986565050460e-03 5.576656751000884024e-03
4.231130978422858405e-04 4.982351978711650232e-03
1.800376240930263386e-03 3.856954838050251268e-03
2.984026473254749491e-03 2.318941467931611572e-03
3.846993180626926117e-03 5.319974392065759299e-04
4.295666820875111008e-03 -1.312032981784195477e-03
4.280345176645185094e-03 -3.013516531941301275e-03
3.801121663811565798e-03 -4.386592571963879826e-03
2.908485941760550770e-03 -5.279615424936752108e-03
1.698458989842076489e-03 -5.592226088061235875e-03
3.026728468773466022e-04 -5.287108179918407862e-03
-1.125632860728323142e-03 -4.395011354103974324e-03
-2.428251609321602049e-03 -3.012326607003111036e-03
-3.459511086665784108e-03 -1.291301607885524160e-03
-4.102711915358387383e-03 5.761942740576768678e-04
-4.283643271116256354e-03 2.379696597697498854e-03
-3.979586207348647167e-03 3.913715571562032848e-03
-3.222674649161146737e-03 5.001242206466104991e-03
-2.097087017769082296e-03 5.514508123214535359e-03
-7.302262957760119163e-04 5.390542865095084013e-03
7.212611665184868841e-04 4.639589318525291599e-03
2.089156380971524292e-03 3.345198329654366920e-03
3.213080409616028699e-03 1.655751046083711944e-03
3.959432670694348726e-03 -2.318481396436540554e-04
4.237617578957747141e-03 -2.094617018299463080e-03
4.011563104311401638e-03 -3.709600111962459233e-03
3.305021556019186423e-03 -4.880625846709082602e-03
2.199829653815335573e-03 -5.462519249721288668e-03
8.271196278603227267e-04 -5.379758794614648496e-03
-6.476757264392092508e-04 -4.637124763646885590e-03
-2.044394432054291375e-03 -3.320769605466865771e-03
-3.190040368564346033e-03 -1.589257182015321387e-03
-3.940374346291022727e-03 3.446575971012986930e-04
-4.198506452426468971e-03 2.239550522836508337e-03
-3.928060284973779528e-03 3.855194434532957515e-03
-3.159062493672834190e-03 4.983139070687642516e-03
-1.985555369521883537e-03 5.474126956132153651e-03
-5.549435643592014232e-04 5.258705311640236857e-03
9.498515626005870315e-04 4.358112740921238348e-03
2.333378980489954086e-03 2.883654688441150693e-03
3.412974631862817319e-03 1.024210000883656654e-03
4.043164126528608036e-03 -9.769377849013654615e-04
4.135881740030996657e-03 -2.853274616723146338e-03
3.673643503141229075e-03 -4.350366451024358094e-03
2.713625564683437488e-03 -5.260693383008337165e-03
1.381733853224908918e-03 -5.453236508282439769e-03
-1.429266578204880025e-04 -4.893533287256732547e-03
-1.651434331297284980e-03 -3.651023500331030715e-03
-2.933361602098112902e-03 -1.892120936193312716e-03
-3.806256676588801093e-03 1.406265217597979424e-04
-4.142184927984659745e-03 2.160934939228471678e-03
-3.887427448122690154e-03 3.878612367729812778e-03
-3.072213937952687594e-03 5.041400269540423536e-03
-1.808644691274234996e-03 5.472830289775154969e-03
-2.765807123302518704e-04 5.100359016630968793e-03
1.300961849719807972e-03 3.969167996980408827e-03
2.689737338222698317e-03 2.238900004480731155e-03
3.679072222140598262e-03 1.630180539691691030e-04
4.114419248666665620e-03 -1.946905773044483321e-03
3.922596941107680917e-03 -3.767224406835433838e-03
3.125485365646730671e-03 -5.011955907658929149e-03
1.839497989626573881e-03 -5.478648721097009386e-03
2.602210750788274199e-04 -5.082954278649088817e-03
-1.366080334906134494e-03 -3.875841596825615066e-03
-2.780196453374513682e-03 -2.039807488713381647e-03
-3.751334204630456508e-03 1.363848093709769515e-04
-4.115566238123664206e-03 2.301424489080374555e-03
-3.804907853085300919e-03 4.097381693057376012e-03
-2.861718096922871279e-03 5.219170947495202495e-03
-1.435247491785951544e-03 5.467729943262620088e-03
2.400277882221195976e-04 4.787533648664627287e-03
1.881560097165895559e-03 3.281146431676521327e-03
3.205803645423357245e-03 1.197020119993503010e-03
3.977550979565517945e-03 -1.108817582293134072e-03
4.052979314147359124e-03 -3.231876418592536781e-03
3.408408249280067866e-03 -4.789734630252285609e-03
2.148804729826793870e-03 -5.491904178221974214e-03
4.933461151978455958e-04 -5.196240449141120536e-03
-1.260622635657063315e-03 -3.940705045827895374e-03
-2.789805760558235117e-03 -1.943105290185742282e-03
-3.804510739710118342e-03 4.330495993416866524e-04
-4.104698073267697839e-03 2.742112126308619054e-03
-3.621594352018060216e-03 4.538829618707307043e-03
-2.435955316473813366e-03 5.464946201901309079e-03
-7.679975930658594152e-04 5.323083991497048681e-03
1.060735212623616997e-03 4.122410039973265980e-03
2.687670489248044497e-03 2.085125493666077807e-03
3.780847716462044147e-03 -3.900298780897117979e-04
4.107957976808540926e-03 -2.802498418391388864e-03
3.588333854578283980e-03 -4.649763743624273603e-03
2.315924317250657623e-03 -5.532956349603631099e-03
5.465288541951581923e-04 -5.246084308212550784e-03
-1.350286578159578393e-03 -3.828570846805551785e-03
-2.966473508502736299e-03 -1.567189642255531609e-03
-3.943261637556524923e-03 1.056436846180897927e-03
-4.052743800485618907e-03 3.464745319615835078e-03
-3.254544187920561764e-03 5.110363041185935450e-03
-1.713004648258327836e-03 5.602480060928722097e-03
2.317497477627101024e-04 4.804207520914554989e-03
2.135282908110087193e-03 2.876057543669607169e-03
3.548933313089063131e-03 2.514136709073023970e-04
4.126596772478991967e-03 -2.454956597336934148e-03
3.712847172523298187e-03 -4.587884339476849815e-03
2.389490577957645474e-03 -5.611103044647922609e-03
4.660424705051500940e-04 -5.246435044935791013e-03
-1.587504046560654636e-03 -3.556182443066368062e-03
-3.252679958429324260e-03 -9.434102753402682671e-04
-4.093694054568317899e-03 1.936077474205123976e-03
-3.874881751811720676e-03 4.333562203199419968e-03
-2.632346902413996645e-03 5.601892701036951389e-03
-6.771674191278916847e-04 5.374764725655360210e-03
1.475843814900349793e-03 3.680580170514197516e-03
3.239827043043248464e-03 9.542489389373339046e-04
4.115847256758590686e-03 -2.064343107852838373e-03
3.838042247588380630e-03 -4.525177023732016371e-03
2.461155777968753247e-03 -5.707362924578108197e-03
3.605101729174562623e-04 -5.236299979407128130e-03
-1.862435080016225158e-03 -3.212484586610398537e-03
-3.548144499272843592e-03 -2.060453604084811320e-04
-4.175566792173871986e-03 2.892255496778108493e-03
-3.529014520074659142e-03 5.129180197031625067e-03
-1.780908960876580660e-03 5.784258478357433113e-03
5.426199556133337338e-04 4.611132731651753497e-03
2.711802006718650945e-03 1.942489818550093526e-03
4.019596258498235250e-03 -1.387321063967821445e-03
4.015870643063487386e-03 -4.291700284747123305e-03
2.671516070303679193e-03 -5.783720551902641650e-03
4.107724026902472535e-04 -5.318792949170700508e-03
-2.010523831795001971e-03 -3.008116997827555740e-03
-3.751185523554626498e-03 3.836783743673786041e-04
-4.178446141397165400e-03 3.674778434403662419e-03
-3.107236536419909993e-03 5.671023716155364908e-03
-8.925019591526216645e-04 5.604826251749643953e-03
1.672625666182050129e-03 3.446637697326655845e-03
3.631335762303901284e-03 -4.108433860743900511e-05
4.220180134651682624e-03 -3.551593309611319679e-03
3.176760902253166104e-03 -5.713466912597811934e-03
8.717969695847465695e-04 -5.632080450772557548e-03
-1.803355890010686219e-03 -3.279261733907399591e-03
-3.769895048791944980e-03 4.433525262767095418e-04
-4.197229927275340083e-03 4.024238114397361669e-03
-2.866713742909631282e-03 5.945276217424134459e-03
-3.009047384140461131e-04 5.334735788714430743e-03
2.419686720032835324e-03 2.388154395740046607e-03
4.100381010898874849e-03 -1.652797273337042357e-03
3.961392463454189300e-03 -4.996460376747334162e-03
2.018231718920173497e-03 -6.089760507282748411e-03
-8.775386965873949435e-04 -4.358328041039315898e-03
-3.388884881398994148e-03 -5.409381196438720974e-04
-4.304287662689085421e-03 3.583692649645566809e-03
-3.135667651769235773e-03 6.003512338700805161e-03
-4.048033348342571294e-04 5.462453883313339066e-03
2.556958202266269506e-03 2.146941738655870277e-03
4.240525492798799360e-03 -2.316625111678959591e-03
3.734616543456981737e-03 -5.622051528392889644e-03
1.246711301450702464e-03 -5.971027930608456893e-03
-1.937993661894414979e-03 -3.084414156606669205e-03
-4.093454668819027781e-03 1.542345436360639116e-03
-3.988734005620032941e-03 5.362435540420945439e-03
-1.619639890113209676e-03 6.166070288946262808e-03
1.709440192199077405e-03 3.391786067565932383e-03
4.068527378857357546e-03 -1.428283371367607916e-03
4.018048032696115539e-03 -5.451011194930837495e-03
1.519567769352189474e-03 -6.180978941226105035e-03
-1.947743475856432427e-03 -3.057273753794796222e-03
-4.222050980394285481e-03 2.054454692588763946e-03
-3.805890352339393046e-03 5.904040849884502340e-03
-8.930979984369720199e-04 5.909059138662711881e-03
2.646677220616039383e-03 1.941432288433497019e-03
4.426808759673600026e-03 -3.410552197185158247e-03
3.162985933261994696e-03 -6.457577451347935524e-03
-3.443601334632909183e-04 -4.957453276145286011e-03
-3.642685483288481824e-03 1.538180199333230146e-04
-4.311302048240327894e-03 5.223788552932703139e-03
-1.772061901598673229e-03 6.437486245989845757e-03
2.141991513285457747e-03 2.734744351949752218e-03
4.440130973153000489e-03 -3.157467403155228558e-03
3.257994481689206918e-03 -6.620466584929318721e-03
-5.595831464912804764e-04 -4.759403888191683120e-03
-3.960595901385641389e-03 1.067829940823294878e-03
-4.086161763373937460e-03 6.079385369283598142e-03
-7.273619752915518825e-04 5.933392947865550812e-03
3.301953363627830804e-03 5.783098692932035507e-04
4.447239582350180631e-03 -5.374100546470432851e-03
1.581279924621990622e-03 -6.509408421396465846e-03
-2.776627938497015606e-03 -1.599794781388784058e-03
-4.569578125358774931e-03 4.903907632106198865e-03
-1.993390555084652554e-03 6.752912770738601217e-03
2.565820094546090481e-03 1.951095641277400886e-03
4.610961741204201540e-03 -4.893571353210970226e-03
1.973658799831601220e-03 -6.803139960638291718e-03
-2.749464214795369066e-03 -1.590156753548805507e-03
-4.603699704391924288e-03 5.410279642454243060e-03
-1.483461703458223684e-03 6.593443598464968601e-03
3.315868655711024134e-03 4.213583684966484919e-04
4.420101542727591232e-03 -6.329175320400133760e-03
4.329039029517904851e-04 -5.807124336284330557e-03
-4.110506946688920714e-03 1.637565721380898707e-03
-3.756435311204100059e-03 7.209935566010176877e-03
1.221333669493133035e-03 3.916947398491243092e-03
4.722124505810511817e-03 -4.398479336927118427e-03
2.204219057815503570e-03 -7.147961182301014980e-03
-3.231764922702777716e-03 -4.774955214431955697e-04
-4.402221327436275575e-03 6.947918929917887461e-03
4.374100890240828661e-04 4.889928030060040377e-03
4.720827025355851456e-03 -4.110348573899951646e-03
2.307875061672508277e-03 -7.324550414220604849e-03
-3.502810660919855601e-03 2.177131011765358120e-04
-4.151364953896067439e-03 7.557296620960218814e-03
1.526630194683390026e-03 3.364393700673535062e-03
4.887842772148561117e-03 -6.203995681475703468e-03
4.925664684747872290e-04 -5.931350977909094144e-03
-4.755438385839054136e-03 4.124798481219104328e-03
-2.133718787445209458e-03 7.397338448224207580e-03
4.155552478788203385e-03 -2.030550788605912232e-03
3.268421442119995649e-03 -8.038422528157460403e-03
-3.458380572533613015e-03 3.544488596221442378e-04
-3.949735565895248421e-03 8.237982048103347291e-03
2.925852332960185952e-03 6.996278488936894750e-04
4.289562101258258958e-03 -8.321920524534580713e-03
-2.713426115295032755e-03 -1.043781176822865947e-03
-4.367188522935280294e-03 8.474398697638788058e-03
2.897163849488235739e-03 6.056762231916614208e-04
4.172374509390707961e-03 -8.686174431422092126e-03
-3.482173773489386122e-03 7.113382040995466695e-04
-3.577414463746895600e-03 8.695156807022957901e-03
4.361857683550175030e-03 -2.962304704093025876e-03
2.353043425179490982e-03 -7.926855070667225556e-03
-5.217041259296640969e-03 5.931700741588691317e-03
-2.857641084719234840e-04 5.545994310118427736e-03
5.401055792259698909e-03 -8.726750096893998165e-03
-2.513338909995432250e-03 -8.861610927683536559e-04
-3.996299669896558396e-03 9.424377933381499969e-03
5.109025577138482516e-03 -5.434801547047728686e-03
4.162691604507591601e-04 -5.582815308969711447e-03
-5.480351631335951892e-03 1.003806081608191181e-02
4.203352963074975281e-03 -3.114372514291953008e-03
1.688259820016499045e-03 -7.269023720287673580e-03
-5.907513390828035386e-03 1.060661288073533673e-02
4.566809984313045800e-03 -4.252322230260907783e-03
7.617245209570924335e-04 -5.797699556373252065e-03
-5.533068079385547108e-03 1.162590097542141876e-02
6.414895925954974473e-03 -9.685395064112534147e-03
-3.284890197398897087e-03 1.972437858604125793e-03
-1.645434811102540256e-03 6.880763889758500194e-03
5.870569116632232479e-03 -1.305374415724246638e-02
-8.009603826193818776e-03 1.515706448339867660e-02
8.025278303278810324e-03 -1.389220044551501936e-02
-6.671807937817296127e-03 1.085067674396683265e-02
4.832834492193597772e-03 -7.484895392319840766e-03
-3.130300670422986146e-03 4.654299950421320400e-03
1.842194339285079105e-03 -2.643774515389712889e-03
-9.957726855317149649e-04 1.384639645457507113e-03
4.982795696521800455e-04 -6.732683323723218094e-04
-2.322016618014826695e-04 3.055583101082183918e-04
1.012455285708326080e-04 -1.299871066879418747e-04
-4.146211947235080563e-05 5.201328922700038679e-05
1.599762917849328458e-05 -1.963325962682079483e-05
-5.830778826547284286e-06 7.008045137860152864e-06
2.012126948218056031e-06 -2.370507559581874367e-06
-6.586285221885766930e-07 7.612215696187118383e-07
2.049020712225950541e-07 -2.324420425023671988e-07
-6.061899313314097586e-08 6.757885938586198516e-08
1.712996493892429953e-08 -1.873779115614564510e-08
-4.579091275793901221e-09 4.953405424117597998e-09
1.205754945101069169e-09 -1.256321700488769220e-09
-2.684230282728067562e-10 2.997028962942967233e-10
8.971910288012687968e-11 -7.317419855166388645e-11
5.259403660923195116e-12 1.257120603683045893e-11
2.324795163527386416e-11 -6.205614174617294304e-12
1.859555337025366207e-11 -2.150499364434413370e-12
1.873827558617048153e-11 -2.828716655987102347e-12
1.792027970679769382e-11 -2.612776354007356059e-12
1.732481180084920126e-11 -2.528326281991978248e-12
1.673845282318866474e-11 -2.445348918071756183e-12
1.611870795270061920e-11 -2.366600163103584692e-12
1.556562703835614859e-11 -2.277633921174826146e-12
1.498402770546610784e-11 -2.199669456626334812e-12
1.446358617933368080e-11 -2.100493841695938142e-12
1.394625664461026407e-11 -2.038007407875130037e-12
1.343068726108713960e-11 -1.939232524295193096e-12
1.297876658610771214e-11 -1.875455663945232849e-12
1.252329772563334293e-11 -1.807900390621803282e-12
1.206460079201748390e-11 -1.744677421714166301e-12
1.164267026793262929e-11 -1.708540757030131626e-12
1.126146197102680422e-11 -1.654793172991551628e-12
1.084398268802378339e-11 -1.570186444850256807e-12
1.048042473553093916e-11 -1.519119284793818936e-12
1.007172028555600801e-11 -1.437994898012129504e-12
9.756511048436096504e-12 -1.415898644935808119e-12
9.399403894453997487e-12 -1.344922177411794853e-12
9.035177477357232944e-12 -1.293060598428974887e-12
8.744447835447751499e-12 -1.234209280098247163e-12
8.421129892505423388e-12 -1.183534142882079607e-12
8.133076334788081315e-12 -1.124759820155505313e-12
7.834021003488555016e-12 -1.110981204044857926e-12
7.548545216268402876e-12 -1.071948025608099487e-12
7.215996674069586246e-12 -1.041022917145761568e-12
7.033268699637468342e-12 -1.031106898836636368e-12
6.747270382299732793e-12 -1.012363617878474357e-12
6.498283051542753434e-12 -9.610578544243890841e-13
6.216019617078135085e-12 -9.429082802522892030e-13
5.967186455669991209e-12 -8.502223321992042113e-13
5.727777262966908004e-12 -7.983033467583670839e-13
5.486619854660042155e-12 -7.827861398468181594e-13
5.276144276647129672e-12 -7.618852352551000510e-13
5.129679852970665208e-12 -7.434164814063850633e-13
4.956663566118358653e-12 -7.213936456679068065e-13
4.804069327026745740e-12 -6.936340982919916773e-13
4.641479038810292843e-12 -6.677231619052645251e-13
4.455371965298655894e-12 -6.214514891141335022e-13
4.344135159253302505e-12 -5.998421408995095803e-13
4.098027470968078765e-12 -6.035824100248063274e-13
3.978147747624357356e-12 -6.318238718866820494e-13
3.809904018727789564e-12 -6.025524154747267416e-13
3.634662660682109960e-12 -5.579007170681220813e-13
3.518644596601882539e-12 -4.882850246135209505e-13
3.370027447763874402e-12 -4.648315152075247276e-13
3.188250611791326158e-12 -4.969194467350064979e-13
3.139336544346677581e-12 -4.457609644953378177e-13
2.969994739065560335e-12 -3.990194633906991806e-13
2.889684328460515681e-12 -3.766603047621681527e-13
2.774557000050033248e-12 -4.341382644517950701e-13
2.628941806157436487e-12 -3.955988668278992361e-13
2.759603480135050871e-12 -2.675203946482990411e-13
2.399099352276185541e-12 -3.848224737468269105e-13
2.362122952705235752e-12 -3.946089680713957295e-13
2.327538425742719227e-12 -3.837877064892790690e-13
2.209512715540981992e-12 -3.541860536151151879e-13
2.146805934544217801e-12 -3.157367161356872424e-13
1.136739773311368670e-12 -1.590386886349699509e-13
3.792845120723768445e-11 -5.482537750583360742e-12
-1.598157119269742397e-09 2.391172885507286662e-10
