2.005727151931163080e-03 -7.942212341981672724e-03
2.907711286141481492e-03 -7.071424174552717531e-03
3.618343364211993457e-03 -5.751809319148624283e-03
4.178025208696685942e-03 -4.229001667543853121e-03
4.653015149767149999e-03 -2.699794920046609797e-03
5.125259247163137244e-03 -1.305433091682539105e-03
5.680838330899631167e-03 -1.281864402526197017e-04
6.406862314591691386e-03 7.982314672481476657e-04
7.391930490463397008e-03 1.476311237968157882e-03
8.729434850841780169e-03 1.933027853306964507e-03
1.052295468289924166e-02 2.210455748807957539e-03
1.289276948753211201e-02 2.358665808390772098e-03
1.598391342605936030e-02 2.433589786231870299e-03
1.997499140730269601e-02 2.496879504872833236e-03
2.508792529561651094e-02 2.619419981521748861e-03
3.159875125200115042e-02 2.888710568914560489e-03
3.984963674119963717e-02 3.421300972593192130e-03
5.026245952023034036e-02 4.382831941450112540e-03
6.335487883019619293e-02 6.020803726167180125e-03
7.976181699920706358e-02 8.720568051500850182e-03
1.002718624970098393e-01 1.310725893436345824e-02
1.259110827776574737e-01 2.024675527742234027e-02
1.581955687573771141e-01 3.208087916779674142e-02
2.000779187421731220e-01 5.246224103429196484e-02
2.604148023340266405e-01 8.959117809461006332e-02
3.815376895841954275e-01 1.538852730899666621e-01
6.377707756118895510e-01 0.000000000000000000e+00
3.286280597800551040e-01 -2.671642978134058932e-02
2.155261970936050986e-01 -7.335689434846831558e-04
1.536752890412432793e-01 1.000287019599943594e-02
1.128971042569768268e-01 1.354076223277481117e-02
8.398133883393968380e-02 1.423139533539557328e-02
6.282734592709009191e-02 1.394823371067002021e-02
4.713568139699621240e-02 1.350316847008932106e-02
3.544344602060679750e-02 1.324207798406869772e-02
2.675514760218968349e-02 1.329388953916517749e-02
2.036743727291632361e-02 1.367944784069708569e-02
1.577113003201088826e-02 1.436050702775564826e-02
1.258952834306885198e-02 1.526201670277944553e-02
1.053615996944821942e-02 1.628313844057886414e-02
9.413915470703436428e-03 1.731004568711243252e-02
9.033420916198343226e-03 1.819232934484131883e-02
9.223776037241022269e-03 1.876762488137326268e-02
9.820489915994875391e-03 1.886816149822743288e-02
1.065719703794140195e-02 1.833175801944039729e-02
1.156176246390358889e-02 1.701680940426816141e-02
1.235708225435248712e-02 1.482064791329147993e-02
1.286676061829166752e-02 1.169994316538722039e-02
1.292553760155306861e-02 7.690950420742265897e-03
1.239383694242498363e-02 2.926577039089433598e-03
1.117512105622874528e-02 -2.353400546707276088e-03
9.233967304365714099e-03 -7.802885349749228566e-03
6.612042466381116285e-03 -1.298432910624632355e-02
3.438620863873792684e-03 -1.740032399381444272e-02
-6.783597343456085338e-05 -2.054228757450971693e-02
-3.610058134089219953e-03 -2.195376230947696308e-02
-6.836140638043696101e-03 -2.130244917075964362e-02
-9.377417150709025859e-03 -1.845163690566510931e-02
-1.089739982886083272e-02 -1.351887905101412275e-02
-1.114632415055975129e-02 -6.908440027046818845e-03
-1.001323300875436341e-02 6.950121019401577643e-04
-7.565790494525093807e-03 8.380168985662184156e-03
-4.067793805487237777e-03 1.511220453531638211e-02
3.382290677275169577e-05 1.987792627188733618e-02
4.156614726388023831e-03 2.185527320410971669e-02
7.662926992524932493e-03 2.058003254467652421e-02
9.963680832608748372e-03 1.607657293190881825e-02
1.062943566270118170e-02 8.919102214433267950e-03
9.487450816954470789e-03 1.971712192015504655e-04
6.682081553741116633e-03 -8.625799509048811750e-03
2.679423729302989748e-03 -1.595085885328620043e-02
-1.793984932824243400e-03 -2.034464057660931996e-02
-5.875339579813784047e-03 -2.084787962795131566e-02
-8.734275130748137689e-03 -1.722343157611453193e-02
-9.753945450959115512e-03 -1.007746630384125618e-02
-8.683887770704031353e-03 -8.060479949295248914e-04
-5.724427618342395330e-03 8.646220653884508639e-03
-1.513215677425286919e-03 1.618413529325534936e-02
2.995019001490453400e-03 2.004009460446509044e-02
6.738028673793793402e-03 1.922331635583944542e-02
8.801422344568298958e-03 1.382148767053383367e-02
8.658125955641044619e-03 5.057856192662275353e-03
6.326374742961399060e-03 -4.940994787042877687e-03
2.394882978896765817e-03 -1.363797795414669126e-02
-2.105098867441026686e-03 -1.873325548642852667e-02
-5.959717795161792106e-03 -1.880303159808714014e-02
-8.102454372011935399e-03 -1.374687005760149086e-02
-7.924378267511663146e-03 -4.894308527073813406e-03
-5.471122746261795552e-03 5.295036634482407079e-03
-1.457575988293694294e-03 1.388825840986853896e-02
2.919358288207616996e-03 1.832748513773211144e-02
6.327974986146935911e-03 1.722559075187516525e-02
7.711690887257743182e-03 1.085457698749348228e-02
6.634651489076097419e-03 1.143175313680295895e-03
3.445202888991531071e-03 -8.858735975408961461e-03
-8.105062015520492560e-04 -1.591846551981274463e-02
-4.713710611240641730e-03 -1.768162847063425164e-02
-6.942459484813739284e-03 -1.350533653494568123e-02
-6.731807234892387033e-03 -4.756625968131046253e-03
-4.161168217622981946e-03 5.572407033688261957e-03
-1.535963227150315483e-04 1.385083044106092537e-02
3.832342239408610858e-03 1.708735960006776272e-02
6.324431714874210325e-03 1.405362400924946992e-02
6.389809589906494079e-03 5.819449628291515145e-03
4.009043072505270346e-03 -4.550298348160093133e-03
1.133357315142285299e-04 -1.308703414252086576e-02
-3.752696478847850937e-03 -1.643220928290701696e-02
-6.032274568544256609e-03 -1.320277811876858880e-02
-5.793439489551525240e-03 -4.641666681770702414e-03
-3.138689048771164253e-03 5.773993717101022494e-03
8.024911218877340754e-04 1.368840927931311985e-02
4.324805355860413328e-03 1.568740153025766776e-02
5.876073254210929103e-03 1.083039770522023840e-02
4.758356942734239675e-03 1.189958890731596846e-03
1.479607976100869374e-03 -8.932334354799384424e-03
-2.434631098829486730e-03 -1.487192977044438959e-02
-5.123294689443322336e-03 -1.377340838415663793e-02
-5.276607227654846362e-03 -6.058211023916208401e-03
-2.807845212373498781e-03 4.596621367714326389e-03
1.046563841781022845e-03 1.290583177163178580e-02
4.301181079725765327e-03 1.457671590109219095e-02
5.230685311362844904e-03 8.610299634988660689e-03
3.313539223926206465e-03 -1.953835962291936360e-03
-4.149557621255803644e-04 -1.142844644126067739e-02
-3.859484010201634507e-03 -1.447629164370463350e-02
-5.015286889431784176e-03 -9.193918710713837317e-03
-3.164209044555939092e-03 1.514151810419957526e-03
6.044897852289969967e-04 1.131543319880158605e-02
3.953736766003791876e-03 1.409652386099364760e-02
4.714052236284277560e-03 7.874034961712371439e-03
2.331989682430017034e-03 -3.546723961945852290e-03
-1.627460619955587579e-03 -1.261402648142179346e-02
-4.408575256094849834e-03 -1.292631478425912243e-02
-3.961208109675312151e-03 -3.936782389949833490e-03
-5.381112687081277685e-04 8.041853583083784229e-03
3.286508578757621306e-03 1.393928359542334454e-02
4.452916976205671326e-03 8.809756337873984183e-03
1.905910588194855695e-03 -3.627521575456875164e-03
-2.282817594767094435e-03 -1.310867409898914746e-02
-4.418641983715096422e-03 -1.108263575256599430e-02
-2.431420226489474853e-03 1.192766940710976832e-03
1.920365060222511272e-03 1.251002600851894124e-02
4.336983536951132846e-03 1.149146212899276702e-02
2.175242337442306710e-03 -1.556735406892264520e-03
-2.402104574536603580e-03 -1.315829725988877999e-02
-4.224538147368147104e-03 -9.943929997107678331e-03
-9.279894926065178004e-04 5.281251323759965713e-03
3.581341220842242969e-03 1.421541459256627470e-02
3.324489121904904056e-03 4.511546500204049147e-03
-1.644021821368778398e-03 -1.177687204775712537e-02
-4.216535713626208895e-03 -1.113861343466423376e-02
-1.494133329448116276e-04 6.946596647346313033e-03
4.233280629929766191e-03 1.411566423018163069e-02
1.139833346692603047e-03 -3.342248744762681568e-03
-4.178250560912789846e-03 -1.518775264029110367e-02
-1.135578545054341439e-03 2.914216004451190140e-03
4.438376094513520227e-03 1.554064601881782748e-02
-1.715274822979037488e-04 -6.962573835873902758e-03
-4.473183032045925309e-03 -1.334373507437052256e-02
3.147966470786916701e-03 1.544537865198108637e-02
1.841536646790632725e-03 1.375943258526093459e-03
-5.307360233874703140e-03 -1.775419253103301467e-02
5.461236324479475795e-03 2.200333315668562273e-02
-3.738151163052437324e-03 -1.680192048169928953e-02
1.934804991762479470e-03 9.465003675503021185e-03
-7.986546297628815873e-04 -4.203665844029536025e-03
2.704954179424864371e-04 1.522133211293460759e-03
-7.644280853395899345e-05 -4.582651497742762782e-04
1.823451000391726685e-05 1.161501254181585019e-04
-3.688187848000871249e-06 -2.498444567305351555e-05
6.430562102295645687e-07 4.587128253697721775e-06
-9.080570301551847136e-08 -7.202171944342047708e-07
1.525975193328642712e-08 9.781431887089237683e-08
1.495431894670824239e-09 -1.075899974128500673e-08
2.525086382996692157e-09 1.554117355779453853e-09
2.040774715783478788e-09 2.736638920666097651e-10
1.743111954111896826e-09 3.214360019288183516e-10
1.475712378570604106e-09 2.639324490075400083e-10
1.243102389722086210e-09 2.228064683226085887e-10
1.040937229418748447e-09 1.870829928890802021e-10
8.666406819969934424e-10 1.547594817244914594e-10
7.203398504738117122e-10 1.289933727228445931e-10
5.941591808530976399e-10 1.065500843610547535e-10
4.877117131829133779e-10 8.778580394622609596e-11
3.982723459993817426e-10 7.180087178343301284e-11
3.232369057613532468e-10 5.803020281438943326e-11
2.608350530601649898e-10 4.697877006344451040e-11
2.092846157146495226e-10 3.766155698760748017e-11
1.670122498545129602e-10 3.004701636531948234e-11
1.322505156949082309e-10 2.387392568283830791e-11
1.041399122124901521e-10 1.877652217419278006e-11
8.147606877087546653e-11 1.466129000147953453e-11
6.325911875911140741e-11 1.136842947598948972e-11
4.883541923803292595e-11 8.795104877857473154e-12
3.737726587006844973e-11 6.718094157953813822e-12
2.837948802523774732e-11 5.069239352270153918e-12
2.129353784103204074e-11 3.747674244780595301e-12
1.552221750752000784e-11 2.614152955772753959e-12
3.644307118802030631e-11 6.139073341267781357e-12
-3.833618046307125569e-08 -6.692131870393811576e-09
