1.400707700314788584e-01 -7.207752759676305798e-04
1.407577978681538722e-01 -3.263313210378655793e-04
1.409824302119566941e-01 0.000000000000000000e+00
1.407120846803698311e-01 2.503018049148132695e-04
1.398908290447781200e-01 4.062401739208972018e-04
1.386283892608608792e-01 4.940139972811445623e-04
1.369811416878655985e-01 5.153518534564797970e-04
1.349917735520894668e-01 4.697556071898770225e-04
1.326959017960640252e-01 3.576731066386486246e-04
1.301245226458919990e-01 1.805662512034157674e-04
1.273053167282993114e-01 -5.933914113441865479e-05
1.242634260211416541e-01 -3.592678650709141275e-04
1.210219450521628770e-01 -7.160516954787844723e-04
1.176022463251664013e-01 -1.126242723615330371e-03
1.140242050633045179e-01 -1.586197571323250122e-03
1.103063606363621219e-01 -2.092141805136466665e-03
1.064660370604035428e-01 -2.640220483135835572e-03
1.025194364510211842e-01 -3.226538629275639558e-03
9.848171427841939662e-02 -3.847194120026781877e-03
9.436704219094921298e-02 -4.498304661057675458e-03
9.018866223118851555e-02 -5.176030025509450322e-03
8.595893501366426437e-02 -5.876590400678963211e-03
8.168938360524653775e-02 -6.596281476618512732e-03
7.739073429361996437e-02 -7.331486766245396899e-03
7.307295505122834989e-02 -8.078687547061973173e-03
6.874529224201456068e-02 -8.834470743896394654e-03
6.441630593810195038e-02 -9.595535020387980021e-03
6.009390408819877127e-02 -1.035869530821395025e-02
5.578537569219414044e-02 -1.112088597305424184e-02
5.149742307584169454e-02 -1.187916279258290422e-02
4.723619331772028335e-02 -1.263070390236669706e-02
4.300730885219670313e-02 -1.337280984940592693e-02
3.881589725351467651e-02 -1.410290287912678922e-02
3.466662019406021450e-02 -1.481852556958032814e-02
3.056370156251292380e-02 -1.551733891565319420e-02
2.651095472387729121e-02 -1.619711995617556174e-02
2.251180890193603054e-02 -1.685575902753555164e-02
1.856933466486157536e-02 -1.749125671850647670e-02
1.468626849631385518e-02 -1.810172059251037233e-02
1.086503643687813936e-02 -1.868536173516421872e-02
7.107776784269929926e-03 -1.924049117693558963e-02
3.416361845058988201e-03 -1.976551623303496319e-02
-2.075812642707451292e-04 -2.025893679563198560e-02
-3.762650762971547248e-03 -2.071934160737363972e-02
-7.247651288359190612e-03 -2.114540454041152068e-02
-1.066157589845933944e-02 -2.153588090182952108e-02
-1.400358897274614316e-02 -2.188960378472317239e-02
-1.727300998428052403e-02 -2.220548048403315003e-02
-2.046929811340218730e-02 -2.248248899692731687e-02
-2.359203767167859442e-02 -2.271967462882744371e-02
-2.664092430536128819e-02 -2.291614672717736528e-02
-2.961575194914250336e-02 -2.307107556529384290e-02
-3.251640050327371523e-02 -2.318368939809334686e-02
-3.534282421007647890e-02 -2.325327170971224974e-02
-3.809504070849771551e-02 -2.327915867055450200e-02
-4.077312074715502138e-02 -2.326073681821607883e-02
-4.337717853826438680e-02 -2.319744097341722502e-02
-4.590736273582623345e-02 -2.308875239862383938e-02
-4.836384802189848398e-02 -2.293419720404658857e-02
-5.074682728537947135e-02 -2.273334500280871709e-02
-5.305650437747500003e-02 -2.248580781460832873e-02
-5.529308742809250360e-02 -2.219123921519864512e-02
-5.745678270751004846e-02 -2.184933372716035826e-02
-5.954778901753978587e-02 -2.145982644599585265e-02
-6.156629259642405760e-02 -2.102249289425377893e-02
-6.351246252178831264e-02 -2.053714909535846178e-02
-6.538644659628820022e-02 -2.000365185775883348e-02
-6.718836770060394870e-02 -1.942189925911744219e-02
-6.891832059864394511e-02 -1.879183131951742830e-02
-7.057636918009370375e-02 -1.811343085174661749e-02
-7.216254412555316022e-02 -1.738672447596390988e-02
-7.367684097953323963e-02 -1.661178378539423725e-02
-7.511921861668793832e-02 -1.578872664886239729e-02
-7.648959808643400471e-02 -1.491771863528626452e-02
-7.778786182085975498e-02 -1.399897454461969740e-02
-7.901385319053581824e-02 -1.303276002905219902e-02
-8.016737639212867528e-02 -1.201939328761558040e-02
-8.124819665092834764e-02 -1.095924681699677813e-02
-8.225604072055107963e-02 -9.852749200755468728e-03
-8.319059766059433425e-02 -8.700386918995304392e-03
-8.405151987178480222e-02 -7.502706160345080574e-03
-8.483842436621599759e-02 -6.260314618257835015e-03
-8.555089424838242806e-02 -4.973883253769410123e-03
-8.618848038034782055e-02 -3.644148007900253200e-03
-8.675070320185924999e-02 -2.271911447397370609e-03
-8.723705467327584617e-02 -8.580443294441374158e-04
-8.764700030628309879e-02 5.965129272971804453e-04
-8.797998124382301610e-02 2.090748875379213473e-03
-8.823541634728503114e-02 3.623579781418185403e-03
-8.841270424521205373e-02 5.193848481631513359e-03
-8.851122529437914499e-02 6.800323347380322903e-03
-8.853034340010879077e-02 8.441697351742893235e-03
-8.846940763930960516e-02 1.011658722058407858e-02
-8.832775362663072838e-02 1.182353264287582320e-02
-8.810470456145265417e-02 1.356099550469169746e-02
-8.779957189164343256e-02 1.532735909873140026e-02
-8.741165552912284753e-02 1.712092724793679022e-02
-8.694024355315758956e-02 1.893992326520649652e-02
-8.638461133988602214e-02 2.078248865349371921e-02
-8.574402006142839427e-02 2.264668143062131128e-02
-8.501771450604068969e-02 2.453047394006676804e-02
-8.420492018250193278e-02 2.643174998491155947e-02
-8.330483968830915131e-02 2.834830109517828128e-02
-8.231664834249649565e-02 3.027782171065387939e-02
-8.123948911257546091e-02 3.221790303093856334e-02
-8.007246690051320059e-02 3.416602525403347745e-02
-7.881464229751483641e-02 3.611954789394696691e-02
-7.746502497204262039e-02 3.807569783831154381e-02
-7.602256692278647199e-02 4.003155478000706285e-02
-7.448615590755761073e-02 4.198403363414544842e-02
-7.285460945382382647e-02 4.392986353746019396e-02
-7.112666996782371354e-02 4.586556302151436476e-02
-6.930100158558025192e-02 4.778741096084051371e-02
-6.737618955731808357e-02 4.969141292581907149e-02
-6.535074311868127594e-02 5.157326262336838635e-02
-6.322310298520079919e-02 5.342829819396445468e-02
-6.099165480380457777e-02 5.525145325861226947e-02
-5.865475010383011667e-02 5.703720278469229243e-02
-5.621073650567381952e-02 5.877950407336411665e-02
-5.365799915837052986e-02 6.047173347829099682e-02
-5.099501557361635351e-02 6.210661985539463192e-02
-4.822042618687773230e-02 6.367617622773094621e-02
-4.533312308432364823e-02 6.517163174470953779e-02
-4.233235935196236893e-02 6.658336672246563392e-02
-3.921788139787724808e-02 6.790085438048941435e-02
-3.599008631808187086e-02 6.911261383626217392e-02
-3.265020586909939126e-02 7.020617996714197118e-02
-2.920051780849971038e-02 7.116809686820582681e-02
-2.564458420079312323e-02 7.198394277448018352e-02
-2.198751468916167184e-02 7.263839539831457026e-02
-1.823625063635767388e-02 7.311534754274576220e-02
-1.439986339434968718e-02 7.339808343274684121e-02
-1.048985675447346687e-02 7.346952627137424974e-02
-6.520459893381682151e-03 7.331256682288654625e-02
-2.508892979565040607e-03 7.291048108739160705e-02
1.524416742904495525e-03 7.224744205226629745e-02
5.555694770016852274e-03 7.130912581177475951e-02
9.557784964213370330e-03 7.008340580907769513e-02
1.350025310150886580e-02 6.856112047879403537e-02
1.734966050054164571e-02 6.673688927837238827e-02
2.107003687359611938e-02 6.460994040694317819e-02
2.462357454217654201e-02 6.218490126363812598e-02
2.797155444793689508e-02 5.947249117172979244e-02
3.107549761226671703e-02 5.649004686155156135e-02
3.389851415013968999e-02 5.326180679482184904e-02
3.640679681785562172e-02 4.981888291111875866e-02
3.857117964504652718e-02 4.619885982566768884e-02
4.036865781380170187e-02 4.244498320779081790e-02
4.178374682018138470e-02 3.860493099137020379e-02
4.280955158276450456e-02 3.472920134384282348e-02
4.344842348683616851e-02 3.086919596470335397e-02
4.371210769125325607e-02 2.707512040608263393e-02
4.362132407348209839e-02 2.339385756328371535e-02
4.320477939274373208e-02 1.986698924106421876e-02
4.249766883898951214e-02 1.652913840716487698e-02
4.153978305785813174e-02 1.340677927956668986e-02
4.037338237155749243e-02 1.051761593680379178e-02
3.904102523283654175e-02 7.870569091343329604e-03
3.758353847950247906e-02 5.466344579646733974e-03
3.603829297034517182e-02 3.298496600523777560e-03
3.443790457947235734e-02 1.354853008401458829e-03
3.280942557825636957e-02 -3.808550726355653532e-04
3.117403461878186580e-02 -1.927319933354103461e-03
2.954718335900960446e-02 -3.304084264227689742e-03
2.793912012511443402e-02 -4.530181871619361200e-03
2.635568850476840280e-02 -5.623067714661498205e-03
2.479929105828683478e-02 -6.597873964403618355e-03
2.326991304298009489e-02 -7.466993574719888761e-03
2.176611485670869664e-02 -8.239964227817522455e-03
2.028592143525153810e-02 -8.923604763784164298e-03
1.882755912028989675e-02 -9.522343488232290487e-03
1.739001313721050268e-02 -1.003867252422339235e-02
1.597339988496393123e-02 -1.047366367615905000e-02
1.457916626027558164e-02 -1.082748785533835245e-02
1.321014218088622377e-02 -1.109989049441445497e-02
1.187048174228385461e-02 -1.129058788418960471e-02
1.056553298663492901e-02 -1.139956230446900753e-02
9.301676493094386544e-03 -1.142724559628352510e-02
8.086169704549768175e-03 -1.137459013051992512e-02
6.927028055914752000e-03 -1.124303199609560065e-02
5.832966431016019075e-03 -1.103435302677787007e-02
4.813415797972585286e-03 -1.075044557019333262e-02
3.878619995529349312e-03 -1.039297623541360523e-02
3.039805604464507986e-03 -9.962931554283353114e-03
2.309401382348129275e-03 -9.460008413758090942e-03
1.701258625144259906e-03 -8.881783547774874804e-03
1.230782689054165865e-03 -8.222557158166582392e-03
9.148163126415245847e-04 -7.471714011918275354e-03
7.709965412882061270e-04 -6.611381629770972726e-03
8.161047463679479193e-04 -5.613097217890310880e-03
1.062588411017252078e-03 -4.433148813825043416e-03
1.511869333110106225e-03 -3.006299252144678871e-03
2.142146033205210003e-03 -1.237890452697465622e-03
2.887010279105521431e-03 1.004802580284442194e-03
3.599267038949279744e-03 3.898962078477576608e-03
3.992239157310980939e-03 7.662694109465580106e-03
3.550597880558352317e-03 1.252486782033042020e-02
1.414343513069835512e-03 1.863921591984874643e-02
-3.823203514576550485e-03 2.585823002209933913e-02
-1.427699239975914816e-02 3.304082396536049682e-02
