-3.251340565077915148e-03 -5.561739781075701735e-04
-7.717160813695366330e-04 5.312873864555898301e-04
9.615373688477127281e-04 2.178562049684330208e-03
3.272204518153960622e-03 6.187851328499656585e-03
7.752635569842664283e-03 1.720520846160493444e-02
1.553644021039544271e-02 4.887804029493108410e-02
2.160684805848334805e-02 1.576622929172989684e-01
8.793904077159243604e-01 0.000000000000000000e+00
2.876946257227474546e-01 4.385857539908274982e-02
1.106382146332242911e-01 3.031055320998248329e-02
4.712593274039120206e-02 1.819323492235416437e-02
2.465186377372230453e-02 1.408579514578045186e-02
1.920693760327222069e-02 1.556360030162323022e-02
2.407125711202454110e-02 1.333034728603044346e-02
2.567621227696722727e-02 1.323500429039115890e-02
2.986544114007888551e-02 1.080113537350860936e-02
3.524872499620113064e-02 -6.323882063279083650e-03
2.706244285473015723e-02 -2.248604600581935106e-02
3.527684287618540644e-03 -3.819347327790040270e-02
-2.818576715771229854e-02 -3.196148060261998214e-02
-4.544074178120992291e-02 -5.176861660713606705e-03
-3.042373678171986923e-02 2.717383506988651359e-02
6.829987178235867942e-03 3.897207549244738334e-02
4.123880402173454862e-02 1.274732021162339191e-02
3.186010964060471962e-02 -2.923155872994944587e-02
-1.234935175657852352e-02 -4.226626102084067582e-02
-4.306789573488371825e-02 -4.694559239016163690e-03
-1.898609091488861339e-02 3.998225980441917626e-02
3.217869814115736221e-02 3.055710565991315991e-02
3.668582308588915625e-02 -2.270849653944975732e-02
-1.452901236693174974e-02 -4.128583921008814606e-02
-4.221544519670794582e-02 5.554498715355111679e-03
2.583720056944203980e-05 4.263259405809489977e-02
4.168401914367475536e-02 6.170095097612945945e-03
8.858838963478039494e-03 -4.059470524624357590e-02
-3.947371211979003314e-02 -1.248021976576074721e-02
-1.277860696312237143e-02 3.840556241448750407e-02
3.784544583475423635e-02 1.438892556457556371e-02
1.283019088941862902e-02 -3.728345357283173456e-02
-3.725208420703367274e-02 -1.286730984281653917e-02
-9.785949037821158047e-03 3.715223978582270214e-02
3.722866424906075278e-02 8.553606938650228780e-03
4.218587265538912244e-03 -3.724209668351495528e-02
-3.679976435118914591e-02 -1.950435855274489615e-03
3.295714574102854601e-03 3.646059449853509410e-02
3.485851783563669731e-02 -6.281983817347289341e-03
-1.188030219500804327e-02 -3.371600652556718675e-02
-3.046961877514028222e-02 1.512330308684663172e-02
2.029471749490838542e-02 2.824053542375926096e-02
2.319978184870202104e-02 -2.319777498439994784e-02
-2.704126521755826837e-02 -1.987037098468839164e-02
-1.333655813040095922e-02 2.899407099561144771e-02
3.069889861126782332e-02 9.219897764983865651e-03
1.944699423878763073e-03 -3.123642831649032017e-02
-3.031324804300674844e-02 2.388528001319304046e-03
9.354466226905838386e-03 2.925943110614851600e-02
2.571584185460175365e-02 -1.322099966677489288e-02
-1.877843643217786546e-02 -2.324676776974148040e-02
-1.762051463553899674e-02 2.157862316807711983e-02
2.486414315555834226e-02 1.421175907286595895e-02
7.450350505697147033e-03 -2.623747238642015756e-02
-2.683019551136449701e-02 -3.737032121419309877e-03
3.038101314561620324e-03 2.673534613692780601e-02
2.473137963048237936e-02 -6.433033637241527235e-03
-1.219314200711401827e-02 -2.341783816012324090e-02
-1.935131615872353814e-02 1.480942465992898457e-02
1.882027632522209615e-02 1.725639575701252287e-02
1.193287734973196360e-02 -2.043906538192021005e-02
-2.236177006498261260e-02 -9.543182036139812377e-03
-3.830363159688061209e-03 2.300306920609234210e-02
2.288076233108329860e-02 1.564579023144668443e-03
-3.781458917897647341e-03 -2.274116061749870826e-02
-2.090349332205366367e-02 5.645473540432877947e-03
1.008786875545348606e-02 2.026887738483571996e-02
1.720249271562155832e-02 -1.143028470828960641e-02
-1.468320605109239840e-02 -1.636477668378591432e-02
-1.258879103770158339e-02 1.551972553652434215e-02
1.752214979880750700e-02 1.178919191989683500e-02
7.764356287522585637e-03 -1.795828850600079962e-02
-1.881388308314805094e-02 -7.166110669594320803e-03
-3.244359896040830988e-03 1.899720667104425401e-02
1.890631530699324325e-02 2.932447648663315688e-03
-6.564155459139338865e-04 -1.898695260005826488e-02
-1.818649672711980178e-02 6.601040587174214491e-04
3.796992741145435290e-03 1.829234546545404835e-02
1.701299917122700567e-02 -3.511029990447104253e-03
-6.162682728589535114e-03 -1.723787218707087746e-02
-1.567875745797170720e-02 5.624700420810133973e-03
7.815923471550358451e-03 1.608108825311892545e-02
1.439959657383032415e-02 -7.065028654309702880e-03
-8.853416291768828952e-03 -1.500617404976904365e-02
-1.331759140832419405e-02 7.918870846492067142e-03
9.375387284683015660e-03 1.412969552524823667e-02
1.251277644357706199e-02 -8.270377120662395637e-03
-9.465751087668575203e-03 -1.351101848365749043e-02
-1.201561800099224669e-02 8.185896293760630202e-03
9.182571568811468896e-03 1.316299614370238999e-02
1.181768654164609515e-02 -7.707614263980302680e-03
-8.555605578556358184e-03 -1.306008869158803952e-02
-1.187793292893113764e-02 6.854165295156519622e-03
7.589875326067621955e-03 1.314265261931421569e-02
1.212537778491775201e-02 -5.626708038681741200e-03
-6.273764423788097747e-03 -1.331861422859405113e-02
-1.245896842947018593e-02 4.020168450933093128e-03
4.591810213775159022e-03 1.346400521331728856e-02
1.274689167252561310e-02 -2.038865404927639978e-03
-2.541502383720575017e-03 -1.342504209584189853e-02
-1.282804003077285017e-02 -2.838679037615045829e-04
1.540706377605965786e-04 1.302530164710667855e-02
1.251975465189588896e-02 2.863817668619723228e-03
2.483034770241047007e-03 -1.208169157104438569e-02
-1.163525249855092321e-02 -5.545222638619661318e-03
-5.205502179470257972e-03 1.043245821328538277e-02
1.001414914653934660e-02 8.087374418284202018e-03
7.760322659661155614e-03 -7.978252052707985459e-03
-7.566234036150573661e-03 -1.016689924169466956e-02
-9.811506782131794446e-03 4.733184154184153815e-03
4.324573181988707049e-03 1.140546405385695246e-02
1.097350602811522462e-02 -8.764057045395825130e-04
-4.966486569386904370e-04 -1.143071004067131198e-02
-1.087927402592865286e-02 -3.212685266076227304e-03
-3.504976136847028426e-03 9.971554894095647006e-03
9.282273428393269382e-03 6.958851826057714691e-03
7.076935345927687880e-03 -6.976116844009503000e-03
-6.177108083132485869e-03 -9.658755783072955209e-03
-9.507224932824040117e-03 2.723044078931353192e-03
1.905526695880280534e-03 1.062594367528149099e-02
1.013563666837150566e-02 2.120264292726701996e-03
2.802030426577310426e-03 -9.402873873835839585e-03
-8.575077429872238893e-03 -6.546548152549472310e-03
-6.902717150350033692e-03 5.993124177804594679e-03
4.937975094279531060e-03 9.404687022930928106e-03
9.268603276416013600e-03 -1.027952981056381478e-03
2.529356799151234736e-05 -9.738438320457129885e-03
-9.046364597742865069e-03 -4.239402975517688084e-03
-4.981817198137539725e-03 7.191542221884186792e-03
6.055010509202134877e-03 8.195544141200517343e-03
8.335387861593259937e-03 -2.325873342250306657e-03
-1.054849115506467302e-03 -9.384978602931737940e-03
-8.781613414656675928e-03 -3.339717604876545412e-03
-4.300998079009481570e-03 7.149483305384974133e-03
5.930591611380887571e-03 7.713397202548530340e-03
7.946151315124707834e-03 -2.118270723606743757e-03
-7.067859954599938713e-04 -8.918097884478866713e-03
-8.238931506449668346e-03 -3.769995489486922292e-03
-4.776264391398744695e-03 6.223072073552548232e-03
4.844056397804745971e-03 7.908310677193860008e-03
7.997129196062361181e-03 -6.550820374822568549e-04
8.235288160772561393e-04 -8.206988285777355036e-03
-7.250444239212032113e-03 -5.180199273143233640e-03
-6.006881161796331046e-03 4.314667370250860681e-03
2.732348954744570624e-03 8.228551545279065571e-03
7.901398469387560519e-03 1.863190219323335997e-03
3.232713878073285429e-03 -6.669299516955463740e-03
-5.292965627559696219e-03 -6.899869121436274545e-03
-7.233060190345311051e-03 1.223967586744291241e-03
-4.370560327714178607e-04 7.722563972541991381e-03
6.746769698128454035e-03 4.900363198270982559e-03
5.805836703568554094e-03 -3.657777268691590755e-03
-1.933294658046238925e-03 -7.767366329240463392e-03
-7.271036126571876930e-03 -2.767853337645066227e-03
-4.103465175749348819e-03 5.331700912672481842e-03
3.708690812192733371e-03 7.178361170166335306e-03
7.153331723411928203e-03 8.385762376467351380e-04
2.458156947978123487e-03 -6.330084700138628208e-03
-4.902245109206707432e-03 -6.290392692664909489e-03
-6.676774430425178909e-03 7.277749760262620243e-04
-1.054544214232052378e-03 6.818410663436775578e-03
5.618160226864777479e-03 5.350685531138673831e-03
6.066441722623218749e-03 -1.892235853940175657e-03
-3.243244123044474944e-05 -6.971083894409298674e-03
-5.986051422681782849e-03 -4.516560830412087377e-03
-5.476899890762694859e-03 2.681807206839057628e-03
7.944938758463138346e-04 6.934176370429452965e-03
6.123168507717869496e-03 3.873562192443454934e-03
5.000624541818821968e-03 -3.148621683001466467e-03
-1.255261467369935208e-03 -6.812149758340638531e-03
-6.117542037652719603e-03 -3.457817700014315793e-03
-4.683115938920736146e-03 3.344755971864472183e-03
1.447331156647356813e-03 6.667655263889130796e-03
6.023806725803017986e-03 3.274615041425578063e-03
4.536966901984533854e-03 -3.309701140090142574e-03
-1.399995433280518901e-03 -6.526691010635827551e-03
-5.865336254317609146e-03 -3.310506074872100225e-03
-4.551746014779516764e-03 3.066648047592636372e-03
1.135045838556852753e-03 6.384860635168258282e-03
5.638944132698464964e-03 3.539078084491394105e-03
4.699303453538059699e-03 -2.624541563091320733e-03
-6.682424393195225904e-04 -6.213138815153579179e-03
-5.320562318483676098e-03 -3.921737513182046130e-03
-4.935470699528678867e-03 1.984017303280706350e-03
1.468691688816074759e-05 5.963297518173345593e-03
4.871809380669655035e-03 4.405324861917878608e-03
5.199827621582467536e-03 -1.146187984042967454e-03
8.032223260558471727e-04 -5.574125137945088598e-03
-4.248127715523744401e-03 -4.918641347642655620e-03
-5.415569743934582625e-03 1.235554617219274207e-04
-1.746514079550045596e-03 4.979953336552739307e-03
3.409350118492361983e-03 5.370270016455254598e-03
5.491757316961102219e-03 1.047993017707940467e-03
2.750748056116441697e-03 -4.122802100083783339e-03
-2.333078680168236985e-03 -5.650356403753422664e-03
-5.330206884733948089e-03 -2.297999726967620438e-03
-3.719932950067795282e-03 2.968606671786575522e-03
1.030187135881221105e-03 5.639039244017964025e-03
4.838822903612375464e-03 3.514146101677824690e-03
4.526484121654990658e-03 -1.526400473078383564e-03
4.399144302799241207e-04 -5.223565990970878599e-03
-3.951879319486577107e-03 -4.543011250579193257e-03
-5.020733635356093572e-03 -1.329104271902035398e-04
-1.958538168367612940e-03 4.324383978959514367e-03
2.655503261767216440e-03 5.203338542295579162e-03
5.052726130909552735e-03 1.864045770084930007e-03
3.347414076131266601e-03 -2.927417298247941401e-03
-1.013428057187207255e-03 -5.314980073201859903e-03
-4.506544430781151550e-03 -3.448859708855131143e-03
-4.385050657870737632e-03 1.115598159421879541e-03
-8.153082412772415070e-04 4.743138708951571102e-03
3.343052675465766656e-03 4.619565929884947644e-03
4.843936127974933677e-03 9.114703190024998165e-04
2.577361336169147008e-03 -3.451599768818688907e-03
-1.641232937889926594e-03 -5.108039898661752634e-03
-4.547472226561358535e-03 -2.843182045145632546e-03
-3.954759165563976123e-03 1.551380413635829788e-03
-3.770346638028209199e-04 4.718102521085475176e-03
3.437260614693292068e-03 4.300482979769097019e-03
4.627891117182857464e-03 6.749042098390154549e-04
2.356121937667187034e-03 -3.406788803627814471e-03
-1.631911650969209305e-03 -4.918692882254314426e-03
-4.365703243535229601e-03 -2.793917472236984254e-03
-3.863021259871963695e-03 1.349235589621191559e-03
-5.482433595081809448e-04 4.459368681575768059e-03
3.122629140068062213e-03 4.301301984117132833e-03
4.491823932840808761e-03 1.044771981489958645e-03
2.615341525638029390e-03 -2.922043105397528415e-03
-1.108519274285810294e-03 -4.756007561843775093e-03
-3.997438816477013462e-03 -3.190144866065899344e-03
-4.019210615233609341e-03 6.123461536104840824e-04
-1.207016745754060493e-03 3.939601106723058382e-03
2.418179762968874179e-03 4.469636848673370216e-03
4.310795276033859043e-03 1.878371085800456357e-03
3.183683597455806268e-03 -1.986353220911786857e-03
-1.334968769965581489e-04 -4.435325170245286996e-03
-3.319620048842787143e-03 -3.807370426783416358e-03
-4.191452406486152922e-03 -5.805916511116295496e-04
-2.190795666034196267e-03 3.005833443158929114e-03
1.276335463579305555e-03 4.513262111992755871e-03
3.839598199950189708e-03 2.955325497750638415e-03
3.785291018732949309e-03 -5.734605893052140309e-04
1.190596348055510990e-03 -3.679862629977946869e-03
-2.170814405869924118e-03 -4.298275702613693627e-03
-4.049459194025407764e-03 -2.054853901379495931e-03
-3.222298349893952529e-03 1.524166040195524185e-03
-2.763134839562803599e-04 4.061140897491610086e-03
2.819163296079775245e-03 3.906223638115440162e-03
4.033889968492941798e-03 1.199315484514818300e-03
2.602746040132023105e-03 -2.260631111459316528e-03
-5.052690617611743304e-04 -4.218609738589128126e-03
-3.252900110133641332e-03 -3.430320212600722340e-03
-3.872319285248039967e-03 -4.413508098334021279e-04
-1.995527990250780224e-03 2.800755757342328865e-03
1.140065052580998368e-03 4.220401009661417860e-03
3.515423721997890886e-03 2.938072592301434801e-03
3.630202096442135869e-03 -1.963148803712618439e-04
1.442658018196953367e-03 -3.176007952111799346e-03
-1.634061869498786576e-03 -4.125105493471102093e-03
-3.650994819634502918e-03 -2.473876305339625398e-03
-3.356721498458889626e-03 7.104479284959323848e-04
-9.658666148177160642e-04 3.421329886774832248e-03
2.003598053040637518e-03 3.978657527801168249e-03
3.698818769720911993e-03 2.063854481018861844e-03
3.085997723834138940e-03 -1.108944215752834164e-03
5.730328136069550403e-04 -3.569306035598571788e-03
-2.268748573066184902e-03 -3.814468612950543298e-03
-3.690614802866663824e-03 -1.720940127186016723e-03
-2.839781410488499084e-03 1.404891401945013640e-03
-2.634458040074846765e-04 3.647376595112260169e-03
2.449323857099553435e-03 3.655115522035169880e-03
3.650283604337480926e-03 1.449244867672255582e-03
2.630436971929324234e-03 -1.612771998802897851e-03
3.165559268455649718e-05 -3.676984382313749997e-03
-2.562780285077671284e-03 -3.514526088113442345e-03
-3.594658888760590004e-03 -1.247398220738704265e-03
-2.463611369778970998e-03 1.746309061928315049e-03
1.299608791064046790e-04 3.673817702712384604e-03
2.623400689765289714e-03 3.400097802218549764e-03
3.534701566286429543e-03 1.110888586425949880e-03
2.340369701941826842e-03 -1.817451313006921473e-03
-2.296423680618785634e-04 -3.648584154199830277e-03
-2.642238525438778737e-03 -3.314500344451645764e-03
-3.476766759523885683e-03 -1.033579538165953389e-03
-2.258779016084271757e-03 1.836088023294544288e-03
2.754123222607229881e-04 3.607976946454555505e-03
2.627478243080938122e-03 3.257103875569732077e-03
3.423769087641404668e-03 1.008616390615648924e-03
2.215025387342318183e-03 -1.810187223367388815e-03
-2.747241769970423016e-04 -3.555645999699149924e-03
-2.584981426666909353e-03 -3.225063759041223773e-03
-3.376177257135839702e-03 -1.028916507077425133e-03
-2.204172549393782106e-03 1.746150729165533641e-03
2.343959109298280230e-04 3.493088171890984181e-03
2.518885168866454895e-03 3.214133386658913315e-03
3.332835160142921631e-03 1.087404742650513716e-03
2.220673570304269352e-03 -1.649247328056624787e-03
-1.606931415256185368e-04 -3.420420817762277136e-03
-2.432171625556960298e-03 -3.219276185056167087e-03
-3.291625909928552925e-03 -1.177110182574143179e-03
-2.258721420420642736e-03 1.524041457394582997e-03
5.947046264502932680e-05 3.337034492740756191e-03
2.327170625661532932e-03 3.235141287041031974e-03
3.250007996780981609e-03 1.291208708293208659e-03
2.312507477136508359e-03 -1.374764200247234700e-03
6.369202910954426932e-05 -3.242126112176964888e-03
-2.205971413269385874e-03 -3.256445520405117609e-03
-3.205442622153490372e-03 -1.423060942045483151e-03
-2.376427993318060150e-03 1.205600937106832485e-03
-2.033885284692246373e-04 3.135120593725857462e-03
2.070738441433014193e-03 3.278291227601332330e-03
3.155731217529634224e-03 1.566275225370498524e-03
2.445265416002014372e-03 -1.020881270442602733e-03
3.543421250561904498e-04 -3.015983506139994358e-03
-1.923927137910421553e-03 -3.296430071828019594e-03
-3.099268789129350048e-03 -1.714802169295408284e-03
-2.514350251383770836e-03 8.251730133330607928e-04
-5.114130837324752221e-04 2.885431105375097036e-03
1.768407229471753933e-03 3.307476361315864113e-03
3.035220242152626875e-03 1.863057607280787717e-03
2.579704087826426625e-03 -6.232870163060211331e-04
6.696547597696716515e-04 -2.745040435333856010e-03
-1.607499989649937601e-03 -3.309062383363381172e-03
-2.963619062624617533e-03 -2.006056811330010105e-03
-2.638152184952453037e-03 4.202116489378584520e-04
-8.243981704265767717e-04 2.597269417447914917e-03
1.444946528684785524e-03 3.299930403379638250e-03
2.885393778482717077e-03 2.139541952615252318e-03
2.687396869289324433e-03 -2.209971043571574219e-04
9.713479177462461950e-04 -2.445396470579543936e-03
-1.284821848321899499e-03 -3.279952839293858845e-03
-2.802324731806820138e-03 -2.260078730088139684e-03
-2.726038182821078661e-03 3.061771442569973314e-05
-1.106665337782377322e-03 2.293397964751953209e-03
1.131417903813173838e-03 3.250080198458669013e-03
2.716941921375869758e-03 2.365104402303364918e-03
2.753535965066930113e-03 1.461631788449795598e-04
1.227021054913290943e-03 -2.145780728352799857e-03
-9.891144279000195928e-04 -3.212216755548546413e-03
-2.632372848957973809e-03 -2.452909269995543363e-03
-2.770107113578001556e-03 -3.048986315152235312e-04
-1.329598606019647637e-03 2.007392884009966995e-03
8.622589676989426489e-04 3.169032950589695512e-03
2.552154877969673146e-03 2.522543965338810978e-03
2.776559946583430621e-03 4.415158324064594794e-04
1.412039768903458397e-03 -1.883230391801605976e-03
-7.550699603514354503e-04 -3.123721904682173235e-03
-2.480022317832434112e-03 -2.573646670171168740e-03
-2.774067584709592228e-03 -5.523106935268583132e-04
-1.472325337859765361e-03 1.778256642576648552e-03
6.715730920036143241e-04 3.079712266057231442e-03
2.419677930825782624e-03 2.606194435162630368e-03
2.763886875738655758e-03 6.338769701574540607e-04
1.508594994753837282e-03 -1.697240291009769917e-03
-6.155695639616716886e-04 -3.040342547958034113e-03
-2.374549784982383453e-03 -2.620182827856248377e-03
-2.747027152998528753e-03 -6.829731775390671285e-04
-1.518913974773424078e-03 1.644610207947693479e-03
5.906271399511110656e-04 3.008500984136100627e-03
2.347528379408026031e-03 2.615245888557866591e-03
2.723874318910031022e-03 6.963461770176918768e-04
1.501005072222597611e-03 -1.624308810863570388e-03
-6.000690724117785629e-04 -2.986223008395000929e-03
-2.340666382647420621e-03 -2.590227145772533435e-03
-2.693772413549299933e-03 -6.705387118100287081e-04
-1.451970591385198751e-03 1.639614164102912424e-03
6.469250444810702117e-04 2.974234633825845187e-03
2.354815675879455387e-03 2.542721583780496123e-03
2.654568435312535963e-03 6.017280399654226231e-04
1.368044835222685619e-03 -1.692880545596358796e-03
-7.337887224195235912e-04 -2.971419928554353516e-03
-2.389165889847868519e-03 -2.468613979990683799e-03
-2.602130950182491523e-03 -4.856582707330977557e-04
-1.244433620937390565e-03 1.785135325138219493e-03
8.625120382748146988e-04 2.974195156952856318e-03
2.440648609875729035e-03 2.361661895217402087e-03
2.529872716839819992e-03 3.177587116820851333e-04
1.075326779127781102e-03 -1.915452730765443163e-03
-1.033646822126044803e-03 -2.975780603064455930e-03
-2.503178588983678236e-03 -2.213201082815438678e-03
-2.428339383011116591e-03 -9.356834902133319290e-05
-8.542046922348986437e-04 2.080025202356214353e-03
1.245535446298178840e-03 2.965398834184686770e-03
2.566735294333550698e-03 2.012108320174088930e-03
2.284985728551013149e-03 -1.903745558864960584e-04
5.746072573164920979e-04 -2.270865042495472802e-03
-1.492955992925797809e-03 -2.927490926202420789e-03
-2.616351500106661211e-03 -1.745229533526052815e-03
-2.084346278319595611e-03 5.349945589262350551e-04
-2.315775515009647510e-04 2.474127713361314040e-03
1.765270865656522799e-03 2.841160239704863290e-03
2.631193426589854140e-03 1.398582162366987253e-03
1.808924394889106389e-03 -9.363067586989627352e-04
-1.759832482831489762e-04 -2.668165857855704128e-03
-2.044136584703796014e-03 -2.680222875237311779e-03
-2.584101609374356637e-03 -9.597354831191675815e-04
-1.441252939468698219e-03 1.382100630072134913e-03
6.418578571284556857e-04 2.821652538194028854e-03
2.301055994394987994e-03 2.414480220400023851e-03
2.442225980073664711e-03 4.218294615530057516e-04
9.676800619273972972e-04 -1.847778068426063867e-03
-1.147942001189027061e-03 -2.892474053832223748e-03
-2.495435355249385305e-03 -2.013082236617243399e-03
-2.169700690636261389e-03 2.103993774173296507e-04
-3.844019972251555149e-04 2.291890140324868031e-03
1.658983697599956692e-03 2.828611731646578364e-03
2.574378872108422367e-03 1.451031692299006078e-03
1.733570645378043357e-03 -9.126014940296216542e-04
-2.940682159269502878e-04 -2.652680258979951775e-03
-2.117851638805704536e-03 -2.572821814930963732e-03
-2.476153477496263484e-03 -7.197538864815172669e-04
-1.114169110035868578e-03 1.631736679357129963e-03
1.024697056412034960e-03 2.848064026953172744e-03
2.443777588370183579e-03 2.073354684639796153e-03
2.139853880867370953e-03 -1.581381942273515375e-04
3.204472054681525460e-04 -2.278506161467106633e-03
-1.726406991136002688e-03 -2.782761005234973394e-03
-2.537518800703123922e-03 -1.302682158679044615e-03
-1.523730728607189389e-03 1.111740549185510170e-03
5.912145475753074250e-04 2.726274651976464888e-03
2.276280261349470160e-03 2.367133504486324674e-03
2.298540141400778197e-03 2.843441842420019855e-04
6.329324269968284161e-04 -2.007876922986940368e-03
-1.499973686347536462e-03 -2.824074475921555406e-03
-2.519574382005555779e-03 -1.551342022048281212e-03
-1.658705072641202417e-03 8.765471766111370463e-04
4.472318623021432379e-04 2.650753673992365441e-03
2.216077244890375664e-03 2.432420930437165923e-03
2.303320391947394439e-03 3.736232509149585261e-04
6.322809655559941382e-04 -1.971544552545580892e-03
-1.524843082983274017e-03 -2.810450258063144132e-03
-2.505282166388663866e-03 -1.486999991623998325e-03
-1.540016944756113356e-03 9.893408625309336232e-04
6.291989379443649463e-04 2.698175586692716683e-03
2.305029673444613549e-03 2.295101402583777858e-03
2.158859521823958995e-03 8.231487717324386961e-05
2.947015911890307500e-04 -2.198847242636682749e-03
-1.806769272220573076e-03 -2.728693045503667591e-03
-2.454285069788562576e-03 -1.068363930287990647e-03
-1.112662515601822461e-03 1.457769063645664945e-03
1.137888098314276519e-03 2.802683691703021507e-03
2.456272730342201442e-03 1.856457551411726985e-03
1.746226563491654407e-03 -6.202888974868075089e-04
-4.169196125916701775e-04 -2.587277472709297293e-03
-2.233368410020274142e-03 -2.399214809157792627e-03
-2.169780845899925686e-03 -1.958249958951382617e-04
-2.654162217091857678e-04 2.177394574507849744e-03
1.867964894206651386e-03 2.702108866943576330e-03
2.397928532858912068e-03 9.124855808208728316e-04
8.526690370704425453e-04 -1.668134898380027858e-03
-1.437975318909314295e-03 -2.805225744905198888e-03
-2.469707235116822084e-03 -1.491049485564558763e-03
-1.319997980536044774e-03 1.139466681787265970e-03
1.006439311864678211e-03 2.765299221451822734e-03
2.434281749259100021e-03 1.924575908777805162e-03
1.666508633868976760e-03 -6.498342126826857660e-04
-6.181215070031197308e-04 -2.641687475097356189e-03
-2.340429839785981847e-03 -2.227096910387905276e-03
-1.906056787688136661e-03 2.364799874259438230e-04
3.009953658978211299e-04 2.487470580969866271e-03
2.230248654100490564e-03 2.423093628139970021e-03
2.058766274322405138e-03 8.025547581136117372e-05
-7.034880358335998110e-05 -2.345137533508969818e-03
-2.136323982955969092e-03 -2.538847168449188951e-03
-2.144293325673559975e-03 -2.910587643949430307e-04
-6.634950311766346816e-05 2.245466666322037692e-03
2.081080093382559407e-03 2.596101426376325703e-03
2.176980458486524588e-03 3.919281721670912853e-04
1.051257422016543233e-04 -2.207971775922649028e-03
-2.076965181078716319e-03 -2.607722615740609359e-03
-2.162580841414019506e-03 -3.797225046952871163e-04
-4.257193559974522959e-05 2.241432444614206796e-03
2.126324567985277483e-03 2.574788064398125451e-03
2.096183927390690011e-03 2.497050904738221957e-04
-1.250548067724497215e-04 -2.343342664447071576e-03
-2.220151676064399410e-03 -2.484718098707512559e-03
-1.961284145392079223e-03 4.260690645203262048e-06
4.000794408808116382e-04 2.497544256469359618e-03
2.335394778187508541e-03 2.310638926063592405e-03
1.730561230327751915e-03 -3.860619715414795252e-04
-7.783160321936499065e-04 -2.669950377284363834e-03
-2.431272277081149204e-03 -2.013084784973180694e-03
-1.369801812051143477e-03 8.893222273748228619e-04
1.240134659506937935e-03 2.803365815818885474e-03
2.446329286150147973e-03 1.546309674088451559e-03
8.472530855177478996e-04 -1.484513098514019446e-03
-1.738148661610887727e-03 -2.814265102983225936e-03
-2.299890551976327240e-03 -8.724705551707587301e-04
-1.509402089549144758e-04 2.102371675985608649e-03
2.184418240564630319e-03 2.597085085047716544e-03
1.903818858710189807e-03 -1.324435535532847994e-05
-6.851440180649926966e-04 -2.618694042286365785e-03
-2.444504684834513004e-03 -2.044381962144432331e-03
-1.191677213637780787e-03 1.046755018600506459e-03
1.550404751038419408e-03 2.852087807341011864e-03
2.351521430142226171e-03 1.091623095620908226e-03
1.693221142727169564e-04 -2.057585403022946409e-03
-2.237537554813479393e-03 -2.593643090104616120e-03
-1.756933566241145571e-03 2.115759222192120268e-04
1.021238170225402184e-03 2.754434730088240347e-03
2.461968112826126188e-03 1.689216556911748383e-03
6.278553487067885675e-04 -1.622751722003314741e-03
-2.057711365553406384e-03 -2.775970500479518939e-03
-1.957512821789991753e-03 -1.780576406397731300e-04
8.290889024826740561e-04 2.675902957380078828e-03
2.477256252974652240e-03 1.850242981291259393e-03
6.641036996513190660e-04 -1.559148476064247920e-03
-2.095061743807902048e-03 -2.789975460848179156e-03
-1.872649758434912848e-03 -5.813745915916884591e-05
1.052651127233759920e-03 2.771240709243187952e-03
2.455148780168932374e-03 1.591903326006314807e-03
2.474448669343119744e-04 -1.928582177321753934e-03
-2.337421666602157704e-03 -2.609413713829051087e-03
-1.418342218034358100e-03 6.136504585382996507e-04
1.659521658839975371e-03 2.925416613727673844e-03
2.202149675572651673e-03 7.763515125167193796e-04
-6.700280395483097524e-04 -2.584137520043186271e-03
-2.503585147857190045e-03 -1.927191041411130791e-03
-3.765896222825247533e-04 1.775514931906192360e-03
2.362914158432883379e-03 2.666017980201271838e-03
1.287476817542171836e-03 -7.382146245793609445e-04
-1.900488164154757803e-03 -2.958217444239103801e-03
-1.956971207361607110e-03 -3.152313613802359754e-04
1.260954818981582532e-03 2.868263219106031298e-03
2.359914389915308223e-03 1.238019286428799874e-03
-5.732045126468627953e-04 -2.510660822002739809e-03
-2.528092741889174239e-03 -1.956936546848671212e-03
-6.969532367547052977e-05 2.008655842477957438e-03
2.523287577427552313e-03 2.459865657009193459e-03
6.139537778230084574e-04 -1.468226608793118341e-03
-2.415199372708647183e-03 -2.774872960725308611e-03
-1.038224264351230493e-03 9.672281762377897595e-04
2.267305503047902220e-03 2.949495004491345992e-03
1.342470157951016971e-03 -5.556164190787769852e-04
-2.130115674448293354e-03 -3.034579205698576150e-03
-1.536654396325863115e-03 2.617830525092529380e-04
2.039533964987468029e-03 3.073600421987926490e-03
1.631370549921484694e-03 -1.008314299009888961e-04
-2.017636929586029415e-03 -3.096336894289874672e-03
-1.631101724350480023e-03 8.191753316909311262e-05
2.073503350409146122e-03 3.115036234434937889e-03
1.530178856871840286e-03 -2.128100081214262648e-04
-2.202334960142567685e-03 -3.121395926694851830e-03
-1.311673975358608512e-03 5.002969371000923031e-04
2.381856133979894791e-03 3.083589543588675236e-03
9.502402963352913571e-04 -9.450756613619996438e-04
-2.566079812344602366e-03 -2.944164185830936992e-03
-4.209809687227181966e-04 1.529781091794793577e-03
2.678457748885796665e-03 2.622020787015377427e-03
-2.828973779791767651e-04 -2.199776256338542482e-03
-2.609712210372876380e-03 -2.024709441471702481e-03
1.122031536408799220e-03 2.839731693358042708e-03
2.230168986343090357e-03 1.079736064296210260e-03
-1.976153594196094695e-03 -3.256503711886207537e-03
-1.430091194555583537e-03 2.079081582382483260e-04
2.618386849435226475e-03 3.190567735021368912e-03
1.983597895802093232e-04 -1.676557680958899689e-03
-2.732557145883838037e-03 -2.389140000579748589e-03
1.270729810713805939e-03 2.940854911339277605e-03
2.021323897730792699e-03 7.681742944465649436e-04
-2.500441565774901270e-03 -3.416053227176986916e-03
-4.334967568272694318e-04 1.360500910630184704e-03
2.806268743693531888e-03 2.543964631887312127e-03
-1.556462821981618398e-03 -3.138361413192374081e-03
-1.660102939876770050e-03 -2.691994070236807869e-04
2.864860870076940506e-03 3.368473269076450657e-03
-6.816532265819457521e-04 -2.439544362178097062e-03
-2.295138543045012990e-03 -1.338207591305370448e-03
2.745562736662549540e-03 3.637411340485704851e-03
-2.653952602854116891e-04 -2.000053648812750388e-03
-2.501231105403552667e-03 -1.744139933978761537e-03
2.814269453980728329e-03 3.761817683231260829e-03
-4.686708598243238518e-04 -2.164845489697626510e-03
-2.313000618328024584e-03 -1.442430492451695495e-03
3.121820811175586314e-03 3.808589410924042868e-03
-1.389109689804392776e-03 -3.008283954230099935e-03
-1.423802613873431525e-03 -1.802567427341513666e-04
3.219937572528377111e-03 3.259459869856571029e-03
-2.841017822908814810e-03 -4.080257922935020404e-03
6.665932115182956553e-04 2.241470491228956564e-03
1.908546813180969507e-03 9.694889510343336538e-04
-3.478862060094650710e-03 -3.666355002445248912e-03
3.374189985770059859e-03 4.524989826999621656e-03
-1.807692179783644635e-03 -3.323509626927657890e-03
-4.565962684787073958e-04 7.649801586063938175e-04
2.583475523584912413e-03 2.084477826346922691e-03
-4.012699628771492118e-03 -4.332733798178806106e-03
4.567828649645010869e-03 5.536781101100382574e-03
-4.376994116848716837e-03 -5.699280718392320602e-03
3.716274013482945976e-03 5.102202732712168842e-03
-2.869146819375242938e-03 -4.112089007964488639e-03
2.045596370147634117e-03 3.041631807135052740e-03
-1.360664066744361918e-03 -2.090267818016570099e-03
8.505565564273289423e-04 1.345904953449597033e-03
-5.023883005356418255e-04 -8.170124129121033706e-04
2.815770441700160922e-04 4.697843822663079635e-04
-1.502617171475668662e-04 -2.568317981018826044e-04
7.655971626145520004e-05 1.339055453662801301e-04
-3.733040690148465744e-05 -6.674857103680539817e-05
1.745392603628371017e-05 3.187880430313958137e-05
-7.838441675703374331e-06 -1.461398910841276260e-05
3.386214787823837201e-06 6.440602272615061531e-06
-1.409008305898072963e-06 -2.732588740770417674e-06
5.653628010689337359e-07 1.117481537739874745e-06
-2.189753348373300866e-07 -4.409566899588367494e-07
8.194106888139745856e-08 1.680584404905028994e-07
-2.965271523727176854e-08 -6.191658023458520195e-08
1.038515596162893280e-08 2.207041831077173562e-08
-3.525667393759559502e-09 -7.615783203197116477e-09
1.159732266986918586e-09 2.545246785335010757e-09
-3.720696623332843680e-10 -8.243452105497462153e-10
1.143774179041876107e-10 2.587025848480584327e-10
-3.650855294216479505e-11 -7.794219151204754268e-11
7.088292921018891948e-12 2.225560708233612334e-11
-4.680547519294792001e-12 -5.985870667224669662e-12
-1.175556395406674776e-12 2.200237213281458618e-12
-4.530342848914263538e-13 2.599577618863548265e-13
-2.648521030145529803e-12 2.245764873417983557e-13
-3.116829762524198994e-13 8.158944065717607264e-13
-2.621242929937365466e-12 9.982026376849550763e-13
-6.154203779476320932e-13 5.951897957428966981e-13
-9.944281477164358215e-13 8.955148694304807281e-13
-1.966279566429254250e-12 6.412422439918109694e-13
-7.639964491911575600e-13 9.582384672413593715e-13
-3.752896521515061732e-13 4.419280794260164330e-13
-1.327379584345460410e-12 7.153141078855610980e-13
-9.353393603735001629e-13 4.282281144777327078e-13
-6.056096575119905298e-13 5.549574316660462224e-13
-6.479547602262210556e-13 6.355246914421353802e-13
-7.231213766341190680e-13 3.427802797899938468e-13
-1.131968743522749246e-12 4.382745126365683969e-13
-8.296866197013903227e-13 8.847128211836901764e-14
-1.035762249110578598e-12 5.653243370746568407e-13
-4.499147397393265591e-13 5.173648051213409595e-15
-1.270605297094445187e-12 -6.847673663068720938e-14
-7.466485057240180428e-13 -1.605056952165582860e-14
-2.316679639661959086e-13 -2.949920111557179477e-14
6.763373562156299109e-13 -7.463246821601043288e-13
-4.299227033878646046e-13 -4.595950782570096921e-13
-6.215427634941426313e-13 9.448533595183489546e-14
3.717059037475949225e-13 -1.689081245294895927e-13
1.072193582885742791e-13 -1.816019902412302431e-13
5.844409188559621262e-13 -4.281986303198731156e-13
9.627919221510858464e-13 3.848356693161886986e-13
1.009853642604420148e-12 1.010523096489405486e-13
1.843827347823400855e-13 1.706420816834923786e-13
9.062620893443587261e-13 9.772028329245828577e-13
2.273475445753526579e-13 -7.776497982073302880e-13
4.397295497762683219e-13 6.578814116926183344e-13
1.069204740584004616e-12 7.934797136344548883e-14
-1.128860861804581642e-13 -5.736344310056817085e-13
-9.851829829196165611e-13 3.247877469343573118e-14
-7.298949725129844290e-13 -1.709142093591130555e-13
-2.686144240790687677e-13 -9.955470966295086816e-13
-8.873472466208301538e-13 -3.468015873032328003e-13
1.513517763561484992e-13 -2.428863425460694638e-13
-9.332113536896308330e-13 8.366203573499317845e-14
-4.883437460117687312e-13 -6.417192785216455269e-13
-8.911443071090294283e-13 -4.924074326576920189e-13
-5.329108755937610867e-13 -6.793428932859413927e-15
-6.057504217504152704e-13 -4.678436974142301932e-14
-2.829117382219947289e-13 -1.740185793108055010e-13
-4.594645408714543225e-13 -4.852499163930348047e-13
-2.078864959889037543e-13 3.891297947363078910e-14
-2.610874916540161319e-13 -3.056449925081285666e-13
-4.373844585259179326e-13 -2.402263898060668222e-13
-2.464425841513999493e-13 -1.464898792875051710e-14
-2.655921221135793640e-14 -6.433641460916142871e-14
-9.646373430904380407e-14 -8.929835233397490641e-14
1.676741709252708091e-13 -4.459000190554571500e-13
-7.470031104974309539e-14 1.184271464572553630e-13
-1.285626873206967589e-13 -6.007682694981612200e-13
-1.144342961214787048e-13 4.733824015594479881e-14
2.004002783607769873e-14 4.293567591230899775e-13
3.847752357307913097e-13 -2.410502273129421395e-14
1.324796275718803887e-13 6.780567597988588902e-14
5.626904864149733744e-14 1.264632774607327933e-13
-7.829222713678249500e-14 8.112284373559650295e-13
1.484340452966192251e-13 1.113802705790967728e-13
4.712314570802468303e-13 4.814466208439349186e-13
4.182150201226846800e-13 6.833896451939018956e-13
6.510792523975218754e-13 4.911571581071504023e-13
8.120057541617583747e-13 8.340822460208269662e-13
7.608267974662978926e-13 6.981100176931511068e-13
9.410093679163755022e-13 1.008791342457950703e-12
8.555877982462577850e-13 6.556635764696734624e-13
8.426906518503450595e-13 6.425670615462309442e-13
9.153316404464979542e-13 6.042199278410184380e-13
9.004808318075070013e-13 7.332200531282184619e-13
6.523992077370508934e-13 2.859009402548133117e-13
4.724566755851667579e-13 6.502731719014788958e-13
7.064187628135901332e-13 1.117032663863483909e-12
5.276102601294614795e-13 3.339214070948896274e-13
4.236766878186309659e-13 1.097534967738254421e-12
3.497737844804985431e-13 8.225321313170444916e-13
4.911734903404974401e-13 2.198331176521090994e-13
7.004030012219780452e-14 -1.894406448333124814e-13
6.051831526950927734e-14 5.102334925631036970e-13
2.330063560531571166e-13 4.178131335764083183e-13
1.693098542188827247e-13 -1.666950867484965211e-13
-1.935331735051916606e-13 -4.621516179733321633e-13
3.484468908694569297e-13 4.991298966337683605e-13
1.377739359729828401e-13 -4.829857570828446780e-13
1.479679163127956639e-13 -1.281737040462420798e-13
3.369786352632395707e-13 3.778011151446361684e-13
3.218250439744885277e-13 8.749668991847675474e-13
3.791267747635613750e-13 1.457129167762445805e-14
4.607543675433308220e-13 8.606411802276964792e-13
4.483470765801174543e-13 5.903352996042702113e-13
6.814766701280193229e-13 1.379724951763684504e-12
2.788902218635369175e-13 -4.485300830268055185e-13
7.824709017068311650e-13 9.853400068608083836e-13
7.264121642181288208e-13 7.983254177251596455e-13
4.690240577484374511e-13 1.906800045635651848e-13
8.849982143215382876e-13 1.486407127051287236e-12
8.097192987599305558e-13 3.223524847988021347e-13
6.257204912510479550e-13 1.045375848091204362e-12
4.297218807336985257e-13 6.628945263813619392e-13
8.145510405473241787e-13 3.002474276170098143e-13
6.916999439213373967e-13 2.923879208953351151e-13
2.448248213130911385e-13 8.933439358772720308e-13
2.646691036515787748e-13 -2.965441530094180095e-13
4.166909033723281956e-13 6.547164997788656631e-13
3.403756461733063527e-13 5.112434348228785320e-13
6.076286758738936478e-13 3.566639970569336925e-13
4.577784614885063563e-13 9.357254787730257391e-13
4.493389159919716428e-13 2.640760241124442390e-13
7.800264479387301632e-13 8.790736191174556791e-13
6.446422169566781230e-13 1.088508761576725745e-12
3.769693564548728470e-13 4.754572489801893019e-13
4.057770649871715876e-13 -5.916712247601405864e-14
4.184533151016418013e-13 4.229600323777096977e-14
1.025415247914411479e-12 1.076164717088372095e-12
5.888610024605922656e-13 8.593883523407653234e-13
4.268350134628687024e-13 5.039851606811763371e-13
8.341471592714492567e-13 -2.404686861807167304e-13
7.359338960215447943e-13 6.297445557468899150e-13
7.601992031167513942e-13 6.210008076427429809e-13
3.417189104515591675e-13 2.283828454145731070e-13
3.823523362185689615e-13 5.320024881622480252e-13
3.818132418417496811e-13 1.915124481132170620e-13
2.564832412883694035e-13 5.190078707188081071e-13
1.278889730364859972e-14 1.917710616044139208e-13
-1.451894564077329015e-13 -3.403577305135024232e-13
-3.927306552646640183e-13 -5.412196102644462159e-13
-2.799496746892632696e-13 -8.716161343455302426e-13
-5.238111817245001040e-13 -5.894376444246609209e-13
-8.171661182147722613e-13 -5.477436214691938118e-13
-2.575370962984404430e-13 -9.195162295001407622e-13
-9.752748455781756942e-13 -1.295721971014416400e-12
-9.514973561137935074e-13 -1.391070450473314227e-13
-6.351433356297169335e-13 -7.094157023162959122e-13
-9.999625368602417959e-13 -4.996485985851086690e-13
-1.324431164246317321e-12 -1.170058201346393296e-12
-7.314963259282882581e-13 -1.315537587409432495e-12
-3.790573513430701864e-13 -7.235719800400688708e-13
-2.452258776312094742e-13 -1.205731310872597626e-13
-5.561171178522091521e-13 -6.841343452629482949e-13
-2.521021096979282133e-13 -1.550834712696835423e-13
-3.307154079632372109e-13 -1.367493073119752047e-12
5.650062563907135927e-14 -1.088506352647543301e-12
-3.517965408200166876e-14 -6.979457213446185201e-13
2.680826340024533423e-14 -1.040862994347194495e-12
1.743670176795372478e-13 -3.797619541202745335e-13
-2.280986492357693625e-13 -5.660748220093388842e-13
-4.676967063907544402e-14 -4.291265240830206859e-13
-1.098444240658529478e-13 5.121064822169763719e-13
3.230640542910694069e-13 -6.163866380296454926e-14
4.733727220363657391e-13 5.607551740743923335e-13
8.244582738140058827e-13 1.271741163272184669e-12
9.333994500913080640e-13 2.348503554973834165e-12
1.985446596197396090e-13 1.797587870269538660e-12
4.925124500545932028e-13 1.287060747884158426e-12
1.807879589176762685e-15 6.059759941274932616e-13
4.939361751928663958e-13 1.216644214888775190e-12
1.673411673067143151e-14 4.322294358936328153e-13
1.188949182770061182e-13 -9.170453696290003603e-14
4.667782254220412825e-14 1.280979825392912972e-12
-5.571226413586073836e-13 -1.503370521458316989e-13
-4.888260994405819710e-13 -1.588810959874426068e-12
-7.320772548420314417e-13 -8.622721533573274391e-13
-1.362430924367731504e-12 -2.636087614348851828e-12
-7.043276066886081984e-13 -1.762399378218398695e-12
-6.731357120515378980e-13 -5.769470163435807183e-13
3.417891374267594854e-13 1.111529912404316812e-12
9.484143399389392841e-13 1.058300006769451903e-12
8.767236695749977743e-13 2.400333983340908427e-12
6.166617125541847465e-14 6.995078199713450669e-13
-4.640026942170358290e-13 -4.654874442355342262e-13
-6.420325915892031242e-13 -1.664943929783619426e-12
2.309539898383085474e-13 1.316076948437646097e-12
5.346848865165371754e-13 6.630372681138239016e-13
-1.715327266573543497e-11 -2.057022389022086461e-12
