-1.520115693457506963e-03 -1.405795481800708752e-03
-1.496429720710388579e-03 -1.383947771959510593e-03
-1.441279992060267873e-03 -1.331340337795698832e-03
-1.357001246192936520e-03 -1.250265773443007310e-03
-1.246615868739058951e-03 -1.143719385918095729e-03
-1.114186067954762126e-03 -1.015724146773108825e-03
-9.637241339907293234e-04 -8.702808295128985515e-04
-7.992328411509356688e-04 -7.113952348822565226e-04
-6.246516310249625821e-04 -5.430171359047823504e-04
-4.437914321829670061e-04 -3.689696155054867721e-04
-2.602739740587739535e-04 -1.928839290187867343e-04
-7.748012322840451451e-05 -1.814424548008805721e-05
1.014914331917654393e-04 1.521564615076369275e-04
2.738550612647813742e-04 3.152493111142527175e-04
4.371590916799894533e-04 4.687117218692662046e-04
5.892975526635128468e-04 6.104797649247447819e-04
7.285136718450427838e-04 7.388516778659664878e-04
8.533961753073728658e-04 8.524836434048271546e-04
9.628694377920348152e-04 9.503789691649837130e-04
1.056178525129057057e-03 1.031871794467364902e-03
1.132870129288267172e-03 1.096606408824319420e-03
1.192770335989514320e-03 1.144513203246048461e-03
1.235960090766542209e-03 1.175782196208575645e-03
1.262749146705645972e-03 1.190834986714516073e-03
1.273649189787420333e-03 1.190295891798987590e-03
1.269346749061343524e-03 1.174962928742270471e-03
1.250676411337065799e-03 1.145779206074910156e-03
1.218594775656271995e-03 1.103805194482102101e-03
1.174155503001234925e-03 1.050192260666060057e-03
1.118485742561647379e-03 9.861577653514251238e-04
1.052764148114092475e-03 9.129619517552899251e-04
9.782006370727437672e-04 8.318867834817893171e-04
8.960179906966985429e-04 7.442168311433785318e-04
8.074353467382744962e-04 6.512222550283785355e-04
7.136535952924404156e-04 5.541438866197266350e-04
6.158426544309151835e-04 4.541803743690267102e-04
5.151305739792062148e-04 3.524773283992042264e-04
4.125943930499050829e-04 2.501183742232853009e-04
3.092526591836893901e-04 1.481180065642254346e-04
2.060595036611741009e-04 4.741612036482316492e-05
1.039001582137011510e-04 -5.112591350157619089e-05
3.587792480673089243e-06 -1.467277660368650238e-04
-9.413845134835722018e-05 -2.386914020863909792e-04
-1.886143506584317961e-04 -3.264012067541414031e-04
-2.792505435445570040e-04 -4.093231238836382764e-04
-3.655316377862762056e-04 -4.870029396914309474e-04
-4.470146017068361843e-04 -5.590638386291663792e-04
-5.233265451339578957e-04 -6.252033514277772434e-04
-5.941619920749552320e-04 -6.851898073428829786e-04
-6.592797395801109402e-04 -7.388583941524303183e-04
-7.184993898043208135e-04 -7.861069206844688339e-04
-7.716976346629440603e-04 -8.268913677754953419e-04
-8.188043648627513563e-04 -8.612213047401442653e-04
-8.597986675883517293e-04 -8.891552398019593028e-04
-8.947047698492390086e-04 -9.107959646079789385e-04
-9.235879775055581787e-04 -9.262859450026227027e-04
-9.465506533585391416e-04 -9.358028027308276740e-04
-9.637282714577784151e-04 -9.395549257289576798e-04
-9.752855789668590444e-04 -9.377772381613881702e-04
-9.814128915578397908e-04 -9.307271553923787688e-04
-9.823225433867629856e-04 -9.186807436505593782e-04
-9.782455082278872747e-04 -9.019290992364433802e-04
-9.694282043101379700e-04 -8.807749577351483162e-04
-9.561294917915740509e-04 -8.555295398018973553e-04
-9.386178686068133090e-04 -8.265096366690224180e-04
-9.171688676101515808e-04 -7.940349355488212409e-04
-8.920626554883667085e-04 -7.584255825509702079e-04
-8.635818318097750147e-04 -7.199999785640774554e-04
-8.320094247822704299e-04 -6.790728017396492448e-04
-7.976270787903162567e-04 -6.359532487289195962e-04
-7.607134275397788546e-04 -5.909434856311226872e-04
-7.215426456406112167e-04 -5.443372986866371532e-04
-6.803831706710204014e-04 -4.964189340563684820e-04
-6.374965871752720373e-04 -4.474621155526698965e-04
-5.931366636240145403e-04 -3.977292288875750579e-04
-5.475485330932679034e-04 -3.474706608714414526e-04
-5.009680082782997767e-04 -2.969242819977115913e-04
-4.536210214293011226e-04 -2.463150609706986393e-04
-4.057231798640528286e-04 -1.958547999531782689e-04
-3.574794278630689871e-04 -1.457419796119988184e-04
-3.090838059717422354e-04 -9.616170341191853201e-05
-2.607192990082645681e-04 -4.728573102728082897e-05
-2.125577643947019590e-04 7.274087938711717343e-07
-1.647599327839744635e-04 4.773223508563541643e-05
-1.174754733366345592e-04 9.359606989823852680e-05
-7.084311639978686239e-05 1.381987400424913111e-04
-2.499082675466456928e-05 1.814322329441247984e-04
1.996397898551507575e-05 2.232003136790011266e-04
6.391417682531452078e-05 2.634181097349247241e-04
1.067626472638754103e-04 3.020116695295544437e-04
1.484219597714506362e-04 3.389175002169112893e-04
1.888140346371420435e-04 3.740820898308807717e-04
2.278697865690840457e-04 4.074614183481091055e-04
2.655287540558046774e-04 4.390204618116338910e-04
3.017387181381901533e-04 4.687326932350353186e-04
3.364553138964776480e-04 4.965795836064576790e-04
3.696416376323716875e-04 5.225501059383384946e-04
4.012678524199531646e-04 5.466402449581945003e-04
4.313107944073421704e-04 5.688525147058702720e-04
4.597535819790669626e-04 5.891954859980530392e-04
4.865852296360739272e-04 6.076833254394320514e-04
5.118002682140433950e-04 6.243353473987049143e-04
5.353983728412276986e-04 6.391755801298110162e-04
5.573839998348915827e-04 6.522323469990270453e-04
5.777660335486557806e-04 6.635378635801721754e-04
5.965574440130837338e-04 6.731278511995825338e-04
6.137749560556000124e-04 6.810411673501218927e-04
6.294387304434502593e-04 6.873194532461071333e-04
6.435720574655778934e-04 6.920067986616702197e-04
6.562010632530974495e-04 6.951494240778376740e-04
6.673544290329670248e-04 6.967953800612909773e-04
6.770631234177776174e-04 6.969942637081222216e-04
6.853601477505031139e-04 6.957969519068331332e-04
6.922802944502418369e-04 6.932553511076951528e-04
6.978599182408271257e-04 6.894221632275020174e-04
7.021367200876868671e-04 6.843506672702811492e-04
7.051495436201223000e-04 6.780945162036548703e-04
7.069381837743686069e-04 6.707075485978235144e-04
7.075432073574709681e-04 6.622436145077021784e-04
7.070057852030297912e-04 6.527564150588583726e-04
7.053675355651183336e-04 6.422993551829061284e-04
7.026703783781408511e-04 6.309254089386241281e-04
6.989563999944841842e-04 6.186869968495720910e-04
6.942677280011408554e-04 6.056358746875411311e-04
6.886464157090672195e-04 5.918230331331067202e-04
6.821343359038686696e-04 5.772986077492854281e-04
6.747730834452042364e-04 5.621117987122581285e-04
6.666038863024644585e-04 5.463107997520868673e-04
6.576675246171355578e-04 5.299427357686694500e-04
6.480042573873462299e-04 5.130536086012820775e-04
6.376537563754495390e-04 4.956882504437213049e-04
6.266550468480638902e-04 4.778902844141696450e-04
6.150464547657879134e-04 4.597020918039575405e-04
6.028655600503803752e-04 4.411647855473531518e-04
5.901491555674590788e-04 4.223181894718705163e-04
5.769332114734790958e-04 4.032008229062364682e-04
5.632528445885044742e-04 3.838498902419486443e-04
5.491422924674881295e-04 3.643012750619147944e-04
5.346348918553291488e-04 3.445895384675396172e-04
5.197630612238785235e-04 3.247479212545329591e-04
5.045582871016629761e-04 3.048083496049913861e-04
4.890511139192940324e-04 2.848014439802805452e-04
4.732711371062839432e-04 2.647565309166829018e-04
4.572469991876487640e-04 2.447016574425106973e-04
4.410063886412164571e-04 2.246636078520836089e-04
4.245760412881244175e-04 2.046679225867883349e-04
4.079817440006471918e-04 1.847389189887648528e-04
3.912483405237270192e-04 1.648997137081639470e-04
3.743997392175593751e-04 1.451722465587517667e-04
3.574589225394221928e-04 1.255773056299498225e-04
3.404479580932289547e-04 1.061345534767778884e-04
3.233880110861517190e-04 8.686255422129988502e-05
3.062993580402208465e-04 6.777880141096447367e-05
2.892014016186637794e-04 4.889974649205970912e-05
2.721126864334668435e-04 3.024082776547787484e-05
2.550509157093782168e-04 1.181649970191408063e-05
2.380329686899158251e-04 -6.359737494334832255e-06
2.210749186777508741e-04 -2.427530817575457593e-05
2.041920516087250104e-04 -4.191853149125670034e-05
1.873988850663556240e-04 -5.927859166127452293e-05
1.707091876515476835e-04 -7.634550836575904997e-05
1.541359986277668652e-04 -9.311010731632827662e-05
1.376916477682433486e-04 -1.095639910768756857e-04
1.213877753376625440e-04 -1.256995101902657166e-04
1.052353521461567624e-04 -1.415097346630260554e-04
8.924469961947307378e-05 -1.569884258536668597e-04
7.342550983302061833e-05 -1.721300088055912594e-04
5.778686546222691427e-05 -1.869295450610704821e-04
4.233725960692352145e-05 -2.013827059870167352e-04
2.708461545087200155e-05 -2.154857466396340859e-04
1.203630572113223896e-05 -2.292354801917992704e-04
-2.800828084074185004e-06 -2.426292529422406771e-04
-1.742045672645706179e-05 -2.556649199227301788e-04
-3.181674454350583636e-05 -2.683408211166048813e-04
-4.598433107064070903e-05 -2.806557582989447838e-04
-5.991831298844943943e-05 -2.926089725055418364e-04
-7.361422641256942844e-05 -3.042001221362829882e-04
-8.706802954049145922e-05 -3.154292616962644765e-04
-1.002760856668858167e-04 -3.262968211749101965e-04
-1.132351465777595693e-04 -3.368035860624522511e-04
-1.259423363326212940e-04 -3.469506780018884683e-04
-1.383951354408781908e-04 -3.567395360724352088e-04
-1.505913654367043027e-04 -3.661718986980452232e-04
-1.625291738565247325e-04 -3.752497861754402033e-04
-1.742070196220461560e-04 -3.839754838141548046e-04
-1.856236588293439394e-04 -3.923515256799225905e-04
-1.967781309432265228e-04 -4.003806789312429164e-04
-2.076697453968054841e-04 -4.080659287399405750e-04
-2.182980685941035310e-04 -4.154104637846510462e-04
-2.286629113126765534e-04 -4.224176623058505347e-04
-2.387643165025385666e-04 -4.290910787103936058e-04
-2.486025474773958317e-04 -4.354344307136457444e-04
-2.581780764935203061e-04 -4.414515870066901488e-04
-2.674915737108015399e-04 -4.471465554357528837e-04
-2.765438965296653645e-04 -4.525234716806660735e-04
-2.853360792980233008e-04 -4.575865884191221899e-04
-2.938693233820751207e-04 -4.623402649643167583e-04
-3.021449875937004623e-04 -4.667889573617902028e-04
-3.101645789663087403e-04 -4.709372089321175320e-04
-3.179297438730039910e-04 -4.747896412465296007e-04
-3.254422594797800076e-04 -4.783509455227077630e-04
-3.327040255247677020e-04 -4.816258744265758092e-04
-3.397170564161300279e-04 -4.846192342676397275e-04
-3.464834736410123388e-04 -4.873358775746643948e-04
-3.530054984771292424e-04 -4.897806960395879351e-04
-3.592854449996496914e-04 -4.919586138161153623e-04
-3.653257133748734993e-04 -4.938745811619946625e-04
-3.711287834322394121e-04 -4.955335684114438224e-04
-3.766972085076530398e-04 -4.969405602665489434e-04
-3.820336095491052479e-04 -4.981005503957195791e-04
-3.871406694781590095e-04 -4.990185363280653453e-04
-3.920211277978358374e-04 -4.996995146321164772e-04
-3.966777754406141830e-04 -5.001484763681532126e-04
-4.011134498482523238e-04 -5.003704028036328778e-04
-4.053310302756523592e-04 -5.003702613806044249e-04
-4.093334333118156879e-04 -5.001530019260601485e-04
-4.131236086114454696e-04 -4.997235530947078232e-04
-4.167045348282490168e-04 -4.990868190341785169e-04
-4.200792157440193979e-04 -4.982476762643512150e-04
-4.232506765873460600e-04 -4.972109707612744171e-04
-4.262219605333379918e-04 -4.959815152364155377e-04
-4.289961253797837685e-04 -4.945640866031779338e-04
-4.315762403926047238e-04 -4.929634236235117201e-04
-4.339653833135165848e-04 -4.911842247237056596e-04
-4.361666375254883853e-04 -4.892311459754575438e-04
-4.381830893683620783e-04 -4.871087992317763406e-04
-4.400178256003522558e-04 -4.848217504104788446e-04
-4.416739309985058385e-04 -4.823745179227213525e-04
-4.431544860939190425e-04 -4.797715712322840609e-04
-4.444625650348266134e-04 -4.770173295461769582e-04
-4.456012335747816999e-04 -4.741161606272174854e-04
-4.465735471784426061e-04 -4.710723797211959526e-04
-4.473825492400288037e-04 -4.678902485957946600e-04
-4.480312694133224824e-04 -4.645739746834700820e-04
-4.485227220454365967e-04 -4.611277103252906439e-04
-4.488599047084096622e-04 -4.575555521065901611e-04
-4.490457968298862748e-04 -4.538615402826808552e-04
-4.490833584138929891e-04 -4.500496582919100239e-04
-4.489755288478158033e-04 -4.461238323427679352e-04
-4.487252257971607785e-04 -4.420879310821431590e-04
-4.483353441764880462e-04 -4.379457653322421564e-04
-4.478087551970801701e-04 -4.337010878925929842e-04
-4.471483054914066621e-04 -4.293575934095622678e-04
-4.463568163023651876e-04 -4.249189183042060463e-04
-4.454370827413387077e-04 -4.203886407508477261e-04
-4.443918731070897006e-04 -4.157702807164729468e-04
-4.432239282698018134e-04 -4.110673000434588689e-04
-4.419359611071754703e-04 -4.062831025812903719e-04
-4.405306559969479640e-04 -4.014210343590795507e-04
-4.390106683624848093e-04 -3.964843837991585858e-04
-4.373786242609947164e-04 -3.914763819693509823e-04
-4.356371200296926772e-04 -3.864002028664082020e-04
-4.337887219585153243e-04 -3.812589637379292374e-04
-4.318359660305808208e-04 -3.760557254273118929e-04
-4.297813576726026465e-04 -3.707934927511600371e-04
-4.276273715634330472e-04 -3.654752148972783372e-04
-4.253764514676411455e-04 -3.601037858528933567e-04
-4.230310101085286338e-04 -3.546820448494150246e-04
-4.205934290669761520e-04 -3.492127768205623064e-04
-4.180660587079665803e-04 -3.436987128902856234e-04
-4.154512181398086835e-04 -3.381425308710487698e-04
-4.127511951962853972e-04 -3.325468557828431060e-04
-4.099682464534776640e-04 -3.269142603560226375e-04
-4.071045972346341814e-04 -3.212472655796577486e-04
-4.041624416689585243e-04 -3.155483412596707176e-04
-4.011439427732360705e-04 -3.098199065460968400e-04
-3.980512325069568988e-04 -3.040643305080127168e-04
-3.948864118996673147e-04 -2.982839327072198251e-04
-3.916515511453040588e-04 -2.924809837354524914e-04
-3.883486897235034654e-04 -2.866577058257591712e-04
-3.849798365671810627e-04 -2.808162734062414701e-04
-3.815469701706194821e-04 -2.749588136711613785e-04
-3.780520387595384712e-04 -2.690874071690717273e-04
-3.744969604530995803e-04 -2.632040883836356520e-04
-3.708836234255283434e-04 -2.573108462781897388e-04
-3.672138860658875144e-04 -2.514096249016597876e-04
-3.634895771555263222e-04 -2.455023239215755248e-04
-3.597124960417245020e-04 -2.395907992121642507e-04
-3.558844127792857377e-04 -2.336768633850539248e-04
-3.520070683126983726e-04 -2.277622863834719014e-04
-3.480821746368839391e-04 -2.218487959745690471e-04
-3.441114149072316448e-04 -2.159380783196054041e-04
-3.400964436181567671e-04 -2.100317784979446661e-04
-3.360388866929442039e-04 -2.041315010312881551e-04
-3.319403415929640081e-04 -1.982388103879887786e-04
-3.278023774374337141e-04 -1.923552314909517981e-04
-3.236265349916708453e-04 -1.864822502400049543e-04
-3.194143267923125725e-04 -1.806213139613077482e-04
-3.151672370509965484e-04 -1.747738319135711546e-04
-3.108867216980770775e-04 -1.689411757750239112e-04
-3.065742082475966259e-04 -1.631246800773202834e-04
-3.022310956980562777e-04 -1.573256427184301423e-04
-2.978587543416639149e-04 -1.515453253864924626e-04
-2.934585254613657928e-04 -1.457849540784893205e-04
-2.890317211000240712e-04 -1.400457195345520764e-04
-2.845796234920548880e-04 -1.343287778023518958e-04
-2.801034846759036575e-04 -1.286352506443814883e-04
-2.756045257732508773e-04 -1.229662262296318310e-04
-2.710839362141497498e-04 -1.173227596931393144e-04
-2.665428728477901225e-04 -1.117058738379614785e-04
-2.619824587787013487e-04 -1.061165599772686955e-04
-2.574037821097499177e-04 -1.005557788603340718e-04
-2.528078944006714930e-04 -9.502446190998719178e-05
-2.481958088986103571e-04 -8.952351259765167920e-05
-2.435684985997927157e-04 -8.405380834731565501e-05
-2.389268939543634518e-04 -7.861620283235370369e-05
-2.342718805586862499e-04 -7.321152891001429742e-05
-2.296042965045860535e-04 -6.784060245136143603e-05
-2.249249300016503597e-04 -6.250422713529156927e-05
-2.202345172146484217e-04 -5.720320057336949869e-05
-2.155337408933475523e-04 -5.193832178389040308e-05
-2.108232303104709820e-04 -4.671040020690872844e-05
-2.061035632985997021e-04 -4.152026600403778222e-05
-2.013752712685553097e-04 -3.636878114285416435e-05
-1.966388477900685996e-04 -3.125685009669631776e-05
-1.918947609774070541e-04 -2.618542873415740952e-05
-1.871434690109702456e-04 -2.115552948790108473e-05
-1.823854371923434674e-04 -1.616822180615911785e-05
-1.776211543027436364e-04 -1.122462692731556892e-05
-1.728511461651741641e-04 -6.325908447370542725e-06
-1.680759848835661197e-04 -1.473259757234572610e-06
-1.632962937985212135e-04 3.332109127195691299e-06
-1.585127481395624566e-04 8.088983915820787806e-06
-1.537260730406979456e-04 1.279615662980063893e-05
-1.489370396925913096e-04 1.745243398473396126e-05
-1.441464607223699756e-04 2.205664344142732326e-05
-1.393551853252437273e-04 2.660763755423580938e-05
-1.345640945969395967e-04 3.110429666505298249e-05
-1.297740973336014190e-04 3.554553070212273613e-05
-1.249861263963547532e-04 3.993027990210313525e-05
-1.202011355479249587e-04 4.425751502597719477e-05
-1.154200967357951448e-04 4.852623726385666271e-05
-1.106439979196832527e-04 5.273547779293676855e-05
-1.058738413203503626e-04 5.688429718867164093e-05
-1.011106418884740268e-04 6.097178468890534093e-05
-9.635542614208960092e-05 6.499705752987863512e-05
-9.160923124183469133e-05 6.895926013242761735e-05
-8.687310430648709247e-05 7.285756336626589345e-05
-8.214810179815959664e-05 7.669116381662153777e-05
-7.743528922379411792e-05 8.045928311725257954e-05
-7.273574085475930902e-05 8.416116722495095071e-05
-6.805053950180442392e-05 8.779608584138598546e-05
-6.338077658504085474e-05 9.136333181698557630e-05
-5.872755209479515559e-05 9.486222054962638707e-05
-5.409197467710047098e-05 9.829208952187664685e-05
-4.947516183402988381e-05 1.016522978425100633e-04
-4.487824012604492251e-05 1.049422257640031945e-04
-4.030234543430450729e-05 1.081612743363833187e-04
-3.574862325625481705e-05 1.113088650348059510e-04
-3.121822906293476282e-05 1.143844394487474324e-04
-2.671232868313159250e-05 1.173874589680494175e-04
-2.223209870981097857e-05 1.203174045442636006e-04
-1.777872691353064521e-05 1.231737764561336226e-04
-1.335341273930578193e-05 1.259560941164366069e-04
-8.957367751801378300e-06 1.286638959343853268e-04
-4.591816159415716659e-06 1.312967391589098720e-04
-2.579953584273342662e-07 1.338541997954720872e-04
4.042843539954724011e-06 1.363358725175931301e-04
8.309435130459371982e-06 1.387413706435287322e-04
1.254049917061644749e-05 1.410703260884032986e-04
1.673473992647101156e-05 1.433223893893349656e-04
2.089084561774788747e-05 1.454972297442775773e-04
2.500748779350892020e-05 1.475945350548734508e-04
2.908332063737424888e-05 1.496140121113686378e-04
3.311698033793572749e-05 1.515553866290508995e-04
3.710708445586216695e-05 1.534184033582837860e-04
4.105223125882917690e-05 1.552028263413718573e-04
4.495099903106736705e-05 1.569084391190908709e-04
4.880194531072478797e-05 1.585350449359136454e-04
5.260360620846971140e-05 1.600824669436120618e-04
5.635449582954416676e-05 1.615505485315982866e-04
6.005310542276296978e-05 1.629391536826877167e-04
6.369790263208944397e-05 1.642481673062569326e-04
6.728733081802970302e-05 1.654774955177884240e-04
7.081980831617743400e-05 1.666270661045841299e-04
7.429372775128378426e-05 1.676968289511917621e-04
7.770745514929021207e-05 1.686867564862350134e-04
8.105932926615540854e-05 1.695968441876093504e-04
8.434766078373298528e-05 1.704271110356529078e-04
8.757073162227872775e-05 1.711776000126763756e-04
9.072679413101218215e-05 1.718483787574719179e-04
9.381407038719035926e-05 1.724395401844553333e-04
9.683075134384848545e-05 1.729512030295616057e-04
9.977499615796457200e-05 1.733835124411315374e-04
1.026449314099323236e-04 1.737366407490040579e-04
1.054386503760795595e-04 1.740107880549418822e-04
1.081542122647623618e-04 1.742061830827479557e-04
1.107896415195300157e-04 1.743230837699232807e-04
1.133429270655592752e-04 1.743617781453364081e-04
1.158120215821586627e-04 1.743225850065419362e-04
1.181948409527743904e-04 1.742058547057100462e-04
1.204892635379731735e-04 1.740119700865195890e-04
1.226931293745091517e-04 1.737413471619140052e-04
1.248042397669825877e-04 1.733944359474622662e-04
1.268203565720195597e-04 1.729717212912252960e-04
1.287392016201039963e-04 1.724737238326081909e-04
1.305584561534170332e-04 1.719010006998237909e-04
1.322757604655738707e-04 1.712541463261363990e-04
1.338887131829116556e-04 1.705337932502302880e-04
1.353948710438556671e-04 1.697406128718342670e-04
1.367917483725681921e-04 1.688753163288908414e-04
1.380768167532328875e-04 1.679386550583947518e-04
1.392475047825322105e-04 1.669314214899364501e-04
1.403011977478081835e-04 1.658544496802828120e-04
1.412352376023439402e-04 1.647086158118780356e-04
1.420469225562921039e-04 1.634948387602681939e-04
1.427335071777778065e-04 1.622140802280576388e-04
1.432922025571790609e-04 1.608673451534630783e-04
1.437201761330812234e-04 1.594556817524142578e-04
1.440145518877891651e-04 1.579801814658383973e-04
1.441724106662255005e-04 1.564419787973208111e-04
1.441907905570947632e-04 1.548422508801044844e-04
1.440666871460605236e-04 1.531822168020783225e-04
1.437970540309393963e-04 1.514631367201829822e-04
1.433788033977151572e-04 1.496863107439901129e-04
1.428088068483771380e-04 1.478530773906141355e-04
1.420838960258881043e-04 1.459648117313132429e-04
1.412008634951951501e-04 1.440229230881609739e-04
1.401564637461711618e-04 1.420288521811032066e-04
1.389474142340869965e-04 1.399840680945962934e-04
1.375703964898688494e-04 1.378900644877329394e-04
1.360220574768212826e-04 1.357483548067186076e-04
1.342990108113012047e-04 1.335604674151579180e-04
1.323978381288980980e-04 1.313279395397841463e-04
1.303150905439977433e-04 1.290523105199495129e-04
1.280472904090996567e-04 1.267351137308947093e-04
1.255909323442838850e-04 1.243778680923530251e-04
1.229424853576430361e-04 1.219820675991700618e-04
1.200983938323911928e-04 1.195491699668444760e-04
1.170550793256898122e-04 1.170805838629464723e-04
1.138089419616387812e-04 1.145776542484490748e-04
1.103563618953666320e-04 1.120416459105616426e-04
1.066937003947779176e-04 1.094737255117266103e-04
1.028173003394499400e-04 1.068749404115716472e-04
9.872348755096937425e-05 1.042461959743274009e-04
9.440857073784191032e-05 1.015882298516618504e-04
8.986884153020817585e-05 9.890158317211057140e-05
8.510057378262388009e-05 9.618656831793111716e-05
8.010002201082284728e-05 9.344323323762172753e-05
7.486342000240098628e-05 9.067132158324005806e-05
6.938697733435491449e-05 8.787022869747858171e-05
6.366687526812746310e-05 8.503895182709661341e-05
5.769926194179238481e-05 8.217603573152013996e-05
5.148024568568369970e-05 7.927951112497941548e-05
4.500588619150914567e-05 7.634682714957042573e-05
3.827218451231994195e-05 7.337477625633454024e-05
3.127507011248756720e-05 7.035940991066057205e-05
2.401038632546818302e-05 6.729594583680347636e-05
1.647387240077189920e-05 6.417866432883960058e-05
8.661141562730183653e-06 6.100079289134767674e-05
5.676559390875307186e-07 5.775437789044493174e-05
-7.811303029468666661e-06 5.443014233110580325e-05
-1.648066753800724998e-05 5.101732544905309259e-05
-2.544562485903242741e-05 4.750350577906779315e-05
-3.471166168017965565e-05 4.387440127610711703e-05
-4.428461809144227062e-05 4.011364920442475666e-05
-5.417074752461470920e-05 3.620255545184284936e-05
-6.437678653120871522e-05 3.211981728700792236e-05
-7.491003355015989627e-05 2.784120812479108279e-05
-8.577844006876951533e-05 2.333922431332245833e-05
-9.699071177010687493e-05 1.858268679558369764e-05
-1.085564265521619411e-04 1.353628959406760556e-05
-1.204861659620941089e-04 8.160088632686622134e-06
-1.327916643257622301e-04 2.408919516607517432e-06
-1.454859810664670182e-04 -3.768266356906090119e-06
-1.585836919643464273e-04 -1.042916280986684347e-05
-1.721011081764571560e-04 -1.763898045442981210e-05
-1.860565245570998329e-04 -2.547145237867419400e-05
-2.004705044595390115e-04 -3.400999798541251632e-05
-2.153662022802603699e-04 -4.334907279795899380e-05
-2.307697350783465256e-04 -5.359574357467700113e-05
-2.467106132452269798e-04 -6.487152814404937792e-05
-2.632222367636313461e-04 -7.731456428469011296e-05
-2.803424743789585259e-04 -9.108216686987474970e-05
-2.981143523604090650e-04 -1.063538578892055190e-04
-3.165868719209432094e-04 -1.233349759686178885e-04
-3.358159872273234320e-04 -1.422609974874031245e-04
-3.558658111558621199e-04 -1.634027249983236287e-04
-3.768100753744445253e-04 -1.870725520060787189e-04
-3.987339769899101620e-04 -2.136320601509064492e-04
-4.217364964225126639e-04 -2.435012704651395138e-04
-4.459333736832645900e-04 -2.771699606122195593e-04
-4.714609605557304852e-04 -3.152115834102104698e-04
-4.984812741895414600e-04 -3.583004386684281151e-04
-5.271886947406757363e-04 -4.072329712042268971e-04
-5.578189571376135966e-04 -4.629542845300422269e-04
-5.906613245453819173e-04 -5.265912958331835526e-04
-6.260752401751696001e-04 -5.994943500746485266e-04
-6.645132846166545027e-04 -6.832896528301262307e-04
-7.065531464891629861e-04 -7.799455515856525741e-04
-7.529424119787043405e-04 -8.918565180800557511e-04
-8.046619111464961690e-04 -1.021949805627020034e-03
-8.630157626650675640e-04 -1.173821053797622412e-03
-9.297603850419665882e-04 -1.351906506919255428e-03
-1.007290305057044390e-03 -1.561701367954995440e-03
-1.098907402985869379e-03 -1.810034981210858953e-03
-1.209212758651530793e-03 -2.105414400029992535e-03
-1.344679306136886340e-03 -2.458446627016653424e-03
-1.514490953347931261e-03 -2.882343891889091979e-03
-1.731773914350467338e-03 -3.393501991484825821e-03
-2.015402805635078086e-03 -4.012110102648278921e-03
-2.392641332258277354e-03 -4.762687901211003216e-03
-2.902978614923696667e-03 -5.674328109967588171e-03
-3.603639863829651967e-03 -6.780209155269936380e-03
-4.577359529674572894e-03 -8.115572515395007638e-03
-5.943036667843921289e-03 -9.712742071881060035e-03
-7.869685165999366558e-03 -1.159078236961449612e-02
-1.059333071487016630e-02 -1.373595253082766227e-02
-1.443460162735185973e-02 -1.606721984014029478e-02
-1.981076416802827686e-02 -1.837914791904146986e-02
-2.722856733056482070e-02 -2.025374293622426991e-02
-3.723232715832390516e-02 -2.093636057992287469e-02
-5.026570996175397377e-02 -1.918431311858437294e-02
-6.639136362651304468e-02 -1.312907637986296047e-02
-8.481660449181846473e-02 -2.523168268241011980e-04
-1.032291186591549892e-01 2.234128158771254632e-02
-1.170988748333705309e-01 5.710431932949420336e-02
-1.193720940953254817e-01 1.044819949735293074e-01
-1.012818760388679573e-01 1.607361639987623381e-01
-5.502958740291563622e-02 2.160036852354835502e-01
2.161787806407830526e-02 2.542871234201909414e-01
1.204371560160452936e-01 2.572402853901659681e-01
2.210170228222790578e-01 2.119960306884025314e-01
2.955958594857064359e-01 1.198718950716421289e-01
3.202872291604673682e-01 0.000000000000000000e+00
2.869776670575414634e-01 -1.165470591085190494e-01
2.078599139289643016e-01 -2.001286310676788360e-01
1.090679878593109609e-01 -2.352133681493529804e-01
1.789162943290662638e-02 -2.245339473094540850e-01
-4.795395536089924748e-02 -1.836554038623647300e-01
-8.367691296084139863e-02 -1.313641275455993129e-01
-9.415669106750665374e-02 -8.216711447774252552e-02
-8.829441008286249837e-02 -4.359348624248915449e-02
-7.454669458867084486e-02 -1.727589117959532627e-02
-5.886541441137216335e-02 -1.464629466914477846e-03
-4.452283731098943126e-02 6.750586938401633569e-03
-3.281179285093223374e-02 1.012578881799688392e-02
-2.387556178564339410e-02 1.074924692575925794e-02
-1.733627550214929952e-02 9.999400613786312009e-03
-1.266822976394666594e-02 8.694517643836075296e-03
-9.377191114778520020e-03 7.274266535918911397e-03
-7.063945182061890163e-03 5.948109447539507225e-03
-5.430833532961865974e-03 4.797212399549666273e-03
-4.266061109627813583e-03 3.837280958035446752e-03
-3.423051579883026885e-03 3.054290426348545313e-03
-2.801920265475196358e-03 2.423376024418145112e-03
-2.335067908340661066e-03 1.918037897548897659e-03
-1.976772421948922755e-03 1.514121241176717919e-03
-1.695979519972439908e-03 1.191151486515209731e-03
-1.471429907834014787e-03 9.324334331773382733e-04
-1.288411603292805626e-03 7.246435780445400435e-04
-1.136609251823716841e-03 5.572715184522874197e-04
-1.008682102177501597e-03 4.220702283622743242e-04
-8.993217178209277161e-04 3.125765534171706076e-04
-8.046244365757808294e-04 2.237173849089824670e-04
-7.216705622895085680e-04 1.514963786313415451e-04
-6.482397599244596204e-04 9.274966181575420654e-05
-5.826166848424896771e-04 4.495734007738848769e-05
-5.234566870342777191e-04 6.098910745662135474e-06
-4.696920697286049041e-04 -2.545730162369899598e-05
-4.204656200817082231e-04 -5.103867045214462975e-05
-3.750829080368088824e-04 -7.173293732638131714e-05
-3.329775143435144825e-04 -8.843773375843692517e-05
-2.936852329900777698e-04 -1.018986988900717977e-04
-2.568245677895622807e-04 -1.127388485042613226e-04
-2.220817524056458749e-04 -1.214813532444587740e-04
-1.891990097295296301e-04 -1.285672939954398677e-04
-1.579651605274248857e-04 -1.343695879802217627e-04
-1.282080028506194153e-04 -1.392039922735193347e-04
-9.978801114682596244e-05 -1.433379093697489091e-04
-7.259306624026029401e-05 -1.469974616032284080e-04
-4.653398863664629989e-05 -1.503732837199000367e-04
-2.154073398523637323e-05 -1.536252924994611284e-04
2.440865905846947490e-06 -1.568866723154777466e-04
2.545192007339159399e-05 -1.602672626412580958e-04
4.752290375365169175e-05 -1.638564561407491256e-04
6.867575394125925259e-05 -1.677257074994677817e-04
8.892566133064006451e-05 -1.719307230505845636e-04
1.082826015349147927e-04 -1.765134195401067251e-04
1.267526550747001546e-04 -1.815036241398817183e-04
1.443391102009274323e-04 -1.869206228720368321e-04
1.610434046094663294e-04 -1.927745339127318915e-04
1.768658910772356613e-04 -1.990675468003798060e-04
1.918064773436099920e-04 -2.057950346006445243e-04
2.058651408927583519e-04 -2.129465549115665572e-04
2.190423451108778848e-04 -2.205067491504656807e-04
2.313393590526637423e-04 -2.284561430942592974e-04
2.427584990599666740e-04 -2.367718731777137414e-04
2.533033038106692462e-04 -2.454283301214721597e-04
2.629786559677007056e-04 -2.543977324982727686e-04
2.717908554837333845e-04 -2.636506293160517287e-04
2.797476496218801638e-04 -2.731563529356374059e-04
2.868582414483065762e-04 -2.828834121722866393e-04
2.931332570810467179e-04 -2.927998337259393063e-04
2.985847057612216128e-04 -3.028734650858164287e-04
3.032259159874261655e-04 -3.130722280930734141e-04
3.070714651939160096e-04 -3.233643430978108257e-04
3.101370949673171477e-04 -3.337185179464852267e-04
3.124396243750901178e-04 -3.441041038379771409e-04
3.139968602105053458e-04 -3.544912297120359781e-04
3.148275031616345359e-04 -3.648509089380412118e-04
3.149510562776116403e-04 -3.751551264971244703e-04
3.143877339924687031e-04 -3.853769091842380325e-04
3.131583724832878246e-04 -3.954903778207984879e-04
3.112843465631085025e-04 -4.054707851673504133e-04
3.087874852562738398e-04 -4.152945434598772235e-04
3.056899964028600078e-04 -4.249392378420909031e-04
3.020143934005369447e-04 -4.343836370169362618e-04
2.977834274051708576e-04 -4.436076893044466887e-04
2.930200232311576218e-04 -4.525925173664396535e-04
2.877472201970691099e-04 -4.613204045493750458e-04
2.819881178304552974e-04 -4.697747773430699641e-04
2.757658270097965549e-04 -4.779401871128999301e-04
2.691034233671757642e-04 -4.858022853317044663e-04
2.620239059045553721e-04 -4.933477985752950752e-04
2.545501596779544871e-04 -5.005645033822671850e-04
2.467049208920808409e-04 -5.074411975951524482e-04
2.385107467054629156e-04 -5.139676729588107951e-04
2.299899869978605266e-04 -5.201346877880817007e-04
2.211647588193259360e-04 -5.259339387967472846e-04
2.120569245036570236e-04 -5.313580343624232840e-04
2.026880699411434748e-04 -5.364004685073281214e-04
1.930794860743828101e-04 -5.410555970598270644e-04
1.832521518603039135e-04 -5.453186125287620180e-04
1.732267166618084680e-04 -5.491855224866922522e-04
1.630234864528044847e-04 -5.526531295246727348e-04
1.526624075667009251e-04 -5.557190117732695167e-04
1.421630529948907573e-04 -5.583815052085975509e-04
1.315446061950295976e-04 -5.606396889993650861e-04
1.208258459024714646e-04 -5.624933713626109740e-04
1.100251299791974130e-04 -5.639430779892886563e-04
9.916037668258817636e-05 -5.649900407519560866e-04
8.824904470096539718e-05 -5.656361901085080407e-04
7.730811033463067254e-05 -5.658841464830157179e-04
6.635404320513778624e-05 -5.657372149969596559e-04
5.540277650205140190e-05 -5.651993796983024836e-04
4.446967368034813041e-05 -5.642752978485204114e-04
3.356949078923160564e-05 -5.629702959409506585e-04
2.271633242920142559e-05 -5.612903626165201320e-04
1.192360265419518451e-05 -5.592421408021601295e-04
1.203947264082462845e-06 -5.568329157790589739e-04
-9.430811204297768471e-06 -5.540705993647592528e-04
-1.996974603047299156e-05 -5.509637069659227776e-04
-3.040290760274511387e-05 -5.475213244084488123e-04
-4.072141416580976679e-05 -5.437530632641506554e-04
-5.091754840124803803e-05 -5.396689983972099416e-04
-6.098486026735763202e-05 -5.352795863995949473e-04
-7.091827095663644199e-05 -5.305955571609219162e-04
-8.071417342625855640e-05 -5.256277768715017810e-04
-9.037052134300337190e-05 -5.203870761940695847e-04
-9.988689375087415694e-05 -5.148840436135832975e-04
-1.092645252440118883e-04 -5.091287863641420644e-04
-1.185062862381759230e-04 -5.031306619849433863e-04
-1.276165992896322618e-04 -4.968979994194111039e-04
-1.366012834178798518e-04 -4.904378254859385368e-04
-1.454673280494948309e-04 -4.837556242279467773e-04
-1.542226032360015440e-04 -4.768551502054421470e-04
-1.628755294497784680e-04 -4.697383210183589028e-04
-1.714347335401184707e-04 -4.624051928978553921e-04
-1.799087203941486578e-04 -4.548540196354664629e-04
-1.883055817064985564e-04 -4.470813823278696106e-04
-1.966327604581894449e-04 -4.390823676452690273e-04
-2.048968733450235629e-04 -4.308507732385445741e-04
-2.131035904975472580e-04 -4.223793220618027528e-04
-2.212575626958152757e-04 -4.136598690756684502e-04
-2.293623879482112522e-04 -4.046835945802592423e-04
-2.374206047711643138e-04 -3.954411762422962127e-04
-2.454337055907113803e-04 -3.859229403799461361e-04
-2.534021603196825079e-04 -3.761189948945714502e-04
-2.613254475227501632e-04 -3.660193425872573705e-04
-2.692020873371731536e-04 -3.556139817322297560e-04
-2.770296750772407242e-04 -3.448929928005963624e-04
-2.848049120463440938e-04 -3.338466174363689614e-04
-2.925236347477518008e-04 -3.224653299069095403e-04
-3.001808410223627977e-04 -3.107399030502443725e-04
-3.077707124193558379e-04 -2.986614715287485341e-04
-3.152866348282548680e-04 -2.862215920267836312e-04
-3.227212159301921183e-04 -2.734123035799244407e-04
-3.300663003081514548e-04 -2.602261873490288265e-04
-3.373129821746429250e-04 -2.466564269397543744e-04
-3.444516178608917484e-04 -2.326968698988411482e-04
-3.514718355829607433e-04 -2.183420911979280657e-04
-3.583625453322855496e-04 -2.035874585719962674e-04
-3.651119478413011551e-04 -1.884292003812552030e-04
-3.717075436931346595e-04 -1.728644756923185472e-04
-3.781361423164042120e-04 -1.568914474866115263e-04
-3.843838718736858470e-04 -1.405093585311714731e-04
-3.904361895831934639e-04 -1.237186100289421661e-04
-3.962778936083730628e-04 -1.065208434268958735e-04
-4.018931361495283469e-04 -8.891902521279722977e-05
-4.072654383011903431e-04 -7.091753436753645196e-05
-4.123777070873252816e-04 -5.252225275876989724e-05
-4.172122547467759499e-04 -3.374065835001503256e-05
-4.217508206535460196e-04 -1.458192065633757192e-05
-4.259745963875264112e-04 4.943001308165933779e-06
-4.298642537116074578e-04 2.482125910993794463e-05
-4.333999763173749294e-04 4.503801323854847980e-05
-4.365614954584080484e-04 6.557633001171004044e-05
-4.393281295744507842e-04 8.641707753127134324e-05
-4.416788283954602829e-04 1.075388211710928612e-04
-4.435922218867407833e-04 1.289177191016333142e-04
-4.450466740176937030e-04 1.505274184436092343e-04
-4.460203421332365522e-04 1.723389527553813869e-04
-4.464912416961611639e-04 1.943206416295629535e-04
-4.464373170124151741e-04 2.164379931624242507e-04
-4.458365181404457152e-04 2.386536103516738179e-04
-4.446668841637627404e-04 2.609271022661167894e-04
-4.429066331123562329e-04 2.832150013280074381e-04
-4.405342587787506193e-04 3.054706876254835316e-04
-4.375286346454462924e-04 3.276443219282645187e-04
-4.338691249057566660e-04 3.496827885042487960e-04
-4.295357029944514831e-04 3.715296494882235111e-04
-4.245090775335962942e-04 3.931251123503654759e-04
-4.187708258156370685e-04 4.144060123195401663e-04
-4.123035347909949485e-04 4.353058115140632850e-04
-4.050909496104856088e-04 4.557546169728008117e-04
-3.971181295205274023e-04 4.756792194892966487e-04
-3.883716109552819021e-04 4.950031556233654758e-04
-3.788395776329425181e-04 5.136467951892457031e-04
-3.685120372462969600e-04 5.315274566220228080e-04
-3.573810044412147969e-04 5.485595528123813789e-04
-3.454406894608063987e-04 5.646547699509308575e-04
-3.326876918039938869e-04 5.797222821095106282e-04
-3.191211983379014508e-04 5.936690042843428567e-04
-3.047431848121141861e-04 6.063998865774896784e-04
-2.895586199041335945e-04 6.178182524143132053e-04
-2.735756706221651358e-04 6.278261833891604681e-04
-2.568059077696387333e-04 6.363249535371131617e-04
-2.392645101411242136e-04 6.432155155184887240e-04
-2.209704657794245178e-04 6.483990412488392207e-04
-2.019467685280227362e-04 6.517775191424631529e-04
-1.822206081033047448e-04 6.532544100732499102e-04
-1.618235514385173927e-04 6.527353637024777390e-04
-1.407917131846872245e-04 6.501289965416336440e-04
-1.191659128475433928e-04 6.453477326462467301e-04
-9.699181602830110453e-05 6.383087073202596291e-04
-7.432005701499312948e-05 6.289347335304166847e-04
-5.120633978924384456e-05 6.171553301664176256e-04
-2.771151442179981450e-05 6.029078102542439815e-04
-3.901625727975458272e-06 5.861384265649270892e-04
2.015206917162622397e-05 5.668035707534279733e-04
4.437311768234005914e-05 5.448710212084835859e-04
6.867992640263611941e-05 5.203212334601074957e-04
9.298585707808628277e-05 4.931486654466702086e-04
1.171993672522534703e-04 4.633631286686128213e-04
1.412241990191047056e-04 4.309911542807501024e-04
1.649596191266496374e-04 3.960773616601872540e-04
1.883007135953915407e-04 3.586858148344994877e-04
2.111387396940820379e-04 3.189013503299757105e-04
2.333615379934349211e-04 2.768308577066334094e-04
2.548540067387059438e-04 2.326044919293805560e-04
2.754986404045431402e-04 1.863767944808323652e-04
2.951761338937494619e-04 1.383276977188053309e-04
3.137660531159310235e-04 8.866338474533643529e-05
3.311475721386930365e-04 3.761697485408727960e-05
3.472002763780084609e-04 -1.455099768049893983e-05
3.618050303765943973e-04 -6.755234561048739249e-05
3.748449079438036821e-04 -1.210712674981850542e-04
3.862061813756323360e-04 -1.747647008177846055e-04
3.957793654899272430e-04 -2.282630279786255806e-04
4.034603110734629036e-04 -2.811711746553380797e-04
4.091513411886842522e-04 -3.330701398588971221e-04
4.127624226803871675e-04 -3.835189966168067776e-04
4.142123639284676136e-04 -4.320574008754949225e-04
4.134300287277352555e-04 -4.782086437749745044e-04
4.103555550479209791e-04 -5.214832791861833891e-04
4.049415663014453238e-04 -5.613833538892482435e-04
3.971543616199498992e-04 -5.974072617488096872e-04
3.869750708395645346e-04 -6.290552358878837708e-04
3.744007590349595531e-04 -6.558354838640746871e-04
3.594454648866298005e-04 -6.772709600992847957e-04
3.421411566748467237e-04 -6.929067571823703748e-04
3.225385896739886007e-04 -7.023180831309255986e-04
3.007080486974844213e-04 -7.051187752054018446e-04
2.767399600435961832e-04 -7.009702823701657480e-04
2.507453577450525746e-04 -6.895910280239950490e-04
2.228561901129698093e-04 -6.707660424076536095e-04
1.932254539046040825e-04 -6.443567301297470351e-04
1.620271451265180068e-04 -6.103106129952137011e-04
1.294560174361027345e-04 -5.686708620573623042e-04
9.572714136683261460e-05 -5.195854060871435464e-04
6.107525995579649307e-05 -4.633153770735044244e-04
2.575393894847185269e-05 -4.002426278337012410e-04
-9.965487648035521815e-06 -3.308760332881936750e-04
-4.579517332067579560e-05 -2.558562666524352648e-04
-8.143221026847392656e-05 -1.759587262763201020e-04
-1.165602678215738465e-04 -9.209428008932418687e-05
-1.508514074470331673e-04 -5.307495002921473466e-06
-1.839680611818261097e-04 8.322796842455141490e-05
-2.155651569191031187e-04 1.722170848969409936e-04
-2.452923684103289182e-04 2.602545484705562633e-04
-2.727964571453122275e-04 3.458393431483537195e-04
-2.977236505424405094e-04 4.273927518927179720e-04
-3.197219494088883365e-04 5.032794085036067320e-04
-3.384431300850762950e-04 5.718302251445787129e-04
-3.535438405382838856e-04 6.313639429792711850e-04
-3.646838242670100388e-04 6.801965832692876768e-04
-3.715107266692908470e-04 7.165846902171997285e-04
-3.738680468681485959e-04 7.392718725518732060e-04
-3.716237986082433537e-04 7.473300016948822332e-04
