1.063497951512899949e-02 -1.240319198822433661e-02
1.047614867279352512e-02 -1.221316161965704979e-02
1.010406054945828247e-02 -1.179489652945597475e-02
9.535515212266101881e-03 -1.116649238575255845e-02
8.793091383207961298e-03 -1.035198392866659191e-02
7.909865724989553065e-03 -9.386780397307899204e-03
6.915850050821900803e-03 -8.302549290831061704e-03
5.839211379774908103e-03 -7.128756010864123818e-03
4.706264882288313522e-03 -5.892773843887210566e-03
3.541286483537189715e-03 -4.619763396637320899e-03
2.366334851463327681e-03 -3.332541075268092602e-03
1.201128938695289992e-03 -2.051491710987728666e-03
6.298929004871324034e-05 -7.945369999395187569e-04
-1.033161080649115746e-03 4.228427436069661380e-04
-2.074744707440167972e-03 1.587540922378540866e-03
-3.051436209654360965e-03 2.688719893448343525e-03
-3.955036815406204678e-03 3.717677871885772308e-03
-4.779325581057329922e-03 4.667695574458922622e-03
-5.519895005617921416e-03 5.533869719490673057e-03
-6.173977645375940820e-03 6.312939458353422108e-03
-6.740269250728112872e-03 7.003110786599300343e-03
-7.218752925661568384e-03 7.603883019229965359e-03
-7.610527878106288814e-03 8.115880540931789608e-03
-7.917645499443199536e-03 8.540692269368670500e-03
-8.142954787724933016e-03 8.880720600169703799e-03
-8.289958509709491677e-03 9.139041032947325949e-03
-8.362680976011751394e-03 9.319273202141143547e-03
-8.365547873780895816e-03 9.425463646522873676e-03
-8.303278253380166549e-03 9.461980337774221830e-03
-8.180788490190210940e-03 9.433418742390828338e-03
-8.003107830543251117e-03 9.344519003199366902e-03
-7.775304972977060275e-03 9.200093688471636805e-03
-7.502425024097813221e-03 9.004965460037756345e-03
-7.189436094738373834e-03 8.763913949829789385e-03
-6.841184759908023813e-03 8.481631100520192756e-03
-6.462359589203636387e-03 8.162684214797199037e-03
-6.057461957588352458e-03 7.811485964490195999e-03
-5.630783365192222265e-03 7.432270631083706496e-03
-5.186388525171432493e-03 7.029075879633954298e-03
-4.728103517447884013e-03 6.605729405822781050e-03
-4.259508350620399425e-03 6.165839838422973625e-03
-3.783933322303514347e-03 5.712791324843997237e-03
-3.304458617848570617e-03 5.249741274148260993e-03
-2.823916637403104356e-03 4.779620778680156862e-03
-2.344896590504755730e-03 4.305137281327815757e-03
-1.869750945055191974e-03 3.828779099722142473e-03
-1.400603362981969399e-03 3.352821460828854863e-03
-9.393577977410532678e-04 2.879333739079440856e-03
-4.877084688029893755e-04 2.410187628191418855e-03
-4.715046522702848533e-05 1.947066011018735738e-03
3.810092356845498629e-04 1.491472323125300585e-03
7.956405178133125382e-04 1.044740234323431917e-03
1.195778799006760700e-03 6.080434982461513198e-04
1.580613757477268653e-03 1.824058432225193283e-04
1.949478219747377127e-03 -2.312892015366818481e-04
2.301837298273021887e-03 -6.322886320093866128e-04
2.637277849449073952e-03 -1.019960518995627601e-03
2.955498307424368060e-03 -1.393784838330127882e-03
3.256298935863960464e-03 -1.753344626209691302e-03
3.539572528332509630e-03 -2.098317493364869075e-03
3.805295578113991779e-03 -2.428467522468274499e-03
4.053519929901919575e-03 -2.743637565184218596e-03
4.284364918715925091e-03 -3.043741948474179386e-03
4.498009995488276742e-03 -3.328759594057913683e-03
4.694687833874297209e-03 -3.598727550148342596e-03
4.874677908861375052e-03 -3.853734930648079586e-03
5.038300534546914441e-03 -4.093917253775546453e-03
5.185911345952921338e-03 -4.319451169520025814e-03
5.317896207824116331e-03 -4.530549563307843114e-03
5.434666531949434477e-03 -4.727457021710698357e-03
5.536654983581283489e-03 -4.910445644916615164e-03
5.624311556921807176e-03 -5.079811189886442556e-03
5.698099999343781211e-03 -5.235869527627909879e-03
5.758494563996392410e-03 -5.378953397806235555e-03
5.805977070617055966e-03 -5.509409443867680292e-03
5.841034254722293761e-03 -5.627595511993572532e-03
5.864155385845593559e-03 -5.733878197490433273e-03
5.875830136092183818e-03 -5.828630622616593274e-03
5.876546680963849398e-03 -5.912230430321122575e-03
5.866790015156543754e-03 -5.985057978930815106e-03
5.847040466821237445e-03 -6.047494723413130227e-03
5.817772394594682150e-03 -6.099921769473765423e-03
5.779453052546596782e-03 -6.142718587425760948e-03
5.732541609013419408e-03 -6.176261873407314085e-03
5.677488306123475159e-03 -6.200924546215948359e-03
5.614733747641116775e-03 -6.217074868703467184e-03
5.544708303538595055e-03 -6.225075683298188917e-03
5.467831620494854536e-03 -6.225283751913056850e-03
5.384512228261514877e-03 -6.218049191091526949e-03
5.295147232544154120e-03 -6.203714993843460583e-03
5.200122085750898300e-03 -6.182616630235449051e-03
5.099810427600461743e-03 -6.155081719322640262e-03
4.994573988201557457e-03 -6.121429765531860405e-03
4.884762546820769179e-03 -6.081971953180578989e-03
4.770713940085068161e-03 -6.037010993175442701e-03
4.652754113908742079e-03 -5.986841016486402212e-03
4.531197213916318516e-03 -5.931747509355935269e-03
4.406345709598247229e-03 -5.872007285620784237e-03
4.278490547868687294e-03 -5.807888491905592414e-03
4.147911332095252125e-03 -5.739650641745004146e-03
4.014876523062640631e-03 -5.667544675085541342e-03
3.879643658674734007e-03 -5.591813039859372912e-03
3.742459589543185167e-03 -5.512689792613395361e-03
3.603560727924419969e-03 -5.430400715487690086e-03
3.463173307764220738e-03 -5.345163446970229056e-03
3.321513653886078860e-03 -5.257187624190320062e-03
3.178788458636208104e-03 -5.166675034631341111e-03
3.035195064553159773e-03 -5.073819775390678993e-03
2.890921751900819240e-03 -4.978808418209708549e-03
2.746148030122358072e-03 -4.881820178783559394e-03
2.601044932569342334e-03 -4.783027088889434467e-03
2.455775314095184642e-03 -4.682594170082840165e-03
2.310494151406372858e-03 -4.580679607832651226e-03
2.165348846348984051e-03 -4.477434925162719626e-03
2.020479532684403036e-03 -4.373005154907896527e-03
1.876019387251439720e-03 -4.267529010077578469e-03
1.732094946936976092e-03 -4.161139051831764038e-03
1.588826433386535206e-03 -4.053961855008090392e-03
1.446328088089663582e-03 -3.946118171551700991e-03
1.304708521258738990e-03 -3.837723092723990728e-03
1.164071078987928207e-03 -3.728886211988203733e-03
1.024514234360479614e-03 -3.619711791579354864e-03
8.861320096732550142e-04 -3.510298938027111952e-03
7.490144385212435096e-04 -3.400741794837194854e-03
6.132480781665353587e-04 -3.291129765353834839e-03
4.789165833959652379e-04 -3.181547786381763374e-03
3.461013526582948450e-04 -3.072076683706586112e-03
2.148822514277167611e-04 -2.962793657304621346e-03
8.533840334709087705e-05 -2.853772965510419958e-03
-4.245099501081319240e-05 -2.745086902845104114e-03
-1.684059450875112322e-04 -2.636807182824457522e-03
-2.924452211385487801e-04 -2.529006814252000336e-03
-4.144865988968916490e-04 -2.421762438177349052e-03
-5.344481426498501331e-04 -2.315156816039989560e-03
-6.522507443629873159e-04 -2.209280792097802811e-03
-7.678215368228429255e-04 -2.104233913007433603e-03
-8.810972078922649914e-04 -2.000123326175569545e-03
-9.920262345496479520e-04 -1.897061397092522075e-03
-1.100569682447228963e-03 -1.795162964350009455e-03
-1.206700867317195064e-03 -1.694542983725676709e-03
-1.310404405092426006e-03 -1.595314864251760672e-03
-1.411675077333365228e-03 -1.497589460784088528e-03
-1.510516752200811129e-03 -1.401474560701052204e-03
-1.606941459348286807e-03 -1.307074697553465160e-03
-1.700968639699615079e-03 -1.214491165152240676e-03
-1.792624556072762746e-03 -1.123822146640287385e-03
-1.881941841319689952e-03 -1.035162905880843490e-03
-1.968959159525918243e-03 -9.486060092066413672e-04
-2.053720959019791296e-03 -8.642415596610400269e-04
-2.136277301269169562e-03 -7.821574334239553760e-04
-2.216683752265391581e-03 -7.024395133361238403e-04
-2.295001327260176496e-03 -6.251719172244186995e-04
-2.371296481855849226e-03 -5.504372205074110251e-04
-2.445641144064509154e-03 -4.783166730558720010e-04
-2.518112784545604999e-03 -4.088904114263416413e-04
-2.588794523116666468e-03 -3.422376676784084481e-04
-2.657775269146689552e-03 -2.784369760301030547e-04
-2.725149897166751975e-03 -2.175663788788503687e-04
-2.791019457578724529e-03 -1.597036338359155826e-04
-2.855491423015447255e-03 -1.049264234849241889e-04
-2.918679973584558870e-03 -5.331256942945087826e-05
-2.980706322197767232e-03 -4.940252715400408196e-06
-3.041699084018735684e-03 4.011175750549323717e-05
-3.101794693065298893e-03 8.176386472872948161e-05
-3.161137871286258047e-03 1.199353930962320479e-04
-3.219882155388474956e-03 1.545443203776405983e-04
-3.278190487254731625e-03 1.855069924224963911e-04
-3.336235876507462859e-03 2.127378167478652556e-04
-3.394202142485640283e-03 2.361489312574505377e-04
-3.452284747684966366e-03 2.556498448050535405e-04
-3.510691733425117325e-03 2.711470453928754507e-04
-3.569644771441250579e-03 2.825435703942050757e-04
-3.629380349131434459e-03 2.897385354592876914e-04
-3.690151105586034729e-03 2.926266140448783529e-04
-3.752227343141878967e-03 2.910974631829684692e-04
-3.815898738692676765e-03 2.850350870564006059e-04
-3.881476287196797617e-03 2.743171314466812810e-04
-3.949294513318648767e-03 2.588140993364167024e-04
-4.019713994978421114e-03 2.383884801700029022e-04
-4.093124249899195155e-03 2.128937799971981470e-04
-4.169947046550256942e-03 1.821734442941404242e-04
-4.250640211722083416e-03 1.460596600002853594e-04
-4.335702022539709120e-03 1.043720258976591625e-04
-4.425676286218186220e-03 5.691607889492765471e-05
-4.521158233676403695e-03 3.481665853202059457e-06
-4.622801376094774414e-03 -5.615885063405337552e-05
-4.731325507605266614e-03 -1.222525590872255118e-04
-4.847526074556113458e-03 -1.950681416416429233e-04
-4.972285175665829005e-03 -2.748981916834264926e-04
-5.106584524589625161e-03 -3.620616876961533885e-04
-5.251520765483963515e-03 -4.569065990016082761e-04
-5.408323634516525730e-03 -5.598125718172804015e-04
-5.578377563107118908e-03 -6.711936101688044214e-04
-5.763247459969840850e-03 -7.915006240719448319e-04
-5.964709583293191855e-03 -9.212236473426838913e-04
-6.184788631591907337e-03 -1.060893436509286001e-03
-6.425802454040734253e-03 -1.211082032442939872e-03
-6.690416124204913093e-03 -1.372401665491926846e-03
-6.981707560157065021e-03 -1.545501131468003490e-03
-7.303247401445160658e-03 -1.731058381821780519e-03
-7.659196562280652654e-03 -1.929767527756547866e-03
-8.054425719049376070e-03 -2.142317717740165831e-03
-8.494662081605213952e-03 -2.369360211015252189e-03
-8.986670135531053816e-03 -2.611458489120225320e-03
-9.538474692917247796e-03 -2.869013951761588063e-03
-1.015963660451253865e-02 -3.142156623715989996e-03
-1.086159387846758612e-02 -3.430585662034000855e-03
-1.165808367443588178e-02 -3.733337928056188523e-03
-1.256566363707728798e-02 -4.048453314500918832e-03
-1.360435376161543003e-02 -4.372491847210168391e-03
-1.479842196437824650e-02 -4.699837778232204485e-03
-1.617733592504390014e-02 -5.021697321697392996e-03
-1.777689806073039919e-02 -5.324655874014382756e-03
-1.964056423501302565e-02 -5.588602196075187142e-03
-2.182091100775095452e-02 -5.783745005587040237e-03
-2.438114474541969862e-02 -5.866334095404424770e-03
-2.739641107697180639e-02 -5.772546326170730976e-03
-3.095441909786379731e-02 -5.409803472578881764e-03
-3.515446578761256130e-02 -4.644566215310980128e-03
-4.010321414159088299e-02 -3.285443060676591226e-03
-4.590436808453313838e-02 -1.060390425056987468e-03
-5.263746458314755294e-02 2.412849053053466031e-03
-6.031811910365841856e-02 7.662520948612333571e-03
-6.882812127940637903e-02 1.540071179189116818e-02
-7.779930955619000776e-02 2.655137410412028789e-02
-8.643238260968974518e-02 4.224157107671974026e-02
-9.323675008743037562e-02 6.370302008620548628e-02
-9.570338974708569868e-02 9.199267361818372346e-02
-8.999305033244985041e-02 1.273994573610366665e-01
-7.086783837252945417e-02 1.683971892260884562e-01
-3.232621096119686621e-02 2.101253938610632144e-01
3.037014849604401101e-02 2.427927838940249217e-01
1.167015050496396089e-01 2.512407620984029588e-01
2.154746264992431770e-01 2.179306812478536137e-01
3.012236432650391427e-01 1.315595479539716783e-01
3.387308518053790962e-01 0.000000000000000000e+00
3.005392042195187408e-01 -1.414413043790084534e-01
1.907485064855559131e-01 -2.405100895250876225e-01
5.285474078970503475e-02 -2.598241647586940761e-01
-5.557887843820320806e-02 -2.054993095634320699e-01
-1.031203673952183486e-01 -1.206394507192127957e-01
-9.889862779811919857e-02 -4.889838871853945113e-02
-7.176167117142689955e-02 -7.844932834004537947e-03
-4.436495515561848790e-02 7.873770081294050038e-03
-2.523182707034560962e-02 1.029161937559669449e-02
-1.405247033975425344e-02 8.111729198128241058e-03
-8.044557352417776308e-03 5.337631826852559311e-03
-4.867815709597379283e-03 3.176319471854989907e-03
-3.130914340495115876e-03 1.729440318204782459e-03
-2.121674990600042575e-03 8.143838949852005458e-04
-1.499498392057267444e-03 2.434022076986661932e-04
-1.105716948448467411e-03 -1.155017066655365300e-04
-8.665084978570120099e-04 -3.413462125791949910e-04
-7.454437168175348386e-04 -4.743112298453826823e-04
-7.195462412088265113e-04 -5.289841518576918157e-04
-7.670478114247858458e-04 -5.056503502803975274e-04
-8.622628035983427412e-04 -3.998960885881610661e-04
-9.754500588399137289e-04 -2.100237838459606239e-04
-1.075804071826334026e-03 5.850071809049490253e-05
-1.135605432383786795e-03 3.918262357452304240e-04
-1.133840072250077557e-03 7.691718836607792324e-04
-1.058279355457389078e-03 1.165866338578091773e-03
-9.057806107301291394e-04 1.556793898864806481e-03
-6.811349132948273663e-04 1.919350819706282674e-03
-3.950493346369476737e-04 2.235439139611947526e-03
-6.185220704816142903e-05 2.492407139063653257e-03
3.026361402577229780e-04 2.683095892646458844e-03
6.828130459831649717e-04 2.805262483763546789e-03
1.064493675198410977e-03 2.860657848087803067e-03
1.435624855058941114e-03 2.853987487953351873e-03
1.786596919877662427e-03 2.791913388131311846e-03
2.110259212823423127e-03 2.682189093958489180e-03
2.401740568299791639e-03 2.532967667444453990e-03
2.658159453539296613e-03 2.352286670994135128e-03
2.878287337296685146e-03 2.147713433181215169e-03
3.062208925469540703e-03 1.926123990567139236e-03
3.211006260012147420e-03 1.693586583619908006e-03
3.326481144884476868e-03 1.455322326637392043e-03
3.410921549163893965e-03 1.215719564904615361e-03
3.466911972452294509e-03 9.783830599352472904e-04
3.497184427560841736e-03 7.462035052853335099e-04
3.504505039649161331e-03 5.214368640365498950e-04
3.491590663629202951e-03 3.057861615329544955e-04
3.461050039993021285e-03 1.004809043390539596e-04
3.415344482661392470e-03 -9.364885175240102687e-05
3.356763721311337070e-03 -2.761053922146609364e-04
3.287413234873906662e-03 -4.466638612462673665e-04
3.209210055739224535e-03 -6.053204592579080820e-04
3.123884645814752319e-03 -7.522479661636477261e-04
3.032986953258345192e-03 -8.877580102320578159e-04
2.937895186300716437e-03 -1.012269403311115510e-03
2.839826212065695455e-03 -1.126281803234085825e-03
2.739846755917351058e-03 -1.230354005877933900e-03
2.638884802972050591e-03 -1.325086186768251531e-03
2.537740791215551978e-03 -1.411105484326617178e-03
2.437098292866155761e-03 -1.489054375015832696e-03
2.337534004245214476e-03 -1.559581355453948815e-03
2.239526918613206699e-03 -1.623333511111697044e-03
2.143466628214015218e-03 -1.680950595770129693e-03
2.049660713847819855e-03 -1.733060301981092935e-03
1.958341247245917478e-03 -1.780274436549062183e-03
1.869670404041843528e-03 -1.823185749477209848e-03
1.783745242453030734e-03 -1.862365181119738722e-03
1.700601697816315951e-03 -1.898359310511274316e-03
1.620217858225924106e-03 -1.931687787569579071e-03
1.542516627132691333e-03 -1.962840535172273668e-03
1.467367916073709748e-03 -1.992274492862764097e-03
1.394590570916400115e-03 -2.020409672554494222e-03
1.323954352644835224e-03 -2.047624315565818760e-03
1.255182409507968853e-03 -2.074248979296582519e-03
1.187954865047737615e-03 -2.100559545503768132e-03
1.121914276943472176e-03 -2.126769416552057312e-03
1.056673733181321805e-03 -2.153021621359706064e-03
9.918280474921050208e-04 -2.179382112404260052e-03
9.269677612437348269e-04 -2.205835942769328057e-03
8.616945671308641691e-04 -2.232287852279448304e-03
7.956358773086382201e-04 -2.258567809363693207e-03
7.284562322247567241e-04 -2.284440578523281359e-03
6.598642550936453409e-04 -2.309617238073425911e-03
5.896152773357617085e-04 -2.333766414379546874e-03
5.175107869139836244e-04 -2.356523706986801692e-03
4.433961366209098788e-04 -2.377498735855966463e-03
3.671576998329984182e-04 -2.396279958435660121e-03
2.887202372101594066e-04 -2.412437746016473337e-03
2.080448549041298036e-04 -2.425526273422277772e-03
1.251276863769156412e-04 -2.435084706811890386e-03
3.999928768415382356e-05 -2.440638065494306341e-03
-4.727533126195043039e-05 -2.441698033696268824e-03
-1.365961338517936944e-04 -2.437763924216805860e-03
-2.278270479111872780e-04 -2.428323940451717830e-03
-3.207946119624426398e-04 -2.412856852620034152e-03
-4.152863675952636439e-04 -2.390834180616229973e-03
-5.110490787200701410e-04 -2.361722966210826752e-03
-6.077868572128119345e-04 -2.324989209294446319e-03
-7.051592728481608559e-04 -2.280102041004527028e-03
-8.027795269888876335e-04 -2.226538703888032190e-03
-9.002127736869447580e-04 -2.163790408342378645e-03
-9.969746770572881361e-04 -2.091369132994343009e-03
-1.092530301429707343e-03 -2.008815433164554305e-03
-1.186293439025632411e-03 -1.915707315997602651e-03
-1.277626488967529249e-03 -1.811670234032946919e-03
-1.365841011268539504e-03 -1.696388237196354417e-03
-1.450199089237919677e-03 -1.569616308314557068e-03
-1.529915642979493614e-03 -1.431193887911255680e-03
-1.604161845048322332e-03 -1.281059568011355156e-03
-1.672069795821389676e-03 -1.119266903829903336e-03
-1.732738620536863373e-03 -9.460012530978002300e-04
-1.785242150519946586e-03 -7.615975062289482254e-04
-1.828638347623918201e-03 -5.665585146075548034e-04
-1.861980621642064706e-03 -3.615739593289271853e-04
-1.884331174158085679e-03 -1.475393271064542530e-04
-1.894776477606774801e-03 7.442542607956391734e-05
-1.892444963724409374e-03 3.029580398856572586e-04
-1.876526949097868545e-03 5.364375669959803999e-04
-1.846296765826821538e-03 7.729701837555886471e-04
-1.801136990755294268e-03 1.010378060138540776e-03
-1.740564575619591922e-03 1.246192286132185136e-03
-1.664258572187926871e-03 1.477650984294774867e-03
-1.572089019904508852e-03 1.701703868418033387e-03
-1.464146419235073677e-03 1.915024628862657891e-03
-1.340771052637471572e-03 2.114032627749380753e-03
-1.202581239436003886e-03 2.294925461540241966e-03
-1.050499424828277035e-03 2.453723981318221229e-03
-8.857748125599963730e-04 2.586331337050515843e-03
-7.100010643027032794e-04 2.688607512992715123e-03
-5.251274171322662439e-04 2.756460626524633462e-03
-3.334614281679073363e-04 2.785955949223518913e-03
-1.376614598984575010e-04 2.773443151827565713e-03
5.928300843952060209e-05 2.715701648787231023e-03
2.540850946030021127e-04 2.610103098036884936e-03
4.432099219968924260e-04 2.454789075236172083e-03
6.229410657548275923e-04 2.248860671794578395e-03
7.894648775864302045e-04 1.992575254138847455e-03
9.389728303315131221e-04 1.687543872962030686e-03
1.067781103967000442e-03 1.336920848811564561e-03
1.172465487247646666e-03 9.455749327981340059e-04
1.250008298804484563e-03 5.202292287151218022e-04
1.297952465059378164e-03 6.955488542598978891e-05
1.314556184787013960e-03 -3.957984069449031164e-04
1.298939851253825932e-03 -8.632536359306291433e-04
1.251215223574217049e-03 -1.318458769376784070e-03
1.172585416414900251e-03 -1.745559318122210475e-03
1.065403335923567531e-03 -2.127608705937661208e-03
9.331759981760954451e-04 -2.447130490902929469e-03
7.805030252186412939e-04 -2.686840649531820925e-03
6.129398351632263982e-04 -2.830529536568936883e-03
4.367799153744804114e-04 -2.864091410866478893e-03
2.587563083151565684e-04 -2.776674367498833257e-03
8.567012665167128560e-05 -2.561905190364462646e-03
-7.603659038218414136e-05 -2.219122471703013910e-03
-2.207355094821766145e-04 -1.754528295182832594e-03
-3.440545753477209593e-04 -1.182145500415913682e-03
-4.432583788598772577e-04 -5.244465681194850765e-04
-5.175081562713644123e-04 1.874948599370784049e-04
-5.679399679529614341e-04 9.144825729165266016e-04
-5.975031441625561213e-04 1.610442705065555109e-03
-6.105114542790004810e-04 2.224509498283445269e-03
-6.118573892298178035e-04 2.703759766022570052e-03
-6.066191909857565883e-04 3.000733260703596951e-03
-5.984468971439560036e-04 3.076905363371084529e-03
