-8.155764549941095509e-03 -5.099071639641652304e-03
-2.529496992308433775e-03 -3.562928900361775515e-03
2.254295225666671457e-03 -1.476609418219979953e-03
8.501788120735230547e-03 -2.604523301855251813e-03
3.693039709390879416e-02 -1.046808484988432340e-02
1.754602294469839729e-01 -3.238098719617262672e-02
9.687215674053190062e-01 0.000000000000000000e+00
1.601580581043512974e-01 2.765099529239282289e-02
3.753105893431884360e-02 1.031550466627859791e-02
1.044276153149726119e-02 2.987712043809754008e-03
3.206535667208034856e-03 4.667864083091493622e-04
1.129069383030064928e-06 -7.134712148909738033e-05
-9.149412947174827932e-04 9.157236253595906232e-04
5.492785869019322677e-04 1.695106347286046969e-03
1.790732920821226735e-03 1.468215768419321807e-04
-1.362123514921034654e-04 -1.300893840439116536e-03
-1.006312115563554261e-03 5.205192833519684025e-04
1.105698724440828951e-03 5.257124894264999897e-04
-4.807831435569439281e-04 -7.344222794550407966e-04
1.182648860085203129e-04 4.312433071190555469e-04
-9.645468799527362100e-05 -2.607991549361451662e-04
3.010552011305940963e-05 2.101767577373132043e-04
7.794004247737528455e-05 -7.554340535128197768e-05
-2.202822717850650238e-05 1.901825008762753408e-05
-1.184317129503835123e-05 -6.315832961262645624e-06
2.254421903630878427e-05 -1.408066893829137204e-05
-2.690069242321384526e-06 1.243504531914167909e-05
1.925938882511981303e-05 -1.027700046369037898e-05
-6.419956046158513276e-06 -4.587023790089495370e-06
-1.233439709330150218e-06 5.538343559516855395e-06
-2.378204130301361512e-06 -6.514973065138452094e-06
1.995798822578192928e-06 3.146661692404355990e-06
-8.830412607389596058e-07 -2.788862086162261016e-06
6.918619922990926035e-07 8.865298477953443091e-07
1.980465825966326892e-07 -2.165469840581163946e-07
2.207926541635868108e-07 1.306625748601126712e-07
2.508521839155541315e-07 4.789502657248079119e-08
1.370332515621203832e-07 1.691505650483524728e-08
1.399823127071634646e-07 6.344642803824969371e-10
1.604356967849428949e-07 2.766810558042008953e-08
1.028437993218679173e-07 -2.625740054242321677e-08
9.968524750815138856e-08 1.662192932516163698e-08
5.863801821927311096e-08 2.499516299888420167e-08
6.257665553028345228e-08 -2.331517749421610434e-08
4.639716126900494881e-08 1.562418387842664212e-08
4.576328156607426052e-08 1.139555604853905167e-08
6.417751165935403765e-08 6.074572776024500100e-09
3.229519885293342766e-08 -5.479352279098296130e-09
2.686592029829649091e-08 -4.379697217936386313e-09
2.024397370920848134e-08 1.776882195795683277e-08
2.058531694019868695e-08 -1.721513277213682137e-09
3.347085971818146860e-08 -6.397399296576072010e-10
1.850728697887155099e-08 8.344828691708271662e-09
7.593214304475860449e-09 2.444596135093368698e-09
1.873720795030064731e-08 -6.319806409586356599e-09
1.716251324023471671e-08 5.787717761976504539e-09
1.440090270027352196e-08 -4.907641420525135963e-09
3.650876673034377210e-09 -2.711325313698051940e-09
4.392138638260081245e-09 5.111082648340720474e-09
1.249250474385005100e-08 1.113160397302727425e-09
1.358202418176988384e-08 5.505887086885688529e-09
-8.145363800641415344e-09 -9.706651647379903224e-09
1.961547406502149439e-08 3.635823060659271578e-09
-5.700001340683649408e-09 2.264353929750984178e-09
1.750822141360533911e-08 2.105529352421224723e-09
-3.889322676778371306e-09 -2.969351190111759974e-09
7.982812806368820181e-09 3.788738365652192978e-09
1.583801231552239316e-09 -2.413117737948818625e-09
2.761333807682212866e-09 2.198531688682155015e-09
4.003049680326004253e-09 -7.087653792056145340e-10
6.996058741798849106e-10 5.248122826239620662e-10
3.964031391151170920e-09 3.405868915962559857e-10
9.425653303213163064e-10 -2.497477172313956442e-10
2.218171339556363367e-09 6.268808724162020745e-10
2.102069502893583875e-09 -1.425999290129678737e-10
6.598539231644948661e-10 3.455891030241944624e-10
2.153619337877824101e-09 -1.180099016218164843e-11
1.096148982403841237e-09 1.485636310104639488e-10
9.760137615197367766e-10 1.603855796335621512e-10
1.564556666711441603e-09 -1.651415884406723774e-10
5.782279580108292421e-10 4.584450988558280533e-10
9.396888781942428680e-10 2.510121947537258958e-11
1.226429705320186004e-09 -3.417573197116014325e-10
4.990129518445052593e-10 5.481388058292577488e-10
6.576852687470647205e-10 -2.185691013673510319e-10
1.115570165259696162e-09 1.921616851596364963e-11
3.172315978345317252e-10 4.162558240388550891e-10
5.281779029384781478e-10 -4.734290222625309492e-10
9.611845763535838729e-10 5.150517436578095135e-11
2.568913899899878240e-10 7.512209750562270000e-10
3.378345597783169468e-10 -5.260441711187420717e-10
1.173532107086395124e-09 -3.061049508202194573e-10
1.698090202485511620e-10 8.440100106933052637e-10
4.846804502302788511e-11 -2.192708386932183133e-10
1.037028015113197220e-09 -6.045596240185645892e-10
1.484853751646027848e-10 4.762976234989750721e-10
-7.909915913259211759e-11 3.971448895387026239e-10
8.910675224349441900e-10 2.256887654573761065e-10
4.945344603188469646e-10 -3.986936632103107708e-10
-1.701248799977241959e-10 7.276226193553263502e-11
4.622684897725843629e-10 3.975941473941694658e-10
7.437370464638694162e-10 -1.692245758694786186e-10
4.220057775055627191e-11 -2.400827008227002866e-10
1.399534823680606042e-11 2.779952976695209077e-10
6.737761657370882376e-10 1.555955494734148197e-10
4.260878262067261846e-10 -2.532158987942630404e-10
-8.072950928004440969e-11 -3.038302282710813960e-11
2.259209074827988994e-10 2.452833386737867466e-10
6.225897426836964016e-10 -3.646999077665681997e-12
2.273043671454554975e-10 -1.951697051592560372e-10
-4.467707634026171414e-11 8.844412795137264839e-11
3.298758942245388725e-10 1.471203663151049123e-10
5.271021937921423148e-10 -6.778280015717081581e-11
1.475452981039604571e-10 -8.116168227003469657e-11
-8.866250821085549284e-12 8.229908077650847329e-11
3.798991889192198856e-10 7.097177469760436388e-11
4.840386515586516711e-10 -4.147756269222650594e-11
5.987199577356526344e-11 -4.083767564977834673e-11
1.264545526345306010e-11 3.871408607850324120e-11
3.707119185072972430e-10 1.895136210350723705e-11
4.270147582494948634e-10 -2.560143100661392905e-11
1.030762439919346507e-10 2.194366357640183513e-11
2.250572309154993456e-11 2.511957075264791722e-11
3.135063382447638072e-10 -2.107429975584355305e-11
3.764838402866034727e-10 -3.983745018094763596e-11
1.385660412533401426e-10 3.558609008737934829e-11
4.610618069835886573e-11 3.407020023041492472e-11
2.232769070929765047e-10 -3.468299762302453536e-11
3.572356487546427346e-10 -3.145787720433798357e-11
1.716379277984193490e-10 3.582578008343141491e-12
5.034417045090588495e-11 1.227813039147544348e-11
1.788271994977850754e-10 -1.840845378786223942e-11
3.230762589277431137e-10 -2.543183108031944434e-11
2.114421458096599316e-10 1.360592523059392000e-11
7.326502401082843343e-11 3.454426291229349983e-11
1.584052463086065667e-10 3.642536328170521336e-12
2.988055231161666673e-10 -1.867999411127545423e-11
2.290571326487402356e-10 5.402091667608929801e-12
5.344262016449792393e-11 1.510779027069828110e-11
8.865371900837197923e-11 -2.395813335209322309e-11
2.879612867375871674e-10 -1.094777188696445567e-11
3.069724686468373292e-10 4.421004785706884822e-11
8.240654351126110879e-11 2.213344698143468225e-11
8.364328997040558191e-12 -3.376771713424320352e-11
1.923783007240872445e-10 -4.426500415431956228e-11
3.054263239842439378e-10 -1.763515885794833195e-12
1.720008660814753739e-10 3.593088753013273968e-11
3.475825928628439363e-11 2.031840667945855778e-11
1.386195059510865043e-10 -3.480798863773003034e-11
2.297053355897728777e-10 -7.045786395728135861e-11
2.016303506253267919e-10 6.593500831423374715e-12
7.718023202059015733e-11 8.359002288016357817e-11
7.077442966190828069e-11 1.892177992262244718e-11
1.835637866006567222e-10 -8.170779855548015439e-11
2.134232416219802393e-10 -5.732470299789591384e-11
1.099881671388935200e-10 5.619259865990179250e-11
4.328145479670297224e-11 7.462277819468691976e-11
1.326164859336686490e-10 -3.477378002866148277e-11
2.252203768963642761e-10 -8.931509714859497248e-11
1.643281962269630655e-10 -1.504664093837301071e-11
4.123563258844438736e-11 8.329048338219746276e-11
2.788501347511294058e-11 1.750556484571660994e-11
1.692703833944876772e-10 -8.547720266307539666e-11
2.159392603518916981e-10 -5.497955529739777921e-11
9.161528261593759911e-11 6.866911861641685543e-11
-7.609994612329925331e-13 6.917372538945012928e-11
1.000397009945623341e-10 -5.048179838962217337e-11
2.207726828865685756e-10 -9.357060674254029401e-11
1.590439919555119566e-10 7.893134205812990261e-12
6.741103238475657790e-12 9.343077502289154712e-11
6.604856968962454814e-12 1.671029225075356029e-11
1.739254477622860213e-10 -9.325225449802046024e-11
2.112352270052181169e-10 -4.841036755940232740e-11
8.125007856493312940e-11 7.259788472731779192e-11
-8.651764863223275199e-12 6.574203513254650611e-11
8.674427236003890469e-11 -5.370408877628926289e-11
1.802837078531746059e-10 -8.840982742613588827e-11
1.184180318353594358e-10 -6.945798059796502180e-14
2.377099438799794009e-11 9.030115726080486756e-11
4.673420298445879438e-11 3.185713858692453927e-11
1.274419384827532512e-10 -9.273323661217029547e-11
1.035486329637025390e-10 -8.144329595388720908e-11
4.760113269952393846e-11 4.579346374996500192e-11
6.538989309884559145e-11 9.821904761672863316e-11
1.339453130782629592e-10 -2.364168542832498312e-11
1.047661040310334033e-10 -9.579799602244655531e-11
2.329009619094130451e-11 -5.151278588447450402e-12
3.402890570870016551e-11 8.306322861877064547e-11
1.201246620074607143e-10 2.465246852194518910e-11
9.155396349619049742e-11 -9.840664247663316536e-11
6.997117026470226980e-12 -8.566608883383377183e-11
6.824525913161987419e-11 8.228832240089926999e-11
6.224630155046846607e-11 6.307253127887855616e-11
7.631550792381328525e-11 -6.710350515619447967e-11
5.819462489087683022e-11 -1.036255168454844956e-10
5.279567758576500410e-11 4.800335234999143776e-11
2.424150528804987505e-11 8.900400455315489534e-11
4.458906284127489715e-11 -4.453129849775384621e-11
7.520407357938065755e-11 -1.186832510843489449e-10
4.055742439726782201e-11 -1.776539321152951189e-11
4.954914217265401833e-11 1.122984324315803235e-10
6.022028645757851451e-11 2.422938459721522228e-11
2.005029407192266569e-11 -1.254562035439430731e-10
1.312082269710581355e-11 -8.586017494213414619e-11
6.503153840320205823e-11 9.143624719718868600e-11
8.208943938556745980e-11 8.475829588791702553e-11
2.633858845412196768e-11 -7.785838334288269446e-11
-1.079526469718924762e-11 -9.426751174338868248e-11
6.690455231443453819e-11 6.226438020128419973e-11
8.519358346597804462e-11 9.560395448966111127e-11
4.803787927173777825e-12 -6.476566440997352771e-11
-2.579490240312839874e-12 -9.602420072182771301e-11
4.908873854744724215e-11 3.397309486878322452e-11
9.189597822006981751e-11 1.011168364973676931e-10
1.566655756560724465e-11 -6.188869098652414808e-11
-3.405626819989898785e-11 -1.139449984368718468e-10
8.067790254616550616e-11 7.123292252134137572e-11
8.176506750582401557e-11 9.913694275153986842e-11
-9.048584669954752485e-12 -7.616849205564251630e-11
1.802799877937820279e-11 -6.921703812925803802e-11
5.044174764194246099e-11 4.333665600282153665e-11
1.938121834660147912e-11 2.009092543342092369e-11
-1.969338617553395738e-11 -6.820719452375178898e-11
3.650698142412662978e-11 -3.966334742879899291e-11
5.447359643884636166e-11 7.227540288450794155e-11
-1.478863175868524292e-11 -1.055060076816301008e-11
-5.655742487362623105e-13 -8.934791465767373209e-11
8.231707951404621563e-11 3.237717767074678819e-11
-5.836223104625239321e-11 1.115302642552223505e-12
7.579125683628745632e-12 -4.791022749609557633e-11
1.132699077368207901e-10 2.290691568939235683e-11
-1.943202079347308724e-12 6.837298654155806516e-11
-3.792878278731440364e-11 -6.466937938109527027e-11
7.749522607971540945e-11 -6.794510713147571330e-11
7.871922407910660218e-12 7.970299671542714589e-11
-2.695891128076201313e-11 1.224100613466767295e-11
3.685124467500669769e-11 -1.061070773761079305e-10
1.948665204710587270e-11 3.287757363218631060e-11
-2.873297774292539779e-11 4.065812163590943525e-11
2.758870534595304392e-11 -9.732290617811729594e-11
-1.660905510838479899e-11 8.687042872685549608e-12
-1.841183542415486680e-11 6.772278332597071891e-11
4.990283244298318390e-11 -9.868048620564057523e-11
1.620107287859846124e-11 1.652829649427375715e-11
-3.414606839154588942e-11 7.152497503161017556e-11
8.258147174274135978e-11 -9.780769606119445726e-11
-1.013722867562542138e-10 -6.180937948594337556e-12
8.450326906852620012e-11 5.918775664412253309e-11
-6.737064685595918938e-11 -1.203439265898110798e-10
3.372360996981211860e-11 6.486714967751833980e-11
1.052337365015532770e-11 -2.560812875875459197e-11
-3.819160430820569450e-11 -8.045731396272238160e-11
5.108598124253896649e-11 8.836563253734465526e-11
-9.014986027458820410e-11 -9.356177333955698916e-11
7.832510940824294863e-11 2.152833977568010826e-11
-2.354377393860863670e-11 2.625543495068805732e-11
-1.830456218587359142e-11 -8.917999674459255455e-11
4.888589507498338684e-11 8.511976198058116361e-11
-7.706481024225515923e-11 -8.012629222084050284e-11
3.068452624164255945e-11 -3.756711656531114586e-12
9.159109606215122009e-12 1.950552391910832785e-11
-2.037217650371840560e-11 -3.434183589779619482e-11
6.181117386614434418e-12 6.010733723415167492e-13
-6.880282989448774868e-13 -1.553944841798620582e-11
-1.534785710245378397e-11 -2.368898880556489527e-11
3.625720462946990842e-12 8.716912484277349655e-12
-9.729802572960902727e-12 -1.532657680138584265e-11
5.201956038877233823e-12 1.573019392127958544e-12
-1.106367960162757776e-11 -6.194654885991674178e-12
-1.675521796142016802e-11 -2.496034351238379027e-11
-1.123062194843063317e-11 -1.320900650328264251e-11
-1.439093422311515949e-11 -6.739302890893294621e-12
9.449544342962041425e-13 -7.755366148732759000e-12
-2.392848111219109820e-11 -1.781712528381449652e-11
-1.381615036012064492e-11 -1.790012254816586162e-11
-4.255285590225265368e-11 -2.930135396851002050e-11
-1.790093155010529329e-12 -1.356349297510839024e-11
-1.211196294049039049e-11 -1.524041152369397689e-11
7.217142245099431639e-12 1.178179869509758950e-11
-6.974648057284445762e-12 -2.160207334242676545e-11
-1.898306801834287131e-11 -1.330982566341757227e-11
6.616199429659231006e-12 -2.296953816189405672e-12
-1.517643606553177210e-11 -2.248875487509712977e-11
-9.890159492299118993e-12 6.475657106268741660e-12
6.018948178102143859e-12 -1.690651385458383007e-12
-1.177139111735138665e-11 -9.084410862873015395e-12
-7.249528665431770978e-12 -6.389101084998981583e-12
-6.796634320164525860e-12 -7.624108355273329892e-12
-1.255314675170804095e-11 -1.398350375694970462e-11
-6.339385838695173124e-12 -6.585315580481099399e-12
-1.536633675143097185e-11 -2.167516592366278508e-11
-2.585821408115963342e-12 -1.398504253112286702e-11
-3.940129397779973404e-12 -1.185535079381407158e-11
-1.586845158313572320e-11 -1.329151937334045187e-11
-1.038330921561131634e-11 -8.943584532634502977e-12
-5.134431206671243801e-12 -1.405563307060537330e-11
-1.863977779463660363e-11 -1.353647856002810491e-11
-1.133697640402479183e-11 -1.790986110211146254e-11
-4.303009208144265418e-12 -4.400416962947343363e-12
4.430017374661359042e-13 -1.572175488306065304e-11
6.488991612706535772e-12 -7.529319995186051648e-12
-2.454066008183503925e-11 -1.960321180797991301e-11
-1.011551277801030893e-11 -1.478911219724337480e-11
-1.847094936586182701e-11 -1.721105107881872905e-11
-5.664343239967007133e-13 -3.407685887210770363e-12
-5.335036797563392109e-12 -1.158571871124208013e-11
-5.548294816030112344e-12 -9.851474886234008777e-12
-2.437233288004889948e-12 -1.529582738532719239e-11
-7.566222643296125994e-12 -1.553448226324127253e-11
-1.175992380500276856e-11 -1.859889160925109007e-11
-2.502234840887106191e-12 -5.099349341894033595e-12
-3.560662414731213958e-12 -3.720258947090252793e-12
-2.412326710067930875e-12 -8.957329299415886251e-12
-1.187827678712245295e-12 -4.164160239867478594e-12
-1.331518786329062504e-12 -7.367088035124644992e-12
-2.265858120342945614e-12 -6.894208501383798349e-12
-5.807314558096478189e-13 -3.437678092507198550e-12
1.005141020913011546e-12 -5.499002883958056587e-12
-2.118126794547655505e-13 -1.913245417273470219e-12
6.601974203273174879e-13 -1.618488067977358377e-12
2.138350800619414117e-13 -8.511233718180147481e-13
1.395802912161351162e-12 6.929563117850393821e-13
4.745167781805634137e-15 -4.446877993455045875e-13
1.879332281494491784e-12 1.934848768520114852e-13
2.222048017958833728e-12 3.943704484121945853e-12
1.657389650451739235e-12 3.395343356513388432e-12
8.135811857464716452e-13 3.028943293221345861e-12
8.955846265909196940e-13 5.687107789730515062e-12
-1.280401134783075525e-12 4.849092664784785754e-12
3.429512336440565541e-12 1.940909425572863093e-12
-1.345121993028859628e-12 5.756191035851139976e-12
-1.718901864187402548e-12 3.195180358058847429e-12
-1.043460517846959267e-12 3.890214269446930444e-12
1.041659717954223842e-14 1.353551651278375897e-12
9.924034521056238573e-13 2.019259087322777664e-12
7.850834974747544341e-13 1.018928631258749817e-12
1.883684610171274473e-14 -1.049676966367652202e-13
1.013566658185218306e-12 -1.044094642174290506e-12
1.169524326795531755e-12 -3.726662383723939851e-12
1.863636634966856613e-13 -1.450609669856358337e-12
-4.236811460191073484e-13 -1.327052677229811566e-12
1.135350708241402799e-12 -4.250676518564404206e-12
4.648304161115427361e-13 -1.451078202609916274e-12
1.332139119949244587e-12 -2.785631825620545361e-12
8.575232402889143744e-13 -9.851501111712831436e-13
4.320951648289902053e-13 -1.201198969109167417e-12
-9.071764763216344502e-13 9.435365901653676689e-13
4.660206561085952743e-13 1.149047225584991025e-12
1.424332881538245077e-12 3.885349391761173618e-13
3.454874630867833416e-13 1.400338727799243554e-12
4.084483187598701067e-13 7.109712414737044317e-13
-1.334166929140802736e-12 8.696610944293060003e-13
-1.496968889666692578e-13 6.387679781510632146e-13
7.589474928219172664e-13 1.720751817463281938e-12
4.387502262988438064e-13 -2.073999017966945805e-12
1.166503138121050396e-12 -4.095021643326255722e-14
9.635287427783777357e-13 3.148545313662119663e-13
1.603164046073449284e-12 -1.192993556083723754e-12
-3.239094279632255585e-13 -1.200286283245570604e-12
5.840160356635846263e-13 2.178861597453359676e-12
1.776895305343716150e-12 -2.049771119810034882e-13
1.253218584586394201e-12 -1.280992091533599411e-12
2.624634493230264674e-12 1.098744589154089447e-12
3.985042475169727896e-12 4.609195720606400233e-13
4.498817406643413063e-13 1.603550019800350730e-12
1.261789667443724120e-12 -4.713947547569437128e-12
9.704067961003075624e-13 -4.702159675052116058e-13
4.299113934060387624e-12 -1.504105897216984752e-12
2.790458933846123110e-12 -1.667406143463979540e-12
2.580934158111089095e-12 -4.559004914676355075e-13
1.608239758012834453e-12 -5.052353483104623110e-12
3.531077644294813532e-12 -1.992873584206878689e-12
3.058435712545738070e-12 -2.127924910917934373e-12
1.602682250093587206e-12 4.001324866068448417e-12
5.454710521530691206e-12 -1.544133454361453342e-13
3.428548433939903777e-12 4.710348063915161544e-14
7.336896756895126878e-13 1.626965470606997294e-13
1.268499963927631823e-12 -8.361481980861870907e-14
1.163246138251482588e-12 3.140655329675412226e-13
5.637976225521200542e-13 1.584817439337475951e-12
-5.428695726061028002e-13 1.242219680122761993e-12
2.546660434889870579e-13 4.935662408803496423e-12
-3.878760862704335035e-12 3.643065223202844920e-13
-5.286387034037012365e-12 9.337518568612415956e-12
-2.908049802152779346e-12 7.814237479618253150e-13
-6.179637948271294038e-13 -3.659079928325736756e-12
-1.939918714533937911e-12 -2.015594066541619235e-12
-7.000213844250678646e-12 8.341500727762828446e-12
4.717414936419108808e-13 2.296416676037199490e-13
-2.930859985620224674e-14 -4.008430530770607859e-12
2.656069592949212405e-12 -2.639806143903008049e-12
7.235782114985782046e-12 -1.344672033367664688e-12
4.845574782893590969e-12 -4.836308996587643942e-12
-7.609660036468368180e-12 7.270024305012256305e-12
-3.902148212376021930e-12 2.010256040645828952e-12
8.726253907273116530e-13 1.683691114204616591e-12
-9.521938135112749332e-13 5.498987014005428598e-13
-2.207265598849606670e-12 2.489569039862880914e-13
-3.231715914094136933e-12 -2.364152983363024073e-12
-1.109979420762435044e-10 -8.867391912077791078e-12
