-3.147985975639079788e-03 2.059330253532454854e-03
-3.133507905237445552e-03 2.049433048999303557e-03
-3.097819850393690282e-03 2.026455227499788028e-03
-3.041122603061965652e-03 1.990522273675190794e-03
-2.963927268799087036e-03 1.941950431278718697e-03
-2.867708467134432761e-03 1.881656722575742510e-03
-2.753755451996933029e-03 1.810432150180653343e-03
-2.623340871102580740e-03 1.729050638740878536e-03
-2.477760641685398252e-03 1.638295423925269136e-03
-2.318343825104251903e-03 1.538966204006824573e-03
-2.146451976828817228e-03 1.431879542280473615e-03
-1.963474018140452457e-03 1.317866394603136627e-03
-1.770819029276520309e-03 1.197768295516168273e-03
-1.569908083853386541e-03 1.072432914799703336e-03
-1.362165713283389852e-03 9.427093556450291765e-04
-1.149011340915510361e-03 8.094434062605364646e-04
-9.318508970351721803e-04 6.734728747392496138e-04
-7.120687536935673551e-04 5.356230913084324315e-04
-4.910200746939012359e-04 3.967026347129710083e-04
-2.700236477570977294e-04 2.574993219711784603e-04
-5.035524629581473153e-05 1.187764888219569137e-04
1.667584461333288795e-04 -1.873042038767847657e-05
3.801453267196783030e-04 -1.543169411162465562e-04
5.886927665547934171e-04 -2.873123481916425815e-04
7.913519003550508564e-04 -4.170820835323364186e-04
9.871413133011534401e-04 -5.430298524991947120e-04
1.175150130923445502e-03 -6.645993922930267146e-04
1.354540522615548491e-03 -7.812759183289643078e-04
1.524549633397311857e-03 -8.925872566780401751e-04
1.684490962060723263e-03 -9.981046725299825336e-04
1.833755206860241890e-03 -1.097443406225371947e-03
1.971810602484349792e-03 -1.190262929750180365e-03
2.098202774215787367e-03 -1.276266937713443645e-03
2.212554136984465694e-03 -1.355203087756177462e-03
2.314562868448590861e-03 -1.426862506073884500e-03
2.404001486334539708e-03 -1.491079074290825417e-03
2.480715061062373564e-03 -1.547728514325937043e-03
2.544619095185354091e-03 -1.596727288138486637e-03
2.595697101400714323e-03 -1.638031329347084406e-03
2.633997910872243851e-03 -1.671634623695024847e-03
2.659632743374088296e-03 -1.697567655207169639e-03
2.672772070311215959e-03 -1.715895734636731489e-03
2.673642301040306778e-03 -1.726717226466063793e-03
2.662522322119682990e-03 -1.730161690306721966e-03
2.639739918168149471e-03 -1.726387952047563632e-03
2.605668101938273147e-03 -1.715582119537944865e-03
2.560721380026574623e-03 -1.697955556977573995e-03
2.505351979361094238e-03 -1.673742831518311869e-03
2.440046058254663648e-03 -1.643199644880811647e-03
2.365319924391926561e-03 -1.606600762052328487e-03
2.281716280655467222e-03 -1.564237948373810912e-03
2.189800518200463435e-03 -1.516417925549537991e-03
2.090157074668577784e-03 -1.463460356324845909e-03
1.983385873909033949e-03 -1.405695866788849238e-03
1.870098862051786017e-03 -1.343464114468589932e-03
1.750916653270364384e-03 -1.277111909600745897e-03
1.626465297086435863e-03 -1.206991396193197313e-03
1.497373177610566205e-03 -1.133458298733506196e-03
1.364268053697772435e-03 -1.056870239663034328e-03
1.227774247625216392e-03 -9.775851320215382320e-04
1.088509988574414260e-03 -8.959596509751170104e-04
9.470849159292344223e-04 -8.123477872754805316e-04
8.040977461982865742e-04 -7.270994850679943829e-04
6.601341062222737532e-04 -6.405593658628532146e-04
5.157645342361400712e-04 -5.530655399084920916e-04
3.715426493469578106e-04 -4.649485056722306182e-04
2.280034890464121503e-04 -3.765301376347483537e-04
8.566201348709455963e-05 -2.881227621289733512e-04
-5.498822555895817169e-05 -2.000283205199730741e-04
-1.934762538713459448e-04 -1.125376186298464429e-04
-3.293546855730922381e-04 -2.592966094253602795e-05
-4.622005796447256230e-04 5.952893220948838444e-05
-5.916161467988129011e-04 1.435844265715528875e-04
-7.172293118300715302e-04 2.259963973653361202e-04
-8.386941369706666510e-04 3.065380767536936496e-04
-9.556911121399683674e-04 3.849966281722808190e-04
-1.067927318273707068e-03 4.611733505005855297e-04
-1.175136470160175785e-03 5.348838151936344872e-04
-1.277078845407137158e-03 6.059579396143631620e-04
-1.373541106303535677e-03 6.742399999044844947e-04
-1.464336021438012499e-03 7.395885868006212309e-04
-1.549302093988725020e-03 8.018765078507197885e-04
-1.628303103615064661e-03 8.609906395158934290e-04
-1.701227568858065288e-03 9.168317326512577005e-04
-1.767988136895939314e-03 9.693141748465262377e-04
-1.828520907415115849e-03 1.018365713083850457e-03
-1.882784697238546823e-03 1.063927140127873599e-03
-1.930760252208185875e-03 1.105951948006622405e-03
-1.972449412655391011e-03 1.144405951874987067e-03
-2.007874238605185727e-03 1.179266887474078812e-03
-2.037076100655521322e-03 1.210523985308593854e-03
-2.060114742252312607e-03 1.238177524568312426e-03
-2.077067318853704440e-03 1.262238369713784706e-03
-2.088027419226605366e-03 1.282727492536368244e-03
-2.093104073872724489e-03 1.299675482382729817e-03
-2.092420755318978587e-03 1.313122047114901724e-03
-2.086114374746316467e-03 1.323115507251639922e-03
-2.074334279162910397e-03 1.329712285609711917e-03
-2.057241253061944681e-03 1.332976394633777519e-03
-2.035006528232524356e-03 1.332978923475220626e-03
-2.007810805130901249e-03 1.329797526748686953e-03
-1.975843288951324803e-03 1.323515916766145571e-03
-1.939300743276581914e-03 1.314223360919863654e-03
-1.898386563935214669e-03 1.302014185757657729e-03
-1.853309875439348650e-03 1.286987289169890360e-03
-1.804284652136561515e-03 1.269245661984274047e-03
-1.751528865972525485e-03 1.248895920145589146e-03
-1.695263662531709421e-03 1.226047848540726690e-03
-1.635712566806699769e-03 1.200813957416767188e-03
-1.573100719931559699e-03 1.173309052230791290e-03
-1.507654147916843686e-03 1.143649817665265845e-03
-1.439599063229063869e-03 1.111954416442122390e-03
-1.369161199874579810e-03 1.078342103472075021e-03
-1.296565182475826940e-03 1.042932855783804602e-03
-1.222033929663408295e-03 1.005847018590333300e-03
-1.145788091955074212e-03 9.672049677672721812e-04
-1.068045524149499950e-03 9.271267889391515433e-04
-9.890207921268243801e-04 8.857319732971107203e-04
-9.089247138263376394e-04 8.431391302009242803e-04
-8.279639340540184038e-04 7.994657165551162037e-04
-7.463405326720299248e-04 7.548277828897479455e-04
-6.642516656216958162e-04 7.093397360189146721e-04
-5.818892381441219744e-04 6.631141181002675423e-04
-4.994396094869571739e-04 6.162614018713639865e-04
-4.170833283131302675e-04 5.688898017966947333e-04
-3.349948979645462244e-04 5.211051008197804812e-04
-2.533425706799322802e-04 4.730104923794045007e-04
-1.722881698163631074e-04 4.247064373182870070e-04
-9.198693908676421245e-05 3.762905352850638772e-04
-1.258741778917914071e-05 3.278574102065550592e-04
6.576865902501252432e-05 2.794986093835812881e-04
1.429464365164420485e-04 2.313025157491291838e-04
2.188179932443111008e-04 1.833542728113353101e-04
2.932623726754489575e-04 1.357357217912574603e-04
3.661655941223291352e-04 8.852535045596558185e-05
4.374206442173524741e-04 4.179825314003598699e-05
5.069274500289337217e-04 -4.373898555338893339e-06
5.745928349143222119e-04 -4.992287489876567246e-05
6.403304581997768842e-04 -9.478389751557897772e-05
7.040607397618136058e-04 -1.388956397394246201e-04
7.657107705650309038e-04 -1.822002183367873269e-04
8.252142101953855152e-04 -2.246431771108659144e-04
8.825111724061604143e-04 -2.661734628848998175e-04
9.375480996671743238e-04 -3.067433943562012321e-04
9.902776276836614683e-04 -3.463086243043752102e-04
1.040658440824693450e-03 -3.848280956284268715e-04
1.088655119370955833e-03 -4.222639916764390241e-04
1.134237979460152486e-03 -4.585816813185398947e-04
1.177382906578968401e-03 -4.937496592037130243e-04
1.218071183418376665e-03 -5.277394816273890633e-04
1.256289312874706889e-03 -5.605256984230652358e-04
1.292028836948568580e-03 -5.920857812785936935e-04
1.325286152257202895e-03 -6.224000488621330394e-04
1.356062322842873421e-03 -6.514515891277909785e-04
1.384362890928054080e-03 -6.792261791590828652e-04
1.410197686233677057e-03 -7.057122028912804317e-04
1.433580634441353023e-03 -7.309005670381766521e-04
1.454529565349195605e-03 -7.547846155348756627e-04
1.473066021239419383e-03 -7.773600427942039962e-04
1.489215065941596697e-03 -7.986248060579395278e-04
1.503005095043509487e-03 -8.185790371084769330e-04
1.514467647673107230e-03 -8.372249535943745991e-04
1.523637220243074207e-03 -8.545667702076899068e-04
1.530551082520272520e-03 -8.706106099356009011e-04
1.535249096353658374e-03 -8.853644155966401393e-04
1.537773537367425388e-03 -8.988378618577667813e-04
1.538168919898228034e-03 -9.110422679150412088e-04
1.536481825429359977e-03 -9.219905110067194969e-04
1.532760734750661987e-03 -9.316969409172175991e-04
1.527055864048253121e-03 -9.401772956164209305e-04
1.519419005104772442e-03 -9.474486181670731255e-04
1.509903369769821473e-03 -9.535291750224828868e-04
1.498563438838069898e-03 -9.584383758251449181e-04
1.485454815452721174e-03 -9.621966948060891971e-04
1.470634083133358447e-03 -9.648255938745791717e-04
1.454158668508413656e-03 -9.663474474788176678e-04
1.436086708815529538e-03 -9.667854693081115317e-04
1.416476924216703882e-03 -9.661636408979676436e-04
1.395388494960101127e-03 -9.645066421917082968e-04
1.372880943405983042e-03 -9.618397841034246904e-04
1.349014020919837853e-03 -9.581889431201128307e-04
1.323847599624196607e-03 -9.535804979728997738e-04
1.297441568989147771e-03 -9.480412684005314538e-04
1.269855737228827971e-03 -9.415984560218555646e-04
1.241149737462821697e-03 -9.342795873285262990e-04
1.211382938591557988e-03 -9.261124588016862984e-04
1.180614360825488597e-03 -9.171250841537178199e-04
1.148902595800849451e-03 -9.073456436878667283e-04
1.116305731207247907e-03 -8.968024357667835891e-04
1.082881279845712957e-03 -8.855238303752239158e-04
1.048686113030667787e-03 -8.735382247578541304e-04
1.013776398242969071e-03 -8.608740011106998276e-04
9.782075409367975601e-04 -8.475594862998374291e-04
9.420341304001895750e-04 -8.336229135791181806e-04
9.053098895644095222e-04 -8.190923862751232128e-04
8.680876286540964697e-04 -8.039958434050726178e-04
8.304192025682375668e-04 -7.883610271915525132e-04
7.923554718800237835e-04 -7.722154524349305899e-04
7.539462673410097029e-04 -7.555863777037167585e-04
7.152403577743298184e-04 -7.385007783000151552e-04
6.762854212419011635e-04 -7.209853209577712614e-04
6.371280193677678495e-04 -7.030663402282721170e-04
5.978135747006578212e-04 -6.847698165071516071e-04
5.583863509998980004e-04 -6.661213556573387451e-04
5.188894363272841164e-04 -6.471461701795571059e-04
4.793647288298114170e-04 -6.278690618838294159e-04
4.398529250982387523e-04 -6.083144060131198162e-04
4.003935109873071278e-04 -5.885061367710128430e-04
3.610247547861513231e-04 -5.684677342053132089e-04
3.217837026263556085e-04 -5.482222123986663738e-04
2.827061760206197108e-04 -5.277921089185857572e-04
2.438267714232898232e-04 -5.071994754784858554e-04
2.051788617067604507e-04 -4.864658697618247352e-04
1.667945994524834769e-04 -4.656123483627013838e-04
1.287049219547088045e-04 -4.446594607963176874e-04
9.093955783660175843e-05 -4.236272445319717536e-04
5.352703518495612219e-05 -4.025352210039171330e-04
1.649469110849644871e-05 -3.814023925560953553e-04
-2.013131737166863285e-05 -3.602472402750037323e-04
-5.632600118776718580e-05 -3.390877226684837174e-04
-9.206552593347142261e-05 -3.179412751483739986e-04
-1.273271974980663722e-04 -2.968248102744857481e-04
-1.620894467067839485e-04 -2.757547187208090125e-04
-1.963318130452195841e-04 -2.547468709232532510e-04
-2.300349275447006331e-04 -2.338166193708003876e-04
-2.631804948993346862e-04 -2.129788015026743222e-04
-2.957512748862541345e-04 -1.922477431744315718e-04
-3.277310631544310630e-04 -1.716372626590444541e-04
-3.591046714487534323e-04 -1.511606751459557531e-04
-3.898579073307377961e-04 -1.308307977072607265e-04
-4.199775534540568702e-04 -1.106599546973804893e-04
-4.494513464532018648e-04 -9.065998355531140144e-05
-4.782679554987785621e-04 -7.084224097935276176e-05
-5.064169605715158678e-04 -5.121760944523201346e-05
-5.338888305047499814e-04 -3.179650403898313677e-05
-5.606749008418067956e-04 -1.258887957837683067e-05
-5.867673515523394055e-04 6.395762003067546799e-06
-6.121591846515232705e-04 2.514836403528852371e-05
-6.368442017613517832e-04 4.366030727779511263e-05
-6.608169816520483280e-04 6.192340189500303207e-05
-6.840728577983516429e-04 7.992987926254939294e-05
-7.066078959870345042e-04 9.767238362782642820e-05
-7.284188720050887873e-04 1.151439636423681637e-04
-7.495032494387947027e-04 1.323380637854047661e-04
-7.698591576125008665e-04 1.492485156994462995e-04
-7.894853696922448424e-04 1.658695294506673024e-04
-8.083812809786276778e-04 1.821956847367427429e-04
-8.265468874123697678e-04 1.982219220499361299e-04
-8.439827643129287679e-04 2.139435338199638945e-04
-8.606900453694008371e-04 2.293561555412882411e-04
-8.766704019013225185e-04 2.444557569023622689e-04
-8.919260224059812839e-04 2.592386329328676435e-04
-9.064595924095203948e-04 2.737013951723862967e-04
-9.202742746310103210e-04 2.878409628814868190e-04
-9.333736894752450546e-04 3.016545542938443261e-04
-9.457618958640452060e-04 3.151396779330259391e-04
-9.574433724154685684e-04 3.282941239897397244e-04
-9.684229989821151619e-04 3.411159557767591316e-04
-9.787060385548094956e-04 3.536035012686600124e-04
-9.882981195341112093e-04 3.657553447271368616e-04
-9.972052183846037265e-04 3.775703184256043845e-04
-1.005433642666995163e-03 3.890474944789751310e-04
-1.012990014460546546e-03 4.001861767814481161e-04
-1.019881254170516491e-03 4.109858930512532240e-04
-1.026114564729870785e-03 4.214463870085146074e-04
-1.031697416192838695e-03 4.315676106668076993e-04
-1.036637530720167441e-03 4.413497167473793355e-04
-1.040942867965277338e-03 4.507930512403450344e-04
-1.044621610841771180e-03 4.598981460843943442e-04
-1.047682151694817165e-03 4.686657119885800720e-04
-1.050133078860254667e-03 4.770966313967227616e-04
-1.051983163602955226e-03 4.851919515843530328e-04
-1.053241347454255371e-03 4.929528779088548310e-04
-1.053916729924929321e-03 5.003807671979047366e-04
-1.054018556592698245e-03 5.074771212809062095e-04
-1.053556207583867177e-03 5.142435806718797771e-04
-1.052539186395680913e-03 5.206819183972810194e-04
-1.050977109115397087e-03 5.267940339710572208e-04
-1.048879693982838601e-03 5.325819475188830858e-04
-1.046256751313997960e-03 5.380477940479546067e-04
-1.043118173771249990e-03 5.431938178602313365e-04
-1.039473926995204515e-03 5.480223671195157825e-04
-1.035334040553477193e-03 5.525358885689287715e-04
-1.030708599230911390e-03 5.567369223681713740e-04
-1.025607734659277201e-03 5.606280971143065865e-04
-1.020041617256973576e-03 5.642121249709777103e-04
-1.014020448470562578e-03 5.674917969614828557e-04
-1.007554453350446941e-03 5.704699783765094633e-04
-1.000653873409955907e-03 5.731496043788614214e-04
-9.933289597772909825e-04 5.755336756598210951e-04
-9.855899666401117445e-04 5.776252543004962558e-04
-9.774471449713263878e-04 5.794274597640276109e-04
-9.689107365319243360e-04 5.809434649558522460e-04
-9.599909681152727107e-04 5.821764925031958906e-04
-9.506980460891590028e-04 5.831298110969107117e-04
-9.410421511539274891e-04 5.838067319953958029e-04
-9.310334333583428646e-04 5.842106056239716998e-04
-9.206820073696131987e-04 5.843448183341849083e-04
-9.099979479260432783e-04 5.842127892403365741e-04
-8.989912856087647463e-04 5.838179672199846982e-04
-8.876720026354822674e-04 5.831638279790298885e-04
-8.760500291527431160e-04 5.822538712851279457e-04
-8.641352394576113250e-04 5.810916182731152646e-04
-8.519374485293067798e-04 5.796806088566152509e-04
-8.394664088001730501e-04 5.780243992613363479e-04
-8.267318069735450983e-04 5.761265597019539931e-04
-8.137432611437503058e-04 5.739906720638966384e-04
-8.005103179172428154e-04 5.716203277470734102e-04
-7.870424499826833347e-04 5.690191256393287286e-04
-7.733490534381275107e-04 5.661906700464979392e-04
-7.594394455982642241e-04 5.631385689650546776e-04
-7.453228627163006100e-04 5.598664321212529606e-04
-7.310084579545557924e-04 5.563778693397975665e-04
-7.165052994077796954e-04 5.526764889380533395e-04
-7.018223683176408757e-04 5.487658960006982188e-04
-6.869685572341374538e-04 5.446496912423185073e-04
-6.719526684798207260e-04 5.403314691973492819e-04
-6.567834123458790975e-04 5.358148172342701819e-04
-6.414694059270210349e-04 5.311033139100088812e-04
-6.260191714759739479e-04 5.262005281999776766e-04
-6.104411348968742483e-04 5.211100178160581750e-04
-5.947436247372934809e-04 5.158353287026537157e-04
-5.789348704435269598e-04 5.103799932808854257e-04
-5.630230015588649686e-04 5.047475298602323475e-04
-5.470160457555405193e-04 4.989414416459966081e-04
-5.309219280347122908e-04 4.929652151431366440e-04
-5.147484693790998090e-04 4.868223199804230534e-04
-4.985033845608917782e-04 4.805162071977011132e-04
-4.821942816379427019e-04 4.740503084282180813e-04
-4.658286596909459124e-04 4.674280349002523228e-04
-4.494139070711827746e-04 4.606527759445347339e-04
-4.329572999214207967e-04 4.537278978610200311e-04
-4.164659995766275017e-04 4.466567421624679027e-04
-3.999470502253917687e-04 4.394426243023759207e-04
-3.834073767009496731e-04 4.320888311169736513e-04
-3.668537808210585731e-04 4.245986188314688050e-04
-3.502929385566775126e-04 4.169752097906605226e-04
-3.337313958925107026e-04 4.092217892893734200e-04
-3.171755646415871195e-04 4.013415009252049533e-04
-3.006317174538218184e-04 3.933374412932938500e-04
-2.841059823588259494e-04 3.852126529500531408e-04
-2.676043369036886573e-04 3.769701155940508963e-04
-2.511326015446025350e-04 3.686127352104010099e-04
-2.346964330041712867e-04 3.601433293907807076e-04
-2.183013178302826908e-04 3.515646088370724567e-04
-2.019525669948226548e-04 3.428791538012951399e-04
-1.856553134109832930e-04 3.340893834577567372e-04
-1.694145144064795991e-04 3.251975176610862484e-04
-1.532349642555799545e-04 3.162055296269692469e-04
-1.371213214426937285e-04 3.071150909111051985e-04
-1.210781596558878164e-04 2.979275128634737715e-04
-1.051100488984874743e-04 2.886436949475591827e-04
-8.922166922194850578e-05 2.792640973992043039e-04
-7.341794541151231963e-05 2.697887600858016712e-04
-5.770417597312027329e-05 2.602173807529017881e-04
-4.208612124280999801e-05 2.505494446116270590e-04
-2.657002842841773964e-05 2.407843744041529078e-04
-1.116259763633168452e-05 2.309216638838239798e-04
4.129088314610087924e-06 2.209609731059446994e-04
1.929764435067714593e-05 2.109021819132832188e-04
3.433545661302773208e-05 2.007454114775373221e-04
4.923474195625732088e-05 1.904910253719540388e-04
6.398759228284417097e-05 1.801396198541736901e-04
7.858600584797697879e-05 1.696920101176152291e-04
9.302190840527427718e-05 1.591492155852672796e-04
1.072871666013920563e-04 1.485124468055594059e-04
1.213735959129629146e-04 1.377830943034418919e-04
1.352729644907575799e-04 1.269627197644007720e-04
1.489769941776082033e-04 1.160530496165827150e-04
1.624773593952168302e-04 1.050559707550444404e-04
1.757656845770458841e-04 9.397352854016934357e-05
1.888335404803390453e-04 8.280792608456209931e-05
2.016724396030107754e-04 7.156152582709600504e-05
2.142738311030794641e-04 6.023685225160157016e-05
2.266290952325096780e-04 4.883659609952671859e-05
2.387295373688965838e-04 3.736362014980120947e-05
2.505663817194530565e-04 2.582096601040900080e-05
2.621307649243191022e-04 1.421186232383714982e-05
2.734137295126564120e-04 2.539734222594178638e-06
2.844062172038053032e-04 -9.191786044754107939e-06
2.950990619743460125e-04 -2.097884709277212214e-05
3.054829832629838782e-04 -3.281736527725631256e-05
3.155485792018275265e-04 -4.470301040214203370e-05
3.252863198814059118e-04 -5.663118965655667488e-05
3.346865405365925372e-04 -6.859703054001495531e-05
3.437394349701121442e-04 -8.059536191300529845e-05
3.524350492073472993e-04 -9.262069413882429141e-05
3.607632752971792062e-04 -1.046671970544118700e-04
3.687138455096203304e-04 -1.167286766062125428e-04
3.762763268548847788e-04 -1.287985495023318840e-04
3.834401161081411424e-04 -1.408698162142047676e-04
3.901944353858443054e-04 -1.529350317782455745e-04
3.965283284730554457e-04 -1.649862746288325286e-04
4.024306578261551554e-04 -1.770151133791575556e-04
4.078901026992570299e-04 -1.890125710830903077e-04
4.128951582371380023e-04 -2.009690873619567324e-04
4.174341359954168609e-04 -2.128744776295314882e-04
4.214951658955941663e-04 -2.247178899465418717e-04
4.250661999516178570e-04 -2.364877590520632702e-04
4.281350179101325848e-04 -2.481717574057739966e-04
4.306892353434835208e-04 -2.597567434023654752e-04
4.327163143361420581e-04 -2.712287062776747308e-04
4.342035770471427926e-04 -2.825727079027896414e-04
4.351382229081449116e-04 -2.937728213384370739e-04
4.355073491844878731e-04 -3.048120659752454032e-04
4.352979764921700726e-04 -3.156723395886386991e-04
4.344970789923693379e-04 -3.263343467434524827e-04
4.330916200446734057e-04 -3.367775240762880813e-04
4.310685943678974020e-04 -3.469799624407642101e-04
4.284150768060011449e-04 -3.569183258188335156e-04
4.251182793200532434e-04 -3.665677680275688318e-04
4.211656165154539604e-04 -3.759018468903622999e-04
4.165447809036991011e-04 -3.848924363739509853e-04
4.112438288710205860e-04 -3.935096381350055607e-04
4.052512788706292527e-04 -4.017216922527553475e-04
3.985562221320647467e-04 -4.094948892375535393e-04
3.911484484770858341e-04 -4.167934841773849176e-04
3.830185877686585576e-04 -4.235796145352912438e-04
3.741582680324066854e-04 -4.298132240115869760e-04
3.645602925192031885e-04 -4.354519951471355968e-04
3.542188368110587627e-04 -4.404512930550356030e-04
3.431296666294589509e-04 -4.447641242534120833e-04
3.312903783607220741e-04 -4.483411155000623094e-04
3.187006626158517763e-04 -4.511305174726540812e-04
3.053625918774014142e-04 -4.530782388995693855e-04
2.912809316645020461e-04 -4.541279198948602880e-04
2.764634754960186569e-04 -4.542210519490453668e-04
2.609214003607792016e-04 -4.532971548840676146e-04
2.446696425968108166e-04 -4.512940239101279256e-04
2.277272867559967115e-04 -4.481480583602234389e-04
2.101179624589289959e-04 -4.437946908818390023e-04
1.918702410382108932e-04 -4.381689312950404983e-04
1.730180160948726026e-04 -4.312060504716406519e-04
1.536008537850560478e-04 -4.228424247287130167e-04
1.336642887268882905e-04 -4.130165648014754907e-04
1.132600371128532330e-04 -4.016703660106704698e-04
9.244609067121915163e-05 -3.887506031206957907e-04
7.128664198870639896e-05 -3.742107084327456093e-04
4.985178285410069867e-05 -3.580128694658240456e-04
2.821690581345507503e-05 -3.401304824662074048e-04
6.461715014858794787e-06 -3.205510022574916394e-04
-1.533125872338366564e-05 -2.992792199562268490e-04
-3.707877099633808901e-05 -2.763410062912025197e-04
-5.869975410657766730e-05 -2.517875486067775804e-04
-8.011916430702463389e-05 -2.257001038923894668e-04
-1.012729890424882915e-04 -1.981952813225336505e-04
-1.221146409911893702e-04 -1.694308556467040796e-04
-1.426229910572184326e-04 -1.396121234415171849e-04
-1.628122934945578390e-04 -1.089988012007765835e-04
-1.827442910874615186e-04 -7.791249571595124730e-05
-2.025427556761713230e-04 -4.674485311202699711e-05
-2.224107239076795757e-04 -1.596658963804942146e-05
-2.426506643361037770e-04 1.386212051391155060e-05
-2.636877971606597731e-04 4.207904880974076942e-05
-2.860968289348241630e-04 6.790357064977698798e-05
-3.106325105053629482e-04 9.041391495329580217e-05
-3.382647635074237467e-04 1.085136322253771085e-04
-3.702199845179015300e-04 1.208801518433150971e-04
-4.080317034820858408e-04 1.258840522192734639e-04
-4.536068501172289521e-04 1.214610580392897995e-04
-5.093196321372718289e-04 1.049082771125397215e-04
-5.781552185738088019e-04 7.255959419787504756e-05
-6.639448656140709525e-04 1.926762950883612133e-05
-7.717706028780905135e-04 -6.242637043239702499e-05
-9.086903158441028000e-04 -1.836326018243168690e-04
-1.085084577283880252e-03 -3.612979780635721424e-04
-1.317250790569059714e-03 -6.218074576877377982e-04
-1.632595471504475794e-03 -1.006956824134233987e-03
-2.080434722561952041e-03 -1.583786709759418560e-03
-2.755246371435953433e-03 -2.460144734456991365e-03
-3.847959392684594665e-03 -3.806414138180853196e-03
-5.759733956760806385e-03 -5.874133766708306351e-03
-9.347522222903584949e-03 -8.962373107667067143e-03
-1.640679881216333680e-02 -1.315032613739369749e-02
-3.039732275020138458e-02 -1.726022417158726979e-02
-5.661389007006781271e-02 -1.589707020975602084e-02
-9.818479751336982309e-02 6.295944477976746223e-03
-1.399532763282288483e-01 7.740060634513869220e-02
-1.217500988862774552e-01 2.128200888094740062e-01
4.150185957906901701e-02 3.401076511770666500e-01
3.122632262949769921e-01 2.843713792332981383e-01
4.495800405759873275e-01 0.000000000000000000e+00
3.114234937156697969e-01 -2.721658376709226168e-01
6.495523755464563398e-02 -3.297049807116011477e-01
-9.231196588529286262e-02 -2.310655508810732783e-01
-1.315674446024759359e-01 -1.126822139964352848e-01
-1.106415557712848163e-01 -3.626914776038002441e-02
-7.713893140112960956e-02 -7.447834844807321719e-04
-4.989379417125261451e-02 1.128819141315538094e-02
-3.174006359741091826e-02 1.304707291965482435e-02
-2.054914934043665722e-02 1.130739388653764256e-02
-1.379946906851499920e-02 8.866002019333728626e-03
-9.690288973633796876e-03 6.665887465915742299e-03
-7.118828780895508634e-03 4.920664142975012846e-03
-5.448202885451686878e-03 3.601030088018190682e-03
-4.316649216059046182e-03 2.619130339454808776e-03
-3.517512029865614738e-03 1.889286329792038950e-03
-2.930565403968928614e-03 1.343165365899679376e-03
-2.484079186258461060e-03 9.300734666634788124e-04
-2.134016022251725934e-03 6.134498262367632125e-04
-1.852530229955039621e-03 3.671574798154447631e-04
-1.621499470745427001e-03 1.725016697624921378e-04
-1.428804254683310564e-03 1.604648187574267935e-05
-1.266132414792489310e-03 -1.119250955750232882e-04
-1.127647944387833411e-03 -2.184828256988867999e-04
-1.009161558669222167e-03 -3.087945491259241329e-04
-9.076001452571090186e-04 -3.866477088695703017e-04
-8.206590813974602282e-04 -4.548180147643178690e-04
-7.465694388847686838e-04 -5.153332526483743155e-04
-6.839392278550525872e-04 -5.696644773667574506e-04
-6.316435589122298489e-04 -6.188663473373286379e-04
-5.887477393548795450e-04 -6.636813114962746875e-04
-5.544530197822605724e-04 -7.046177437939917226e-04
-5.280580977913499740e-04 -7.420090517629637783e-04
-5.089317383013296963e-04 -7.760586769386781155e-04
-4.964932667587135121e-04 -8.068745279820306680e-04
-4.901986880345088815e-04 -8.344954208338829175e-04
-4.895308181105939831e-04 -8.589114141596217080e-04
-4.939922827083455129e-04 -8.800794742493297769e-04
-5.031005515702677896e-04 -8.979355438666091795e-04
-5.163844243326397125e-04 -9.124038430908525555e-04
-5.333815272763668637e-04 -9.234040535710578111e-04
-5.536365289415812185e-04 -9.308568826429191277e-04
-5.766998615192437099e-04 -9.346884117292162926e-04
-6.021268075253158499e-04 -9.348335428064288594e-04
-6.294768600693820488e-04 -9.312387974838665181e-04
-6.583133202308020506e-04 -9.238646728213240891e-04
-6.882031120785500784e-04 -9.126877184231268949e-04
-7.187168423764631747e-04 -8.977024676721980651e-04
-7.494291592306716408e-04 -8.789233243174071186e-04
-7.799194937576720216e-04 -8.563864841754462599e-04
-8.097733137169111327e-04 -8.301519352611824113e-04
-8.385840640077706206e-04 -8.003055415953569569e-04
-8.659560259107145202e-04 -7.669611501299675171e-04
-8.915083947273509061e-04 -7.302625584123963697e-04
-9.148809473903713081e-04 -6.903850023963735297e-04
-9.357417015094678363e-04 -6.475355258661859639e-04
-9.537968513042495607e-04 -6.019511148652687558e-04
-9.688027992081020947e-04 -5.538927934306492546e-04
-9.805788175671669230e-04 -5.036331958339027720e-04
-9.890163700026408360e-04 -4.514353230451862808e-04
-9.940779863486205129e-04 -3.975231583549964287e-04
-9.957785477127667484e-04 -3.420518093026790260e-04
-9.941500433258210808e-04 -2.850910786206091127e-04
-9.892031851303937848e-04 -2.266315884501434634e-04
-9.809010903590600298e-04 -1.666082944825805203e-04
-9.691495484608041036e-04 -1.049286137865783754e-04
-9.537991092965999486e-04 -4.149644352732432097e-05
-9.346527757080055421e-04 2.377002597768386894e-05
-9.114754255060484971e-04 9.092541478906366595e-05
-8.840033666893877973e-04 1.599872670567807674e-04
-8.519536932382115388e-04 2.309276797336962160e-04
-8.150336366398696752e-04 3.036654807929798651e-04
-7.729502725938126526e-04 3.780583981313329327e-04
-7.254209664700075975e-04 4.538949244433068317e-04
-6.721849097416710342e-04 5.308857529784205380e-04
-6.130160555794787096e-04 6.086547808240220072e-04
-5.477377165505302459e-04 6.867297643570350945e-04
-4.762390299517629041e-04 7.645328016584945286e-04
-3.984934360660738559e-04 8.413708987782085721e-04
-3.145792330127561692e-04 9.164269757295413505e-04
-2.247021684224751489e-04 9.887517784802147061e-04
-1.292198979943656864e-04 1.057257284823955468e-03
-2.866796402285179575e-05 1.120712341823284792e-03
7.621326650174970168e-05 1.177741428971116168e-03
1.844515384842537959e-04 1.226827622031799979e-03
2.948166864402355361e-04 1.266321021927233406e-03
4.057972115253540403e-04 1.294454101364188531e-03
5.155814822096727815e-04 1.309365623278667011e-03
6.220460990429035582e-04 1.309134931971576727e-03
7.227545326783985005e-04 1.291828551770792541e-03
8.149697261498036133e-04 1.255561060644987386e-03
8.956849210307081879e-04 1.198572127113996157e-03
9.616774377965865012e-04 1.119321354404001316e-03
1.009590439351185738e-03 1.016602085720217947e-03
1.036047698418391056e-03 8.896745278546992070e-04
1.037805916136452658e-03 7.384173541836045384e-04
1.011947996917740220e-03 5.634952561023760798e-04
9.561186344860159690e-04 3.665376269899363196e-04
8.688003423315734377e-04 1.503206163297450093e-04
7.496233939531404432e-04 -8.105889099880117001e-05
5.996967960811242383e-04 -3.220332067938680518e-04
4.219392669747677868e-04 -5.654585353390815692e-04
2.213792927607013787e-04 -8.025806696738089227e-04
5.382085428009674571e-06 -1.023103240442298917e-03
-2.162504671934353849e-04 -1.215394572451236220e-03
-4.313714086796849832e-04 -1.366871838547220564e-03
-6.258435305962542754e-04 -1.464600439732672080e-03
-7.842291334709847010e-04 -1.496140452951343937e-03
-8.908749628490479373e-04 -1.450658146739042210e-03
-9.314240318966959288e-04 -1.320296291754822875e-03
-8.947348508493160272e-04 -1.101759593781817884e-03
-7.751100680233902760e-04 -7.980190115790849852e-04
-5.746292187483117856e-04 -4.199706311626478952e-04
-3.052491501190851358e-04 1.219572689589186790e-05
9.802854874379481965e-06 4.682457264437109041e-04
3.359261606880036563e-04 9.081510627607872893e-04
6.288751633033332978e-04 1.283612705366728298e-03
8.406297727329853104e-04 1.544267918126600130e-03
9.266317128689439140e-04 1.643173666238402063e-03
