7.235511908447574136e-03 -1.638793340261464337e-03
7.169733290809344670e-03 -1.624092782770155709e-03
7.009778022618491644e-03 -1.590123095668612065e-03
6.758672901207862099e-03 -1.537487416744430339e-03
6.420855764917359973e-03 -1.467053265319342298e-03
6.003097105769778993e-03 -1.380150435650017923e-03
5.512632112305930129e-03 -1.278179757626782438e-03
4.957307122305250335e-03 -1.162649051210361880e-03
4.345527351790077174e-03 -1.035166961585519884e-03
3.686157569419422006e-03 -8.974269442694271862e-04
2.988406277875254799e-03 -7.511878284226726401e-04
2.261703883009957144e-03 -5.982530957056178891e-04
1.515579888697324469e-03 -4.404498513830876032e-04
7.595421879427771044e-04 -2.796080493243254775e-04
2.960631234521317106e-06 -1.175403499002981237e-04
-7.450434403926823115e-04 4.397710671412901826e-05
-1.475700339950755842e-03 2.032227897763636383e-04
-2.180686754700711470e-03 3.585465515296997916e-04
-2.852211158578861309e-03 5.083849423382416893e-04
-3.483089231502971284e-03 6.512749555509685095e-04
-4.066808784619315581e-03 7.858661182172333934e-04
-4.597583864147191009e-03 9.109308696835162911e-04
-5.070397870029896142e-03 1.025373194252505137e-03
-5.481035678958813204e-03 1.128235496638912289e-03
-5.826104903944504670e-03 1.218703729902917855e-03
-6.103046553782716724e-03 1.296110804879778335e-03
-6.310135474819728377e-03 1.359938327768474026e-03
-6.446471063832004411e-03 1.409816728480721860e-03
-6.511958834165454575e-03 1.445523856518807909e-03
-6.507283497295589247e-03 1.466982133538992719e-03
-6.433874288594674216e-03 1.474254362353886842e-03
-6.293863319402857696e-03 1.467538300942834457e-03
-6.090037777758815218e-03 1.447160117105074188e-03
-5.825786827745205176e-03 1.413566844750872332e-03
-5.505044072862797129e-03 1.367317966539916951e-03
-5.132226452820123561e-03 1.309076249720230335e-03
-4.712170436329316328e-03 1.239597962675514226e-03
-4.250066355794584159e-03 1.159722598957797389e-03
-3.751391704019918071e-03 1.070362233561967559e-03
-3.221844179196089574e-03 9.724906330018695706e-04
-2.667275223420471127e-03 8.671322364908776127e-04
-2.093624752864306146e-03 7.553511203303679830e-04
-1.506857725374534645e-03 6.382400515858531985e-04
-9.129031347958509787e-04 5.169097304012621168e-04
-3.175959615908663923e-04 3.924783129905013877e-04
2.733774526981434523e-04 2.660612995613179706e-04
8.545302030351807285e-04 1.387618632834906407e-04
1.420621450415060017e-03 1.166168802445289015e-05
1.966698607011869385e-03 -1.141876259619650650e-04
2.488134863539402230e-03 -2.377725378047387036e-04
2.980661906675784699e-03 -3.581248811991030821e-04
3.440397733529655406e-03 -4.743284853929543351e-04
3.863869526568771903e-03 -5.855250766012745200e-04
4.248031605715326189e-03 -6.909194424431089679e-04
4.590278524081396055e-03 -7.897838496380253648e-04
4.888453419764352686e-03 -8.814617124703900269e-04
5.140851777999109681e-03 -9.653705163732819242e-04
5.346220795587318733e-03 -1.041004007375370168e-03
5.503754572780824098e-03 -1.107933664046977310e-03
5.613085386624895590e-03 -1.165809473969425629e-03
5.674271324181939802e-03 -1.214360041610397685e-03
5.687780574059730226e-03 -1.253392058802296673e-03
5.654472690404414859e-03 -1.282789172800780520e-03
5.575577155067078933e-03 -1.302510290132400522e-03
5.452669571217405239e-03 -1.312587357140951403e-03
5.287645825438207041e-03 -1.313122660319268348e-03
5.082694555510370790e-03 -1.304285691180947192e-03
4.840268257957637890e-03 -1.286309621606751552e-03
4.563053363192957554e-03 -1.259487436310447296e-03
4.253939597096793868e-03 -1.224167769342400297e-03
3.915988936337096854e-03 -1.180750491399789508e-03
3.552404450995516431e-03 -1.129682094185582202e-03
3.166499312394082527e-03 -1.071450917169425960e-03
2.761666226698979328e-03 -1.006582260892818206e-03
2.341347536201610589e-03 -9.356334294577485023e-04
1.909006210439800986e-03 -8.591887430773879116e-04
1.468097928756839903e-03 -7.778545595759763995e-04
1.022044434758512125e-03 -6.922543415382335702e-04
5.742083217061124756e-04 -6.030238034635641842e-04
1.278693863443501394e-04 -5.108061707912367726e-04
-3.137973327364641319e-04 -4.162475800836389073e-04
-7.477417371954522612e-04 -3.199926469891923187e-04
-1.171056997101774374e-03 -2.226802258969837927e-04
-1.580995970725096629e-03 -1.249393824586279367e-04
-1.974985680671273967e-03 -2.738559742835407120e-05
-2.350639829351703486e-03 6.938278244453493886e-05
-2.705769354033494591e-03 1.647878334019451177e-04
-3.038391037847442723e-03 2.582750730765750406e-04
-3.346734208116521926e-03 3.493162003667578137e-04
-3.629245567142680602e-03 4.374115512841818959e-04
-3.884592213071686676e-03 5.220922676004444499e-04
-4.111662919686663933e-03 6.029221773265792950e-04
-4.309567753905431398e-03 6.794993881480445967e-04
-4.477636118393617942e-03 7.514575968865235770e-04
-4.615413314079363713e-03 8.184671198708940495e-04
-4.722655723463017874e-03 8.802356507643883856e-04
-4.799324720521344623e-03 9.365087539144772467e-04
-4.845579416736199400e-03 9.870701026564688771e-04
-4.861768355393679582e-03 1.031741473226403024e-03
-4.848420267833126324e-03 1.070382506002432810e-03
-4.806234005873552886e-03 1.102890246718624297e-03
-4.736067764246907133e-03 1.129198481073349436e-03
-4.638927705597907514e-03 1.149276876791673410e-03
-4.515956098545569064e-03 1.163129947702800943e-03
-4.368419076513568172e-03 1.170795854766618896e-03
-4.197694121587129332e-03 1.172345059228091383e-03
-4.005257373636671864e-03 1.167878843211486977e-03
-3.792670860417044626e-03 1.157527713078472346e-03
-3.561569739392349970e-03 1.141449700794903554e-03
-3.313649636705845274e-03 1.119828578363368061e-03
-3.050654163081142206e-03 1.092872000110267855e-03
-2.774362680598932082e-03 1.060809587262226926e-03
-2.486578388257118001e-03 1.023890968822844388e-03
-2.189116788086463775e-03 9.823837922682749409e-04
-1.883794587380956858e-03 9.365717170297436058e-04
-1.572419086428689539e-03 8.867524031360513254e-04
-1.256778094950056776e-03 8.332355067413478719e-04
-9.386304143747846787e-04 7.763406935896348740e-04
-6.196969171610509745e-04 7.163956807582359029e-04
-3.016522485473642403e-04 6.537343162930155408e-04
1.388282944755556136e-05 5.886947056028192949e-04
3.253484373359475019e-04 5.216173927268462048e-04
6.312519114778878402e-04 4.528436038263830197e-04
9.301734669628033449e-04 3.827135594918594378e-04
1.220771190184200689e-03 3.115648617066382416e-04
1.501785365530488962e-03 2.397309605624387907e-04
1.772042144598948632e-03 1.675397050915740718e-04
2.030456570000185000e-03 9.531198186977086866e-05
2.276034969183886921e-03 2.336044435518312180e-05
2.507876736739216537e-03 -4.801166474187107056e-05
2.725175526356526760e-03 -1.185115963996882793e-04
2.927219876026972752e-03 -1.878580824896678228e-04
3.113393292165343024e-03 -2.557822267787892949e-04
3.283173820131747144e-03 -3.220282998123112899e-04
3.436133130134980118e-03 -3.863544382708566666e-04
3.571935148718098640e-03 -4.485332498804480220e-04
3.690334266983108340e-03 -5.083523253928247734e-04
3.791173157402302242e-03 -5.656146595690329446e-04
3.874380231516471543e-03 -6.201389834696205243e-04
3.939966771038382054e-03 -6.717600106941686196e-04
3.988023764880006816e-03 -7.203286005164092828e-04
4.018718484433112664e-03 -7.657118411305648045e-04
4.032290829042169122e-03 -8.077930564585255810e-04
4.029049473064635033e-03 -8.464717401707685419e-04
4.009367845202789493e-03 -8.816634207435794946e-04
3.973679969949116611e-03 -9.132994615151522784e-04
3.922476200017671090e-03 -9.413267998101919592e-04
3.856298867556534615e-03 -9.657076292884424294e-04
3.775737880764253995e-03 -9.864190297229809019e-04
3.681426291282287148e-03 -1.003452548445212802e-03
3.574035856409076613e-03 -1.016813737699441772e-03
3.454272618816763007e-03 -1.026521652129900068e-03
3.322872525028002996e-03 -1.032608310587962430e-03
3.180597102465096589e-03 -1.035118126388690114e-03
3.028229213417451583e-03 -1.034107310071516678e-03
2.866568902796994608e-03 -1.029643248627862663e-03
2.696429355080835148e-03 -1.021803865055012379e-03
2.518632974365821349e-03 -1.010676961974744503e-03
2.334007600010901996e-03 -9.963595529271414026e-04
2.143382868927615724e-03 -9.789571848088903308e-04
1.947586734176391839e-03 -9.585832547769384182e-04
1.747442148168487988e-03 -9.353583247822377369e-04
1.543763917463568305e-03 -9.094094367363104395e-04
1.337355734885900755e-03 -8.808694311466212790e-04
1.129007393459159582e-03 -8.498762718857134392e-04
9.194921855041019321e-04 -8.165723795874092489e-04
7.095644891359874492e-04 -7.811039759871961233e-04
4.999575433453249881e-04 -7.436204413501338066e-04
2.913814118721638779e-04 -7.042736869552871943e-04
8.452113516036510428e-05 -6.632175444326459009e-04
-1.199649311936097618e-04 -6.206071735767855566e-04
-3.214465938700484865e-04 -5.765984900932567738e-04
-5.193231182347268337e-04 -5.313476145702103080e-04
-7.130243475075326602e-04 -4.850103438059137173e-04
-9.020116490767479504e-04 -4.377416454669489959e-04
-1.085778692890260492e-03 -3.896951768996234373e-04
-1.263852067342284080e-03 -3.410228287743077694e-04
-1.435791738502464974e-03 -2.918742940995095207e-04
-1.601191358913643887e-03 -2.423966630090427154e-04
-1.759678432497204046e-03 -1.927340435989025524e-04
-1.910914342367087040e-03 -1.430272089694271552e-04
-2.054594248577964067e-03 -9.341327051443429341e-05
-2.190446863001119758e-03 -4.402537738682670357e-05
-2.318234108640613179e-03 5.007558024297141183e-06
-2.437750670783145855e-03 5.356110886882382502e-05
-2.548823447419741855e-03 1.015155572116038362e-04
-2.651310906378822295e-03 1.487560924412754428e-04
-2.745102356576875798e-03 1.951729852141144677e-04
-2.830117140729451579e-03 2.406617375051663989e-04
-2.906303756773763285e-03 2.851232093984952618e-04
-2.973638915132981349e-03 3.284637233047415974e-04
-3.032126538803049057e-03 3.705951463407947729e-04
-3.081796713075891665e-03 4.114349516466644843e-04
-3.122704591527506682e-03 4.509062594574553533e-04
-3.154929264695603003e-03 4.889378587754453394e-04
-3.178572597642463464e-03 5.254642105129330495e-04
-3.193758042371048610e-03 5.604254329978897425e-04
-3.200629430815909830e-03 5.937672707519525781e-04
-3.199349753874038485e-03 6.254410474601087774e-04
-3.190099931680420373e-03 6.554036040594239405e-04
-3.173077580062098023e-03 6.836172228759720970e-04
-3.148495777835521973e-03 7.100495387389466062e-04
-3.116581839336697579e-03 7.346734379978510192e-04
-3.077576096295807535e-03 7.574669463590215715e-04
-3.031730692895157758e-03 7.784131064480280613e-04
-2.979308397574776876e-03 7.974998459902122531e-04
-2.920581434876512190e-03 8.147198374862504779e-04
-2.855830340352850244e-03 8.300703502417991313e-04
-2.785342841300400985e-03 8.435530955869078879e-04
-2.709412765824824581e-03 8.551740661012557573e-04
-2.628338982487702334e-03 8.649433696357877602e-04
-2.542424372542798419e-03 8.728750588959530632e-04
-2.451974836533950611e-03 8.789869573246230066e-04
-2.357298336796834204e-03 8.833004819950515674e-04
-2.258703977185388088e-03 8.858404641945098051e-04
-2.156501121132246932e-03 8.866349683511080349e-04
-2.050998548949471006e-03 8.857151099251124420e-04
-1.942503655085062522e-03 8.831148728548741554e-04
-1.831321685864674420e-03 8.788709271174994370e-04
-1.717755018071515701e-03 8.730224469346622301e-04
-1.602102478558329463e-03 8.656109301191726012e-04
-1.484658704926509988e-03 8.566800190312287046e-04
-1.365713547165687712e-03 8.462753235795787785e-04
-1.245551510007256819e-03 8.344442466751836925e-04
-1.124451235621297266e-03 8.212358125113699463e-04
-1.002685026173052779e-03 8.067004980195438286e-04
-8.805184056462723790e-04 7.908900678169656241e-04
-7.582097202356112000e-04 7.738574129371818180e-04
-6.360097765290988235e-04 7.556563936046997807e-04
-5.141615166216375720e-04 7.363416862909505584e-04
-3.928997292205806688e-04 7.159686352600923460e-04
-2.724507957417301399e-04 6.945931087900125570e-04
-1.530324703422521464e-04 6.722713602295505089e-04
-3.485369278073083971e-05 6.490598940287970733e-04
8.188556704281913217e-05 6.250153368581609723e-04
1.969944340523524420e-04 6.001943139104140134e-04
3.102912236833622796e-04 5.746533304587696711e-04
4.216035095283336915e-04 5.484486587257067849e-04
5.307681641942357201e-04 5.216362300984502941e-04
6.376313746442077409e-04 4.942715327092876091e-04
7.420486332936023811e-04 4.664095143832779826e-04
8.438847061340296529e-04 4.381044909402659576e-04
9.430135791661680734e-04 4.094100598240421216e-04
1.039318384406138010e-03 3.803790190146866604e-04
1.132691306718391910e-03 3.510632911739430665e-04
1.223033472722924496e-03 3.215138529572821664e-04
1.310254823003215554e-03 2.917806694136438760e-04
1.394273968814684420e-03 2.619126333905287692e-04
1.475018034482489596e-03 2.319575098492056894e-04
1.552422486642483822e-03 2.019618849814961391e-04
1.626430951458591057e-03 1.719711200262848474e-04
1.696995020910497046e-03 1.420293096603176836e-04
1.764074049231976592e-03 1.121792448446549788e-04
1.827634940522067201e-03 8.246237999604639959e-05
1.887651928545880115e-03 5.291880435432186076e-05
1.944106349682747301e-03 2.358721740352556426e-05
1.996986409961418619e-03 -5.495091789044681714e-06
2.046286947069981925e-03 -3.429226145991784696e-05
2.092009188205535934e-03 -6.276987040542900131e-05
2.134160504580374408e-03 -9.089494775638118883e-05
2.172754163375252394e-03 -1.186359794131859342e-04
2.207809077876585202e-03 -1.459629112955168270e-04
2.239349556508803303e-03 -1.728471495469727399e-04
2.267405051439346387e-03 -1.992615578448417735e-04
2.292009907385131242e-03 -2.251804519703155122e-04
2.313203111214390349e-03 -2.505795917640797014e-04
2.331028042913172761e-03 -2.754361706347049302e-04
2.345532228438610475e-03 -2.997288027441280880e-04
2.356767094944797313e-03 -3.234375080231647551e-04
2.364787728850935473e-03 -3.465436951448918907e-04
2.369652637157850655e-03 -3.690301425972335094e-04
2.371423512422213709e-03 -3.908809779917189926e-04
2.370165001728283347e-03 -4.120816557220880784e-04
2.365944480002163917e-03 -4.326189331195714766e-04
2.358831827956524557e-03 -4.524808452166509051e-04
2.348899214945649599e-03 -4.716566782376781361e-04
2.336220886956507769e-03 -4.901369419411861399e-04
2.320872959969140503e-03 -5.079133409223259878e-04
2.302933218867654099e-03 -5.249787449813416449e-04
2.282480922062745960e-03 -5.413271586722595520e-04
2.259596611977053235e-03 -5.569536901253039143e-04
2.234361931505821075e-03 -5.718545192419659424e-04
2.206859446554104275e-03 -5.860268653693331744e-04
2.177172474719083275e-03 -5.994689545142796016e-04
2.145384920190046736e-03 -6.121799862298418467e-04
2.111581114896461664e-03 -6.241601002023596618e-04
2.075845665924602561e-03 -6.354103426655002395e-04
2.038263309214215658e-03 -6.459326326834503298e-04
1.998918769524140292e-03 -6.557297283993101297e-04
1.957896626644738906e-03 -6.648051932848782035e-04
1.915281187818443972e-03 -6.731633624953539978e-04
1.871156366312816573e-03 -6.808093093530643170e-04
1.825605566106605496e-03 -6.877488120351721388e-04
1.778711572590846142e-03 -6.939883205263258420e-04
1.730556449214115406e-03 -6.995349238493237844e-04
1.681221439993307084e-03 -7.043963176747510165e-04
1.630786877771968129e-03 -7.085807723085545606e-04
1.579332098130413215e-03 -7.120971011093710614e-04
1.526935358836418143e-03 -7.149546293853412202e-04
1.473673764706397160e-03 -7.171631637976290429e-04
1.419623197763508109e-03 -7.187329622733590068e-04
1.364858252559429577e-03 -7.196747045325435329e-04
1.309452176531008139e-03 -7.199994631502535302e-04
1.253476815238689819e-03 -7.197186752739988778e-04
1.197002562362993591e-03 -7.188441149412441895e-04
1.140098314320370926e-03 -7.173878660844618463e-04
1.082831429331964539e-03 -7.153622961731083765e-04
1.025267690807234828e-03 -7.127800305558539516e-04
9.674712749229890177e-04 -7.096539274806356722e-04
9.095047221993037218e-04 -7.059970538489758257e-04
8.514289129764320788e-04 -7.018226616506003605e-04
7.933030465876534168e-04 -6.971441651238642536e-04
7.351846241453567632e-04 -6.919751186520800785e-04
6.771294347393626203e-04 -6.863291953686203239e-04
6.191915449285733493e-04 -6.802201664986650504e-04
5.614232913651321299e-04 -6.736618814182536918e-04
5.038752764317066092e-04 -6.666682484470911685e-04
4.465963667356863658e-04 -6.592532163596928011e-04
3.896336942930740026e-04 -6.514307566078698236e-04
3.330326603390698073e-04 -6.432148462600016615e-04
2.768369415536002000e-04 -6.346194516534522717e-04
2.210884985990916012e-04 -6.256585127377513105e-04
1.658275868617140199e-04 -6.163459281002003388e-04
1.110927692379526323e-04 -6.066955407025402276e-04
5.692093085798809312e-05 -5.967211242423388915e-04
3.347295620861889809e-06 -5.864363702334966051e-04
-4.959455556341891809e-05 -5.758548756884954503e-04
-1.018726649787391500e-04 -5.649901314627985699e-04
-1.534566768062065132e-04 -5.538555112228724271e-04
-2.043178144759043118e-04 -5.424642610324605010e-04
-2.544288567685520572e-04 -5.308294895190292847e-04
-3.037641127692299221e-04 -5.189641586602793729e-04
-3.522993957253083529e-04 -5.068810751161109641e-04
-4.000119959828597467e-04 -4.945928821436054203e-04
-4.468806530323718613e-04 -4.821120520220532587e-04
-4.928855267715587544e-04 -4.694508790588747369e-04
-5.380081680585710501e-04 -4.566214730627122034e-04
-5.822314886707802761e-04 -4.436357533520500713e-04
-6.255397307099642588e-04 -4.305054432488488380e-04
-6.679184355079368805e-04 -4.172420649962581729e-04
-7.093544122129646478e-04 -4.038569352079664243e-04
-7.498357060029943672e-04 -3.903611607086834336e-04
-7.893515659892717112e-04 -3.767656348240992011e-04
-8.278924130320862830e-04 -3.630810340455382684e-04
-8.654498073631031446e-04 -3.493178151677857877e-04
-9.020164160565813903e-04 -3.354862127389610701e-04
-9.375859805946107220e-04 -3.215962368971631838e-04
-9.721532843607377707e-04 -3.076576715723516289e-04
-1.005714120263963502e-03 -2.936800730532341370e-04
-1.038265258371234801e-03 -2.796727687976612899e-04
-1.069804413895181520e-03 -2.656448566665094786e-04
-1.100330215116472653e-03 -2.516052043616667094e-04
-1.129842171738391996e-03 -2.375624492253975762e-04
-1.158340643503501244e-03 -2.235249982282952810e-04
-1.185826808868111881e-03 -2.095010283292065602e-04
-1.212302634408933110e-03 -1.954984869446985975e-04
-1.237770844246767346e-03 -1.815250927935251231e-04
-1.262234889972907751e-03 -1.675883368575246035e-04
-1.285698921056273401e-03 -1.536954836032125137e-04
-1.308167755568815684e-03 -1.398535724140947522e-04
-1.329646851480554334e-03 -1.260694192085697963e-04
-1.350142278134439013e-03 -1.123496181204855461e-04
-1.369660688860353283e-03 -9.870054356222112638e-05
-1.388209293170317073e-03 -8.512835234657321198e-05
-1.405795830308520337e-03 -7.163898572922139992e-05
-1.422428542864465940e-03 -5.823817209113795086e-05
-1.438116151014914249e-03 -4.493142919046572668e-05
-1.452867827280083244e-03 -3.172406703155533809e-05
-1.466693172168123975e-03 -1.862119045875968142e-05
-1.479602189775422374e-03 -5.627701954047641814e-06
-1.491605264320591904e-03 7.251695107408700700e-06
-1.502713137706000388e-03 2.001249398383628253e-05
-1.512936886270984868e-03 3.265038087276914917e-05
-1.522287899896138932e-03 4.516123212471056299e-05
-1.530777860318295863e-03 5.754111082907035091e-05
-1.538418720387913115e-03 6.978626369869771022e-05
-1.545222684542333150e-03 8.189311742639432921e-05
-1.551202188735503361e-03 9.385827572662246415e-05
-1.556369881999814051e-03 1.056785154232220067e-04
-1.560738607863582268e-03 1.173507833664870275e-04
-1.564321386506240669e-03 1.288721929386332050e-04
-1.567131397875919964e-03 1.402400204116385513e-04
-1.569181964874899167e-03 1.514517013396089306e-04
-1.570486536742601597e-03 1.625048273012571782e-04
-1.571058674599383909e-03 1.733971422392731419e-04
-1.570912035404334675e-03 1.841265390687367573e-04
-1.570060357765102558e-03 1.946910556316339396e-04
-1.568517448617192181e-03 2.050888719846832159e-04
-1.566297168552744376e-03 2.153183061680568776e-04
-1.563413419841978066e-03 2.253778113126623638e-04
-1.559880133741509654e-03 2.352659716988702568e-04
-1.555711258472763361e-03 2.449814995240638411e-04
-1.550920747296190760e-03 2.545232313933004512e-04
-1.545522548744882128e-03 2.638901247600744732e-04
-1.539530594794615362e-03 2.730812551125723396e-04
-1.532958791575115415e-03 2.820958117698923020e-04
-1.525821009044777202e-03 2.909330956381126106e-04
-1.518131072794124282e-03 2.995925148774327904e-04
-1.509902754137201937e-03 3.080735825133879653e-04
-1.501149762665830896e-03 3.163759124336163256e-04
-1.491885737936573478e-03 3.244992168904164455e-04
-1.482124241696186964e-03 3.324433032784807540e-04
-1.471878751067386918e-03 3.402080707464273180e-04
-1.461162651638580560e-03 3.477935077053416306e-04
-1.449989231005661267e-03 3.551996883797806396e-04
-1.438371672625122187e-03 3.624267700050325027e-04
-1.426323050108512566e-03 3.694749900847551279e-04
-1.413856322230845099e-03 3.763446636245398966e-04
-1.400984327198955080e-03 3.830361803275716785e-04
-1.387719778519030858e-03 3.895500013393066044e-04
-1.374075259880014419e-03 3.958866577748296374e-04
-1.360063222013381101e-03 4.020467468029558259e-04
-1.345695977675286700e-03 4.080309299387409024e-04
-1.330985699154549166e-03 4.138399304388073194e-04
-1.315944413861336792e-03 4.194745307054224001e-04
-1.300584002713424999e-03 4.249355692823087219e-04
-1.284916196032480059e-03 4.302239403372999735e-04
-1.268952571522485645e-03 4.353405894374459987e-04
-1.252704552133982515e-03 4.402865122150494744e-04
-1.236183403629343347e-03 4.450627523571927969e-04
-1.219400232916107232e-03 4.496703991134391254e-04
-1.202365986586377642e-03 4.541105855357650844e-04
-1.185091449012868649e-03 4.583844862004533729e-04
-1.167587241296451231e-03 4.624933156321768806e-04
-1.149863820321459732e-03 4.664383260102914169e-04
-1.131931477885145601e-03 4.702208059314831514e-04
-1.113800339330862530e-03 4.738420780380036656e-04
-1.095480364001499536e-03 4.773034975496242161e-04
-1.076981344037820226e-03 4.806064509191502305e-04
-1.058312904210971126e-03 4.837523537544576382e-04
-1.039484502284206656e-03 4.867426494737384850e-04
-1.020505428329453179e-03 4.895788079939996772e-04
-1.001384805383080017e-03 4.922623240582889217e-04
-9.821315893394754609e-04 4.947947160229648842e-04
-9.627545695010874746e-04 4.971775244682686331e-04
-9.432623689966158648e-04 4.994123109678129911e-04
-9.236634452079302239e-04 5.015006569768865139e-04
-9.039660904404951246e-04 5.034441625176948581e-04
-8.841784330072964722e-04 5.052444450880527477e-04
-8.643084372299055396e-04 5.069031389648875115e-04
-8.443639050603970629e-04 5.084218936805418986e-04
-8.243524764739248610e-04 5.098023736314740220e-04
-8.042816307666216663e-04 5.110462568962006276e-04
-7.841586873261584137e-04 5.121552343155828108e-04
-7.639908068957218783e-04 5.131310092853838805e-04
-7.437849923297440305e-04 5.139752965402869661e-04
-7.235480898578525687e-04 5.146898216742067881e-04
-7.032867901444268995e-04 5.152763207598932060e-04
-6.830076292145919031e-04 5.157365395719629934e-04
-6.627169897229303903e-04 5.160722332372702243e-04
-6.424211017666239983e-04 5.162851657776999521e-04
-6.221260437887109109e-04 5.163771099040426193e-04
-6.018377435150952266e-04 5.163498465381309750e-04
-5.815619788225923938e-04 5.162051648104986311e-04
-5.613043783264160848e-04 5.159448618998675089e-04
-5.410704217254174407e-04 5.155707426603553306e-04
-5.208654403255266047e-04 5.150846199821524935e-04
-5.006946171399751780e-04 5.144883144072224905e-04
-4.805629865290640310e-04 5.137836542658019874e-04
-4.604754338776931169e-04 5.129724758933666999e-04
-4.404366946446279475e-04 5.120566235206179409e-04
-4.204513529044626142e-04 5.110379493259664630e-04
-4.005238395408671783e-04 5.099183135177452319e-04
-3.806584292668636189e-04 5.086995839520638309e-04
-3.608592372252375502e-04 5.073836358659691761e-04
-3.411302141173206434e-04 5.059723510905540225e-04
-3.214751404993914665e-04 5.044676164816596460e-04
-3.018976187350806673e-04 5.028713218075251843e-04
-2.824010635854690252e-04 5.011853559164800107e-04
-2.629886900864010241e-04 4.994116011342019388e-04
-2.436634988316239850e-04 4.975519238454072322e-04
-2.244282580672020888e-04 4.956081607665162314e-04
-2.052854829330634230e-04 4.935820974594483943e-04
-1.862374129541516539e-04 4.914754360361853550e-04
-1.672859910441946887e-04 4.892897469115146903e-04
-1.484328511336611544e-04 4.870263998453449260e-04
-1.296793286306828095e-04 4.846864713075204776e-04
-1.110265138668708117e-04 4.822706352162917055e-04
-9.247536899485112472e-05 4.797790629686752521e-04
-7.402690553235757951e-05 4.772113799645775513e-04
-5.568237801595828421e-05 4.745667196159047843e-04
-3.744342353173443728e-05 4.718438671751412671e-04
-1.931210736488424328e-05 4.690414356063289051e-04
-1.290890013485012635e-06 4.661580134373874244e-04
1.661744384029307099e-05 4.631922605251775687e-04
3.440986094439574695e-05 4.601429574223482978e-04
5.208314418683461402e-05 4.570090234585777195e-04
6.963394264055533652e-05 4.537895175257738783e-04
8.705880764735016782e-05 4.504836306183480714e-04
1.043542179693775435e-04 4.470906749897511894e-04
1.215165973752115329e-04 4.436100727591369753e-04
1.385423253279665951e-04 4.400413449734163801e-04
1.554277442232753197e-04 4.363841019498816438e-04
1.721691629616563062e-04 4.326380350440615658e-04
1.887628585181573147e-04 4.288029096109804419e-04
2.052050753046207184e-04 4.248785591238111135e-04
2.214920236076964451e-04 4.208648804227882369e-04
2.376198768258938501e-04 4.167618298154935849e-04
2.535847678129286376e-04 4.125694201464346787e-04
2.693827843288145460e-04 4.082877187423881592e-04
2.850099644094214848e-04 4.039168457109688524e-04
3.004622906392940282e-04 3.994569732674105853e-04
3.157356842911925423e-04 3.949083253697504778e-04
3.308259988035293906e-04 3.902711779485506204e-04
3.457290128792058089e-04 3.855458598305902410e-04
3.604404233438983059e-04 3.807327539167604550e-04
3.749558371257477401e-04 3.758322989385987447e-04
3.892707631876288080e-04 3.708449917812438844e-04
4.033806041477419287e-04 3.657713903745278203e-04
4.172806469007604062e-04 3.606121167478114602e-04
4.309660531295157813e-04 3.553678610784920797e-04
4.444318493697611708e-04 3.500393858935753550e-04
4.576729162955554949e-04 3.446275309078494407e-04
4.706839776856174213e-04 3.391332187490485317e-04
4.834595888285490644e-04 3.335574608189265339e-04
4.959941240932928602e-04 3.279013642045625217e-04
5.082817642338879460e-04 3.221661392697409542e-04
5.203164826415386567e-04 3.163531078200293922e-04
5.320920309799191108e-04 3.104637123762930178e-04
5.436019243891964834e-04 3.044995258524125711e-04
5.548394256652668197e-04 2.984622628861864960e-04
5.657975283656524901e-04 2.923537916582294471e-04
5.764689395929633404e-04 2.861761468794341988e-04
5.868460614049031063e-04 2.799315443697885861e-04
5.969209715940622819e-04 2.736223966321692778e-04
6.066854030664014727e-04 2.672513298394666456e-04
6.161307225870560518e-04 2.608212025225531460e-04
6.252479081776358494e-04 2.543351259258917947e-04
6.340275254025377807e-04 2.477964861573349808e-04
6.424597021865205817e-04 2.412089683413066879e-04
6.505341029555597974e-04 2.345765828448831544e-04
6.582399007540732424e-04 2.279036940831740494e-04
6.655657485744012657e-04 2.211950516300426745e-04
6.724997489716410138e-04 2.144558241780061489e-04
6.790294222962510754e-04 2.076916366362858448e-04
6.851416735841864801e-04 2.009086100506154060e-04
6.908227576641280589e-04 1.941134055532587439e-04
6.960582424274995659e-04 1.873132718775080696e-04
7.008329715269852453e-04 1.805160968334955450e-04
7.051310246825370559e-04 1.737304632890904459e-04
7.089356767123931001e-04 1.669657104295293982e-04
7.122293548243049076e-04 1.602319988740943230e-04
7.149935949091217784e-04 1.535403823971618926e-04
7.172089958984975613e-04 1.469028851920213508e-04
7.188551728754211329e-04 1.403325847670025995e-04
7.199107096403582328e-04 1.338437024158906151e-04
7.203531091866559929e-04 1.274516995973676097e-04
7.201587443539982916e-04 1.211733815322986745e-04
7.193028072201476100e-04 1.150270091563774470e-04
7.177592581278208726e-04 1.090324179058937103e-04
7.155007752336035387e-04 1.032111437170856751e-04
7.124987036804251214e-04 9.758655834292591369e-05
7.087230061525845969e-04 9.218401083716372358e-05
7.041422134992309304e-04 8.703097569418694187e-05
6.987233779880837022e-04 8.215720835738794933e-05
6.924320275874290727e-04 7.759490430728200033e-05
6.852321226478638987e-04 7.337886256516586029e-05
6.770860146176431709e-04 6.954664931297396780e-05
6.679544079213243319e-04 6.613875925716341652e-05
6.577963219356877320e-04 6.319877149988772490e-05
6.465690563374290210e-04 6.077349113851291144e-05
6.342281538139306948e-04 5.891307477184221097e-05
6.207273618281177689e-04 5.767112606015105739e-05
6.060185846836959331e-04 5.710475168641665749e-05
5.900518254863512235e-04 5.727456355885315593e-05
5.727751057172984989e-04 5.824461218144666897e-05
5.541343515920685737e-04 6.008221912333073893e-05
5.340732303330780577e-04 6.285769492598045982e-05
5.125329145373545966e-04 6.664389553993557572e-05
4.894517421857008232e-04 7.151558450961816526e-05
4.647647306201249987e-04 7.754854283978504167e-05
4.384028858079951595e-04 8.481837022150513186e-05
4.102922411146844059e-04 9.339889379663733160e-05
3.803525082824744117e-04 1.033601048196913108e-04
3.484952296010086054e-04 1.147655000556290964e-04
3.146212469449504454e-04 1.276686996285045423e-04
2.786172684685193262e-04 1.421091820541298188e-04
2.403512343276481089e-04 1.581069313659648273e-04
1.996661217874575150e-04 1.756557629460964208e-04
1.563716758656676965e-04 1.947150226266037513e-04
1.102334525500880068e-04 2.151992955694438767e-04
6.095833042819021595e-05 2.369656242275508399e-04
8.175447519841573616e-06 2.597976065309288139e-04
-4.858890218183713379e-05 2.833855132236337690e-04
-1.099442221897029730e-04 3.073011820287090048e-04
-1.766792386078529112e-04 3.309659320788536745e-04
-2.498192952299920660e-04 3.536088518326961703e-04
-3.307028002319754574e-04 3.742115188659590947e-04
-4.210842210988850862e-04 3.914329977951894516e-04
-5.232750284171843163e-04 4.035057117028930372e-04
-6.403406714080319122e-04 4.080874718830347202e-04
-7.763831127535650127e-04 4.020467436819913473e-04
-9.369584534160691185e-04 3.811456241768512070e-04
-1.129715210268256251e-03 3.395656698586691359e-04
-1.365404628477929604e-03 2.691930295760606041e-04
-1.659537444268377286e-03 1.585396556526711201e-04
-2.035195869697099987e-03 -8.870747471422663066e-06
-2.527965706639605844e-03 -2.568548312845322489e-04
-3.194850962526143805e-03 -6.197844219727791613e-04
-4.130804891868490591e-03 -1.146293018341298367e-03
-5.499940463594039063e-03 -1.901261336253180691e-03
-7.594706382070970027e-03 -2.958005595947976827e-03
-1.094571715740630564e-02 -4.355524549783641730e-03
-1.651106961376313728e-02 -5.949976091531340716e-03
-2.594013621945183076e-02 -6.981809740939677079e-03
-4.169764339332295011e-02 -4.985545899791717778e-03
-6.610007918596656762e-02 6.433533006407664290e-03
-9.667846126158524678e-02 4.036704245813332176e-02
-1.144582578976399978e-01 1.142293519155282988e-01
-7.143178315701814718e-02 2.272530911761395100e-01
8.488922924800408609e-02 3.140697649314172502e-01
3.134599592466609796e-01 2.487027091551142211e-01
4.339363595734592183e-01 0.000000000000000000e+00
3.252433861215240363e-01 -2.547470835328801697e-01
9.845959097397728732e-02 -3.360438028444653336e-01
-7.194461197015902809e-02 -2.611779403220959028e-01
-1.330645971187295329e-01 -1.446628434653105810e-01
-1.243750423877687805e-01 -5.750864457194533597e-02
-9.297955736597857124e-02 -1.082784928462869611e-02
-6.305537144958092699e-02 8.336679199697747539e-03
-4.128277356602795545e-02 1.356343874253131479e-02
-2.707158223506609188e-02 1.309959971717270313e-02
-1.818053796793362570e-02 1.088359971512750830e-02
-1.265486851724019826e-02 8.495750779414397436e-03
-9.170200734838212728e-03 6.447956685996100550e-03
-6.911768790810670846e-03 4.831318626305075754e-03
-5.397051631832943536e-03 3.597121200472141924e-03
-4.342830703576143307e-03 2.665726680589153817e-03
-3.581606649931780469e-03 1.963291093143187862e-03
-3.012583764545233647e-03 1.430860775006926417e-03
-2.573689232493583945e-03 1.024062909240614503e-03
-2.225684183324637931e-03 7.102955629230267706e-04
-1.943077448899600520e-03 4.657881795753327598e-04
-1.708854491506690484e-03 2.731942630121843383e-04
-1.511360969513006990e-03 1.197871378457463160e-04
-1.342419784577181512e-03 -3.841444521494245638e-06
-1.196166598274827275e-03 -1.047052723082688916e-04
-1.068311985515902783e-03 -1.880767805313634665e-04
-9.556625671054433608e-04 -2.579499032020788761e-04
-8.558027338985519728e-04 -3.173701305012473738e-04
-7.668783264580360855e-04 -3.686720559210779997e-04
-6.874464783194097735e-04 -4.136520404399743702e-04
-6.163693780016238919e-04 -4.536952010664674568e-04
-5.527378529565860890e-04 -4.898698426163412660e-04
-4.958155799861186297e-04 -5.229984675434772370e-04
-4.449978740534557336e-04 -5.537117914218637246e-04
-3.997809107042602384e-04 -5.824902045181636501e-04
-3.597385729134249975e-04 -6.096959139005712642e-04
-3.245049254136770397e-04 -6.355980445880381451e-04
-2.937608685177399382e-04 -6.603923971364570635e-04
-2.672239552584882230e-04 -6.842170737262642279e-04
-2.446405913333061220e-04 -7.071648936263252080e-04
-2.257800548463720965e-04 -7.292933086313930103e-04
-2.104299057309652588e-04 -7.506323186258709052e-04
-1.983924620439804216e-04 -7.711908173352460816e-04
-1.894820840160465472e-04 -7.909616709399589374e-04
-1.835230936428647276e-04 -8.099257830607046798e-04
-1.803481665878970026e-04 -8.280553454767733412e-04
-1.797970922325276997e-04 -8.453164261031911788e-04
-1.817158101717952562e-04 -8.616710288850626875e-04
-1.859556630525288612e-04 -8.770787171398718943e-04
-1.923728034486701780e-04 -8.914978898763003526e-04
-2.008277276660957208e-04 -9.048867762732446147e-04
-2.111848930580377342e-04 -9.172041981632081961e-04
-2.233124035996844679e-04 -9.284101564645480878e-04
-2.370817443613031615e-04 -9.384662655214234209e-04
-2.523675498030872040e-04 -9.473360744991924168e-04
-2.690473964533839708e-04 -9.549852955601698633e-04
-2.870016152512197072e-04 -9.613819609624524917e-04
-3.061131100868144488e-04 -9.664965278792376742e-04
-3.262671905695929686e-04 -9.703019400209853332e-04
-3.473514074281478349e-04 -9.727736618058757450e-04
-3.692553910898846805e-04 -9.738896939108232509e-04
-3.918706946284282368e-04 -9.736305768707174957e-04
-4.150906388673586585e-04 -9.719793905686011006e-04
-4.388101615602157078e-04 -9.689217558596282262e-04
-4.629256707684933653e-04 -9.644458425494637638e-04
-4.873349036612780968e-04 -9.585423898990471292e-04
-5.119367941286222896e-04 -9.512047407654774774e-04
-5.366313502352702347e-04 -9.424288965524358448e-04
-5.613195463159879016e-04 -9.322135955347146284e-04
-5.859032318787013843e-04 -9.205604145223750387e-04
-6.102850651941774379e-04 -9.074739050273889721e-04
-6.343684766926464651e-04 -8.929617596153848662e-04
-6.580576709516442651e-04 -8.770350162627090287e-04
-6.812576792071003929e-04 -8.597083032394088869e-04
-7.038744764503760635e-04 -8.410001269248056858e-04
-7.258151829392827433e-04 -8.209332045412162486e-04
-7.469883770215803758e-04 -7.995348415308230726e-04
-7.673045530472364902e-04 -7.768373489190833533e-04
-7.866767732857947058e-04 -7.528784894124257443e-04
-8.050215783736010223e-04 -7.277019217287136223e-04
-8.222602408407584740e-04 -7.013575862096518929e-04
-8.383204722537412499e-04 -6.739019227072956314e-04
-8.531387014832013090e-04 -6.453977130562809326e-04
-8.666630100556987253e-04 -6.159131767234258745e-04
-8.788566377186419077e-04 -5.855197072550217489e-04
-8.897014884163541391e-04 -5.542873963390253884e-04
-8.992000871118332192e-04 -5.222776430257103971e-04
-9.073733536345276410e-04 -4.895335127412494191e-04
-9.142521569436958331e-04 -4.560713507635653875e-04
-9.198646354492901389e-04 -4.218785971863626321e-04
-9.242251081192675351e-04 -3.869190856029927931e-04
-9.273285876883500742e-04 -3.511419408704113303e-04
-9.291502888582092766e-04 -3.144897254216493898e-04
-9.296476307120926045e-04 -2.769041648158094551e-04
-9.287628683198136982e-04 -2.383297072159938439e-04
-9.264255248183914711e-04 -1.987156759720760816e-04
-9.225544031686172151e-04 -1.580176407881936536e-04
-9.170592037705993689e-04 -1.161984063203268594e-04
-9.098418425312444161e-04 -7.322884894584688652e-05
-9.007975686180621968e-04 -2.908872463996947915e-05
-8.898159648968961789e-04 1.623248264166554178e-05
-8.767818984065042266e-04 6.273463711445033484e-05
-8.615764736871209598e-04 1.104059317716848715e-04
-8.440780321658223652e-04 1.592217645509576718e-04
-8.241632337426089711e-04 2.091435055544344835e-04
-8.017082528742746229e-04 2.601171545750651263e-04
-7.765901170894328387e-04 3.120718906927137312e-04
-7.486882137694743020e-04 3.649185179126363801e-04
-7.178859926361184050e-04 4.185478142811226892e-04
-6.840728858065268491e-04 4.728287926556572641e-04
-6.471464693201132903e-04 5.276068876981948076e-04
-6.070148888548832639e-04 5.827020834392284462e-04
-5.635995689320045035e-04 6.379070048979412679e-04
-5.168382262033726976e-04 6.929849988368822411e-04
-4.666881994223376264e-04 7.476682376103470319e-04
-4.131301120156292994e-04 8.016558863629013373e-04
-3.561718715038468064e-04 8.546123825396637194e-04
-2.958530076519133383e-04 9.061658848802832053e-04
-2.322493414123874209e-04 9.559069627903097905e-04
-1.654779695975847043e-04 1.003387604537397471e-03
-9.570252674090238719e-05 1.048120642091193407e-03
-2.313869151535010316e-05 1.089579697105825563e-03
5.194013784492611426e-05 1.127199774407765080e-03
1.291970812710985239e-04 1.160378639214795565e-03
2.082260381575377255e-04 1.188479140066255567e-03
2.885461179227154682e-04 1.210832645203764775e-03
3.695964117161243856e-04 1.226743784839534699e-03
4.507313224163929052e-04 1.235496699383051029e-03
5.312167134212963677e-04 1.236363017121734024e-03
6.102271730287641381e-04 1.228611775621448257e-03
6.868447585984566606e-04 1.211521524741269226e-03
7.600596213329871174e-04 1.184394830752049689e-03
8.287729779887798845e-04 1.146575391607148556e-03
8.918029363089690752e-04 1.097467945662922509e-03
9.478937439740134710e-04 1.036561116793253100e-03
9.957290499307362968e-04 9.634532694944492916e-04
1.033949808391708544e-03 8.778813665595044903e-04
1.061177449317171097e-03 7.797527012498225172e-04
1.076042919237123413e-03 6.691792260457746526e-04
1.077222134835372760e-03 5.465140182000006487e-04
1.063478272596917558e-03 4.123891753059920383e-04
1.033711152700982809e-03 2.677541700549818538e-04
9.870137154944437670e-04 1.139133594508774205e-04
9.227352578855027142e-04 -4.743904445381029325e-05
8.405506391586496390e-04 -2.141886424661064415e-04
7.405341136652016489e-04 -3.837777299587625656e-04
6.232357417766735920e-04 -5.531924482490363981e-04
4.897575194927740547e-04 -7.189637514494090801e-04
3.418254072491112524e-04 -8.771861744802198369e-04
1.818523846370596496e-04 -1.023558792194103218e-03
1.298652200903093173e-05 -1.153452954796169985e-03
-1.608630580343160896e-04 -1.262011439101835136e-03
-3.350305479098994671e-04 -1.344283339941511075e-03
-5.041371750761842237e-04 -1.395398309686256191e-03
-6.621837939541118725e-04 -1.410782489049058376e-03
-8.027017159088282701e-04 -1.386416493511838290e-03
-9.189701584636489600e-04 -1.319133047750804724e-03
-1.004306532422889362e-03 -1.206948092317011246e-03
-1.052432154405123950e-03 -1.049414426736831234e-03
-1.057910538108206445e-03 -8.479811303101163602e-04
-1.016647933453427915e-03 -6.063352293598628633e-04
-9.264361165776763231e-04 -3.306946463311860292e-04
-7.875056685368235325e-04 -3.001380908241517258e-05
-6.030445440057208501e-04 2.839437608516422575e-04
-3.796225093919236939e-04 5.967169384419518169e-04
-1.274485524903047574e-04 8.914958319350222435e-04
1.396221298692638339e-04 1.149758365463007369e-03
4.044193870472963855e-04 1.352234877914640625e-03
6.472099372603799198e-04 1.480221241568183740e-03
8.469322823440824689e-04 1.517229392853056656e-03
9.829386737580116627e-04 1.450919076347912534e-03
1.037207172886616107e-03 1.275195788832797928e-03
9.969021305869679196e-04 9.922892984630200721e-04
8.570553938804389114e-04 6.145499864434871571e-04
6.230218148014689955e-04 1.656263457222056543e-04
3.122479615311156138e-04 -3.193685855529912357e-04
-4.519107444316298669e-05 -7.951104278618288885e-04
-4.078487811985037691e-04 -1.209096239656295025e-03
-7.264265429669729919e-04 -1.506675344315912008e-03
-9.497758262980889044e-04 -1.638037909118281047e-03
-1.033172096693985020e-03 -1.566732835984858095e-03
-9.480355106511520729e-04 -1.278781798447569014e-03
-6.915362088107930658e-04 -7.908878726825912218e-04
-2.938007577834636768e-04 -1.557140606008273012e-04
1.800308775759726886e-04 5.380898662583570970e-04
6.354900706899760648e-04 1.173180320606994958e-03
9.655050395687174089e-04 1.622178937633987541e-03
1.074960631699969265e-03 1.772591096967800119e-03
