9.148524585603555123e-03 -1.547488352209593163e-03
8.908311887162954565e-03 -1.508182946771549236e-03
8.333738605618623216e-03 -1.421890846071611515e-03
7.465455704970957659e-03 -1.294123830017227580e-03
6.353871901117792882e-03 -1.131484235581286992e-03
5.059180921701831972e-03 -9.418271665455372425e-04
3.640709560096435163e-03 -7.327630783864509667e-04
2.155645004937218039e-03 -5.115894073367662160e-04
6.573971127950570346e-04 -2.851426967712298536e-04
-8.057646173407098482e-04 -5.966927657354221311e-05
-2.191702039148564398e-03 1.592705086575371091e-04
-3.465029160865513731e-03 3.668636509070032515e-04
-4.597396266368699788e-03 5.590744450962958738e-04
-5.567483625975197699e-03 7.326473999206965012e-04
-6.360755796894003097e-03 8.850877742263143578e-04
-6.969027815840292059e-03 1.014624342884388845e-03
-7.389892137571713905e-03 1.120158696956831228e-03
-7.626050983770235950e-03 1.201204965488917101e-03
-7.684593543588269862e-03 1.257823371555399656e-03
-7.576251735068541618e-03 1.290550542512286080e-03
-7.314662388671528542e-03 1.300329010005525296e-03
-6.915658038706347897e-03 1.288437876551253806e-03
-6.396603208053895130e-03 1.256426203496502792e-03
-5.775788278335918999e-03 1.206050296226389949e-03
-5.071888826935846278e-03 1.139215729495443715e-03
-4.303494714865728835e-03 1.057924669034099405e-03
-3.488710222334538268e-03 9.642288036371933838e-04
-2.644824124367251353e-03 8.601880020556914577e-04
-1.788046732500760735e-03 7.478346476819720291e-04
-9.333095455543747926e-04 6.291434773128036246e-04
-9.412219246300685348e-05 5.060066540912419239e-04
7.175192485947415929e-04 3.802137349869403552e-04
1.491178768290278957e-03 2.534361459651221006e-04
2.217988048576488482e-03 1.272157496452480522e-04
2.890621318050701997e-03 2.957077416353512010e-06
3.503243284583803640e-03 -1.180772023719014237e-04
4.051435600032719624e-03 -2.347679990346392327e-04
4.532106851683787019e-03 -3.461390988986455400e-04
4.943390573048569298e-03 -4.513544287818957337e-04
5.284535246274525873e-03 -5.497136366902713196e-04
5.555789748465387971e-03 -6.406463140872478874e-04
5.758287189027531429e-03 -7.237051540957338373e-04
5.893929605459175859e-03 -7.985583096671361111e-04
5.965275538279571875e-03 -8.649811858312742149e-04
5.975432096956878429e-03 -9.228478711877273954e-04
5.927952760394319780e-03 -9.721223862361334225e-04
5.826741828737224543e-03 -1.012849900262175916e-03
5.675966157577856316e-03 -1.045148044497224565e-03
5.479974559625398409e-03 -1.069198427268132703e-03
5.243225050406222394e-03 -1.085238436888812108e-03
4.970219940893833878e-03 -1.093553400115112196e-03
4.665448638146650964e-03 -1.094469148038365895e-03
4.333337901906499610e-03 -1.088345027250590350e-03
3.978209217500051735e-03 -1.075567381874719492e-03
3.604242880162177205e-03 -1.056543521498328310e-03
3.215448340071862688e-03 -1.031696181052422102e-03
2.815640328123319210e-03 -1.001458471106134130e-03
2.408420267162157506e-03 -9.662693107702815393e-04
1.997162469680362120e-03 -9.265693302903975966e-04
1.585004628668198762e-03 -8.827972263307155062e-04
1.174842121543166968e-03 -8.353865497900773160e-04
7.693256661219808820e-04 -7.847629036318711990e-04
3.708618910398806044e-04 -7.313415265472522414e-04
-1.838359042630349386e-05 -6.755252372092713847e-04
-3.964809855724163207e-04 -6.177027133213841949e-04
-7.617293591979118093e-04 -5.582470795401422645e-04
-1.112648224736666712e-03 -4.975147785847303323e-04
-1.447967982058224979e-03 -4.358447003698764704e-04
-1.766619465059228629e-03 -3.735575447561640078e-04
-2.067722833831287573e-03 -3.109553944519098494e-04
-2.350576019164407528e-03 -2.483214756823997975e-04
-2.614642901625635618e-03 -1.859200854221325382e-04
-2.859541383587820961e-03 -1.239966652345015415e-04
-3.085031490426939308e-03 -6.277800305275530162e-05
-3.291003616714763703e-03 -2.472545542640033206e-06
-3.477467014607466857e-03 5.672919501010365148e-05
-3.644538604723736482e-03 1.146541540612176443e-04
-3.792432174569859964e-03 1.711461619367644037e-04
-3.921448015945784744e-03 2.260653370385287979e-04
-4.031963040654539150e-03 2.792874362742857656e-04
-4.124421403154309926e-03 3.307031727543125453e-04
-4.199325649439960423e-03 3.802175097496066970e-04
-4.257228403322102332e-03 4.277489389235932101e-04
-4.298724594280808886e-03 4.732287499291631646e-04
-4.324444225110641270e-03 5.166002976045890645e-04
-4.335045672553335117e-03 5.578182722098747222e-04
-4.331209509935609291e-03 5.968479774122873501e-04
-4.313632837407102398e-03 6.336646200591974920e-04
-4.283024102627978023e-03 6.682526151640991695e-04
-4.240098392600890470e-03 7.006049089722344659e-04
-4.185573175717266850e-03 7.307223224679933356e-04
-4.120164471919415816e-03 7.586129172310969362e-04
-4.044583428109882646e-03 7.842913851402672290e-04
-3.959533275512441310e-03 8.077784630580201949e-04
-3.865706645553814835e-03 8.291003733072361843e-04
-3.763783220946940143e-03 8.482882904630992043e-04
-3.654427698980078267e-03 8.653778347327059899e-04
-3.538288044499800222e-03 8.804085919761769040e-04
-3.415994010710189568e-03 8.934236602334039330e-04
-3.288155906646309315e-03 9.044692224550567386e-04
-3.155363591007122152e-03 9.135941450010179148e-04
-3.018185672918189972e-03 9.208496013492933376e-04
-2.877168901128597349e-03 9.262887203637106773e-04
-2.732837724110035067e-03 9.299662583877255561e-04
-2.585694004500340999e-03 9.319382943692787295e-04
-2.436216872313598687e-03 9.322619471723910672e-04
-2.284862702312499307e-03 9.309951141933601711e-04
-2.132065201898210652e-03 9.281962303751515198e-04
-1.978235596806928159e-03 9.239240466974956009e-04
-1.823762902810159136e-03 9.182374272118594459e-04
-1.669014272500117654e-03 9.111951636910751865e-04
-1.514335407082033347e-03 9.028558069698862463e-04
-1.360051023897540555e-03 8.932775140637924487e-04
-1.206465371178916260e-03 8.825179101696668284e-04
-1.053862782262515643e-03 8.706339646726859137e-04
-9.025082621713821510e-04 8.576818803054496324e-04
-7.526481001329894324e-04 8.437169946328124158e-04
-6.045105022082102909e-04 8.287936930617539064e-04
-4.583062387715614548e-04 8.129653326067318901e-04
-3.142293021222550189e-04 7.962841756691370820e-04
-1.724575699985305723e-04 7.788013331227110290e-04
-3.315347122709232596e-05 7.605667160263326898e-04
1.035353498316752695e-04 7.416289953192246442e-04
2.374753729893743165e-04 7.220355688826120191e-04
3.685465486710458576e-04 7.018325353869295583e-04
4.966416533428790695e-04 6.810646743697669481e-04
6.216656558721528987e-04 6.597754320247978038e-04
7.435350964849247882e-04 6.380069122080633077e-04
8.621774797328927292e-04 6.157998721984446434e-04
9.775306826501149304e-04 5.931937227765401131e-04
1.089542379072109190e-03 5.702265322126498850e-04
1.198169480895655992e-03 5.469350337812084288e-04
1.303377596887245454e-03 5.233546364446063984e-04
1.405140509500465507e-03 4.995194383708445336e-04
1.503439670021939050e-03 4.754622429739898412e-04
1.598263712237752441e-03 4.512145771882914314e-04
1.689607984709195565e-03 4.268067117074318727e-04
1.777474101651144341e-03 4.022676829386993965e-04
1.861869512318632116e-03 3.776253164419229348e-04
1.942807088732217491e-03 3.529062516407308753e-04
2.020304731512771040e-03 3.281359676090613584e-04
2.094384993537943673e-03 3.033388097529269851e-04
2.165074721083583807e-03 2.785380172212499747e-04
2.232404712075612349e-03 2.537557508949189831e-04
2.296409391045999091e-03 2.290131218135849870e-04
2.357126500352663568e-03 2.043302199160270023e-04
2.414596807209262296e-03 1.797261429757924535e-04
2.468863826043990115e-03 1.552190256309381872e-04
2.519973555700686426e-03 1.308260684116002617e-04
2.567974230984386777e-03 1.065635666819298995e-04
2.612916088045332159e-03 8.244693941725014254e-05
2.654851143095027753e-03 5.849075775130277584e-05
2.693832983948461508e-03 3.470877323117954518e-05
2.729916573884796221e-03 1.111394572471890128e-05
2.763158067324325735e-03 -1.228152906253239052e-05
2.793614636835105736e-03 -3.546619250825822447e-05
2.821344310971585657e-03 -5.842929646543255852e-05
2.846405822476117363e-03 -8.116077715442541010e-05
2.868858466360666836e-03 -1.036512295840549743e-04
2.888761967431575060e-03 -1.258918825253351912e-04
2.906176356794473205e-03 -1.478745740503318879e-04
2.921161856914134512e-03 -1.695917276609962060e-04
2.933778774803903928e-03 -1.910363290043988710e-04
2.944087402939592896e-03 -2.122019031984330060e-04
2.952147927502931247e-03 -2.330824927607909000e-04
2.958020343569504884e-03 -2.536726361540430513e-04
2.961764376883472324e-03 -2.739673469417673222e-04
2.963439411851721134e-03 -2.939620935578384940e-04
2.963104425433582718e-03 -3.136527796834416007e-04
2.960817926573365046e-03 -3.330357252253746255e-04
2.956637900900473820e-03 -3.521076479033259285e-04
2.950621760356735099e-03 -3.708656454186912100e-04
2.942826297485743019e-03 -3.893071782009239925e-04
2.933307644107352105e-03 -4.074300527467004203e-04
2.922121234117269154e-03 -4.252324055030739331e-04
2.909321770136648333e-03 -4.427126873026920265e-04
2.894963193800811300e-03 -4.598696483499546813e-04
2.879098659462844649e-03 -4.767023237280589715e-04
2.861780511056828766e-03 -4.932100194051998888e-04
2.843060261944952392e-03 -5.093922987656253083e-04
2.822988577572642724e-03 -5.252489695977591473e-04
2.801615260676041871e-03 -5.407800715620458224e-04
2.778989238952494015e-03 -5.559858641434225601e-04
2.755158554949592095e-03 -5.708668149863913672e-04
2.730170358050297823e-03 -5.854235886948338293e-04
2.704070898446122879e-03 -5.996570360095457904e-04
2.676905522851210934e-03 -6.135681834396477944e-04
2.648718671914135868e-03 -6.271582231668931156e-04
2.619553879179702290e-03 -6.404285033909278609e-04
2.589453771470249903e-03 -6.533805189991127383e-04
2.558460070556693982e-03 -6.660159025096700240e-04
2.526613596082452964e-03 -6.783364154018384478e-04
2.493954269532840107e-03 -6.903439396493129491e-04
2.460521119275364127e-03 -7.020404695643616983e-04
2.426352286511973978e-03 -7.134281039211742923e-04
2.391485032056908829e-03 -7.245090381934394305e-04
2.355955743934572653e-03 -7.352855571609486895e-04
2.319799945617475809e-03 -7.457600275612062896e-04
2.283052304978384385e-03 -7.559348909620560754e-04
2.245746643732749685e-03 -7.658126567851988647e-04
2.207915947535471490e-03 -7.753958954404764452e-04
2.169592376421368603e-03 -7.846872314688331995e-04
2.130807275712131698e-03 -7.936893369221993243e-04
2.091591187438116093e-03 -8.024049245111141999e-04
2.051973861946785986e-03 -8.108367410373341433e-04
2.011984269971795868e-03 -8.189875605006077027e-04
1.971650614932754595e-03 -8.268601774568049012e-04
1.931000345648044032e-03 -8.344573997099975597e-04
1.890060169228857971e-03 -8.417820416631506975e-04
1.848856064384733289e-03 -8.488369164956351912e-04
1.807413294827236311e-03 -8.556248287611406935e-04
1.765756423317749180e-03 -8.621485663453600130e-04
1.723909325896148641e-03 -8.684108919860110019e-04
1.681895206504972935e-03 -8.744145343469078742e-04
1.639736612271444410e-03 -8.801621784854947016e-04
1.597455449305803946e-03 -8.856564555531526743e-04
1.555072999280626353e-03 -8.908999316580505212e-04
1.512609936874233837e-03 -8.958950958534582683e-04
1.470086348545053285e-03 -9.006443468359321856e-04
1.427521752626636532e-03 -9.051499786065393943e-04
1.384935121344334653e-03 -9.094141643755199135e-04
1.342344905323440002e-03 -9.134389391210928806e-04
1.299769061058410596e-03 -9.172261802110512037e-04
1.257225082527351542e-03 -9.207775861721531445e-04
1.214730037835510786e-03 -9.240946535616069392e-04
1.172300612698022777e-03 -9.271786521171077825e-04
1.129953162620079676e-03 -9.300305985297886496e-04
1.087703776336688922e-03 -9.326512302621501119e-04
1.045568353901152932e-03 -9.350409808362928742e-04
1.003562702979670946e-03 -9.371999609180982349e-04
9.617026577155359402e-04 -9.391279506359812793e-04
9.200042235083766111e-04 -9.408244132522050693e-04
8.784837483517176152e-04 -9.422885450173720551e-04
8.371581146977680578e-04 -9.435193813844314995e-04
7.960449324471789148e-04 -9.445159833759414871e-04
7.551626939866330030e-04 -9.452777215868413954e-04
7.145308325810421999e-04 -9.458046531816315713e-04
6.741696229222262412e-04 -9.460979437900536148e-04
6.340998983132087059e-04 -9.461602417002769067e-04
5.943426281636940032e-04 -9.459959038982503413e-04
5.549184579495723083e-04 -9.456110233981599930e-04
5.158473167656673491e-04 -9.450132833691226274e-04
4.771481493508938410e-04 -9.442117120567214503e-04
4.388387750551766566e-04 -9.432164134078918800e-04
4.009358446045664572e-04 -9.420383218306589874e-04
3.634548592104597589e-04 -9.406890013708254150e-04
3.264102231398288397e-04 -9.391804917668318629e-04
2.898153107484562801e-04 -9.375251952915386166e-04
2.536825365364722890e-04 -9.357357960548519588e-04
2.180234221401546155e-04 -9.338252040395169425e-04
1.828486579493456628e-04 -9.318065169965159943e-04
1.481681580217152148e-04 -9.296929958743612495e-04
1.139911086379379062e-04 -9.274980495841651318e-04
8.032601058121445589e-05 -9.252352269388030908e-04
4.718071631020911093e-05 -9.229182138165221072e-04
1.456246225407017286e-05 -9.205608339877972878e-04
-1.752210302252490428e-05 -9.181770530097884547e-04
-4.906689429285626084e-05 -9.157809840795452187e-04
-8.006636822785574779e-05 -9.133868958501590012e-04
-1.105155046805916645e-04 -9.110092215963254414e-04
-1.404097902862179535e-04 -9.086625695872932061e-04
-1.697452043218041677e-04 -9.063617344754578342e-04
-1.985182062490783756e-04 -9.041217095656331644e-04
-2.267257251299984410e-04 -9.019577001282485596e-04
-2.543651503210374049e-04 -8.998851373902509851e-04
-2.814343236902219813e-04 -8.979196934881237581e-04
-3.079315330611944184e-04 -8.960772971552860610e-04
-3.338555068798217335e-04 -8.943741503884977424e-04
-3.592054098333585755e-04 -8.928267460818888621e-04
-3.839808396859324051e-04 -8.914518866194349068e-04
-4.081818249795332284e-04 -8.902667034448403724e-04
-4.318088237833884514e-04 -8.892886778543918807e-04
-4.548627234002178168e-04 -8.885356629385110288e-04
-4.773448408541996254e-04 -8.880259069056338928e-04
-4.992569244873214457e-04 -8.877780777544363360e-04
-5.206011563327483807e-04 -8.878112894798244033e-04
-5.413801556767021579e-04 -8.881451300647415443e-04
-5.615969832323360793e-04 -8.887996911085534277e-04
-5.812551466307664793e-04 -8.897955996001764498e-04
-6.003586066957282159e-04 -8.911540516273483512e-04
-6.189117849169696204e-04 -8.928968485807291331e-04
-6.369195719911031417e-04 -8.950464357559835245e-04
-6.543873376972324631e-04 -8.976259439447847356e-04
-6.713209417683563230e-04 -9.006592337849905500e-04
-6.877267463199027370e-04 -9.041709434014934656e-04
-7.036116298173583508e-04 -9.081865399483850026e-04
-7.189830023133507615e-04 -9.127323747927654825e-04
-7.338488224086193393e-04 -9.178357429742884125e-04
-7.482176165458728637e-04 -9.235249475400758102e-04
-7.620984997717730183e-04 -9.298293690970694950e-04
-7.755011987987857564e-04 -9.367795407956132575e-04
-7.884360775314298419e-04 -9.444072296178898868e-04
-8.009141655480148678e-04 -9.527455244746777310e-04
-8.129471890504238150e-04 -9.618289320064381384e-04
-8.245476053195891766e-04 -9.716934802870111527e-04
-8.357286410506745578e-04 -9.823768319145269323e-04
-8.465043344432986692e-04 -9.939184070455698780e-04
-8.568895817283936475e-04 -1.006359517478054837e-03
-8.669001891759327153e-04 -1.019743512986544557e-03
-8.765529304735485312e-04 -1.034115941128695105e-03
-8.858656106525851417e-04 -1.049524722101138029e-03
-8.948571374766509275e-04 -1.066020340160130954e-03
-9.035476007606333933e-04 -1.083656053309887653e-03
-9.119583609450974179e-04 -1.102488123537105017e-03
-9.201121485995411488e-04 -1.122576069607498280e-03
-9.280331757752523008e-04 -1.143982945140749720e-03
-9.357472606114865038e-04 -1.166775644834856839e-03
-9.432819686090328486e-04 -1.191025241771542526e-03
-9.506667707204556313e-04 -1.216807359807777194e-03
-9.579332225033255566e-04 -1.244202585018894464e-03
-9.651151671602615492e-04 -1.273296920412519788e-03
-9.722489652232757561e-04 -1.304182289841167644e-03
-9.793737556293886665e-04 -1.336957096487235031e-03
-9.865317534975815133e-04 -1.371726842548715453e-03
-9.937685891564889112e-04 -1.408604818220731986e-03
-1.001133696735022945e-03 -1.447712867716818190e-03
-1.008680757940286568e-03 -1.489182242718679059e-03
-1.016468213333559774e-03 -1.533154554429422842e-03
-1.024559848873113051e-03 -1.579782835831136786e-03
-1.033025474202922504e-03 -1.629232729802253341e-03
-1.041941703992451578e-03 -1.681683818247793963e-03
-1.051392866207909388e-03 -1.737331111981085157e-03
-1.061472053358290379e-03 -1.796386721830312179e-03
-1.072282346554994910e-03 -1.859081735244843365e-03
-1.083938243439791114e-03 -1.925668326625218580e-03
-1.096567326225408347e-03 -1.996422133295726754e-03
-1.110312216873686345e-03 -2.071644932193053307e-03
-1.125332871547542624e-03 -2.151667660516586207e-03
-1.141809281773773291e-03 -2.236853825770768623e-03
-1.159944661895266887e-03 -2.327603359614007113e-03
-1.179969220925330877e-03 -2.424356978955008544e-03
-1.202144632823466631e-03 -2.527601120934095617e-03
-1.226769354592871075e-03 -2.637873534692814544e-03
-1.254184963932847155e-03 -2.755769615635352519e-03
-1.284783735236718141e-03 -2.881949585735673908e-03
-1.319017718159985275e-03 -3.017146630452740858e-03
-1.357409647584966513e-03 -3.162176118039618927e-03
-1.400566091785225261e-03 -3.317946034372699568e-03
-1.449193339227701363e-03 -3.485468782584653143e-03
-1.504116648793847860e-03 -3.665874495837254023e-03
-1.566303647178229419e-03 -3.860426015702773852e-03
-1.636892837253513949e-03 -4.070535682350523432e-03
-1.717228445707814303e-03 -4.297784051443255711e-03
-1.808903121421688185e-03 -4.543940605686479055e-03
-1.913810422537092718e-03 -4.810986444784520581e-03
-2.034209482102919148e-03 -5.101138793013769955e-03
-2.172804917444819735e-03 -5.416876926369707662e-03
-2.332845808832006637e-03 -5.760968791248479923e-03
-2.518248595273418940e-03 -6.136497029853441205e-03
-2.733749957251631856e-03 -6.546882353106256436e-03
-2.985097415799390502e-03 -6.995900994579348775e-03
-3.279287269528811249e-03 -7.487691231201339635e-03
-3.624861906331273108e-03 -8.026741389949300712e-03
-4.032281484259422032e-03 -8.617847990357948088e-03
-4.514388337623625493e-03 -9.266027216614349318e-03
-5.086986391999687857e-03 -9.976354946486713435e-03
-5.769561953502265299e-03 -1.075369916045814354e-02
-6.586175961501804926e-03 -1.160229207678210687e-02
-7.566560312628639075e-03 -1.252506582767140032e-02
-8.747449678962224140e-03 -1.352264237850744899e-02
-1.017417238550515426e-02 -1.459182151079460414e-02
-1.190250241792895243e-02 -1.572334651560779867e-02
-1.400072965255824697e-02 -1.689863993945073251e-02
-1.655181895369689168e-02 -1.808508746031530987e-02
-1.965537383266860103e-02 -1.922930497837712499e-02
-2.342885317841325588e-02 -2.024765904197876887e-02
-2.800704702819292041e-02 -2.101315019186552474e-02
-3.353810921096311154e-02 -2.133767600930092795e-02
-4.017335717426458175e-02 -2.094880367733124166e-02
-4.804646388555697950e-02 -1.946077048535783949e-02
-5.723552125834634879e-02 -1.634096823409582344e-02
-6.769890228636117613e-02 -1.087646121590049413e-02
-7.917356989107311727e-02 -2.151315622848172342e-03
-9.102428793531275319e-02 1.094381887934196135e-02
-1.020379501756187718e-01 2.963212528749844393e-02
-1.101759875383305221e-01 5.504210349348764852e-02
-1.123401449682511488e-01 8.779170108553106811e-02
-1.042841251461875396e-01 1.272878532087575454e-01
-8.091664738043444216e-02 1.707255380524046184e-01
-3.735444985744899166e-02 2.119531085535447390e-01
2.891858034942854788e-02 2.407293546154867792e-01
1.147725788725247470e-01 2.433874628747482449e-01
2.079623292608164253e-01 2.062223413862630528e-01
2.858955183673945188e-01 1.222992381522798322e-01
3.201485569790373797e-01 0.000000000000000000e+00
2.887027642382349879e-01 -1.322085189041920239e-01
1.918730534148679612e-01 -2.323203920068692696e-01
6.016056694660873450e-02 -2.649276898152824744e-01
-5.767917213591233772e-02 -2.240123238144644813e-01
-1.228609488435453562e-01 -1.384899841927015318e-01
-1.287906441812493585e-01 -5.216041225051905317e-02
-9.776113928727227231e-02 4.839715302876076292e-03
-5.865408240869381812e-02 2.798009646734054764e-02
-2.881494836763484613e-02 2.912989318845917580e-02
-1.173246099650964054e-02 2.183243794013925432e-02
-3.897918449093282743e-03 1.402548560775419145e-02
-9.778283366473350391e-04 8.350362874206018401e-03
-1.408031716790763372e-04 4.833064376695122774e-03
-1.494336957168823014e-05 2.801818982559187848e-03
-6.398783823922715762e-05 1.652888215911534455e-03
-1.183684836511825417e-04 9.981295053768692027e-04
-1.401151401273910641e-04 6.177531313045691794e-04
-1.286948260088980516e-04 3.922464646724068468e-04
-8.982536423327621821e-05 2.550959513648190600e-04
-2.810414166646615626e-05 1.657901403570152051e-04
5.237237391096293481e-05 9.597834987268459767e-05
1.453640392661338686e-04 2.357796310683386246e-05
2.403833392269182491e-04 -6.834025228340307085e-05
3.224126947401744088e-04 -1.902045970426115274e-04
3.737637631123568263e-04 -3.441464166427317438e-04
3.774727431531922574e-04 -5.233177689983372618e-04
3.210206168295458144e-04 -7.130741599381449324e-04
1.991348717181852198e-04 -8.938549303425050987e-04
1.489747233412567248e-05 -1.044937230390641583e-03
-2.209494494143030149e-04 -1.148047613701269620e-03
-4.920605904374946880e-04 -1.190032264674767935e-03
-7.792046947219119718e-04 -1.164208749901401302e-03
-1.062959613751605567e-03 -1.070433175148328758e-03
-1.325900307029793381e-03 -9.141907038550248828e-04
-1.554045734162061649e-03 -7.051231739027637082e-04
-1.737546354189538778e-03 -4.553818881005965722e-04
-1.870734348011408518e-03 -1.780949275117839630e-04
-1.951721500842819703e-03 1.138798194274843610e-04
-1.981734278737555359e-03 4.088487755740845145e-04
-1.964345602240454708e-03 6.968310675225607544e-04
-1.904719212832157744e-03 9.698123371524984288e-04
-1.808938700343532685e-03 1.221773199857919493e-03
-1.683456999578063391e-03 1.448562734221183011e-03
-1.534675761070513787e-03 1.647678769571792219e-03
-1.368647172854414121e-03 1.818003578401586285e-03
-1.190881466264390783e-03 1.959530278351829125e-03
-1.006239934657237158e-03 2.073102995739318968e-03
-8.188930181385939335e-04 2.160184491814593280e-03
-6.323252512386207157e-04 2.222657543580481253e-03
-4.493716514835515178e-04 2.262661591417049894e-03
-2.722734255653765719e-04 2.282462987987781289e-03
-1.027437510463345552e-04 2.284355450909896293e-03
5.796300125524928232e-05 2.270586492932239082e-03
2.089831212051776639e-04 2.243305440647241043e-03
3.497794464409397040e-04 2.204528885040885067e-03
4.800829142898655529e-04 2.156119809344056795e-03
5.998406335708482678e-04 2.099777191155341709e-03
7.091706458599033886e-04 2.037033356293361727e-03
8.083231848807811547e-04 1.969256939513131313e-03
8.976479913227259537e-04 1.897659683192755298e-03
9.775671069097958358e-04 1.823305730825163732e-03
1.048552518178693868e-03 1.747122400187698993e-03
1.111108018702290775e-03 1.669911652105104775e-03
1.165754690079441689e-03 1.592361711594359863e-03
1.213019435211496475e-03 1.515058450773988348e-03
1.253426072873567833e-03 1.438496266896748020e-03
1.287488551731093365e-03 1.363088291661775824e-03
1.315705903039774815e-03 1.289175838728816260e-03
1.338558605772757586e-03 1.217037046280280196e-03
1.356506085538621486e-03 1.146894707445683280e-03
1.369985124486236419e-03 1.078923311943882045e-03
1.379408976764221091e-03 1.013255335264401326e-03
1.385167041213154066e-03 9.499868329410070689e-04
1.387624959167290360e-03 8.891823734850595826e-04
1.387125024479346838e-03 8.308793846826816216e-04
1.383986828428405329e-03 7.750919588886991249e-04
1.378508066008848421e-03 7.218141773229567581e-04
1.370965450138492050e-03 6.710229969606440990e-04
1.361615690867035069e-03 6.226807543870498118e-04
1.350696502476370813e-03 5.767373269473873671e-04
1.338427615098476383e-03 5.331319882675123693e-04
1.325011769214599639e-03 4.917950025494485572e-04
1.310635677536696117e-03 4.526489782643111312e-04
1.295470941343369962e-03 4.156100230679525640e-04
1.279674912316883023e-03 3.805887135206598832e-04
1.263391496316686961e-03 3.474909114085871593e-04
1.246751889799855044e-03 3.162184435215402954e-04
1.229875244755508461e-03 2.866696658227174113e-04
1.212869263115883781e-03 2.587399226027019359e-04
1.195830714290391965e-03 2.323219255223351633e-04
1.178845871907900243e-03 2.073060567568493122e-04
1.161990868707644996e-03 1.835806183605102307e-04
1.145331966462851021e-03 1.610320392709476854e-04
1.128925732484821519e-03 1.395450506399101591e-04
1.112819123229869802e-03 1.190028528920329421e-04
1.097049466507757452e-03 9.928729048181546767e-05
1.081644339730486242e-03 8.027905832152659878e-05
1.066621340565764627e-03 6.185797143911537512e-05
1.051987758682087527e-03 4.390333461851368680e-05
1.037740152133666879e-03 2.629445672303404248e-05
1.023863869762981329e-03 8.911369567710808199e-06
1.010332565635702626e-03 -8.364197933820609245e-06
9.971078029043455547e-04 -2.564753265742067368e-05
9.841388810798610502e-04 -4.304932125902180665e-05
9.713630531679757086e-04 -6.067374157550451525e-05
9.587063079885861649e-04 -7.861640000298586060e-05
9.460848297338584744e-04 -9.696235790172011253e-05
9.334071041520009644e-04 -1.157845579322363150e-04
9.205764698022821362e-04 -1.351429375608912157e-04
9.074937707743150261e-04 -1.550843660874944604e-04
8.940597443048463799e-04 -1.756433377178838354e-04
8.801768987162811742e-04 -1.968431917702478332e-04
8.657507889159822209e-04 -2.186975655597839653e-04
8.506907467214783539e-04 -2.412118336721545762e-04
8.349101947303633588e-04 -2.643843767423100866e-04
8.183266899988113135e-04 -2.882076051695085404e-04
8.008618167816859484e-04 -3.126687317642868019e-04
7.824410196410670239e-04 -3.377503155833181010e-04
7.629934366376086696e-04 -3.634306147087223277e-04
7.424517655424380186e-04 -3.896837863580946229e-04
7.207521843030722207e-04 -4.164799696151158265e-04
6.978343343382900589e-04 -4.437852763278049648e-04
6.736413696089319988e-04 -4.715617150749058166e-04
6.481200716360123026e-04 -4.997670636534913601e-04
6.212210298241983755e-04 -5.283547036150833829e-04
5.928988835148885431e-04 -5.572734274397827354e-04
5.631126244366527200e-04 -5.864672264142274487e-04
5.318259564645868784e-04 -6.158750644236674586e-04
4.990077119442130980e-04 -6.454306447411499057e-04
4.646323211447879334e-04 -6.750621738532445537e-04
4.286803345324281486e-04 -7.046921261303190067e-04
3.911389947755921628e-04 -7.342370143414831849e-04
3.520028576550161478e-04 -7.636071690420239994e-04
3.112744590952098208e-04 -7.927065319573065559e-04
2.689650265424084865e-04 -8.214324673265170889e-04
2.250952316134677159e-04 -8.496755956302873194e-04
1.796959809170891253e-04 -8.773196547108880368e-04
1.328092411871655714e-04 -9.042413939993890681e-04
8.448889385666812080e-05 -9.303105068615198257e-04
3.480161376139081261e-05 -9.553896078397950548e-04
-1.617223476878228898e-05 -9.793342609677932725e-04
-6.833769208458109778e-05 -1.001993066599551896e-03
-1.215842968507187228e-04 -1.023207814354349298e-03
-1.757851894879770382e-04 -1.042813709830085409e-03
-2.307962374017856933e-04 -1.060639684373490760e-03
-2.864551960370297296e-04 -1.076508796524362202e-03
-3.425809213701894976e-04 -1.090238734517220802e-03
-3.989726510488544094e-04 -1.101642430148968644e-03
-4.554093745355956152e-04 -1.110528793971758080e-03
-5.116493138116770360e-04 -1.116703581914018414e-03
-5.674295391661115422e-04 -1.119970404649970079e-03
-6.224657464079211451e-04 -1.120131889257143520e-03
-6.764522249525700475e-04 -1.116991004547119529e-03
-7.290620477616138306e-04 -1.110352559431443007e-03
-7.799475171328824332e-04 -1.100024884076709637e-03
-8.287409021906221333e-04 -1.085821702670516442e-03
-8.750555058170366015e-04 -1.067564205073108681e-03
-9.184871008392091109e-04 -1.045083323798579999e-03
-9.586157759438135523e-04 -1.018222220637121905e-03
-9.950082331802423928e-04 -9.868389849705754523e-04
-1.027220578649077568e-03 -9.508095433783915950e-04
-1.054801647253091361e-03 -9.100307767339293856e-04
-1.077296900843354279e-03 -8.644238372767427438e-04
-1.094252936258721361e-03 -8.139376538650790888e-04
-1.105222635202712149e-03 -7.585526084835915407e-04
-1.109770982319984844e-03 -6.982843613252926818e-04
-1.107481570172750163e-03 -6.331877955296928012e-04
-1.097963799721041103e-03 -5.633610451912969552e-04
-1.080860772966835614e-03 -4.889495624029804388e-04
-1.055857859829536236e-03 -4.101501705149737447e-04
-1.022691903453985286e-03 -3.272150409489917597e-04
-9.811610077353118825e-04 -2.404555211546036716e-04
-9.311348271310166931e-04 -1.502457301240945611e-04
-8.725652513253221582e-04 -5.702582673695729884e-05
-8.054973471851139535e-04 3.869515553840394194e-05
-7.300803861756054126e-04 1.363370260285484497e-04
-6.465787485426346438e-04 2.352468366248413895e-04
-5.553824554666379190e-04 3.346981057373141135e-04
-4.570170383174263721e-04 4.338910191693696474e-04
-3.521524099126681524e-04 5.319537702858892665e-04
-2.416103585888280773e-04 6.279452099209320700e-04
-1.263702417604942716e-04 7.208589824094090333e-04
-7.572414361526876112e-06 8.096293269903228089e-04
1.134811093427243211e-04 8.931387230474832411e-04
2.353292926280561143e-04 9.702275525754984259e-04
3.563585641280352795e-04 1.039705942362076753e-03
4.748137164140499734e-04 1.100367931153892588e-03
5.888137656163387615e-04 1.151008082405393079e-03
6.963732923290208215e-04 1.190440629492359789e-03
7.954297278760564692e-04 1.217521196886107299e-03
8.838769640547497865e-04 1.231171086336978020e-03
9.596055435490292301e-04 1.230404050370578631e-03
1.020549527381605769e-03 1.214355395441992164e-03
1.064739931211341854e-03 1.182313163370216167e-03
1.090364370536470130e-03 1.133751031047165606e-03
1.095832253598107283e-03 1.068362445234624127e-03
1.079844509656718030e-03 9.860953712588116545e-04
1.041466441506844979e-03 8.871868833850643033e-04
9.802018496541775160e-04 7.721966611796240217e-04
8.960661004628958648e-04 6.420382841857141809e-04
7.896553158755260406e-04 4.980070402009790110e-04
6.622083673788265379e-04 3.418027863859328711e-04
5.156578876591254431e-04 1.755462351870834884e-04
3.526661040239502756e-04 1.786889528470525019e-06
1.766409901359593227e-04 -1.764992620638544956e-04
-8.271919438889132123e-06 -3.559242387642414809e-04
-1.972266352481588973e-04 -5.327166707698177553e-04
-3.847469316086255214e-04 -7.027662685794157198e-04
-5.648330003758639901e-04 -8.616854998726362859e-04
-7.311061649472960864e-04 -1.004888873967811755e-03
-8.769896697809173624e-04 -1.127687840163078912e-03
-9.959131133412937788e-04 -1.225391157701645516e-03
-1.081471919684303621e-03 -1.293351818563495724e-03
-1.128662719274728865e-03 -1.328139474765828746e-03
-1.133647515553330926e-03 -1.326982458718800129e-03
