1.671328613392908669e-01 0.000000000000000000e+00
1.667511795008240483e-01 8.738348405140441977e-04
1.645585724927227655e-01 1.376621111681058246e-03
1.606883978598297458e-01 1.491377422769179367e-03
1.552879834690705507e-01 1.207435853078369856e-03
1.487177238039685268e-01 5.910765933167059366e-04
1.412552480771160357e-01 -3.043118388416712894e-04
1.331260300669217245e-01 -1.428966076987742834e-03
1.245163404279173713e-01 -2.736439374831010213e-03
1.155807601207368557e-01 -4.183970386470788928e-03
1.064474220196214432e-01 -5.732741493892978130e-03
9.722207828265218288e-02 -7.347957305314734011e-03
8.799144517595246240e-02 -8.998776234696448037e-03
7.882603720993482110e-02 -1.065813826290766542e-02
6.978260319869512840e-02 -1.230252572127974592e-02
6.090623253378764368e-02 -1.391168558279162748e-02
5.223217882962002262e-02 -1.546833431515584958e-02
4.378743724000227350e-02 -1.695786035236595754e-02
3.559210557689231058e-02 -1.836803458473535572e-02
2.766055537295752931e-02 -1.968873573193252041e-02
2.000243607098189588e-02 -2.091169482563189075e-02
1.262353307280063633e-02 -2.203026109286513809e-02
5.526498207485675690e-03 -2.303919013612102523e-02
-1.288530811047149333e-03 -2.393445432060825606e-02
-7.823407203870596724e-03 -2.471307459994112957e-02
-1.408153517990846752e-02 -2.537297256137021825e-02
-2.006750171607331323e-02 -2.591284119520838314e-02
-2.578676994903896652e-02 -2.633203275135809901e-02
-3.124542531424356548e-02 -2.663046200796825858e-02
-3.644996669332026956e-02 -2.680852331481886272e-02
-4.140713584403226538e-02 -2.686701985990792851e-02
-4.612377929432363161e-02 -2.680710371829488070e-02
-5.060673768914741855e-02 -2.663022536158556053e-02
-5.486275828997802528e-02 -2.633809142511762610e-02
-5.889842694737374568e-02 -2.593262964394722758e-02
-6.272011640502153651e-02 -2.541595997669352305e-02
-6.633394825776012249e-02 -2.479037103790630858e-02
-6.974576628500718523e-02 -2.405830105449301842e-02
-7.296111922335307698e-02 -2.322232264979063807e-02
-7.598525133548163224e-02 -2.228513083990467381e-02
-7.882309938317720588e-02 -2.124953370116213977e-02
-8.147929482698615389e-02 -2.011844523431438256e-02
-8.395817025772499276e-02 -1.889488001190980232e-02
-8.626376922114299683e-02 -1.758194924898275752e-02
-8.839985872968168790e-02 -1.618285798569832692e-02
-9.036994386805767554e-02 -1.470090311290113763e-02
-9.217728399514678317e-02 -1.313947200952742152e-02
-9.382491012575880363e-02 -1.150204159376679892e-02
-9.531564314466504928e-02 -9.792177619026391777e-03
-9.665211256317390864e-02 -8.013534071166505957e-03
-9.783677557742974373e-02 -6.169852545950389039e-03
-9.887193622926283842e-02 -4.264961504602310730e-03
-9.975976450473091062e-02 -2.302775322394154736e-03
-1.005023152345927012e-01 -2.872930600122530764e-04
-1.011015466857863726e-01 1.777403100462975061e-03
-1.015593387528184871e-01 3.887149801575701114e-03
-1.018775106751326209e-01 6.037704876390154532e-03
-1.020578382204618550e-01 8.224750163377878356e-03
-1.021020702857167589e-01 1.044389479292379824e-02
-1.020119448764495035e-01 1.269067896156608755e-02
-1.017892044333120471e-01 1.496057820545338216e-02
-1.014356104803091352e-01 1.724900817931348390e-02
-1.009529575741735657e-01 1.955132994389971457e-02
-1.003430865383268256e-01 2.186285576054277507e-02
-9.960789696692512463e-02 2.417885538908715742e-02
-9.874935898734585327e-02 2.649456288219530220e-02
-9.776952427043987537e-02 2.880518386581176760e-02
-9.667053627860418274e-02 3.110590329384287089e-02
-9.545463974270666785e-02 3.339189366152005289e-02
-9.412418935873662074e-02 3.565832366017133298e-02
-9.268165769537356491e-02 3.790036725274390644e-02
-9.112964230359485440e-02 4.011321314719371034e-02
-8.947087201931798461e-02 4.229207464152224399e-02
-8.770821245073949501e-02 4.443219981176871336e-02
-8.584467064140779979e-02 4.652888201107370503e-02
-8.388339890194176918e-02 4.857747064476058974e-02
-8.182769780324770925e-02 5.057338218337811830e-02
-7.968101832564204734e-02 5.251211137272188134e-02
-7.744696316036379924e-02 5.438924259679045470e-02
-7.512928716206354607e-02 5.620046134663833626e-02
-7.273189695355833373e-02 5.794156574622133515e-02
-7.025884968730654323e-02 5.960847808363357869e-02
-6.771435097169214989e-02 6.119725629433774711e-02
-6.510275197473486264e-02 6.270410534254132473e-02
-6.242854572173647809e-02 6.412538844581000541e-02
-5.969636260818415169e-02 6.545763808809940132e-02
-5.691096515486881308e-02 6.669756676783175631e-02
-5.407724203602189833e-02 6.784207742959634524e-02
-5.120020141729118152e-02 6.888827353032686562e-02
-4.828496364433484955e-02 6.983346869573674176e-02
-4.533675332725313478e-02 7.067519592599368072e-02
-4.236089086935239389e-02 7.141121631642483036e-02
-3.936278349292084838e-02 7.203952726625534320e-02
-3.634791581503239721e-02 7.255837015478745766e-02
-3.332184002770502418e-02 7.296623747248597025e-02
-3.029016573625628247e-02 7.326187940473483096e-02
-2.725854950700837276e-02 7.344430987365327401e-02
-2.423268417195409419e-02 7.351281205366651250e-02
-2.121828793133599678e-02 7.346694338464652974e-02
-1.822109328751165408e-02 7.330654011635855116e-02
-1.524683583397617309e-02 7.303172142408438650e-02
-1.230124290915457844e-02 7.264289314367498862e-02
-9.390022112169001123e-03 7.214075117677413995e-02
-6.518849661091454320e-03 7.152628461902800494e-02
-3.693358553257915927e-03 7.080077866648411267e-02
-9.191264722807892737e-04 6.996581734555311349e-02
1.798336638920100192e-03 6.902328610809231602e-02
4.453601437434303797e-03 6.797537431580752409e-02
7.041332593261617756e-03 6.682457762242384469e-02
9.556302892334771204e-03 6.557370023257655389e-02
1.199340818488245017e-02 6.422585699032186402e-02
1.434768334457401685e-02 6.278447520828486783e-02
1.661431940713596622e-02 6.125329610683238196e-02
1.878868205410075959e-02 5.963637568254078619e-02
2.086633159575785462e-02 5.793808477251530947e-02
2.284304457903811592e-02 5.616310802300058386e-02
2.471483710512939122e-02 5.431644141620010913e-02
2.647798988945062118e-02 5.240338795089954232e-02
2.812907501812473426e-02 5.042955103147604007e-02
2.966498427255762071e-02 4.840082507453739857e-02
3.108295878406678453e-02 4.632338282591267481e-02
3.238061966011206855e-02 4.420365888077053967e-02
3.355599910019129578e-02 4.204832891900626285e-02
3.460757137984543652e-02 3.986428423064778542e-02
3.553428295235296075e-02 3.765860118611386032e-02
3.633558079694348963e-02 3.543850544117620183e-02
3.701143804219316630e-02 3.321133081609711768e-02
3.756237582190737057e-02 3.098447298614732254e-02
3.798948029624931583e-02 2.876533833779660113e-02
3.829441378456055478e-02 2.656128858083590949e-02
3.847941903551212878e-02 2.437958194212459101e-02
3.854731579910607164e-02 2.222731200735517804e-02
3.850148904941785855e-02 2.011134547083890875e-02
3.834586845904727759e-02 1.803826022666991935e-02
3.808489901506758452e-02 1.601428534170651341e-02
3.772350298165395160e-02 1.404524449166331609e-02
3.726703374375695682e-02 1.213650440909042755e-02
3.672122238539975853e-02 1.029292978210927766e-02
3.609211814875078195e-02 8.518845858077269545e-03
3.538602415715624838e-02 6.818009758639363878e-03
3.460942997437125440e-02 5.193591211553896803e-03
3.376894266404933259e-02 3.648163075498047324e-03
3.287121805238718553e-02 2.183701686558024973e-03
3.192289383679029063e-02 8.015967233802739900e-04
3.093052605940845717e-02 -4.973300230308869141e-04
2.990053028130885276e-02 -1.712797849526648958e-03
2.883912855808364040e-02 -2.845033397688756776e-03
2.775230305958520383e-02 -3.894731196865809479e-03
2.664575689877460990e-02 -4.863009804756400142e-03
2.552488246785645024e-02 -5.751364874810304187e-03
2.439473732619536900e-02 -6.561620442939293529e-03
2.326002746065252910e-02 -7.295879641193174850e-03
2.212509755105003875e-02 -7.956475927285126468e-03
2.099392772605407007e-02 -8.545925771760391060e-03
1.987013618703533172e-02 -9.066883590727168110e-03
1.875698701017275427e-02 -9.522099546856795105e-03
1.765740240559675669e-02 -9.914380688490331134e-03
1.657397870906895249e-02 -1.024655575078266267e-02
1.550900540478266157e-02 -1.052144381553880848e-02
1.446448651834002577e-02 -1.074182691730506817e-02
1.344216377117990122e-02 -1.091042659490479988e-02
1.244354094716696064e-02 -1.102988432003474024e-02
1.146990898283413267e-02 -1.110274568528613406e-02
1.052237135160335145e-02 -1.113144820321873216e-02
9.601869364712536936e-03 -1.111831255197114239e-02
8.709207057400514956e-03 -1.106553709947210619e-02
7.845075362719347578e-03 -1.097519554590997357e-02
7.010075298940451546e-03 -1.084923753771632055e-02
6.204739907543417934e-03 -1.068949212809550131e-02
5.429554676241497325e-03 -1.049767398114057407e-02
4.684976166018274199e-03 -1.027539224211983585e-02
3.971448532180248472e-03 -1.002416202193705079e-02
3.289417587031961444e-03 -9.745418467415414149e-03
2.639341997876873923e-03 -9.440533410553149721e-03
2.021701146933080166e-03 -9.110834609777993670e-03
1.436999104745655944e-03 -8.757627614769020880e-03
8.857640852567787810e-04 -8.382220302100985843e-03
3.685426663846003018e-04 -7.985950150094017416e-03
-1.141120211045559092e-04 -7.570214345119586144e-03
-5.616589995245938787e-04 -7.136502850422106296e-03
-9.735959454592607457e-04 -6.686434627951765020e-03
-1.349494372754111559e-03 -6.221797298097851356e-03
-1.689044288792305179e-03 -5.744590668507403887e-03
-1.992108895065103011e-03 -5.257074782954958281e-03
-2.258789493823708250e-03 -4.761823460995152739e-03
-2.489500076654897233e-03 -4.261784747955288215e-03
-2.685049983099251428e-03 -3.760350300192347520e-03
-2.846731353179736239e-03 -3.261436509022018482e-03
-2.976405612115103506e-03 -2.769581106780652155e-03
-3.076579577827520933e-03 -2.290060028424998478e-03
-3.150456493837905728e-03 -1.829030234685265731e-03
-3.201939680832859708e-03 -1.393704641805405212e-03
-3.235555551658737556e-03 -9.925644814915252859e-04
-3.256246745451910236e-03 -6.356109267567943474e-04
-3.268961565845207844e-03 -3.346491429095391429e-04
-3.277922491457755088e-03 -1.035795943616189688e-04
-3.285349581139232564e-03 4.136408194082826038e-05
-3.288902073652128031e-03 8.154617751311346975e-05
-3.286743664949128268e-03 -3.253315116607928287e-06
-3.269768840894549892e-03 -2.336595826768340218e-04
