1.585533060138965000e-01 0.000000000000000000e+00
1.493249313684654744e-01 -9.945846845341166365e-05
1.238381074581816343e-01 -4.269988458773868456e-04
8.527968444805868187e-02 -9.025489283717713640e-04
3.815431773920942293e-02 -1.411525628342527594e-03
-1.225127558774628117e-02 -1.825679498239562645e-03
-6.050624441627394656e-02 -2.025963207030318652e-03
-1.016109459593227682e-01 -1.922919372517886694e-03
-1.314978880707565745e-01 -1.472265833324847006e-03
-1.474078614936389642e-01 -6.835692418795530356e-04
-1.481100917717047549e-01 3.790135300616864766e-04
-1.339541114715519232e-01 1.603819986959714727e-03
-1.067593070321615212e-01 2.845449449134854203e-03
-6.956411441478699276e-02 3.943245330739534454e-03
-2.626924139214580761e-02 4.741998389809331388e-03
1.878281824736508648e-02 5.112192968991286293e-03
6.124669906841601064e-02 4.967273506628674257e-03
9.718791990886611887e-02 4.275860421178702409e-03
1.234336778768272969e-01 3.067518597126471513e-03
1.378317981793386882e-01 1.431484119776976760e-03
1.393998573265398111e-01 -4.914154096455208842e-04
1.283581470831913762e-01 -2.522650587447737569e-03
1.060513750604372418e-01 -4.464081577022424585e-03
7.477379649945409268e-02 -6.118237405755871938e-03
3.752007189593167119e-02 -7.308601185234693542e-03
-2.310937347076060053e-03 -7.897790641722152866e-03
-4.123017485447075942e-02 -7.801811398773705539e-03
-7.596166389614943115e-02 -6.999021347163014717e-03
-1.037096874272930846e-01 -5.533019978834499697e-03
-1.223696063632017106e-01 -3.509301465524992947e-03
-1.306684404262326848e-01 -1.086119404891790208e-03
-1.282283457910685098e-01 1.539453939189000531e-03
-1.155530934734245174e-01 4.148877077722740170e-03
-9.394399701268252301e-02 6.521238890956966572e-03
-6.535698794505258313e-02 8.452354923449777180e-03
-3.221636534620334752e-02 9.772176522297122692e-03
2.797022942836293984e-03 1.035904581352424525e-02
3.696479917383335007e-02 1.014966431009263481e-02
6.773980614253477528e-02 9.144058114286906375e-03
9.292931054884392972e-02 7.405276507933364338e-03
1.108405608625567806e-01 5.054011471403226097e-03
1.203804264470159091e-01 2.258735218041686699e-03
1.211049559572448253e-01 -7.777103405571597627e-04
1.132187482427225445e-01 -3.833896998481675644e-03
9.752772732377559817e-02 -6.686658603571225823e-03
7.535201335271990430e-02 -9.127675286489000950e-03
4.840791383071819942e-02 -1.097854868656471250e-02
1.866952937580628955e-02 -1.210329859780225753e-02
-1.177894451257073018e-02 -1.241745768325548671e-02
-4.088938786855451923e-02 -1.189323398830996296e-02
-6.678455192253196504e-02 -1.056052527788562193e-02
-8.787321026969421855e-02 -8.503879639196847140e-03
-1.029393960437460925e-01 -5.855780673311002105e-03
-1.112016985502325972e-01 -2.786874204327105531e-03
-1.123409011016435477e-01 5.060670299139521933e-04
-1.064964530426657230e-01 3.813532084423719437e-03
-9.423424525195028822e-02 6.927063253176775348e-03
-7.648979285430917985e-02 9.652525207073672786e-03
-5.449214914156839257e-02 1.182201302968005976e-02
-2.967464375430401563e-02 1.330369666523466277e-02
-3.578852541503486570e-03 1.400907257724919204e-02
2.224190751450109277e-02 1.389728925936053322e-02
4.631375656990414924e-02 1.297641700845995893e-02
6.732310186342455038e-02 1.130173022473470595e-02
8.418318587570541855e-02 8.971250244597044066e-03
9.608352930213995280e-02 6.118948424523443230e-03
1.025206924717844276e-01 2.906125658694275193e-03
1.033099838730636155e-01 -4.884385934351420655e-04
9.857885864240403806e-02 -3.878938823884160725e-03
8.874371752197723895e-02 -7.082972525277619891e-03
7.447259707354648983e-02 -9.931360958483459456e-03
5.663680954496301545e-02 -1.227684788510852512e-02
3.625493555380199240e-02 -1.400125769458089586e-02
1.443269840405617468e-02 -1.502080613077290405e-02
-7.697828902260463700e-03 -1.528937740258465641e-02
-2.903648871230827752e-02 -1.479970328882622595e-02
-4.856798209994947491e-02 -1.358249601259087745e-02
-6.540720735872804226e-02 -1.170369123784815307e-02
-7.883529142986586691e-02 -9.260045822530090648e-03
-8.832522572844150877e-02 -6.373403595495936991e-03
-9.355662873860103035e-02 -3.183989456174603216e-03
-9.441973473339478062e-02 1.568830687992822659e-04
-9.100922516878183488e-02 3.494302385970315949e-03
-8.360895687110278529e-02 6.677075610333448041e-03
-7.266898558399224883e-02 9.564533395909201319e-03
-5.877652751964604350e-02 1.203253239094288427e-02
-4.262264388516658065e-02 1.397842297260593059e-02
-2.496647774685104015e-02 1.532481456408724477e-02
-6.598827246030244606e-03 1.602203830183216923e-02
1.169328429682698310e-02 1.604927359125012457e-02
2.915956841681507927e-02 1.541436804017021905e-02
4.511572487712649931e-02 1.415243676502048360e-02
5.896802036848609874e-02 1.232337507368874013e-02
7.023251026228616301e-02 1.000845660096902345e-02
7.854850918332581533e-02 7.306216280354195514e-03
8.368619344653696612e-02 4.327833837118370830e-03
8.554847385557613759e-02 1.192239071010091356e-03
8.416750218183068066e-02 -1.978844190880027498e-03
7.969636240144911676e-02 -5.065711829758109963e-03
7.239664440888483876e-02 -7.955167910384502994e-03
6.262270164913658066e-02 -1.054453150977095396e-02
5.080345517352759244e-02 -1.274503627098384426e-02
3.742262706908706937e-02 -1.448453032433572214e-02
2.299826955658455102e-02 -1.570941838690487896e-02
8.062406953417224770e-03 -1.638582143360823445e-02
-6.858468391768669965e-03 -1.649996102433204381e-02
-2.126140224569130974e-02 -1.605780408219141184e-02
-3.468295491950994236e-02 -1.508402879447251488e-02
-4.671273734734301269e-02 -1.362039274211310561e-02
-5.700422073505679449e-02 -1.172359998984058224e-02
-6.528265653874290586e-02 -9.462774550717669569e-03
-7.135006021773523943e-02 -6.916653447804690935e-03
-7.508731905897519932e-02 -4.170613785777571580e-03
-7.645357851499766377e-02 -1.313645220395856517e-03
-7.548314088036094105e-02 1.564627504711021966e-03
-7.228017348821619281e-02 4.376777092054529028e-03
-6.701157041755693988e-02 7.040178675080076276e-03
-5.989834210786907503e-02 9.479318635719991004e-03
-5.120592200329283222e-02 1.162775373294417866e-02
-4.123377959176968005e-02 1.342968257778619050e-02
-3.030471653769169216e-02 1.484110692663651379e-02
-1.875419886815647696e-02 1.583057506619583998e-02
-6.920045369738768784e-03 1.637951329373421583e-02
4.867247434101367592e-03 1.648216380375126799e-02
1.629330805315284264e-02 1.614515791200502731e-02
2.706763249346877745e-02 1.538676230171617809e-02
3.693012704159239629e-02 1.423584276823672626e-02
4.565636007892817649e-02 1.273059474703378859e-02
5.306147766334036453e-02 1.091709278241053196e-02
5.900278037970999034e-02 8.847712135807365985e-03
6.338099750072979932e-02 6.579475095053879258e-03
6.614032810055800460e-02 4.172372418698229446e-03
6.726734695487215920e-02 1.687706947690999215e-03
6.678889559386549934e-02 -8.134980284373073689e-04
6.476909570662540971e-02 -3.271988314280133148e-03
6.130563336234869792e-02 -5.631634743261046405e-03
5.652546850396167333e-02 -7.840630149204767807e-03
5.058012529489978870e-02 -9.852508311201185753e-03
4.364071566666762741e-02 -1.162697203721184749e-02
3.589284139739754020e-02 -1.313052354931979089e-02
2.753150986513245441e-02 -1.433689595589807825e-02
1.875618589680858386e-02 -1.522728972677263488e-02
9.766087503552534424e-03 -1.579042263726044421e-02
7.558173625699339190e-04 -1.602240555263689803e-02
-8.088594753605944307e-03 -1.592645964831907943e-02
-1.659318026665650841e-02 -1.551249318806325120e-02
-2.459900907589654406e-02 -1.479655781872244759e-02
-3.196463005923747686e-02 -1.380020550966698858e-02
-3.856796396813740729e-02 -1.254976780712661194e-02
-4.430765158063250386e-02 -1.107557903992378509e-02
-4.910387219592164676e-02 -9.411164564235283136e-03
-5.289865816482247629e-02 -7.592414138440004706e-03
-5.565574007066635687e-02 -5.656759146152781637e-03
-5.735996437628880507e-02 -3.642370708971803817e-03
-5.801633085300145209e-02 -1.587393822483358641e-03
-5.764870096552798806e-02 4.707694204916061664e-04
-5.629823069553828441e-02 2.496116620768599331e-03
-5.402158216495628329e-02 4.454633179554745581e-03
-5.088896800869420478e-02 6.314805203735736339e-03
-4.698208089899115480e-02 8.048052805793258491e-03
-4.239195810271721709e-02 9.629081399711580946e-03
-3.721682762494128716e-02 1.103615045765129338e-02
-3.155997852163826972e-02 1.225126088741772951e-02
-2.552769351135340120e-02 1.326026369832361204e-02
-1.922727723158223351e-02 1.405289393000737699e-02
-1.276520851129097668e-02 1.462273491823496904e-02
-6.245439994358076979e-03 1.496711886226403943e-02
2.321365363430688902e-04 1.508697034336172957e-02
6.573045619226980905e-03 1.498659993113324145e-02
1.268939544427869284e-02 1.467345531435549147e-02
1.850085243716596828e-02 1.415783751989172640e-02
2.393542242337976314e-02 1.345258975280884395e-02
2.893004124550993192e-02 1.257276622049310726e-02
3.343098083188216635e-02 1.153528801166291140e-02
3.739407940399643721e-02 1.035859270648865210e-02
4.078480675986155546e-02 9.062283915198509829e-03
4.357817738634105903e-02 7.666786397881890716e-03
4.575852555010131301e-02 6.193011825137755000e-03
4.731915751451985785e-02 4.662039614174561669e-03
4.826189665509443560e-02 3.094816633050032767e-03
4.859653752888822009e-02 1.511878920784161945e-03
4.834022492793844245e-02 -6.690206489354255659e-05
4.751677364747282362e-02 -1.622546776669571422e-03
4.615594416371592013e-02 -3.137167175817058562e-03
4.429268867930597625e-02 -4.594137843150509354e-03
4.196638109273622547e-02 -5.978238356281386640e-03
3.922004341629730523e-02 -7.275767150062107530e-03
3.609958003740749988e-02 -8.474627491230977971e-03
3.265303002156825368e-02 -9.564386561284247620e-03
2.892984641953099539e-02 -1.053630895284170255e-02
2.498021029190125586e-02 -1.138336614465629802e-02
2.085438592396039043e-02 -1.210022373011281419e-02
1.660212249143025454e-02 -1.268320833558191085e-02
1.227210627108718186e-02 -1.313025628087860670e-02
7.911466382430126440e-03 -1.344084610743013532e-02
3.565336009250832418e-03 -1.361591713393792841e-02
-7.235299085238486999e-04 -1.365777619816018265e-02
-4.915080395443866511e-03 -1.356999471061413193e-02
-8.972238240229638701e-03 -1.335729808563029808e-02
-1.286111523368189090e-02 -1.302544953105561065e-02
-1.655117480462721391e-02 -1.258113007395764149e-02
-2.001534452396626015e-02 -1.203181657960747039e-02
-2.323008136908759694e-02 -1.138565938837291305e-02
-2.617539297868431980e-02 -1.065136105328678626e-02
-2.883481838597190886e-02 -9.838057513038423255e-03
-3.119537190163881174e-02 -8.955202883806074113e-03
-3.324745393225301410e-02 -8.012458901241950940e-03
-3.498473257158635219e-02 -7.019589893308336714e-03
-3.640399979761269056e-02 -5.986364017520718478e-03
-3.750500605322254488e-02 -4.922461354133121636e-03
-3.829027689057745709e-02 -3.837389311384794763e-03
-3.876491522346690866e-02 -2.740405671181507519e-03
-3.893639256535637305e-02 -1.640449484535511093e-03
-3.881433243875366534e-02 -5.460799162236469606e-04
-3.841028892945481943e-02 5.345769618641596499e-04
-3.773752313235292921e-02 1.593873519261310157e-03
-3.681077999844951931e-02 2.624678227830398725e-03
-3.564606784974196779e-02 3.620405875358724893e-03
-3.426044258366817141e-02 4.575040632145267391e-03
-3.267179834504960884e-02 5.483152321304406510e-03
-3.089866620415285953e-02 6.339906284781406109e-03
-2.896002214689311766e-02 7.141067269624785246e-03
-2.687510545972788406e-02 7.882997783517933788e-03
-2.466324837901419376e-02 8.562651385447143937e-03
-2.234371767404520759e-02 9.177561387306021334e-03
-1.993556864575392676e-02 9.725825445851410053e-03
-1.745751184981452625e-02 1.020608652239578425e-02
-1.492779269423839469e-02 1.061751068054321567e-02
-1.236408391774956352e-02 1.095976218080000307e-02
-9.783390826239619573e-03 1.123297631564859275e-02
-7.201969050304049894e-03 1.143773041021220634e-02
-4.635254486999402720e-03 1.157501339255872022e-02
-2.097805002981943147e-03 1.164619431447576695e-02
3.967465964830165295e-04 1.165299017874516646e-02
2.835728888104216069e-03 1.159743340293676976e-02
5.207458044288121660e-03 1.148183922301919055e-02
7.501254580451121798e-03 1.130877331294332863e-02
9.707451303013826457e-03 1.108101986921005734e-02
1.181739314241801383e-02 1.080155038251815781e-02
1.382342956416229493e-02 1.047349329220529507e-02
1.571890025177605926e-02 1.010010469353844580e-02
1.749811474977647219e-02 9.684740243194114862e-03
1.915632674271692398e-02 9.230828384642442846e-03
2.068970362932276777e-02 8.741844992701851627e-03
2.209529202901009542e-02 8.221289515457141928e-03
2.337097983273836443e-02 7.672662671980135830e-03
2.451545538170716437e-02 7.099445746002229843e-03
2.552816432646751871e-02 6.505081498867729475e-03
2.640926468624081591e-02 5.892956709711277136e-03
2.715958059413611098e-02 5.266386336919674088e-03
2.778055517896583018e-02 4.628599282460186051e-03
2.827420299901827611e-02 3.982725729590481240e-03
2.864306240766563774e-02 3.331786014782288016e-03
2.889014819562858022e-02 2.678680986270106507e-03
2.901890482020813566e-02 2.026183794485058448e-03
2.903316049817158961e-02 1.376933053656253375e-03
2.893708240644631349e-02 7.334273089760773995e-04
2.873513320351078065e-02 9.802073987198213489e-05
2.843202905449563472e-02 -5.270799729430123565e-04
2.803269931473176269e-02 -1.139817691028251548e-03
2.754224799974543808e-02 -1.738285847939316855e-03
2.696591714469090059e-02 -2.320728541215044335e-03
2.630905213292409478e-02 -2.885539762501769523e-03
2.557706905183381590e-02 -3.431261841013550154e-03
2.477542411423486191e-02 -3.956583174210853704e-03
2.390958516549705759e-02 -4.460335317936410873e-03
2.298500528016021727e-02 -4.941489506098363169e-03
2.200709843699120288e-02 -5.399152667641951217e-03
2.098121724822635606e-02 -5.832563005829670758e-03
1.991263270705086186e-02 -6.241085201978514158e-03
1.880651590717335314e-02 -6.624205302703411145e-03
1.766792167945702152e-02 -6.981525346551542381e-03
1.650177408303793447e-02 -7.312757782619752449e-03
1.531285368204916494e-02 -7.617719730400258731e-03
1.410578653386485373e-02 -7.896327126764890111e-03
1.288503481065770770e-02 -8.148588802649285590e-03
1.165488897290018963e-02 -8.374600528700990379e-03
1.041946141118424082e-02 -8.574539065903516097e-03
9.182681471277038057e-03 -8.748656254040719504e-03
7.948291776630738575e-03 -8.897273167777880812e-03
6.719845762520586067e-03 -9.020774367197089208e-03
5.500706336489556009e-03 -9.119602266784650885e-03
4.294045580856814710e-03 -9.194251644181510724e-03
3.102845414579745442e-03 -9.245264307425785782e-03
1.929899133644887368e-03 -9.273223937033229364e-03
7.778137513953266302e-04 -9.278751116989265510e-03
-3.509869372676811816e-04 -9.262498566624317864e-03
-1.454258641097911243e-03 -9.225146583400402681e-03
-2.529932277530496775e-03 -9.167398704845994284e-03
-3.576109164839259488e-03 -9.089977596248254715e-03
-4.591055765552212037e-03 -8.993621169229868220e-03
-5.573198042075138206e-03 -8.879078935026402108e-03
-6.521115482214154963e-03 -8.747108595100295397e-03
-7.433534849022252131e-03 -8.598472870720850689e-03
-8.309323706226355577e-03 -8.433936572262101805e-03
-9.147483767372868030e-03 -8.254263908246024795e-03
-9.947144113749138358e-03 -8.060216033563312107e-03
-1.070755432322539717e-02 -7.852548835882849909e-03
-1.142807754937015877e-02 -7.632010958911294822e-03
-1.210818358755155234e-02 -7.399342061012913196e-03
-1.274744196226560398e-02 -7.155271307636507788e-03
-1.334551506767543867e-02 -6.900516096071919285e-03
-1.390215139126287948e-02 -6.635781011269138718e-03
-1.441717884867461941e-02 -6.361757011764437517e-03
-1.489049825632310017e-02 -6.079120845207424371e-03
-1.532207696689202696e-02 -5.788534693551155436e-03
-1.571194269197564650e-02 -5.490646048648475941e-03
-1.606017753535257317e-02 -5.186087819782477827e-03
-1.636691226002922467e-02 -4.875478675580875026e-03
-1.663232081222583425e-02 -4.559423623781290458e-03
-1.685661512586904623e-02 -4.238514833436282311e-03
-1.704004023206040150e-02 -3.913332705363215154e-03
-1.718286969926472244e-02 -3.584447197971858678e-03
-1.728540143184285199e-02 -3.252419416999503821e-03
-1.734795385699138687e-02 -2.917803479130606781e-03
-1.737086253319301485e-02 -2.581148660981589897e-03
-1.735447721703177459e-02 -2.243001846472900997e-03
-1.729915942971672893e-02 -1.903910287088418120e-03
-1.720528057003019654e-02 -1.564424690952339637e-03
-1.707322062666354057e-02 -1.225102657947139961e-03
-1.690336755013701134e-02 -8.865124791752731354e-04
-1.669611735292773902e-02 -5.492373198026220468e-04
-1.645187501594755700e-02 -2.138798046009554588e-04
-1.617105629036867318e-02 1.189329748602935971e-04
-1.585409049607916857e-02 4.485440136513798789e-04
-1.550142443168370937e-02 7.742604922189874964e-04
-1.511352752626212229e-02 1.095347409005971440e-03
-1.469089837982060637e-02 1.411020741359611530e-03
-1.423407285773356165e-02 1.720440137541199080e-03
-1.374363392410915194e-02 2.022701154233015261e-03
-1.322022342005647541e-02 2.316827069578258555e-03
-1.266455601452937986e-02 2.601760322556092783e-03
-1.207743557758046704e-02 2.876353656749473277e-03
-1.145977424735402511e-02 3.139361081715639698e-03
-1.081261448184585305e-02 3.389428810289274799e-03
-1.013715440262237533e-02 3.625086387493721592e-03
-9.434776747949277786e-03 3.844738299020882596e-03
-8.707081753558339188e-03 4.046656437659354108e-03
-7.955924266506597675e-03 4.228973918617407422e-03
-7.183455364658886469e-03 4.389680873380669840e-03
-6.392168693858589663e-03 4.526623021828988722e-03
-5.584951635807714095e-03 4.637504028889985648e-03
-4.765141268608570797e-03 4.719892900739755190e-03
-3.936584860796182514e-03 4.771237971915323617e-03
-3.103704325896568944e-03 4.788889383564197064e-03
-2.271563628718139497e-03 4.770132356868893655e-03
-1.445937540516841575e-03 4.712234024649396280e-03
-6.333793422173934155e-04 4.612507091314760506e-03
1.587159819287941621e-04 4.468394130902388420e-03
9.220578996103968080e-04 4.277576874218817077e-03
1.647422457201929910e-03 4.038115325156227571e-03
2.324639269250573532e-03 3.748621896026174856e-03
2.942615103676485787e-03 3.408475825582041752e-03
3.489409287989151363e-03 3.018082735418953656e-03
3.952380352379253510e-03 2.579182985909873448e-03
4.318428194704503412e-03 2.095210074171695389e-03
4.574361451646935875e-03 1.571696057032805375e-03
4.707425313735755582e-03 1.016714036210763063e-03
4.706029969892817563e-03 4.413369857543391218e-04
4.560722828099586859e-03 -1.399238051392240854e-04
4.265446272175800121e-03 -7.087603903670981406e-04
3.819113125600868963e-03 -1.242881504330879509e-03
3.227508137799446793e-03 -1.716131548710756165e-03
2.505476490506018152e-03 -2.099102681485121632e-03
1.679276153241470240e-03 -2.360489745790471383e-03
7.888314337673545378e-04 -2.469500409821960563e-03
-1.105931315716402775e-04 -2.399675282961344011e-03
-9.481014868289312477e-04 -2.134451939045180907e-03
-1.639502411925327545e-03 -1.674640660236923970e-03
-2.094059679451378084e-03 -1.047522317378141946e-03
-2.227958364386334409e-03 -3.162889810233517106e-04
-1.986910453119549412e-03 4.133319704783207154e-04
-1.379133308084271037e-03 9.956207647275634037e-04
-5.153959090620617188e-04 1.267575918542778249e-03
3.592128322438196790e-04 1.107486623547070288e-03
8.839867469678193207e-04 5.424725327794283286e-04
7.428592522823314294e-04 -1.191941514014952744e-04
9.413613548967517857e-05 -3.190160724775293320e-04
-2.405108408902468105e-05 -1.123910965210993967e-04
-2.163466997785202237e-05 -4.091204340845054415e-05
-1.307748710296040296e-05 -1.605395795748731225e-05
-7.452223724215712682e-06 -6.657853249373552916e-06
-4.258443194362969235e-06 -2.897202557524217084e-06
-2.506823549885102903e-06 -1.336858543304919291e-06
-1.552166530825428386e-06 -6.741619286717214815e-07
-1.028983353128103655e-06 -3.871126637707123161e-07
-7.379845560917058794e-07 -2.590798588394257201e-07
-5.717865729529763005e-07 -1.984112611194685803e-07
-4.727527902730113225e-07 -1.661041819494862519e-07
-4.100011216312394805e-07 -1.456790557784112395e-07
-3.670105336133004821e-07 -1.303202201136427269e-07
-3.349592144709560202e-07 -1.173171373897444213e-07
-3.091452661293808071e-07 -1.056582024345487175e-07
-2.870646954713005820e-07 -9.500058630158904402e-08
-2.673812199603711743e-07 -8.524083521162727670e-08
-2.493758673479108584e-07 -7.634482750752497054e-08
-2.326544939483579682e-07 -6.828670243062878322e-08
-2.169932645789072562e-07 -6.103144676852797718e-08
-2.022576728840638364e-07 -5.453334908593568606e-08
-1.883604172857758183e-07 -4.873913988124573811e-08
-1.752396217939314206e-07 -4.359166956604150756e-08
-1.628475891740920265e-07 -3.903286439501177596e-08
-1.511449899711416781e-07 -3.500577090839850771e-08
-1.400977765195590477e-07 -3.145586584026673612e-08
-1.296754805293293074e-07 -2.833181684545041121e-08
-1.198502396457425268e-07 -2.558588247914552495e-08
-1.105961409435100246e-07 -2.317409419581531297e-08
-1.018888421815414772e-07 -2.105625181911676363e-08
-9.370522539734782738e-08 -1.919586996988695986e-08
-8.602316559677702832e-08 -1.756002795580168721e-08
-7.882139337109129939e-08 -1.611918054068015348e-08
-7.207931340959432606e-08 -1.484697364279331753e-08
-6.577693027502620294e-08 -1.372001653007148949e-08
-5.989476141658148524e-08 -1.271766376049511837e-08
-5.441378555515841778e-08 -1.182179236584934374e-08
-4.931543030812491711e-08 -1.101657279910185536e-08
-4.458152567240709222e-08 -1.028826823922212069e-08
-4.019431842671071221e-08 -9.625021188974243564e-09
-3.613646244264188381e-08 -9.016663441225168829e-09
-3.239098596725167885e-08 -8.454558833690236110e-09
-2.894135678091856666e-08 -7.931403133060688017e-09
-2.577147010678842537e-08 -7.441080474025894594e-09
-2.286561869644358357e-08 -6.978544523165504449e-09
-2.020861622324639829e-08 -6.539624321459375747e-09
-1.778566368607059438e-08 -6.120991969467573062e-09
-1.558245522829762014e-08 -5.719991316812159554e-09
-1.358516951864299001e-08 -5.334560008157150447e-09
-1.178045261605762440e-08 -4.963154242184466576e-09
-1.015544575789689438e-08 -4.604652354229573555e-09
-8.697777280179079647e-09 -4.258296425783946122e-09
-7.395568697788000270e-09 -3.923627738003181750e-09
-6.237439568129960393e-09 -3.600427225362490489e-09
-5.212490805958725312e-09 -3.288676239187993252e-09
-4.310302414552397267e-09 -2.988515136624024247e-09
-3.520944371612242295e-09 -2.700191482386364715e-09
-2.834969958184429143e-09 -2.424035715586277779e-09
-2.243377097615538630e-09 -2.160445907844400927e-09
-1.737644441990119768e-09 -1.909838377789899046e-09
-1.309681741646481985e-09 -1.672651140813514886e-09
-9.518630579276307476e-10 -1.449301193491939933e-09
-6.569576858740207489e-10 -1.240201685130226639e-09
-4.181925943537620552e-10 -1.045709788899046382e-09
-2.291859517728824167e-10 -8.661464775966227877e-10
-8.393584409792182329e-11 -7.017842687041264722e-10
2.314367099827030379e-11 -5.528190813788716132e-10
9.727523894051725842e-11 -4.193832890184471444e-10
1.433295535654042163e-10 -3.015424896484641139e-10
1.658041756421602636e-10 -1.992739760756830145e-10
1.688784904293787641e-10 -1.124867167689598752e-10
1.563791658450050461e-10 -4.099748929305448310e-11
1.318290145165777416e-10 1.545417668571917869e-11
9.843568265955911765e-11 5.721383125676711480e-11
5.910476907576993941e-11 8.471479797459888739e-11
1.645877553808196853e-11 9.847085471838949415e-11
-2.716611472277944369e-11 9.908344678021975402e-11
-6.970483984135341925e-11 8.723821772101183767e-11
-1.093540834452403568e-10 6.370409598551979913e-11
-1.445643773296220676e-10 2.933323741212678286e-11
-1.740338169989875232e-10 -1.493980023301083624e-11
-1.967050403294094711e-10 -6.809705604776219329e-11
-2.117554007376170192e-10 -1.290357828724795651e-10
-2.185815784076948375e-10 -1.965777741665967884e-10
-2.168136507471650788e-10 -2.694569324164366143e-10
-2.062944294273239441e-10 -3.463271913386951199e-10
-1.870748287516012768e-10 -4.257636722169975845e-10
-1.594309578324251595e-10 -5.062500985638100552e-10
-1.238246439379735621e-10 -5.861970820333769555e-10
-8.093759713389769945e-11 -6.639219014026819123e-10
-3.165196811778306222e-11 -7.376561969669472172e-10
2.295969617700452420e-11 -8.055472184176142390e-10
8.160922401809908114e-11 -8.656447245274995218e-10
1.428147209700555195e-10 -9.159072690340805527e-10
2.048938566527181975e-10 -9.541964379733582155e-10
2.659544556960778521e-10 -9.782703318924419988e-10
3.238991478381006305e-10 -9.857817077724886878e-10
3.764148562923914999e-10 -9.742704042214950705e-10
4.209796810351690248e-10 -9.411627666001489422e-10
4.548411664152112354e-10 -8.837586690207815502e-10
4.750160142879488780e-10 -7.992273179401823357e-10
4.782915639260321735e-10 -6.846029872572318111e-10
4.612000559387767449e-10 -5.367713114634617352e-10
4.200177762379063689e-10 -3.524627122658083945e-10
3.507504602140962994e-10 -1.282413354084043391e-10
2.491189725481916844e-10 1.395053408977077536e-10
1.105455436096830748e-10 4.545790426695009094e-10
-6.986415743977273809e-11 8.209832161477096292e-10
-2.973377715502179674e-10 1.242937446438331162e-09
-5.774564095669676640e-10 1.724891385011365144e-09
-9.161811814853988502e-10 2.271543642480764575e-09
-1.319871325517013444e-09 2.887856436294227398e-09
-1.795313603000999668e-09 3.579075959557338643e-09
-2.349746683524870301e-09 4.350751236515628887e-09
-2.990903354719330831e-09 5.208758470733982297e-09
-3.727027273486084180e-09 6.159320613367089362e-09
-4.566926620105649891e-09 7.209035744234672773e-09
-5.519996217585609593e-09 8.364899885410415316e-09
-6.596275607794510647e-09 9.634338021641632896e-09
-7.806480252119965258e-09 1.102523271289220792e-08
-9.162061878609042652e-09 1.254595677624606919e-08
-1.067525264085977659e-08 1.420540674434813653e-08
-1.235912621291353399e-08 1.601303949323428814e-08
-1.422765566666013421e-08 1.797891020652801630e-08
-1.629577603830102716e-08 2.011371218063075687e-08
-1.857945859069652536e-08 2.242882129655283678e-08
-2.109578141833216094e-08 2.493633991015857523e-08
-2.386300794273390493e-08 2.764914463670101585e-08
-2.690067087563444193e-08 3.058093543498145844e-08
-3.022966159119927279e-08 3.374628780823163723e-08
-3.387232866790832812e-08 3.716070721481978473e-08
-3.785257149693293565e-08 4.084068299421351073e-08
-4.219595709400474118e-08 4.480374735908651293e-08
-4.692982391279083854e-08 4.906853141959905236e-08
-5.208340946637359312e-08 5.365482465486477910e-08
-5.768797120479241735e-08 5.858363193648218928e-08
-6.377692191744328286e-08 6.387722964351149081e-08
-7.038596953850255855e-08 6.955921936829404948e-08
-7.755325562662239287e-08 7.565457369972044232e-08
-8.531949390061552311e-08 8.218968664970941838e-08
-9.372813326744900863e-08 8.919211876577404594e-08
-1.028273001971026754e-07 9.669168800102841348e-08
-1.126616865533927823e-07 1.047253290496677046e-07
-1.232700926446004184e-07 1.133074242976434333e-07
-1.347495130740018995e-07 1.224453558337738107e-07
-1.472123005210958715e-07 1.322421963737542642e-07
-1.606385909722130431e-07 1.428410501534344311e-07
-1.749067088699433277e-07 1.542261731918265586e-07
-1.900275403232893000e-07 1.661758471055527388e-07
-2.063109686716581008e-07 1.784754747431633489e-07
-2.242654071923099343e-07 1.911952709540018918e-07
-2.442973512143030512e-07 2.047820968167289583e-07
-2.664337295513573151e-07 2.198865014609399827e-07
-2.902475976681856594e-07 2.370369382157586613e-07
-3.150217204125952181e-07 2.563468122103888678e-07
-3.400572766998866559e-07 2.773925133997363228e-07
-3.649867630546229297e-07 2.992990774030120562e-07
-3.899757305777021167e-07 3.209811785161304121e-07
-4.157602298518370489e-07 3.414435558837660634e-07
-4.435290710107762908e-07 3.600468376381685577e-07
-4.747009964297801190e-07 3.766749672047159146e-07
-5.106615868750622509e-07 3.917793663246461373e-07
-5.525185699218737319e-07 4.063083891390150698e-07
-6.009163777725426962e-07 4.215518556112700798e-07
-6.559298330819136455e-07 4.389388781017840761e-07
-7.170385102104579506e-07 4.598256267799384327e-07
-7.831704323553473379e-07 4.853021053887982315e-07
-8.527967903400137578e-07 5.160370809301991447e-07
-9.240574235984962220e-07 5.521706779618756012e-07
-9.948983810804593934e-07 5.932563522307457062e-07
-1.063206473051856542e-06 6.382485884763651365e-07
-1.126930089462860465e-06 6.855296915508086534e-07
-1.184179804277890159e-06 7.329680572507855686e-07
-1.233305908551941018e-06 7.780007822907488067e-07
-1.272952779888812684e-06 8.177348533069038920e-07
-1.302091868723929343e-06 8.490629773007873356e-07
-1.320036173473447260e-06 8.687919912038792510e-07
-1.326439518579808991e-06 8.737834491778074596e-07
-1.321283928358486887e-06 8.611071823272682335e-07
-1.304858056039434348e-06 8.282092164922107837e-07
-1.277729121301221785e-06 7.730952304074116400e-07
-1.240710246789647249e-06 6.945296049928275459e-07
-1.194824543374048655e-06 5.922478665953040867e-07
-1.141266849720292578e-06 4.671768080650538708e-07
-1.081363730082994268e-06 3.216516301876854629e-07
-1.016532204871004468e-06 1.596129912352171667e-07
-9.482377400300657326e-07 -1.324102171648269988e-08
-8.779522800548741913e-07 -1.893819996266415035e-07
-8.071134913249209817e-07 -3.595007249289508690e-07
-7.370868649450019402e-07 -5.127307894009235269e-07
-6.691327313727429007e-07 -6.371031600277197178e-07
-6.043804397385963920e-07 -7.202872577715065685e-07
-5.438115854757535012e-07 -7.506620613428126418e-07
-4.882530893998986836e-07 -7.187324815694802396e-07
-4.383786794748174057e-07 -6.188559600648980035e-07
-3.947139314595115997e-07 -4.511667980794383110e-07
-3.576355775309799287e-07 -2.234790759768648534e-07
-3.273511794025503617e-07 4.718221741844451801e-08
-3.038422174015137290e-07 3.339119476800238569e-07
-2.867550940130925347e-07 6.007222166081110389e-07
-2.752345765251342087e-07 8.054444650550047200e-07
-2.677172032500823843e-07 9.052464353469292581e-07
-2.617409451167163226e-07 8.648891227916628293e-07
-2.538797420516021055e-07 6.671204763736429490e-07
-2.399643571441214006e-07 3.235053469370884531e-07
-2.157754382809951720e-07 -1.173590510999055098e-07
-1.783424934793734374e-07 -5.685367637365614193e-07
-1.277943648393163808e-07 -9.151012872316508504e-07
-6.933953951328505794e-08 -1.039544260900314706e-06
-1.443881238053272205e-08 -8.614665539486587298e-07
2.024471208844309852e-08 -3.832762891864138594e-07
1.755792570887107062e-08 2.759882236282236221e-07
-3.136212912471387995e-08 8.841788794016834354e-07
-1.164264049450487109e-07 1.160394062360743915e-06
-2.020839493099165955e-07 9.031996463999955077e-07
-2.340319749497031334e-07 1.430307514062126779e-07
-1.661303191622758013e-07 -7.732875130977089455e-07
-2.458436484538078355e-09 -1.281112455029098626e-06
1.722614552615428821e-07 -9.304109751735946589e-07
2.179575342698496909e-07 1.823576261269193546e-07
4.608601379154323726e-08 1.248572676819778162e-06
-2.459747000611748644e-07 1.235056281840537427e-06
