-2.036424475880811540e-03 9.077162189678373867e-04
-2.017903002337635872e-03 8.995280638085492893e-04
-1.972754623335108096e-03 8.801326477586551410e-04
-1.901836016164836895e-03 8.498853265460073417e-04
-1.806404237319379595e-03 8.093022074959620605e-04
-1.688376747219074488e-03 7.591725743732486310e-04
-1.549803806020785693e-03 7.003339289264464296e-04
-1.392909529588397992e-03 6.336911850567778729e-04
-1.220076845154715369e-03 5.602117841528774173e-04
-1.033819156059153938e-03 4.809151451796757348e-04
-8.367473460700549813e-04 3.968601380512964873e-04
-6.315350869707290300e-04 3.091318254325842955e-04
-4.208838769788867968e-04 2.188280565531787924e-04
-2.074886820593460439e-04 1.270462588066191643e-04
5.995199284460852151e-06 3.487066686112442966e-05
2.169835669485351221e-04 -5.663982839840908483e-05
4.229926587737364266e-04 -1.464630659544680666e-04
6.216660843340396370e-04 -2.336241185452950654e-04
8.107991009690067698e-04 -3.172048204289252844e-04
9.883600366202365504e-04 -3.963522458207025955e-04
1.152508716741171193e-03 -4.702860838708922630e-04
1.301611802195108995e-03 -5.383048738743107789e-04
1.434254991844496549e-03 -5.997910811218894970e-04
1.549252087411854975e-03 -6.542150094534064653e-04
1.645650958995972498e-03 -7.011375611146635281e-04
1.722736487154655910e-03 -7.402118679220703185e-04
1.780030591520896438e-03 -7.711838299260933898e-04
1.817289486348240470e-03 -7.938916087097154647e-04
1.834498330057722634e-03 -8.082641321116238852e-04
1.831863458716793481e-03 -8.143186755127998500e-04
1.809802412395995286e-03 -8.121575918594655004e-04
1.768931978544906409e-03 -8.019642683233921049e-04
1.710054487981023125e-03 -7.839983919469561708e-04
1.634142606905476499e-03 -7.585906098205690007e-04
1.542322872698485359e-03 -7.261366713432726959e-04
1.435858222292809303e-03 -6.870911409825415303e-04
1.316129759882766169e-03 -6.419607697443749155e-04
1.184618005845803788e-03 -5.912976123692216968e-04
1.042883861280347914e-03 -5.356919751625156562e-04
8.925495127697750681e-04 -4.757652764388922402e-04
7.352794901459480583e-04 -4.121628978982634335e-04
5.727620764376885245e-04 -3.455471009530101424e-04
4.066912541200357100e-04 -2.765900771789302996e-04
2.387493555222037047e-04 -2.059671967634930738e-04
7.059056808281351052e-05 -1.343505131654312498e-04
-9.617457268591524176e-05 -6.240257626465184500e-05
-2.599935878816258422e-04 9.229399841600464884e-06
-4.193852612710866176e-04 7.991897446958556622e-05
-5.729515687551672409e-04 1.490654897405132358e-04
-7.193882713047786148e-04 2.160986242924187758e-04
-8.574941289888295863e-04 2.804824699865212474e-04
-9.861787106467704775e-04 3.417191162380182196e-04
-1.104468789911380606e-03 3.993517323419210389e-04
-1.211513333524589890e-03 4.529671436408537434e-04
-1.306587102109705136e-03 5.021979025559379899e-04
-1.389092896678957622e-03 5.467238603415812241e-04
-1.458562496097033732e-03 5.862732499007038654e-04
-1.514656341434876324e-03 6.206232940888222480e-04
-1.557162032605181531e-03 6.496003576248539531e-04
-1.585991710851279018e-03 6.730796640066084163e-04
-1.601178407572737689e-03 6.909846016944544162e-04
-1.602871445613469155e-03 7.032856462723272115e-04
-1.591330983554717447e-03 7.099989273335566113e-04
-1.566921796769551144e-03 7.111844704693986953e-04
-1.530106391066769940e-03 7.069441459784861752e-04
-1.481437545732986524e-03 6.974193567780990468e-04
-1.421550382735429878e-03 6.827884985001158973e-04
-1.351154057853614721e-03 6.632642249184240524e-04
-1.271023167630844783e-03 6.390905516983848202e-04
-1.181988963364554498e-03 6.105398310109865900e-04
-1.084930459967755299e-03 5.779096288340652629e-04
-9.807655235136653396e-04 5.415195358013519256e-04
-8.704420167091337767e-04 5.017079412782137924e-04
-7.549290765094225988e-04 4.588287989699676517e-04
-6.352085926704542250e-04 4.132484108294858394e-04
-5.122669503206878560e-04 3.653422543532987852e-04
-3.870870936901646105e-04 3.154918765617829488e-04
-2.606409620327855992e-04 2.640818760736849454e-04
-1.338823426013059030e-04 2.114969927367384454e-04
-7.740179332306434512e-06 1.581193222784390922e-04
1.168876302575544055e-04 1.043256714246602022e-04
2.391399235226530744e-04 5.048506691048846369e-05
3.581974259630973001e-04 -3.043570201203762851e-06
4.732873545205082974e-04 -5.591357545584721748e-05
5.836874615771279161e-04 -1.077925096872780065e-04
6.887295155668248132e-04 -1.583639398047164315e-04
7.878022190371729381e-04 -2.073290278478809225e-04
8.803535696029437564e-04 -2.544079261858903031e-04
9.658926735001882244e-04 -2.993409783598636542e-04
1.043991025367152145e-03 -3.418897265957936832e-04
1.114283271420549214e-03 -3.818377284332631952e-04
1.176467476376511639e-03 -4.189911862254222497e-04
1.230304917268168312e-03 -4.531793944639901780e-04
1.275619429742936304e-03 -4.842550109644436587e-04
1.312296334489980541e-03 -5.120941589130535536e-04
1.340280973150652409e-03 -5.365963676267738276e-04
1.359576884421690541e-03 -5.576843606129085890e-04
1.370243652080439713e-03 -5.753037001365180880e-04
1.372394457360601519e-03 -5.894222980182236334e-04
1.366193368496528135e-03 -6.000298027887304275e-04
1.351852400361498252e-03 -6.071368736307246024e-04
1.329628376962434591e-03 -6.107743517456253740e-04
1.299819629141853866e-03 -6.109923398953270336e-04
1.262762559199985535e-03 -6.078592008961527767e-04
1.218828103306363389e-03 -6.014604857886480822e-04
1.168418121539289544e-03 -5.918978022763242332e-04
1.111961744199387947e-03 -5.792876338301252651e-04
1.049911701707554419e-03 -5.637601195931041470e-04
9.827406639404709203e-04 -5.454578049051140827e-04
9.109376132967810999e-04 -5.245343718995869754e-04
8.350042741425856702e-04 -5.011533592143692459e-04
7.554516195836379500e-04 -4.754868794117198851e-04
6.727964747575098086e-04 -4.477143422231034692e-04
5.875582340593786101e-04 -4.180211912294619272e-04
5.002557079160287624e-04 -3.865976610603602320e-04
4.114041129384891611e-04 -3.536375616581106615e-04
3.215122174999959673e-04 -3.193370955991454031e-04
2.310796530352147451e-04 -2.838937139096575873e-04
1.405943996509843332e-04 -2.475050152558677186e-04
5.053045296819921682e-05 -2.103676928326965825e-04
-3.865432248484793423e-05 -1.726765327280535632e-04
-1.265201495473111681e-04 -1.346234670020496631e-04
-2.126471020573512840e-04 -9.639668419459173287e-05
-2.966366749180219392e-04 -5.817979946495391373e-05
-3.781131609780199933e-04 -2.015108607786758902e-05
-4.567248363295980094e-04 1.751723052145190461e-05
-5.321449567577447729e-04 5.465961524981423651e-05
-6.040725691113554667e-04 9.111780217718967951e-05
-6.722331423185811273e-04 1.267413095977639684e-04
-7.363790236197440778e-04 1.613878917874566297e-04
-7.962897263595301867e-04 1.949239282022253170e-04
-8.517720563489096855e-04 2.272247511923063210e-04
-9.026600843943717069e-04 2.581749136022953362e-04
-9.488149730878591781e-04 2.876683978939822864e-04
-9.901246663647509175e-04 3.156087686678565158e-04
-1.026503450667977553e-03 3.419092706736226168e-04
-1.057891396812287279e-03 3.664928745856701076e-04
-1.084253691821982597e-03 3.892922729821982736e-04
-1.105579870127059144e-03 4.102498291027984693e-04
-1.121882953547247933e-03 4.293174810717735861e-04
-1.133198509475400427e-03 4.464566043643857624e-04
-1.139583636600487821e-03 4.616378353611203769e-04
-1.141115887381364408e-03 4.748408588814331788e-04
-1.137892136310515332e-03 4.860541626163050570e-04
-1.130027402787138089e-03 4.952747613872548679e-04
-1.117653637162801606e-03 5.025078941512924145e-04
-1.100918478230824508e-03 5.077666966459678990e-04
-1.079983990107736755e-03 5.110718525307936678e-04
-1.055025386107093363e-03 5.124512258272032137e-04
-1.026229746834974536e-03 5.119394773952911509e-04
-9.937947393456917581e-04 5.095776681090759741e-04
-9.579273437947778214e-04 5.054128513064303028e-04
-9.188425936090651239e-04 4.994976569956106980e-04
-8.767623347710302387e-04 4.918898701984820857e-04
-8.319140093868994650e-04 4.826520057023513241e-04
-7.845294682780367453e-04 4.718508813787781792e-04
-7.348438169081381380e-04 4.595571921106099498e-04
-6.830942985309783420e-04 4.458450862467781091e-04
-6.295192180240766992e-04 4.307917463811540689e-04
-5.743569094646262634e-04 4.144769761273964627e-04
-5.178447500994996008e-04 3.969827944356006796e-04
-4.602182229697951649e-04 3.783930388705862005e-04
-4.017100300741407700e-04 3.587929791474301039e-04
-3.425492575911104863e-04 3.382689420960672492e-04
-2.829605943307508071e-04 3.169079491045986310e-04
-2.231636042546320800e-04 2.947973669726484665e-04
-1.633720535879085048e-04 2.720245729891165995e-04
-1.037932927462473015e-04 2.486766349355579902e-04
-4.462769302439122902e-05 2.248400066079968328e-04
1.393186226953726516e-05 2.006002393447391748e-04
7.170043279653448586e-05 1.760417099459760755e-04
1.285014230706019297e-04 1.512473652750271551e-04
1.841669322340695465e-04 1.262984837403560159e-04
2.385380529048835164e-04 1.012744537697244659e-04
2.914651204456453486e-04 7.625256930646647218e-05
3.428079141561245907e-04 5.130784228090408264e-05
3.924358120262847068e-04 2.651283193932743880e-05
4.402279008043864447e-04 1.937490845606732468e-06
4.860730432392141361e-04 -2.235097269105297524e-05
5.298699044397331545e-04 -4.628821606450102244e-05
5.715269393659465087e-04 -6.981286804931714773e-05
6.109623435240600512e-04 -9.286661910807222377e-05
6.481039689820413318e-04 -1.153942967706573922e-04
6.828892078511248753e-04 -1.373439265641214111e-04
7.152648453971054707e-04 -1.586667790040782733e-04
7.451868849530679691e-04 -1.793174031874118877e-04
7.726203468009812825e-04 -1.992536475499394897e-04
7.975390431758126383e-04 -2.184366683719672218e-04
8.199253315224140073e-04 -2.368309266311482172e-04
8.397698481057154062e-04 -2.544041738147227185e-04
8.570712240350388325e-04 -2.711274273122809045e-04
8.718357857172818765e-04 -2.869749360152752237e-04
8.840772417014130472e-04 -3.019241367520499150e-04
8.938163578205413941e-04 -3.159556021880282630e-04
9.010806224748989495e-04 -3.290529808175025536e-04
9.059039038313133983e-04 -3.412029296672755389e-04
9.083261006456639936e-04 -3.523950403253710024e-04
9.083927883411980391e-04 -3.626217588985918461e-04
9.061548618998613216e-04 -3.718783004906708856e-04
9.016681770459675140e-04 -3.801625587802776604e-04
8.949931911220771093e-04 -3.874750112615933011e-04
8.861946049774963551e-04 -3.938186206959388091e-04
8.753410071086814483e-04 -3.991987333040089548e-04
8.625045212098792326e-04 -4.036229742112948794e-04
8.477604582120962240e-04 -4.071011406380432482e-04
8.311869738084948136e-04 -4.096450933069535117e-04
8.128647323854141984e-04 -4.112686465194963659e-04
7.928765781993753984e-04 -4.119874573321073491e-04
7.713072145657340426e-04 -4.118189142406600582e-04
7.482428917490724623e-04 -4.107820257605704871e-04
7.237711041726558594e-04 -4.088973092675224786e-04
6.979802974936938050e-04 -4.061866804430939093e-04
6.709595860234712295e-04 -4.026733436457554456e-04
6.427984809051009866e-04 -3.983816835078881529e-04
6.135866293982177380e-04 -3.933371580367025448e-04
5.834135655599038874e-04 -3.875661934764341424e-04
5.523684725514390811e-04 -3.810960811684720477e-04
5.205399567481460788e-04 -3.739548766249228980e-04
4.880158337747662520e-04 -3.661713010124941609e-04
4.548829265402052225e-04 -3.577746452225549030e-04
4.212268752983130190e-04 -3.487946766864214506e-04
3.871319597190821227e-04 -3.392615490747612336e-04
3.526809329120410936e-04 -3.292057150041541400e-04
3.179548673062117248e-04 -3.186578418554603109e-04
2.830330122545128601e-04 -3.076487307939788180e-04
2.479926632006238603e-04 -2.962092390641036599e-04
2.129090422141331534e-04 -2.843702056186559889e-04
1.778551896716162872e-04 -2.721623801262262866e-04
1.429018668387382874e-04 -2.596163553890283213e-04
1.081174690863575345e-04 -2.467625031900130741e-04
7.356794945118882133e-05 -2.336309135758046849e-04
3.931675223560099260e-05 -2.202513375713710867e-04
5.424756325950159204e-06 -2.066531333121408962e-04
-2.804977210514563574e-05 -1.928652155684804559e-04
-6.105121785800364585e-05 -1.789160086296642501e-04
-9.352664628090364286e-05 -1.648334025052469590e-04
-1.254258245243153596e-04 -1.506447123942172015e-04
-1.567012348416418227e-04 -1.363766413651724616e-04
-1.873080803078701524e-04 -1.220552461849918219e-04
-2.172042833328252220e-04 -1.077059062262335399e-04
-2.463504773429620845e-04 -9.335329537973634836e-05
-2.747099920064169950e-04 -7.902135689394809812e-05
-3.022488323775398026e-04 -6.473328105703333763e-05
-3.289356523309846202e-04 -5.051148563572243656e-05
-3.547417226513000172e-04 -3.637759898204455432e-05
-3.796408941424377612e-04 -2.235244571423824166e-05
-4.036095561137249257e-04 -8.456034878677205074e-06
-4.266265905917604375e-04 5.292449503960098330e-06
-4.486733226010307060e-04 1.887465560533596598e-05
-4.697334668502786063e-04 3.227306876750927274e-05
-4.897930711490923461e-04 4.547101439159406222e-05
-5.088404568727494717e-04 5.845265883527907291e-05
-5.268661567842392035e-04 7.120300841931379195e-05
-5.438628505099732044e-04 8.370790664115993775e-05
-5.598252979574978817e-04 9.595402969358687341e-05
-5.747502709536042370e-04 1.079288803854160724e-04
-5.886364833674118720e-04 1.196207805616139575e-04
-6.014845199750994392e-04 1.310188621145503196e-04
-6.132967643113514502e-04 1.421130566822011415e-04
-6.240773257391768513e-04 1.528940841218630841e-04
-6.338319659627869281e-04 1.633534398537272048e-04
-6.425680251933409484e-04 1.734833811530762156e-04
-6.502943481667219526e-04 1.832769124850747351e-04
-6.570212102060522547e-04 1.927277699592185479e-04
-6.627602435029644051e-04 2.018304049874386692e-04
-6.675243637879089368e-04 2.105799672197135731e-04
-6.713276975462465586e-04 2.189722868365524789e-04
-6.741855099255077404e-04 2.270038562704979556e-04
-6.761141334719948616e-04 2.346718114226496558e-04
-6.771308978199409682e-04 2.419739124493974335e-04
-6.772540604561665123e-04 2.489085241753763856e-04
-6.765027386602874993e-04 2.554745962040329212e-04
-6.748968427241932959e-04 2.616716427720690188e-04
-6.724570105369419813e-04 2.674997224225738918e-04
-6.692045436194990916e-04 2.729594175339368142e-04
-6.651613446744855098e-04 2.780518137631281424e-04
-6.603498567265984800e-04 2.827784794534907121e-04
-6.547930038989188163e-04 2.871414450501641284e-04
-6.485141338834388321e-04 2.911431825649878676e-04
-6.415369621434858192e-04 2.947865851359623133e-04
-6.338855178831328012e-04 2.980749467193001285e-04
-6.255840918213471762e-04 3.010119419408625570e-04
-6.166571857781328421e-04 3.036016061564023299e-04
-6.071294641100063744e-04 3.058483157376334699e-04
-5.970257069878673892e-04 3.077567686189578268e-04
-5.863707655381684590e-04 3.093319651323257671e-04
-5.751895188430902750e-04 3.105791891521101624e-04
-5.635068327954351197e-04 3.115039895744742596e-04
-5.513475208078537576e-04 3.121121621484668229e-04
-5.387363063588758222e-04 3.124097316843865105e-04
-5.256977873639949580e-04 3.124029346443362451e-04
-5.122564023575387759e-04 3.120982021434927736e-04
-4.984363984528717133e-04 3.115021433668590340e-04
-4.842618010732227746e-04 3.106215294088723378e-04
-4.697563854082694194e-04 3.094632775598265238e-04
-4.549436495828429981e-04 3.080344360338382664e-04
-4.398467894930320151e-04 3.063421691512934787e-04
-4.244886752908604401e-04 3.043937429827870268e-04
-4.088918294584111207e-04 3.021965114547361117e-04
-3.930784064679970573e-04 2.997579029225738365e-04
-3.770701739551063619e-04 2.970854072079750141e-04
-3.608884953889027690e-04 2.941865631183500644e-04
-3.445543141884189423e-04 2.910689464177039303e-04
-3.280881392414811723e-04 2.877401582790172592e-04
-3.115100317958514648e-04 2.842078141983263523e-04
-2.948395936573750768e-04 2.804795333692116808e-04
-2.780959566849074138e-04 2.765629285194414551e-04
-2.612977734935859834e-04 2.724655962013966841e-04
-2.444632093695580342e-04 2.681951075307191274e-04
-2.276099353162173620e-04 2.637589993723452454e-04
-2.107551222032100864e-04 2.591647659566886875e-04
-1.939154359750126723e-04 2.544198509390299917e-04
-1.771070338688402108e-04 2.495316398625013017e-04
-1.603455616057579078e-04 2.445074530574183861e-04
-1.436461515044742628e-04 2.393545389323872689e-04
-1.270234214765548087e-04 2.340800676708850987e-04
-1.104914748701386911e-04 2.286911253193061168e-04
-9.406390110664010820e-05 2.231947082404927196e-04
-7.775377707764349661e-05 2.175977179674011184e-04
-6.157366926721006683e-05 2.119069563817140716e-04
-4.553563654276220226e-05 2.061291212803461085e-04
-2.965123359695826899e-05 2.002708022530145680e-04
-1.393151498452491953e-05 1.943384769151359993e-04
1.612960265475328440e-06 1.883385074461699346e-04
1.697212351532230489e-05 1.822771374492353734e-04
3.213639088266001916e-05 1.761604891100773305e-04
4.709665714733606343e-05 1.699945606431541066e-04
6.184428922589246217e-05 1.637852240277941503e-04
7.637111925130649309e-05 1.575382229989716462e-04
9.066943728576601011e-05 1.512591713268368284e-04
1.047319837079136264e-04 1.449535513170093718e-04
1.185519412758555827e-04 1.386267125667330329e-04
1.321229269245384062e-04 1.322838709584904895e-04
1.454389833141495189e-04 1.259301078580745044e-04
1.584945701417969372e-04 1.195703695423076655e-04
1.712845552658492595e-04 1.132094668193050742e-04
1.838042056385243606e-04 1.068520748354758962e-04
1.960491781179758599e-04 1.005027330900517380e-04
2.080155100977070274e-04 9.416584560245884006e-05
2.196996100800835503e-04 8.784568124430349194e-05
2.310982481236992421e-04 8.154637426070449437e-05
2.422085462407724452e-04 7.527192490480567552e-05
2.530279687233166395e-04 6.902620022523245737e-05
2.635543124626603916e-04 6.281293500662755037e-05
2.737856972237535805e-04 5.663573279973297889e-05
2.837205559398399001e-04 5.049806710011251805e-05
2.933576249914319838e-04 4.440328262313218786e-05
3.026959345449906709e-04 3.835459669428007866e-05
3.117347989264547038e-04 3.235510069578884952e-05
3.204738070036609377e-04 2.640776168363842297e-05
3.289128127045495972e-04 2.051542399687081883e-05
3.370519255383178027e-04 1.468081099622322260e-05
3.448915012810625596e-04 8.906526865713979024e-06
3.524321326538015341e-04 3.195058496963728168e-06
3.596746402291704455e-04 -2.451222630879952525e-06
3.666200633100632567e-04 -8.030058453752488348e-06
3.732696510847452747e-04 -1.353930228737191231e-05
3.796248537334835486e-04 -1.897691675957727145e-05
3.856873138483569259e-04 -2.434097175484323337e-05
3.914588578594973244e-04 -2.962964220900492565e-05
3.969414876275300904e-04 -3.484120595555504707e-05
4.021373722914825836e-04 -3.997404154996181554e-05
4.070488400749807398e-04 -4.502662607902546818e-05
4.116783704667786306e-04 -4.999753281912278254e-05
4.160285863786290111e-04 -5.488542915068256095e-05
4.201022466098854502e-04 -5.968907415860130153e-05
4.239022383587169682e-04 -6.440731647825879633e-05
4.274315699670015820e-04 -6.903909195226214384e-05
4.306933639109522126e-04 -7.358342142795419615e-05
4.336908497354812278e-04 -7.803940844179244832e-05
4.364273573804044321e-04 -8.240623701528083868e-05
4.389063106431136921e-04 -8.668316935215433978e-05
4.411312206547046743e-04 -9.086954365715010093e-05
4.431056798461353950e-04 -9.496477188198918710e-05
4.448333556641476572e-04 -9.896833749428995269e-05
4.463179848301529777e-04 -1.028797933855884030e-04
4.475633676055926647e-04 -1.066987595125644004e-04
4.485733622467847769e-04 -1.104249209786008082e-04
4.493518796573214456e-04 -1.140580256521329223e-04
4.499028781605634349e-04 -1.175978823366968351e-04
4.502303584665635927e-04 -1.210443584486923878e-04
4.503383588391573328e-04 -1.243973781195638394e-04
4.502309504520813277e-04 -1.276569200144127422e-04
4.499122327705518142e-04 -1.308230155669510664e-04
4.493863291158754184e-04 -1.338957468194420944e-04
4.486573826680749456e-04 -1.368752445690035106e-04
4.477295522716266598e-04 -1.397616863673582593e-04
4.466070084282434158e-04 -1.425552948758362524e-04
4.452939297888825853e-04 -1.452563357555256159e-04
4.437944994067334831e-04 -1.478651159967078255e-04
4.421129013018316014e-04 -1.503819821556918947e-04
4.402533171292946548e-04 -1.528073187213071073e-04
4.382199230834614477e-04 -1.551415460871249528e-04
4.360168867531108352e-04 -1.573851192371336606e-04
4.336483644439793547e-04 -1.595385259734243770e-04
4.311184980368747903e-04 -1.616022852555305432e-04
4.284314128455331554e-04 -1.635769456936118742e-04
4.255912147072244507e-04 -1.654630842516745910e-04
4.226019876480541487e-04 -1.672613042138577282e-04
4.194677919562395476e-04 -1.689722343363656953e-04
4.161926616939570756e-04 -1.705965271544575821e-04
4.127806027489957499e-04 -1.721348575205903998e-04
4.092355910049187044e-04 -1.735879214525658915e-04
4.055615704495343183e-04 -1.749564346967079744e-04
4.017624515087138328e-04 -1.762411315018528051e-04
3.978421094951425842e-04 -1.774427634240195164e-04
3.938043829918431949e-04 -1.785620980068631527e-04
3.896530725745135692e-04 -1.795999177061419671e-04
3.853919394789485312e-04 -1.805570188415368913e-04
3.810247042891467401e-04 -1.814342102965581466e-04
3.765550459629430215e-04 -1.822323126135618539e-04
3.719866007490315067e-04 -1.829521568111415247e-04
3.673229610483920221e-04 -1.835945836268296758e-04
3.625676748109627509e-04 -1.841604423172265995e-04
3.577242447584175460e-04 -1.846505897729718492e-04
3.527961273195230900e-04 -1.850658897214161615e-04
3.477867322668019845e-04 -1.854072117639392380e-04
3.426994220384785121e-04 -1.856754306295096176e-04
3.375375114311327451e-04 -1.858714252253538396e-04
3.323042668011415724e-04 -1.859960778272085307e-04
3.270029059928636415e-04 -1.860502735968309776e-04
3.216365978785563776e-04 -1.860348995942012295e-04
3.162084621233790115e-04 -1.859508443014706359e-04
3.107215689676929692e-04 -1.857989967837278631e-04
3.051789391600550337e-04 -1.855802459941435886e-04
2.995835436718725714e-04 -1.852954804782319426e-04
2.939383040375834026e-04 -1.849455875615655894e-04
2.882460917254721388e-04 -1.845314527719573903e-04
2.825097289043894443e-04 -1.840539594874915960e-04
2.767319880303348517e-04 -1.835139881525469328e-04
2.709155923362757765e-04 -1.829124162999059243e-04
2.650632156028428772e-04 -1.822501175507221520e-04
2.591774826544831416e-04 -1.815279615719102161e-04
2.532609697000277925e-04 -1.807468135416333320e-04
2.473162044090934674e-04 -1.799075338408772490e-04
2.413456662945734029e-04 -1.790109776990129586e-04
2.353517871847129930e-04 -1.780579948690609051e-04
2.293369513936851752e-04 -1.770494294174298697e-04
2.233034963922241186e-04 -1.759861193018168711e-04
2.172537131601121703e-04 -1.748688963579627417e-04
2.111898467147371424e-04 -1.736985860575185575e-04
2.051140962217639296e-04 -1.724760073733945314e-04
1.990286162794314235e-04 -1.712019725983755379e-04
1.929355167357938924e-04 -1.698772871345514328e-04
1.868368637077377477e-04 -1.685027495633539384e-04
1.807346800593018351e-04 -1.670791518951462995e-04
1.746309460017887857e-04 -1.656072791289018111e-04
1.685275997322434349e-04 -1.640879096650338538e-04
1.624265380817579898e-04 -1.625218153713229750e-04
1.563296172977357145e-04 -1.609097614902393685e-04
1.502386534184503358e-04 -1.592525073238842362e-04
1.441554232885881317e-04 -1.575508061388019871e-04
1.380816651094545129e-04 -1.558054059504540144e-04
1.320190791117877157e-04 -1.540170496563805964e-04
1.259693283015856508e-04 -1.521864756248459414e-04
1.199340391143253657e-04 -1.503144186561944536e-04
1.139148022265031707e-04 -1.484016104629431803e-04
1.079131730434118293e-04 -1.464487807387881047e-04
1.019306724059141733e-04 -1.444566582407934968e-04
9.596878708685389057e-05 -1.424259720418741629e-04
9.002897038745147709e-05 -1.403574531744159598e-04
8.411264247992983681e-05 -1.382518363296775645e-04
7.822119064387932693e-05 -1.361098620415570682e-04
7.235596938460028176e-05 -1.339322791623299622e-04
6.651830014880056458e-05 -1.317198477321334640e-04
6.070947079502016745e-05 -1.294733425331033474e-04
5.493073429172751736e-05 -1.271935571204668659e-04
4.918330702269168030e-05 -1.248813087981688922e-04
4.346836572359522515e-05 -1.225374443113590899e-04
3.778704303329488668e-05 -1.201628464388378360e-04
3.214042088309646884e-05 -1.177584417871325046e-04
2.652952068866270454e-05 -1.153252093687096366e-04
2.095528914063190344e-05 -1.128641896272883545e-04
1.541857779552797944e-05 -1.103764929053938976e-04
9.920114422312726379e-06 -1.078633046385307987e-04
4.460464320332387653e-06 -1.053258827833543500e-04
-9.600178241064597439e-07 -1.027655395126573373e-04
-6.341238578788756578e-06 -1.001835973321966582e-04
-1.168340213725067373e-05 -9.758131238235927805e-05
-1.698700762914244022e-05 -9.495977334226104810e-05
-2.225279126174096002e-05 -9.231980592506463471e-05
-2.748162847913788605e-05 -8.966191937555400703e-05
-3.267443264228453925e-05 -8.698630843184034043e-05
-3.783207984621054848e-05 -8.429289312727656128e-05
-4.295536754291638779e-05 -8.158137114703291066e-05
-4.804499874015248629e-05 -7.885126639819204730e-05
-5.310158123413356889e-05 -7.610196673273094455e-05
-5.812563386195033067e-05 -7.333275135169053569e-05
-6.311759549200763220e-05 -7.054280954716938873e-05
-6.807783394999882551e-05 -6.773125299615651474e-05
-7.300665431672700588e-05 -6.489712381713430578e-05
-7.790430568552171369e-05 -6.203939904902324299e-05
-8.277098698098508131e-05 -5.915699335175812979e-05
-8.760685130033277267e-05 -5.624875981765462972e-05
-9.241200942829178803e-05 -5.331348987965499851e-05
-9.718653227020436687e-05 -5.034991221614085644e-05
-1.019304525814986804e-04 -4.735669101931172319e-05
-1.066437657309571188e-04 -4.433242401401694000e-05
-1.113264301810383718e-04 -4.127563951833833079e-05
-1.159783670412023292e-04 -3.818479358262647796e-05
-1.205994593690928559e-04 -3.505826671209264655e-05
-1.251895508252886169e-04 -3.189436025913738523e-05
-1.297484437811518871e-04 -2.869129241595715419e-05
-1.342758970105511758e-04 -2.544719402062624108e-05
-1.387716229705805748e-04 -2.216010412701768865e-05
-1.432352845200697967e-04 -1.882796510164009890e-05
-1.476664911520853300e-04 -1.544861760734392737e-05
-1.520647947400175968e-04 -1.201979510096975881e-05
-1.564296846613941780e-04 -8.539118164563217980e-06
-1.607605824470099737e-04 -5.004088325609895886e-06
-1.650568357016904799e-04 -1.412081596871511506e-06
-1.693177113699145179e-04 2.239658336764683959e-06
-1.735423884050626422e-04 5.954027419039075873e-06
-1.777299494229094641e-04 9.734068832318681875e-06
-1.818793715753873189e-04 1.358298119434720006e-05
-1.859895166145500325e-04 1.750412710103290532e-05
-1.900591196132438881e-04 2.150104217713050454e-05
-1.940867767193526789e-04 2.557744461116587980e-05
-1.980709317862079037e-04 2.973724547478201138e-05
-2.020098612616426619e-04 3.398455906445417357e-05
-2.059016577501178056e-04 3.832371419264662428e-05
-2.097442116935097707e-04 4.275926604907709849e-05
-2.135351913019982711e-04 4.729600839285063956e-05
-2.172720201906575932e-04 5.193898654561850267e-05
-2.209518527384136738e-04 5.669351076655434378e-05
-2.245715470821718976e-04 6.156517054288882277e-05
-2.281276347352080580e-04 6.655984910233614220e-05
-2.316162872043560817e-04 7.168373827803799919e-05
-2.350332789018951744e-04 7.694335434725832110e-05
-2.383739461968277604e-04 8.234555386424137491e-05
-2.416331418980172032e-04 8.789754978410237423e-05
-2.448051844487185717e-04 9.360692790768550080e-05
-2.478838018771677598e-04 9.948166308993168223e-05
-2.508620694875265435e-04 1.055301355405447177e-04
-2.537323402726739184e-04 1.117611458641586857e-04
-2.564861675551898261e-04 1.181839302224827588e-04
-2.591142192620711862e-04 1.248081733869751487e-04
-2.616061820138284363e-04 1.316440203387263513e-04
-2.639506545435829003e-04 1.387020851339187282e-04
-2.661350288608200099e-04 1.459934565712168379e-04
-2.681453577484165722e-04 1.535296991648334641e-04
-2.699662071783420379e-04 1.613228490559366808e-04
-2.715804915754383396e-04 1.693854024497124769e-04
-2.729692902165636935e-04 1.777302947000121902e-04
-2.741116427034828869e-04 1.863708691083807963e-04
-2.749843209896250524e-04 1.953208306203745037e-04
-2.755615750313979997e-04 2.045941829642794691e-04
-2.758148503383894227e-04 2.142051439800596183e-04
-2.757124730810081299e-04 2.241680343706783267e-04
-2.752193007543126172e-04 2.344971344961437835e-04
-2.742963352038717034e-04 2.452065015592310338e-04
-2.729002926493355029e-04 2.563097373824861007e-04
-2.709831311129633452e-04 2.678196985498260889e-04
-2.684915281368318359e-04 2.797481340078665632e-04
-2.653663094429328188e-04 2.921052341396960985e-04
-2.615418265433497769e-04 3.048990756447718278e-04
-2.569452802212967560e-04 3.181349363468569569e-04
-2.514959944145081657e-04 3.318144561759951900e-04
-2.451046440331080428e-04 3.459346087339830868e-04
-2.376724452310618953e-04 3.604864481653579917e-04
-2.290903212875225643e-04 3.754535838798143824e-04
-2.192380686701992103e-04 3.908103305433895959e-04
-2.079835530814045047e-04 4.065194692344184534e-04
-1.951819853412008307e-04 4.225295475317412388e-04
-1.806753431135858432e-04 4.387716341766997245e-04
-1.642920317272536285e-04 4.551554324915601992e-04
-1.458469076128365166e-04 4.715646482924195845e-04
-1.251418473611547676e-04 4.878514974498728810e-04
-1.019670779117540015e-04 5.038302393134443113e-04
-7.610358907813975587e-05 5.192696226443275272e-04
-4.732701975188917322e-05 5.338841567653111134e-04
-1.541354384578826455e-05 5.473241588412674705e-04
1.985157370997913794e-05 5.591646057424192384e-04
5.866191233393227796e-05 5.688929587473915772e-04
1.011732668428179719e-04 5.758963296029746912e-04
1.474811998571474124e-04 5.794486756490870114e-04
1.975912783488437835e-04 5.786991876428913611e-04
2.513803577833648877e-04 5.726637170120088506e-04
3.085471978585682868e-04 5.602220138558072120e-04
3.685509084059124902e-04 5.401248696287633223e-04
4.305363483619969360e-04 5.110169111737536234e-04
4.932469997941124357e-04 4.714828455137658365e-04
5.549283850652355536e-04 4.201273055168093995e-04
6.132293640577979798e-04 3.557007631233105008e-04
6.651154664497658337e-04 2.772854607347085762e-04
7.068181351698906963e-04 1.845547462816563944e-04
7.338571107996223839e-04 7.811422884205360129e-05
7.411890649053936219e-04 -4.007969264051400218e-05
7.235513121367075518e-04 -1.662537637707189745e-04
6.760778059556329326e-04 -2.943769108341902450e-04
5.952523331387515014e-04 -4.158804482214874688e-04
4.802097840171997908e-04 -5.197538297081952382e-04
3.342735986123066450e-04 -5.933022198216108710e-04
1.664066596911316560e-04 -6.238641225993167821e-04
-8.033067032711232449e-06 -6.016510092509471525e-04
-1.681006522458512351e-04 -5.234767578145059583e-04
-2.905078151150948486e-04 -3.964407197427497398e-04
-3.555681392895418229e-04 -2.397788272282376314e-04
-3.546413916190742409e-04 -8.266778908343119163e-05
-2.958629324296544101e-04 4.330595145942123909e-05
-2.038062561692210420e-04 1.153801718905776008e-04
-1.106030865443216203e-04 1.290400053465400217e-04
-4.159676509195822560e-05 9.877004416066109454e-05
-4.100189670715050124e-06 4.799123607051599500e-05
1.349378040458762651e-05 -5.243084945433296905e-06
3.474206664207583033e-05 -5.649720505771908027e-05
9.232663525746556482e-05 -1.140668224173617125e-04
2.432433250534978735e-04 -1.981597045932184577e-04
6.181649223341481158e-04 -3.639482998774687828e-04
1.530288370863323866e-03 -8.238852284656862602e-04
3.594498079319237600e-03 -2.432786171107743575e-03
7.143003027101797568e-03 -8.108082217206137587e-03
7.970518364769189901e-03 -2.455492610577280146e-02
-1.345031085591536640e-02 -5.528071585146564215e-02
-8.816113654947410616e-02 -6.837755853028697206e-02
-1.887905317095043001e-01 1.816818871718078876e-02
-1.739202618042553772e-01 2.150431391868080910e-01
3.881621876064236809e-02 3.463319814331677349e-01
2.955776553840303578e-01 2.502565516606646279e-01
3.892780760708626220e-01 0.000000000000000000e+00
2.907924230374654417e-01 -2.164422307767970843e-01
1.111470449117219761e-01 -2.992159918899270354e-01
-4.225751646196766742e-02 -2.668228300690567711e-01
-1.277581186587488649e-01 -1.822714035359006557e-01
-1.528885149122730658e-01 -9.555864719353657222e-02
-1.415726711400600857e-01 -2.957329684499638428e-02
-1.149080530209905249e-01 1.196945174353759855e-02
-8.584268105129085058e-02 3.383328853497737099e-02
-6.041933867253472534e-02 4.254363958491287623e-02
-4.047956090623298225e-02 4.355990157738440227e-02
-2.582662667523972708e-02 4.063900933877045984e-02
-1.551530249903686556e-02 3.607473179572309036e-02
-8.486289534034562390e-03 3.113803379717495698e-02
-3.819550652004810067e-03 2.646206981612385725e-02
-7.997140084007358166e-04 2.231344266823482095e-02
1.096973121650864948e-03 1.876321306637736969e-02
2.240332094653353125e-03 1.578708716708125681e-02
2.885532908345231178e-03 1.332072502184613455e-02
3.205946771865394399e-03 1.128847653002178208e-02
3.318093282971544024e-03 9.617163649269106981e-03
3.299625545925265538e-03 8.241827646105452307e-03
3.201905986825271354e-03 7.107379057737166217e-03
3.058637166100291408e-03 6.168308567106308912e-03
2.891717108588187299e-03 5.387596975938254394e-03
2.715183919452273352e-03 4.735396935842502673e-03
2.537861890841381328e-03 4.187754283620947170e-03
2.365132190802181171e-03 3.725478360314624440e-03
2.200115889772499920e-03 3.333191731530960478e-03
2.044463407519233472e-03 2.998553155349722825e-03
1.898880513661505834e-03 2.711632974315847031e-03
1.763478051554111421e-03 2.464416123835280227e-03
1.638003636922995970e-03 2.250408994176514299e-03
1.521994309221238280e-03 2.064329366089728574e-03
1.414876255071606222e-03 1.901862068275927920e-03
1.316029106112440693e-03 1.759466332199120103e-03
1.224826580672339462e-03 1.634223643116282636e-03
1.140661382404921159e-03 1.523717319434890818e-03
1.062959664231321894e-03 1.425936913541382342e-03
9.911886629635335150e-04 1.339202077882075412e-03
9.248598969177419978e-04 1.262101710651141514e-03
8.635295587967578134e-04 1.193445134969855614e-03
8.067971751101047414e-04 1.132222783600583729e-03
7.543032582247910555e-04 1.077574407585345879e-03
7.057264252156299038e-04 1.028763269498258158e-03
6.607802816073484690e-04 9.851551117327653293e-04
6.192102763960110343e-04 9.462009413546350984e-04
5.807906431951578071e-04 9.114228868146910740e-04
5.453214954300349745e-04 8.804025290415775458e-04
5.126261165550681899e-04 8.527712382823991267e-04
4.825484532981719091e-04 8.282021350139098792e-04
4.549508202252483709e-04 8.064033804521084266e-04
4.297118038395163187e-04 7.871125478143554781e-04
4.067243511235343455e-04 7.700918865708506790e-04
3.858940306120815702e-04 7.551243182024564926e-04
3.671374463857677781e-04 7.420100375725810927e-04
3.503807885555652087e-04 7.305636152778319844e-04
3.355585025631351113e-04 7.206115170240580230e-04
3.226120604758658588e-04 7.119899710174333466e-04
3.114888164614060349e-04 7.045431254854747334e-04
3.021409338067129486e-04 6.981214510023272873e-04
2.945243649272057508e-04 6.925803507070114320e-04
2.885978707515808941e-04 6.877789451191787745e-04
2.843220627481423410e-04 6.835790099084298934e-04
2.816584529749243402e-04 6.798440460337489477e-04
2.805684941371782521e-04 6.764384686663235408e-04
2.810125921458717503e-04 6.732269062403961699e-04
2.829490698112557389e-04 6.700736071832478873e-04
2.863330579620119781e-04 6.668419587028068599e-04
2.911152872865542399e-04 6.633941294098300587e-04
2.972407476280546730e-04 6.595908647655684444e-04
3.046471791166850923e-04 6.552914778909399397e-04
3.132633570584200883e-04 6.503541147459206790e-04
3.230071344421405724e-04 6.446364106423884462e-04
3.337832337409356092e-04 6.379967313519468259e-04
3.454808430282663417e-04 6.302962915550217949e-04
3.579712491701460015e-04 6.214025684065518180e-04
3.711060997864086899e-04 6.111945171580185745e-04
3.847175541720268674e-04 5.995699172909378606e-04
3.986223770306311144e-04 5.864542130764030178e-04
4.126319212329772725e-04 5.718079891628315278e-04
4.265669548403842447e-04 5.556280293056303646e-04
4.402712307265137411e-04 5.379389433302945870e-04
4.536171474538355092e-04 5.187791501299260973e-04
4.665030380256989656e-04 4.981883828379966503e-04
4.788464474004881875e-04 4.762003604224697298e-04
4.905772685203117420e-04 4.528400399159267188e-04
5.016323131042353667e-04 4.281235693906882247e-04
5.119514567795064360e-04 4.020594801980518075e-04
5.214750282754778560e-04 3.746503190316036788e-04
5.301420742238757916e-04 3.458943608333956256e-04
5.378892186649143542e-04 3.157872647739624027e-04
5.446499242788435885e-04 2.843236437066206214e-04
5.503540333696368839e-04 2.514985562131891780e-04
5.549275113726321543e-04 2.173089459743520607e-04
5.582923470064909792e-04 1.817550547935490083e-04
5.603665812055205276e-04 1.448418363097641617e-04
5.610644524601605997e-04 1.065803905191135874e-04
5.602966540733532626e-04 6.698943889457686929e-05
5.579707027042297377e-04 2.609685452907315535e-05
5.539914262349597508e-04 -1.605874127864797608e-05
5.482615775818959133e-04 -5.942630676847133965e-05
5.406825867936967608e-04 -1.039406267480176723e-04
5.311554651311232392e-04 -1.495204772795016379e-04
5.195818743588518935e-04 -1.960667085413346294e-04
5.058653773289392350e-04 -2.434602519877780051e-04
4.899128870345238577e-04 -2.915600627327052680e-04
4.716363298702971971e-04 -3.402010096588834387e-04
4.509545387803104519e-04 -3.891917369804366329e-04
4.277953941119452472e-04 -4.383125236409802952e-04
4.020982226424880349e-04 -4.873131780492138965e-04
3.738164681439454977e-04 -5.359110114988477986e-04
3.429206404478267467e-04 -5.837889450443766457e-04
3.094015467823865132e-04 -6.305938203744531961e-04
2.732738001161161951e-04 -6.759349898595374325e-04
2.345795933062620080e-04 -7.193832832508562352e-04
1.933927180848565180e-04 -7.604704586369647390e-04
1.498227939896777194e-04 -7.986892673984188331e-04
1.040196561481414707e-04 -8.334942766369524397e-04
5.617783761974740791e-05 -8.643036111752528446e-04
6.541053925004371942e-06 -8.905018008556180725e-04
-4.459342059527014431e-05 -9.114439355653327322e-04
-9.687062682262379378e-05 -9.264613338261523277e-04
-1.498742200511616273e-04 -9.348689776521651104e-04
-2.031233978873630175e-04 -9.359749397568642394e-04
-2.560707041340991785e-04 -9.290920546548405096e-04
-3.081009935062886391e-04 -9.135520800012781554e-04
-3.585318816036159968e-04 -8.887225686035947567e-04
-4.066160447542586736e-04 -8.540266491199636437e-04
-4.515457700665264154e-04 -8.089658607189446080e-04
-4.924601888489702189e-04 -7.531461186005288140e-04
-5.284556471125620436e-04 -6.863067643212576773e-04
-5.585996618217253622e-04 -6.083525582572004960e-04
-5.819489149545547125e-04 -5.193882560402568894e-04
-5.975716679628878840e-04 -4.197552066291625737e-04
-6.045749222316110401e-04 -3.100691453781767300e-04
-6.021365028549426589e-04 -1.912580144382971061e-04
-5.895420679418232569e-04 -6.459827248719781116e-05
-5.662268000621677438e-04 6.825227937323140011e-05
-5.318211956383066914e-04 2.052276147940743111e-04
-4.861999631516173109e-04 3.438354936381489294e-04
-4.295325577412008192e-04 4.811518895849987380e-04
-3.623332517970983104e-04 6.138317757739196164e-04
-2.855080210715249143e-04 7.381407270070038367e-04
-2.003947740886919695e-04 8.500120119056128135e-04
-1.087927146187018038e-04 9.451339682036875986e-04
-1.297591596265774885e-05 1.019072177179966218e-03
8.431441134370073901e-05 1.067430262594102133e-03
1.799048580921514700e-04 1.086051846682438557e-03
2.702578916033711960e-04 1.071264181635757807e-03
3.515785080092837423e-04 1.020161031390191993e-03
4.199637052333348689e-04 9.309184588047405987e-04
4.715969387369114627e-04 8.031321125636801863e-04
5.029865437905157348e-04 6.381584514208122954e-04
5.112426900744783224e-04 4.394352211927194784e-04
4.943817395990818568e-04 2.127487176256292664e-04
4.516399678200845895e-04 -3.359243753169949623e-05
3.837708034806015713e-04 -2.887242160300893478e-04
2.932916595744419330e-04 -5.393867389639495904e-04
1.846390624124554718e-04 -7.703291695603540828e-04
6.418557281077702428e-05 -9.650072894339515629e-04
-5.992915018592968011e-05 -1.106607157718013899e-03
-1.781955977131736307e-04 -1.179403234753293719e-03
-2.803884348482649398e-04 -1.170421114236387108e-03
-3.564807422958404652e-04 -1.071322498928008703e-03
-3.977845037095598330e-04 -8.803641483114582915e-04
-3.982339182236638861e-04 -6.042071647477211590e-04
-3.556698473869854228e-04 -2.592764929301473453e-04
-2.729237638488735867e-04 1.276933714226587818e-04
-1.584500738624774704e-04 5.203218722946572087e-04
-2.623380069439193787e-05 8.748240277070035327e-04
1.052724310200829107e-04 1.144086277312553017e-03
2.153305672530083596e-04 1.283606972079268929e-03
2.841823297168146259e-04 1.258978196433789597e-03
2.970883565182929004e-04 1.054112225197640761e-03
2.484960711794979653e-04 6.788707701451085312e-04
1.453554884148044297e-04 1.742417441569712880e-04
8.376719656703792826e-06 -3.870993494878212393e-04
-1.299323702464548892e-04 -9.068092380034463353e-04
-2.315777328708199206e-04 -1.276893146639198045e-03
-2.628797066928082642e-04 -1.401677700422119220e-03
