3.932152683177015523e-02 1.092903245118943129e-02
3.871976978629151217e-02 1.075766781167548578e-02
3.723310919322196655e-02 1.032026168342810302e-02
3.491091093631532027e-02 9.632030883606463798e-03
3.182271882754646175e-02 8.714679354984215115e-03
2.806258276236385865e-02 7.597572227633695233e-03
2.373373497907052196e-02 6.313136206775208509e-03
1.894759209057829755e-02 4.896449040596368048e-03
1.382134344413059150e-02 3.384412332103381091e-03
8.475254670070158855e-03 1.814841311306526761e-03
3.029951999093822342e-03 2.255531255353456551e-04
-2.396193897125265156e-03 -1.346507941577722084e-03
-7.689510354590959988e-03 -2.866083372681554626e-03
-1.274323813307779926e-02 -4.300333129439034077e-03
-1.745948018487068418e-02 -5.619474468970599504e-03
-2.175085521525332855e-02 -6.797317014363844084e-03
-2.554183726610756086e-02 -7.811687720470944507e-03
-2.876977151301465807e-02 -8.644742605289548049e-03
-3.138556468889847073e-02 -9.283165095513754364e-03
-3.335405601444190599e-02 -9.718253542211775092e-03
-3.465408117441983599e-02 -9.945902872181042187e-03
-3.527824767552152629e-02 -9.966487428061922282e-03
-3.523244481474058221e-02 -9.784653798290490062e-03
-3.453511545590939175e-02 -9.409033837116333523e-03
-3.321631985396542724e-02 -8.851889124379425100e-03
-3.131662390007314278e-02 -8.128698821692530163e-03
-2.888584542187012938e-02 -7.257703260503308926e-03
-2.598169261385397874e-02 -6.259415668976774094e-03
-2.266832835810703856e-02 -5.156114234516470315e-03
-1.901489320062342558e-02 -3.971326237063093831e-03
-1.509401815634958503e-02 -2.729315307829674464e-03
-1.098035641479888982e-02 -1.454582003689705930e-03
-6.749160498154212900e-03 -1.713868745204026427e-04
-2.474928575707900993e-03 1.096695925066265087e-03
1.769859448693424358e-03 2.327187632354153074e-03
5.915898700577138999e-03 3.499070883777339897e-03
9.898094889518673639e-03 4.593108399089627057e-03
1.365646790882949803e-02 5.592111259146862259e-03
1.713691598288686821e-02 6.481154905629124031e-03
2.029183598783988046e-02 7.247742142071767271e-03
2.308059851902599657e-02 7.881913487589249298e-03
2.546987900880176917e-02 8.376306212740308038e-03
2.743384867819010503e-02 8.726164259528519998e-03
2.895423130993441188e-02 8.929302006442268666e-03
3.002023374222811264e-02 8.986025479644799488e-03
3.062835959181622880e-02 8.899015130848375241e-03
3.078211701977864867e-02 8.673174701662031069e-03
3.049163235651516229e-02 8.315450976194611529e-03
2.977318211317665775e-02 7.834629393553707924e-03
2.864865633868170572e-02 7.241110556289060210e-03
2.714496645219119722e-02 6.546672638122443683e-03
2.529341061100264312e-02 5.764224573667736662e-03
2.312900938681509977e-02 4.907554714545698388e-03
2.068982404380319967e-02 3.991079370880884838e-03
1.801626906613498780e-02 3.029595335558184048e-03
1.515042979678876342e-02 2.038040121732459693e-03
1.213539515025939021e-02 1.031263242592730771e-03
9.014614374640701061e-03 2.381143658535238988e-05
5.831285788531127834e-03 -9.702696990532169545e-04
2.627784328708568373e-03 -1.937615649430810948e-03
-5.548663627843290497e-04 -2.865702923857930615e-03
-3.677472688449244000e-03 -3.742987857337899162e-03
-6.703097143097810386e-03 -4.559023546721614750e-03
-9.597429169289481074e-03 -5.304554590395828099e-03
-1.232909932928099098e-02 -5.971589667277151306e-03
-1.486993624008203438e-02 -6.553452327098287233e-03
-1.719516658573783455e-02 -7.044810666724785932e-03
-1.928355931070799972e-02 -7.441686834548608478e-03
-2.111751580509883472e-02 -7.741447535647584706e-03
-2.268310851327601935e-02 -7.942776904058607840e-03
-2.397007093024370802e-02 -8.045633265275627805e-03
-2.497174239507135921e-02 -8.051191432881273438e-03
-2.568497144919235087e-02 -7.961772269352393461e-03
-2.610998180181801909e-02 -7.780761294320374249e-03
-2.625020513889401996e-02 -7.512518146060622945e-03
-2.611208513040497864e-02 -7.162278696170205905e-03
-2.570485703866511040e-02 -6.736051585879908668e-03
-2.504030731336046034e-02 -6.240510898100624579e-03
-2.413251748363920424e-02 -5.682886604892271529e-03
-2.299759653014323002e-02 -5.070854338622286100e-03
-2.165340574687053821e-02 -4.412425929394080126e-03
-2.011927989107932871e-02 -3.715842034337731026e-03
-1.841574817540510972e-02 -2.989468058710299109e-03
-1.656425838636533393e-02 -2.241694437022970568e-03
-1.458690712369098766e-02 -1.480842207143396629e-03
-1.250617885105420948e-02 -7.150746736090240335e-04
-1.034469613628478078e-02 4.768417962231277785e-05
-8.124983143014422038e-03 7.998240002580108213e-04
-5.869244120391452907e-03 1.534114705268429212e-03
-3.599158327216724074e-03 2.243765171510112531e-03
-1.335692525104345075e-03 2.922473823036787245e-03
9.010681148528879286e-04 3.564471068233454089e-03
3.092070123163526835e-03 4.164553640924703592e-03
5.219422551164482581e-03 4.718110991556831620e-03
7.266508429758672741e-03 5.221143957157255502e-03
9.218077020302653524e-03 5.670276011654322608e-03
1.106031721096589586e-02 6.062757461358005834e-03
1.278091259144369454e-02 6.396463003930279514e-03
1.436907889706983028e-02 6.669883113277564127e-03
1.581558465012904841e-02 6.882109747703350593e-03
1.711275594197858574e-02 7.032816904843301742e-03
1.825446639484868197e-02 7.122236564735893137e-03
1.923611341778531242e-02 7.151130572492143435e-03
2.005458192801655784e-02 7.120759014921046980e-03
2.070819674806576721e-02 7.032845641784033278e-03
2.119666491155124816e-02 6.889540872764813098e-03
2.152100911789862903e-02 6.693382916324675316e-03
2.168349356956449092e-02 6.447257507116076203e-03
2.168754340618420789e-02 6.154356745115031890e-03
2.153765891970241264e-02 5.818137492794480704e-03
2.123932569431683653e-02 5.442279757073746962e-03
2.079892176644818416e-02 5.030645451070881423e-03
2.022362284412991540e-02 4.587237897351193437e-03
1.952130656355072907e-02 4.116162399989593129e-03
1.870045669414212991e-02 3.621588177783375932e-03
1.777006813375607910e-02 3.107711915837354719e-03
1.673955346315487286e-02 2.578723157853035110e-03
1.561865175528943765e-02 2.038771727219506821e-03
1.441734026050110404e-02 1.491937331646086932e-03
1.314574951477166971e-02 9.422014739681209769e-04
1.181408234509161333e-02 3.934217610518419075e-04
1.043253717466145064e-02 -1.506913263398870773e-04
9.011235961547722773e-03 -6.865951671162469697e-04
7.560157038007926308e-03 -1.210933226634005374e-03
6.089073054457284570e-03 -1.720550789801453349e-03
4.607494172312583645e-03 -2.212508234933054964e-03
3.124616593932426876e-03 -2.684091901984346582e-03
1.649276465829859362e-03 -3.132822625903624886e-03
1.899091433794973353e-04 -3.556462020872737384e-03
-1.245486238550765155e-03 -3.953016614206246795e-03
-2.649376984144940616e-03 -4.320739939673364817e-03
-4.014721974836689411e-03 -4.658132709111263356e-03
-5.334991888856730272e-03 -4.963941188462619135e-03
-6.604184690961573470e-03 -5.237153909898678572e-03
-7.816836604419639956e-03 -5.476996855597754572e-03
-8.968028796768799660e-03 -5.682927251129877254e-03
-1.005339002663538026e-02 -5.854626107362762705e-03
-1.106909551132970529e-02 -5.991989649506743176e-03
-1.201186228412229849e-02 -6.095119770431985107e-03
-1.287894131622790983e-02 -6.164313642852491115e-03
-1.366810668189882491e-02 -6.200052621515935239e-03
-1.437764204588130174e-02 -6.202990562253951970e-03
-1.500632475094324653e-02 -6.173941679763126494e-03
-1.555340777956342249e-02 -6.113868060397624135e-03
-1.601859985836722594e-02 -6.023866940191458658e-03
-1.640204396675597892e-02 -5.905157851836755067e-03
-1.670429450255108902e-02 -5.759069737583151147e-03
-1.692629334761978910e-02 -5.587028118020672188e-03
-1.706934506557261297e-02 -5.390542399573101939e-03
-1.713509145185669255e-02 -5.171193396335239077e-03
-1.712548564413195890e-02 -4.930621134688560267e-03
-1.704276598786542973e-02 -4.670513001988434859e-03
-1.688942983876122114e-02 -4.392592293611091020e-03
-1.666820747007245057e-02 -4.098607205773348652e-03
-1.638203623923014177e-02 -3.790320314903020127e-03
-1.603403515456869322e-02 -3.469498577923969644e-03
-1.562747996945301060e-02 -3.137903881675434964e-03
-1.516577891781764262e-02 -2.797284163841842579e-03
-1.465244919216441427e-02 -2.449365122261302867e-03
-1.409109425246811431e-02 -2.095842524265197765e-03
-1.348538204226293336e-02 -1.738375122846765215e-03
-1.283902417653570889e-02 -1.378578181986249082e-03
-1.215575615490208962e-02 -1.018017609270902360e-03
-1.143931864296783216e-02 -6.582046901837954392e-04
-1.069343985481662623e-02 -3.005914149718348985e-04
-9.921819060216477762e-03 5.343361408117336397e-05
-9.128111231374257811e-03 4.025487099147406767e-04
-8.315912836009211467e-03 7.455020798579196396e-04
-7.488748776035870913e-03 1.081114276188080425e-03
-6.650060464305849149e-03 1.408280139369388895e-03
-5.803195025687570702e-03 1.725970256786387141e-03
-4.951395603112416707e-03 2.033231961032424141e-03
-4.097792744263599810e-03 2.329189892774163797e-03
-3.245396840123036027e-03 2.613046153982797378e-03
-2.397091582696619753e-03 2.884080077816259750e-03
-1.555628405947489254e-03 3.141647641730408846e-03
-7.236218710878973732e-04 3.385180550513056368e-03
9.645404500300928941e-05 3.614185015863333877e-03
9.022688013245743106e-04 3.828240258898496506e-03
1.691637328890212332e-03 4.026996761583973537e-03
2.462521297157883871e-03 4.210174292600767088e-03
3.213029657176724122e-03 4.377559732487231944e-03
3.941418508270669828e-03 4.529004722233233825e-03
4.646090335176317546e-03 4.664423158616131521e-03
5.325592662318018658e-03 4.783788558756634467e-03
5.978616171463161343e-03 4.887131315354259486e-03
6.603992328286122614e-03 4.974535863106998614e-03
7.200690562538917400e-03 5.046137775765393782e-03
7.767815045356019250e-03 5.102120812202066806e-03
8.304601106058845730e-03 5.142713928789149902e-03
8.810411329432485394e-03 5.168188274285338141e-03
9.284731372961818607e-03 5.178854182306754858e-03
9.727165541916826808e-03 5.175058175409920705e-03
1.013743215854063379e-02 5.157179993642727577e-03
1.051535875986918910e-02 5.125629659447492742e-03
1.086087715688575581e-02 5.080844589629807811e-03
1.117401838605140002e-02 5.023286764233849885e-03
1.145490758225945621e-02 4.953439960980065074e-03
1.170375880061122996e-02 4.871807063153538522e-03
1.192086981245112781e-02 4.778907447727185828e-03
1.210661689940834354e-02 4.675274459774925694e-03
1.226144966733769964e-02 4.561452978206022822e-03
1.238588590041173748e-02 4.437997077228417186e-03
1.248050647373274112e-02 4.305467787031547026e-03
1.254595034144482223e-02 4.164430956560995559e-03
1.258290961541182196e-02 4.015455220482227333e-03
1.259212474821911482e-02 3.859110071878910607e-03
1.257437983270825316e-02 3.695964041617620308e-03
1.253049802865202969e-02 3.526582984715352122e-03
1.246133712610785274e-02 3.351528473591817124e-03
1.236778525344897281e-02 3.171356297605875015e-03
1.225075673686429854e-02 2.986615067840264412e-03
1.211118811717922308e-02 2.797844925650578608e-03
1.195003432836606004e-02 2.605576353435382596e-03
1.176826504147110951e-02 2.410329085192911003e-03
1.156686117642453070e-02 2.212611114860970306e-03
1.134681158357308053e-02 2.012917799561762637e-03
1.110910989551514017e-02 1.811731055157378249e-03
1.085475154965639434e-02 1.609518640934300311e-03
1.058473098075133137e-02 1.406733530419083944e-03
1.030003898200333376e-02 1.203813364844891036e-03
1.000166023310080504e-02 1.001179986207064408e-03
9.690570992678905135e-03 7.992390460285483597e-04
9.367736952438275588e-03 5.983796867407575881e-04
9.034111249493043463e-03 3.989742917656123947e-04
8.690632633403052448e-03 2.013783010378616262e-04
8.338223783798424243e-03 5.930088044664785785e-06
7.977789774497701103e-03 -1.870491047580268018e-04
7.610216679263996989e-03 -3.772551760807779479e-04
7.236370314683118754e-03 -5.644011246968842939e-04
6.857095115310271431e-03 -7.482169606906003204e-04
6.473213135784043962e-03 -9.284495722654720166e-04
6.085523175073133742e-03 -1.104862551627325273e-03
5.694800017228393053e-03 -1.277235983010265030e-03
5.301793783843249813e-03 -1.445366195893331516e-03
4.907229392530708389e-03 -1.609065486613762757e-03
4.511806116277489523e-03 -1.768161811220317564e-03
4.116197238623300197e-03 -1.922498452469513595e-03
3.721049798809550335e-03 -2.071933663348275809e-03
3.326984422627336617e-03 -2.216340290324937505e-03
2.934595233070366304e-03 -2.355605378281738597e-03
2.544449836315683215e-03 -2.489629759694376564e-03
2.157089377703850890e-03 -2.618327630455432372e-03
1.773028663497672446e-03 -2.741626114346083429e-03
1.392756343165327954e-03 -2.859464818145706060e-03
1.016735148064742272e-03 -2.971795379551625538e-03
6.454021819770224249e-04 -3.078581009392451166e-03
2.791692592852943085e-04 -3.179796030234370921e-03
-8.157671335480305014e-05 -3.275425412464522384e-03
-4.364733157367283681e-04 -3.365464309841819605e-03
-7.851821569418802188e-04 -3.449917595719332632e-03
-1.127388386261026854e-03 -3.528799401047788727e-03
-1.462800175058502411e-03 -3.602132655666642150e-03
-1.791148173775505489e-03 -3.669948633710116634e-03
-2.112184946199659012e-03 -3.732286504422697646e-03
-2.425684384894337756e-03 -3.789192888873664598e-03
-2.731441110165115128e-03 -3.840721423876836474e-03
-3.029269855331311219e-03 -3.886932333572387221e-03
-3.319004841130871082e-03 -3.927892009551392331e-03
-3.600499141150279026e-03 -3.963672599637589264e-03
-3.873624040603977636e-03 -3.994351606950345170e-03
-4.138268391691314434e-03 -4.020011498272376034e-03
-4.394337965293440562e-03 -4.040739323076038801e-03
-4.641754803251316695e-03 -4.056626343421005851e-03
-4.880456571556931154e-03 -4.067767675324081289e-03
-5.110395915421683116e-03 -4.074261940450072013e-03
-5.331539820529909365e-03 -4.076210930275923384e-03
-5.543868977598107040e-03 -4.073719280875984748e-03
-5.747377155190016781e-03 -4.066894160503987422e-03
-5.942070580948482714e-03 -4.055844968670679548e-03
-6.127967329405182607e-03 -4.040683046027767310e-03
-6.305096723533624992e-03 -4.021521397369621706e-03
-6.473498743132153309e-03 -3.998474425673917247e-03
-6.633223446987729539e-03 -3.971657677604481171e-03
-6.784330406634054428e-03 -3.941187600833716623e-03
-6.926888153249591805e-03 -3.907181313685522892e-03
-7.060973636986045410e-03 -3.869756383474333254e-03
-7.186671701675351014e-03 -3.829030619081500234e-03
-7.304074570381783281e-03 -3.785121871835406618e-03
-7.413281348349379588e-03 -3.738147847957552956e-03
-7.514397539905066752e-03 -3.688225932939513674e-03
-7.607534579667552671e-03 -3.635473022777645398e-03
-7.692809378369901488e-03 -3.580005368774263549e-03
-7.770343883893807840e-03 -3.521938429601213609e-03
-7.840264658360263442e-03 -3.461386733480955550e-03
-7.902702468517906059e-03 -3.398463750015513242e-03
-7.957791893549871765e-03 -3.333281770193564746e-03
-8.005670944795069757e-03 -3.265951795332587559e-03
-8.046480703222950309e-03 -3.196583434673105906e-03
-8.080364968898126263e-03 -3.125284809910317506e-03
-8.107469927875187235e-03 -3.052162468976476768e-03
-8.127943830955566829e-03 -2.977321305713877177e-03
-8.141936686940590140e-03 -2.900864487726996337e-03
-8.149599973228435768e-03 -2.822893391129159806e-03
-8.151086352304109592e-03 -2.743507541541542576e-03
-8.146549411722886144e-03 -2.662804560768325824e-03
-8.136143408150709605e-03 -2.580880120974410417e-03
-8.120023029884050614e-03 -2.497827903408163155e-03
-8.098343169375675846e-03 -2.413739563531950953e-03
-8.071258708850229807e-03 -2.328704700273249995e-03
-8.038924317148145662e-03 -2.242810831217288171e-03
-8.001494258854578018e-03 -2.156143372191025951e-03
-7.959122214072971921e-03 -2.068785620666819224e-03
-7.911961108780944663e-03 -1.980818744979177815e-03
-7.860162957071469350e-03 -1.892321775828078190e-03
-7.803878712464450487e-03 -1.803371602520784794e-03
-7.743258128319477698e-03 -1.714042972083143403e-03
-7.678449630165949322e-03 -1.624408492589181179e-03
-7.609600195503227540e-03 -1.534538638230750589e-03
-7.536855241478139858e-03 -1.444501759730267790e-03
-7.460358523859227098e-03 -1.354364093621429881e-03
-7.380252042240454530e-03 -1.264189777937580871e-03
-7.296675953627414744e-03 -1.174040867589335770e-03
-7.209768492727719816e-03 -1.083977353383846348e-03
-7.119665901546091968e-03 -9.940571816729119707e-04
-7.026502363358510389e-03 -9.043362773126944511e-04
-6.930409945208412630e-03 -8.148685671353688917e-04
-6.831518545612671328e-03 -7.257060049023801585e-04
-6.729955848800452806e-03 -6.368985983304202569e-04
-6.625847284364596787e-03 -5.484944370386817848e-04
-6.519315992553523231e-03 -4.605397211171545317e-04
-6.410482794649283340e-03 -3.730787905253211967e-04
-6.299466167744282100e-03 -2.861541562485412846e-04
-6.186382225053820016e-03 -1.998065312123049019e-04
-6.071344699723256119e-03 -1.140748619886237415e-04
-5.954464932697571544e-03 -2.899636093724178298e-05
-5.835851865211180885e-03 5.539346129065751689e-05
-5.715612033891243234e-03 1.390607632486121938e-04
-5.593849569861813684e-03 2.219733399626598949e-04
-5.470666199711012381e-03 3.041005897808459792e-04
-5.346161250960688310e-03 3.854134828606687983e-04
-5.220431658651205828e-03 4.658845276977515576e-04
-5.093571974877790336e-03 5.454877397140351324e-04
-4.965674379619171817e-03 6.241986096950807340e-04
-4.836828693960674996e-03 7.019940722022715608e-04
-4.707122394439306953e-03 7.788524758282544189e-04
-4.576640627663914641e-03 8.547535529855488246e-04
-4.445466227283171798e-03 9.296783910041303035e-04
-4.313679729178124950e-03 1.003609404741050929e-03
-4.181359388056274558e-03 1.076530309005124678e-03
-4.048581192226508030e-03 1.148426092873364515e-03
-3.915418877471984332e-03 1.219282995447544624e-03
-3.781943938282761666e-03 1.289088481952245773e-03
-3.648225636583385563e-03 1.357831221972510350e-03
-3.514331004803897610e-03 1.425501068284297079e-03
-3.380324843941154463e-03 1.492089037136316637e-03
-3.246269713241658854e-03 1.557587288774588694e-03
-3.112225908487239144e-03 1.621989108142242453e-03
-2.978251426723259928e-03 1.685288884014134528e-03
-2.844401910944899248e-03 1.747482083934904454e-03
-2.710730569551502052e-03 1.808565221342935993e-03
-2.577288060774053386e-03 1.868535805726406762e-03
-2.444122332851135504e-03 1.927392263889258963e-03
-2.311278405751691738e-03 1.985133806028781082e-03
-2.178798085506954401e-03 2.041760193227214713e-03
-2.046719616623548458e-03 2.097271331522599681e-03
-1.915077330534836753e-03 2.151666572320866042e-03
-1.783901479522009836e-03 2.204943578315794132e-03
-1.653218678922639814e-03 2.257096738918526295e-03
-1.523053508109293045e-03 2.308115614122959857e-03
-1.393431208640255993e-03 2.357984547501881974e-03
-1.264380128970839495e-03 2.406684149765014706e-03
-1.135932579478889006e-03 2.454193694438107191e-03
-1.008124301680998324e-03 2.500493011972932094e-03
-8.809934768442516384e-04 2.545563464117316446e-03
-7.545798421939950039e-04 2.589388267750694639e-03
-6.289240603486156425e-04 2.631952496774453074e-03
-5.040673114867653872e-04 2.673242957147264377e-03
-3.800510465164631639e-04 2.713248028216436267e-03
-2.569168497643561488e-04 2.751957508754826649e-03
-1.347063739558394466e-04 2.789362481402545956e-03
-1.346132505614669808e-05 2.825455195990457524e-03
1.067765193884029958e-04 2.860228974099747294e-03
2.259652661262023018e-04 2.893678129944871925e-03
3.440628443695176782e-04 2.925797906826299328e-03
4.610269283854997839e-04 2.956584426536652734e-03
5.768148478722172432e-04 2.986034650012142893e-03
6.913834871130042879e-04 3.014146348808646562e-03
8.046891738810119446e-04 3.040918085198008464e-03
9.166875587054213511e-04 3.066349201654005024e-03
1.027333483445367355e-03 3.090439818272643167e-03
1.136580840260871614e-03 3.113190838776327962e-03
1.244382419407345699e-03 3.134603964020122105e-03
1.350689745983685167e-03 3.154681714657277692e-03
1.455452904301659470e-03 3.173427462279245631e-03
1.558620348928811119e-03 3.190845469591012222e-03
1.660138701357570783e-03 3.206940940607990939e-03
1.759952531652050466e-03 3.221720082035284781e-03
1.858004121986255638e-03 3.235190175654789960e-03
1.954233213016783564e-03 3.247359664467267676e-03
2.048576727733221210e-03 3.258238251973097875e-03
2.140968474277157082e-03 3.267837018426558455e-03
2.231338823569385676e-03 3.276168554274126905e-03
2.319614359195241050e-03 3.283247113262650549e-03
2.405717497507052841e-03 3.289088788034369003e-03
2.489566074538947845e-03 3.293711710827049513e-03
2.571072895987739932e-03 3.297136281985804055e-03
2.650145246739797882e-03 3.299385430576037663e-03
2.726684355551230437e-03 3.300484910976392641e-03
2.800584809136264560e-03 3.300463639840850449e-03
2.871733912566619938e-03 3.299354079487512061e-03
2.940010987040723306e-03 3.297192673298426999e-03
3.005286600923262781e-03 3.294020340496801695e-03
3.067421723739397702e-03 3.289883038143776722e-03
3.126266797953427233e-03 3.284832399925270100e-03
3.181660714104471953e-03 3.278926461414666173e-03
3.233429684694837190e-03 3.272230484321124976e-03
3.281385997005076098e-03 3.264817893010734089e-03
3.325326636642470489e-03 3.256771337914575546e-03
3.365031763506633449e-03 3.248183905635441612e-03
3.400263019812882394e-03 3.239160492136349077e-03
3.430761648653017203e-03 3.229819363999489497e-03
3.456246402066617037e-03 3.220293931383716186e-03
3.476411201760014943e-03 3.210734761394838481e-03
3.490922523762537283e-03 3.201311863658727955e-03
3.499416457665114992e-03 3.192217282075651263e-03
3.501495393983844115e-03 3.183668033945879702e-03
3.496724276348637649e-03 3.175909435132419877e-03
3.484626336634013850e-03 3.169218860222791992e-03
3.464678214279957175e-03 3.163909985950326929e-03
3.436304339398968399e-03 3.160337569704373996e-03
3.398870411590917615e-03 3.158902813663340154e-03
3.351675762408912618e-03 3.160059376598232852e-03
3.293944323241614937e-03 3.164320071528218224e-03
3.224813816964587545e-03 3.172264303696345576e-03
3.143322665399447824e-03 3.184546286295779523e-03
3.048393919584208196e-03 3.201904054239398771e-03
2.938815225835417645e-03 3.225169290055491297e-03
2.813213513002046397e-03 3.255277952584629229e-03
2.670022471329478245e-03 3.293281695874623015e-03
2.507440185471393555e-03 3.340360036842538686e-03
2.323373059719305127e-03 3.397833308014415465e-03
2.115360574268778954e-03 3.467176514067258145e-03
1.880472930823358932e-03 3.550034454971508040e-03
1.615169986340868639e-03 3.648239032211710031e-03
1.315104510852329071e-03 3.763830679567360411e-03
9.748445012377530104e-04 3.899087804628571970e-03
5.874768543853861949e-04 4.056571799719042859e-03
1.440352337437355613e-04 4.239201970562793929e-03
-3.673356027088280421e-04 4.450387295022239370e-03
-9.626153913865824301e-04 4.694265581548139055e-03
-1.663759744831057623e-03 4.976145975755417832e-03
-2.501514468026508429e-03 5.303339730408775793e-03
-3.519759450298255189e-03 5.686743744844483146e-03
-4.782318545166488154e-03 6.143915740576690043e-03
-6.383783231903031145e-03 6.705182718171344945e-03
-8.466860886256881782e-03 7.426095867763040856e-03
-1.125004694667005277e-02 8.413533975214358002e-03
-1.507023468873611161e-02 9.881819761626046972e-03
-2.044119931418071981e-02 1.227555506393714080e-02
-2.810519545873063629e-02 1.653903036029356205e-02
-3.895908075248347147e-02 2.468928974209937122e-02
-5.342051123953579783e-02 4.091625106577215232e-02
-6.897232407920474151e-02 7.311922403474493959e-02
-7.337199136742326988e-02 1.326035928508337847e-01
-3.324144366185957655e-02 2.226732401867661248e-01
1.016400170133277547e-01 3.011476001239539735e-01
3.207345416026596285e-01 2.493044369346723022e-01
4.463947165205754963e-01 0.000000000000000000e+00
3.215850353040677900e-01 -2.540343652437812016e-01
9.439520713826589360e-02 -3.061557123579607964e-01
-4.358352000174016416e-02 -2.198058756174273154e-01
-7.972638678197296880e-02 -1.241329268539809322e-01
-7.044029849936132848e-02 -6.393401840739290631e-02
-5.194620003254631774e-02 -3.336106821172950959e-02
-3.631184926199675783e-02 -1.907133781739183548e-02
-2.525395569492424122e-02 -1.245044474267939690e-02
-1.779259428273461882e-02 -9.244655049845812433e-03
-1.274920369785041870e-02 -7.552469771761266895e-03
-9.263890273395627636e-03 -6.550631410870861107e-03
-6.782103334977467035e-03 -5.882424311205886394e-03
-4.957984401410076535e-03 -5.390550722874548444e-03
-3.575794842378968424e-03 -5.003748222996574901e-03
-2.499094549562985712e-03 -4.688538228974139035e-03
-1.639968102600333722e-03 -4.428324571614872598e-03
-9.406359758023629530e-04 -4.214125781390133142e-03
-3.623730532750948745e-04 -4.040378704022661201e-03
1.212861815769355252e-04 -3.903018761625518147e-03
5.287971022938365000e-04 -3.798611201486455473e-03
8.733119709580375919e-04 -3.723977461337488887e-03
1.164431836928217110e-03 -3.676055147549163547e-03
1.409354556475485298e-03 -3.651865070704365772e-03
1.613634139343544808e-03 -3.648523257013387439e-03
1.781686435015151278e-03 -3.663267386451115899e-03
1.917127628679325636e-03 -3.693483431403285066e-03
2.023001686572843249e-03 -3.736726444242332267e-03
2.101933770648047820e-03 -3.790733714530406320e-03
2.156234181633185851e-03 -3.853430550447581315e-03
2.187969233754724890e-03 -3.922929803559426810e-03
2.199010014113722718e-03 -3.997526538443480285e-03
2.191066413609497540e-03 -4.075689184217926898e-03
2.165711336651605749e-03 -4.156048366794320471e-03
2.124398399736952305e-03 -4.237384375108768121e-03
2.068475307182097642e-03 -4.318614003653032003e-03
1.999194367887554332e-03 -4.398777333824929053e-03
1.917721083641204041e-03 -4.477024833487368988e-03
1.825141487507044458e-03 -4.552605051009310858e-03
1.722468584571295452e-03 -4.624853065159529632e-03
1.610648210809382651e-03 -4.693179785997813290e-03
1.490564453189868440e-03 -4.757062148395089889e-03
1.363044735422914077e-03 -4.816034192823639287e-03
1.228864659020961802e-03 -4.869679027639765498e-03
1.088752621147114335e-03 -4.917621626650753482e-03
9.433942492007999295e-04 -4.959522423762894629e-03
7.934366661017367133e-04 -4.995071660184845393e-03
6.394926007073052643e-04 -5.023984447017657701e-03
4.821443293543952076e-04 -5.045996494177496308e-03
3.219474679987213185e-04 -5.060860486869092276e-03
1.594345966276656396e-04 -5.068343083052248566e-03
-4.881296788166074319e-06 -5.068222522860422324e-03
-1.705035850846688822e-04 -5.060286850883594263e-03
-3.369490180682626138e-04 -5.044332765221866237e-03
-5.037450577256132392e-04 -5.020165127601483243e-03
-6.704276291576915722e-04 -4.987597174958799048e-03
-8.365394403452206494e-04 -4.946451500920433751e-03
-1.001629101896490785e-03 -4.896561868704887334e-03
-1.165251396360823029e-03 -4.837775939866420689e-03
-1.326969244687746952e-03 -4.769958945884017303e-03
-1.486358220153672109e-03 -4.692998218635769520e-03
-1.643014930343648190e-03 -4.606808162587730168e-03
-1.796571258203038006e-03 -4.511334411674679246e-03
-1.946717099556223010e-03 -4.406553953872576097e-03
-2.093233692676001959e-03 -4.292463769518843446e-03
-2.236033639381477135e-03 -4.169043624134363864e-03
-2.375184002096474272e-03 -4.036176851301039904e-03
-2.510863257663763920e-03 -3.893544405571010020e-03
-2.643237739430023391e-03 -3.740570320821411023e-03
-2.772340681654060762e-03 -3.576468408642554872e-03
-2.898022559878314381e-03 -3.400331830559277096e-03
-3.019953093223676308e-03 -3.211204044664744614e-03
-3.137638187927000669e-03 -3.008122140904020015e-03
-3.250435300878922341e-03 -2.790143556867083832e-03
-3.357563784616126885e-03 -2.556365773864094880e-03
-3.458110963567669147e-03 -2.305944379128992833e-03
-3.551035418789857522e-03 -2.038112250436777129e-03
-3.635168805806214976e-03 -1.752201297839974144e-03
-3.709217274741025399e-03 -1.447667603768179904e-03
-3.771763375573965616e-03 -1.124120519914204941e-03
-3.821269236114368910e-03 -7.813561426919732322e-04
-3.856081761049156773e-03 -4.193954994880582602e-04
-3.874440614098399564e-03 -3.852770449181146424e-05
-3.874489784480239507e-03 3.606417506622436060e-04
-3.854293598538308281e-03 7.771375288131048605e-04
-3.811858104915126933e-03 1.209555924329115814e-03
-3.745158834489912669e-03 1.656001632913128201e-03
-3.652175999491966314e-03 2.114020453448119639e-03
-3.530938234240201413e-03 2.580528940471809706e-03
-3.379576008233410069e-03 3.051742503977301381e-03
-3.196385796820302386e-03 3.523104047707498101e-03
-2.979906005756476073e-03 3.989215960539475164e-03
-2.729005454478134873e-03 4.443779154334973752e-03
-2.442984930919861204e-03 4.879543858078354106e-03
-2.121691855499718143e-03 5.288278078635516057e-03
-1.765647478439090392e-03 5.660760967243451056e-03
-1.376185139326912676e-03 5.986809806724655882e-03
-9.555969964966776718e-04 6.255350888383002378e-03
-5.072851655563695092e-04 6.454546104225054176e-03
-3.591140571693358929e-05 6.571988533196564120e-03
4.524626695729320851e-04 6.594981451623523928e-03
9.502554446855554157e-04 6.510915831700459303e-03
1.448278662457481991e-03 6.307761154806215860e-03
1.935700840533968216e-03 5.974682832741745608e-03
2.400080463576138162e-03 5.502796193973175098e-03
2.827491608618799574e-03 4.886061141344301417e-03
3.202766964834465047e-03 4.122312551441619302e-03
3.509884303057958510e-03 3.214408337753832043e-03
3.732521551520480690e-03 2.171459168231306205e-03
3.854801774247689980e-03 1.010080236430821975e-03
3.862241366654983916e-03 -2.444239916882242833e-04
3.742901400749998157e-03 -1.557066403524651589e-03
3.488721902114450164e-03 -2.882539435560135636e-03
3.096990919516482907e-03 -4.165138839311813279e-03
2.571863883691388047e-03 -5.339494057488050095e-03
1.925804590308686408e-03 -6.332379034223643843e-03
1.180769131867283502e-03 -7.065884920109078912e-03
3.689032613635959829e-04 -7.462207894074450107e-03
-4.675202644353602423e-04 -7.450222628052687382e-03
-1.277222381302625925e-03 -6.973853629085377884e-03
-2.002383168190603312e-03 -6.002001366103916144e-03
-2.582671022036723066e-03 -4.539411486610675506e-03
-2.960908115814939179e-03 -2.637390295712868128e-03
-3.090200621914482131e-03 -4.026900953050217228e-04
-2.942012058082540873e-03 1.997723282067526748e-03
-2.514216222024398106e-03 4.338829790516811509e-03
-1.837683819887614292e-03 6.349686532380492340e-03
-9.795370788158001829e-04 7.738252055357479169e-03
-4.101343891358636556e-05 8.230403837374229703e-03
8.518681584357397710e-04 7.622195262259824980e-03
1.565709581308764777e-03 5.840497129139108311e-03
1.984282928526729436e-03 3.001931687399969195e-03
2.036680195341992062e-03 -5.458516704557732314e-04
1.722461570157734394e-03 -4.221374773470934830e-03
1.124669429663233394e-03 -7.266983351646794445e-03
4.011139458906642224e-04 -8.882767740283913777e-03
-2.521810074369735394e-04 -8.435383755140900622e-03
-6.626462704562535548e-04 -5.710416426338712007e-03
-7.514992525113309459e-04 -1.137397174675056381e-03
-5.817465760675642663e-04 4.120000342242201991e-03
-3.471484255266952916e-04 8.345434643977014608e-03
-2.761244198117313725e-04 9.773747885077463740e-03
