7.626619626964289034e-05 6.330586960470890313e-06
7.427929828865881311e-05 6.130465364970947237e-06
6.952411892965373007e-05 5.623254065828009156e-06
6.233627784632029970e-05 4.848793502241064301e-06
5.313169179036262153e-05 3.857989241336928099e-06
4.240714184872204759e-05 2.711541547597475700e-06
3.065207039746840336e-05 1.470187930932102974e-06
1.833826832737746776e-05 1.926542535439965776e-07
5.906478595436893320e-06 -1.066498287239471362e-06
-6.244769343861746948e-06 -2.258609759875103830e-06
-1.776728493137003375e-05 -3.342164059994199116e-06
-2.836831392412588439e-05 -4.283549227488651296e-06
-3.781288127665197179e-05 -5.057380610490395472e-06
-4.592375762636182796e-05 -5.646447515764104550e-06
-5.257946614819241954e-05 -6.041350669856945742e-06
-5.771074890509286895e-05 -6.239898895569978720e-06
-6.129589173119474660e-05 -6.246330659506708831e-06
-6.335527243080795324e-05 -6.070420806557725267e-06
-6.394545443130375615e-05 -5.726525823080063575e-06
-6.315310126543517504e-05 -5.232613119888886050e-06
-6.108893957486853264e-05 -4.609311691217569113e-06
-5.788195206305518019e-05 -3.879013534768777915e-06
-5.367393862427616226e-05 -3.065047734124607042e-06
-4.861454480718929044e-05 -2.190942325071326706e-06
-4.285682244476136731e-05 -1.279783120449853882e-06
-3.655335794658710506e-05 -3.536736124009948103e-07
-2.985297937814207012e-05 5.667040899845698381e-07
-2.289803381917007315e-05 1.462430631988907590e-06
-1.582221123865646854e-05 2.316598946061514676e-06
-8.748879801043474066e-06 3.114479594384069603e-06
-1.789889637904315458e-06 3.843610744312496650e-06
4.955202820083112640e-06 4.493822247994726681e-06
1.139954034345784100e-05 5.057203511316551643e-06
1.746905112618576546e-05 5.528024704288340274e-06
2.310226554846073663e-05 5.902620464653156998e-06
2.824991103663764995e-05 6.179244649832537386e-06
3.287432945238112435e-05 6.357903960680427185e-06
3.694875773759330559e-05 6.440177446160559656e-06
4.045650848937536209e-05 6.429028043659404097e-06
4.339008293161439859e-05 6.328611449917027711e-06
4.575024453949137250e-05 6.144086779130224298e-06
4.754507747758687292e-05 5.881432667975734678e-06
4.878905011892629897e-05 5.547271746168675622e-06
4.950210028271765788e-05 5.148705715207316415e-06
4.970875550302975124e-05 4.693162672450700650e-06
4.943729864162844993e-05 4.188257784486954535e-06
4.871898649375624096e-05 3.641667952642867520e-06
4.758732670341423051e-05 3.061020721567907313e-06
4.607741629328896365e-05 2.453797355598034857e-06
4.422534340685881435e-05 1.827249741835870715e-06
4.206765243497833284e-05 1.188330568298191222e-06
3.964087153247084600e-05 5.436360643124972736e-07
3.698110059669800165e-05 -1.006395274905356904e-07
3.412365705396882854e-05 -7.387386581180514702e-07
3.110277625605433719e-05 -1.365365316339022878e-06
2.795136290352100950e-05 -1.975700988762764366e-06
2.470078966244417209e-05 -2.565412712753376923e-06
2.138073900523013043e-05 -3.130654179014235511e-06
1.801908426526819941e-05 -3.668060806432472150e-06
1.464180593165930902e-05 -4.174739666520672554e-06
1.127293930895011259e-05 -4.648255081625425448e-06
7.934549813554953301e-06 -5.086610662519295211e-06
4.646732362024908901e-06 -5.488228489064862959e-06
1.427631515897181502e-06 -5.851926074258866997e-06
-1.706520725107482757e-06 -6.176891688519491679e-06
-4.741352352421141384e-06 -6.462658558804674304e-06
-7.664286630000372304e-06 -6.709078396833452301e-06
-1.046446761641191104e-05 -6.916294653230532026e-06
-1.313267808051751401e-05 -7.084715840141557819e-06
-1.566125173537024511e-05 -7.214989214267613710e-06
-1.804398149692126369e-05 -7.307975065425716035e-06
-2.027602526784226563e-05 -7.364721812928951101e-06
-2.235381055359901643e-05 -7.386442073084961390e-06
-2.427493903825941467e-05 -7.374489826109436252e-06
-2.603809208191881493e-05 -7.330338779415915303e-06
-2.764293795012614765e-05 -7.255561996575275378e-06
-2.909004144798887819e-05 -7.151812836886023832e-06
-3.038077650724177724e-05 -7.020807229441009868e-06
-3.151724216330350559e-05 -6.864307287326459561e-06
-3.250218226004462327e-05 -6.684106252240750804e-06
-3.333890913242894418e-05 -6.482014746772410897e-06
-3.403123144019923324e-05 -6.259848300921815006e-06
-3.458338625891113117e-05 -6.019416110719461012e-06
-3.499997547678994196e-05 -5.762510979943271567e-06
-3.528590649646063711e-05 -5.490900390651839451e-06
-3.544633719889001840e-05 -5.206318644350163315e-06
-3.548662509181922030e-05 -4.910460013026658178e-06
-3.541228053633136720e-05 -4.604972837638572629e-06
-3.522892392189600310e-05 -4.291454511043782460e-06
-3.494224664185530073e-05 -3.971447282430221577e-06
-3.455797570724365264e-05 -3.646434821079206832e-06
-3.408184182657882446e-05 -3.317839478589488425e-06
-3.351955077218610055e-05 -2.987020190410756898e-06
-3.287675784945802876e-05 -2.655270959683321401e-06
-3.215904528370114079e-05 -2.323819868598333232e-06
-3.137190233942286212e-05 -1.993828565214436598e-06
-3.052070798908657941e-05 -1.666392176216919460e-06
-2.961071595162597010e-05 -1.342539598983649330e-06
-2.864704192575996119e-05 -1.023234129122383801e-06
-2.763465284862619953e-05 -7.093743824739322643e-07
-2.657835801662400884e-05 -4.017954734252030230e-07
-2.548280191206100706e-05 -1.012704141308693689e-07
-2.435245858662138136e-05 1.914882980724042667e-07
-2.319162745995327353e-05 4.758269351033906867e-07
-2.200443039965291038e-05 7.511486620003638170e-07
-2.079480995629546505e-05 1.016911555379246767e-06
-1.956652863507098177e-05 1.272626539274178768e-06
-1.832316909319000534e-05 1.517855259106451205e-06
-1.706813515954276798e-05 1.752207912385556097e-06
-1.580465358034559222e-05 1.975341052768524649e-06
-1.453577640172462151e-05 2.186955382537005462e-06
-1.326438390669247089e-05 2.386793546486796451e-06
-1.199318803055961158e-05 2.574637939086158464e-06
-1.072473618496339406e-05 2.750308534936324187e-06
-9.461415426663617709e-06 2.913660751532045300e-06
-8.205456912574216359e-06 3.064583351873102202e-06
-6.958940587993019434e-06 3.202996393483542753e-06
-5.723800059777617377e-06 3.328849229340671108e-06
-4.501827610811216825e-06 3.442118565217894934e-06
-3.294679316579841823e-06 3.542806577204050894e-06
-2.103880228471260065e-06 3.630939092294183617e-06
-9.308295923873077541e-07 3.706563834344996628e-06
2.231939254519523483e-07 3.769748736972494896e-06
1.357027030278926992e-06 3.820580324522553777e-06
2.469616630056564449e-06 3.859162161672906372e-06
3.560014725363881708e-06 3.885613371812335959e-06
4.627373374561668527e-06 3.900067224018838698e-06
5.670939748573574259e-06 3.902669788025823511e-06
6.690051287521982060e-06 3.893578656318721508e-06
7.684130969595489408e-06 3.872961732314724947e-06
8.652682700735451286e-06 3.840996083288731114e-06
9.595286832243260177e-06 3.797866856511224761e-06
1.051159581183733317e-05 3.743766257010885585e-06
1.140132997264206314e-05 3.678892585226178274e-06
1.226427346311215862e-05 3.603449332524306515e-06
1.310027032043315028e-05 3.517644332913273765e-06
1.390922068820673304e-05 3.421688968719633684e-06
1.469107717923893715e-05 3.315797428288562175e-06
1.544584138300411348e-05 3.200186013728208049e-06
1.617356051699125297e-05 3.075072496463424187e-06
1.687432422033586946e-05 2.940675518856157172e-06
1.754826148822982739e-05 2.797214039307837904e-06
1.819553774392909510e-05 2.644906819454918248e-06
1.881635204703069496e-05 2.483971951049820636e-06
1.941093443366229571e-05 2.314626420651409369e-06
1.997954338623847740e-05 2.137085710235482237e-06
2.052246342898781609e-05 1.951563432227434694e-06
2.104000284644554409e-05 1.758270996009093528e-06
2.153249151913849701e-05 1.557417305856252580e-06
2.200027887603836393e-05 1.349208487130703020e-06
2.244373195640438393e-05 1.133847639777551010e-06
2.286323357916298423e-05 9.115346171393265202e-07
2.325918061634048607e-05 6.824658294899245513e-07
2.363198236441252118e-05 4.468340696131916367e-07
2.398205901189747204e-05 2.048283597909261116e-07
2.430984019829231539e-05 -4.336618155806460083e-08
2.461576366051379977e-05 -2.975684543618042345e-07
2.490027396377108115e-05 -5.576014734323939214e-07
2.516382131287865499e-05 -8.232924503602623319e-07
2.540686043882634974e-05 -1.094472858604611559e-06
2.562984956134595655e-05 -1.370978485289413657e-06
2.583324941864556252e-05 -1.652649469635579482e-06
2.601752236504010707e-05 -1.939330328874741209e-06
2.618313153223813793e-05 -2.230869974713505220e-06
2.633054004921040261e-05 -2.527121715146807341e-06
2.646021032166205112e-05 -2.827943251133098460e-06
2.657260336380348861e-05 -3.133196661907910035e-06
2.666817818255903894e-05 -3.442748380726833295e-06
2.674739121110271409e-05 -3.756469166453484194e-06
2.681069578796062248e-05 -4.074234064966286504e-06
2.685854167896091165e-05 -4.395922362272806585e-06
2.689137464551619625e-05 -4.721417539454824090e-06
2.690963604501615803e-05 -5.050607210847845335e-06
2.691376247320089447e-05 -5.383383064795852217e-06
2.690418544383789312e-05 -5.719640799113557183e-06
2.688133109301606361e-05 -6.059280046189680733e-06
2.684561992469433318e-05 -6.402204300077179328e-06
2.679746657918230063e-05 -6.748320837344329407e-06
2.673727963378087790e-05 -7.097540629413630876e-06
2.666546142736865823e-05 -7.449778263407653076e-06
2.658240790955774198e-05 -7.804951845617673725e-06
2.648850851988670949e-05 -8.162982905935703485e-06
2.638414608212795833e-05 -8.523796308546740473e-06
2.626969671782937324e-05 -8.887320144193642567e-06
2.614552979816278671e-05 -9.253485624811377889e-06
2.601200788825929115e-05 -9.622226985736920271e-06
2.586948673704732361e-05 -9.993481364507325157e-06
2.571831526652928294e-05 -1.036718869303103612e-05
2.555883558169875410e-05 -1.074329157574133483e-05
2.539138301381304300e-05 -1.112173517031410868e-05
2.521628614070110992e-05 -1.150246705581000153e-05
2.503386689036272248e-05 -1.188543711030272523e-05
2.484444057385702391e-05 -1.227059736588793062e-05
2.464831600834036369e-05 -1.265790187203870558e-05
2.444579562962917346e-05 -1.304730655202722411e-05
2.423717560278694868e-05 -1.343876903220056838e-05
2.402274597730296146e-05 -1.383224851661344044e-05
2.380279084543640653e-05 -1.422770557738552235e-05
2.357758853637427604e-05 -1.462510200248072615e-05
2.334741179406456135e-05 -1.502440060371345782e-05
2.311252800972374779e-05 -1.542556502253149424e-05
2.287319947158956469e-05 -1.582855952242679520e-05
2.262968362219982654e-05 -1.623334875227420648e-05
2.238223337617977060e-05 -1.663989753170744463e-05
2.213109741067801291e-05 -1.704817061269853305e-05
2.187652056082664120e-05 -1.745813236916848732e-05
2.161874419701137684e-05 -1.786974655419124679e-05
2.135800667971309214e-05 -1.828297596038707643e-05
2.109454382253817778e-05 -1.869778212991642932e-05
2.082858948301218204e-05 -1.911412496555459092e-05
2.056037613615520815e-05 -1.953196236562648939e-05
2.029013556160660144e-05 -1.995124982011015787e-05
2.001809963980345807e-05 -2.037193996173254897e-05
1.974450118909084893e-05 -2.079398208942029777e-05
1.946957498284892013e-05 -2.121732166738082184e-05
1.919355885724245266e-05 -2.164189977314346893e-05
1.891669501634159081e-05 -2.206765251644525195e-05
1.863923150761831482e-05 -2.249451040574546850e-05
1.836142396157419354e-05 -2.292239773025640548e-05
1.808353756805300866e-05 -2.335123182972789383e-05
1.780584941323594552e-05 -2.378092246010408021e-05
1.752865124051057678e-05 -2.421137107381810208e-05
1.725225266458250053e-05 -2.464247020388264431e-05
1.697698501343301001e-05 -2.507410292722281998e-05
1.670320588584116436e-05 -2.550614251370942397e-05
1.643130459039885135e-05 -2.593845239980069743e-05
1.616170865488260498e-05 -2.637088665340151392e-05
1.589489157048358273e-05 -2.680329129572761143e-05
1.563138205026788673e-05 -2.723550682482836491e-05
1.537177484647838087e-05 -2.766737270680102751e-05
1.511674321133616682e-05 -2.809873469108004521e-05
1.486705269792481023e-05 -2.852945626575335305e-05
1.462357522513451505e-05 -2.895943587288125369e-05
1.438730146225424784e-05 -2.938863158918554708e-05
1.415934777750610144e-05 -2.981709446799474944e-05
1.394095241727181424e-05 -3.024500963454286438e-05
1.373345507094665647e-05 -3.067274060436409093e-05
1.353825676879187535e-05 -3.110086745428540831e-05
1.335676371492501932e-05 -3.153020758056215974e-05
1.319032673007269568e-05 -3.196181128942007170e-05
1.304019027811441190e-05 -3.239693420479735508e-05
1.290746037197119189e-05 -3.283699623889162260e-05
1.279309224508289413e-05 -3.328353877310631518e-05
1.269789287943523953e-05 -3.373818802974089427e-05
1.262253201706900211e-05 -3.420262775336874595e-05
1.256755666521299617e-05 -3.467858075503436335e-05
1.253340584626883848e-05 -3.516779775718178346e-05
1.252042402666831930e-05 -3.567205154796355661e-05
1.252887271717202016e-05 -3.619313485621022784e-05
1.255893996645636576e-05 -3.673286066265900020e-05
1.261074803248833904e-05 -3.729306419645279051e-05
1.268435943534094640e-05 -3.787560603426734480e-05
1.277978163602827555e-05 -3.848237588236159474e-05
1.289697048501712692e-05 -3.911529688852763827e-05
1.303583268558324536e-05 -3.977633032280132483e-05
1.319622741802546869e-05 -4.046748054985564274e-05
1.337796719304970428e-05 -4.119080021123146235e-05
1.358081805236943459e-05 -4.194839566566194226e-05
1.380449911534885560e-05 -4.274243261907944061e-05
1.404868162004177618e-05 -4.357514203600799111e-05
1.431298737546148352e-05 -4.444882627882430472e-05
1.459698670362044306e-05 -4.536586549703203154e-05
1.490019587245004421e-05 -4.632872434534840547e-05
1.522207393926574550e-05 -4.733995904312752133e-05
1.556201908933343064e-05 -4.840222476940698668e-05
1.591936435782851996e-05 -4.951828342455878159e-05
1.629337273162548302e-05 -5.069101188825670903e-05
1.668323159397999206e-05 -5.192341067654105004e-05
1.708804648743464933e-05 -5.321861317259156334e-05
1.750683403905942969e-05 -5.457989533703894505e-05
1.793851406032229777e-05 -5.601068597625795512e-05
1.838190069090222127e-05 -5.751457777692870274e-05
1.883569256651030374e-05 -5.909533889530219764e-05
1.929846182004029925e-05 -6.075692531779979856e-05
1.976864180760946356e-05 -6.250349401977108976e-05
2.024451352205250209e-05 -6.433941689733346325e-05
2.072419037242948376e-05 -6.626929566372864668e-05
2.120560135110778941e-05 -6.829797761609997101e-05
2.168647221772749132e-05 -7.043057245338265845e-05
2.216430466001276657e-05 -7.267247014884422479e-05
2.263635302065416022e-05 -7.502935992971322048e-05
2.309959849240074645e-05 -7.750725046199912415e-05
2.355072027629221955e-05 -8.011249126367505236e-05
2.398606349883953176e-05 -8.285179543207812490e-05
2.440160354917964757e-05 -8.573226376120702001e-05
2.479290629138950587e-05 -8.876141019911919163e-05
2.515508361581684162e-05 -9.194718882136185874e-05
2.548274388868245524e-05 -9.529802228733165632e-05
2.576993673273739492e-05 -9.882283178989206059e-05
2.601009132368499997e-05 -1.025310684548497376e-04
2.619594735634163765e-05 -1.064327464427410053e-04
2.631947792564094690e-05 -1.105384772274164431e-04
2.637180320511852040e-05 -1.148595054287011359e-04
2.634309396800568737e-05 -1.194077457837853173e-04
2.622246341401352344e-05 -1.241958211999538621e-04
2.599784598066280991e-05 -1.292371015197157122e-04
2.565586146489916893e-05 -1.345457428086002400e-04
2.518166252181387385e-05 -1.401367264071883760e-04
2.455876368059572144e-05 -1.460258975164778169e-04
2.376884909996256537e-05 -1.522300022465917179e-04
2.279155669498916450e-05 -1.587667221383791958e-04
2.160423544340461208e-05 -1.656547051747027258e-04
2.018167223979947292e-05 -1.729135913729263393e-04
1.849578480024601133e-05 -1.805640311911379441e-04
1.651527567538714408e-05 -1.886276942009355547e-04
1.420524289065675410e-05 -1.971272650279582502e-04
1.152674114411570837e-05 -2.060864228910911148e-04
8.436287650633020655e-06 -2.155297998778027760e-04
4.885304973782435446e-06 -2.254829126410744960e-04
8.194932742210098544e-07 -2.359720598659142108e-04
-3.821877158141005716e-06 -2.470241777624310078e-04
-9.106763089069882795e-06 -2.586666421302578813e-04
-1.511124622288134245e-05 -2.709270047201233975e-04
-2.192054436748592345e-05 -2.838326478043346726e-04
-2.963014919074600584e-05 -2.974103375929517627e-04
-3.834710527318765927e-05 -3.116856527113322163e-04
-4.819144634150866128e-05 -3.266822592530947006e-04
-5.929780559956086085e-05 -3.424209966750108242e-04
-7.181721801494886099e-05 -3.589187314028060042e-04
-8.591913257792688306e-05 -3.761869265335708199e-04
-1.017936518643012997e-04 -3.942298624326280349e-04
-1.196540163390387814e-04 -4.130424314025023377e-04
-1.397393461955183228e-04 -4.326074115050312224e-04
-1.623176502767930632e-04 -4.528921038874252872e-04
-1.876891037263477132e-04 -4.738441954928501103e-04
-2.161895842993743328e-04 -4.953866773422984640e-04
-2.481944401394197319e-04 -5.174116145981409991e-04
-2.841224377206411880e-04 -5.397725228124297366e-04
-3.244398043654345446e-04 -5.622750557838184209e-04
-3.696642309556825469e-04 -5.846656505808167040e-04
-4.203686351509861789e-04 -6.066177103685418178e-04
-4.771843927363893256e-04 -6.277148285289257251e-04
-5.408036251649428906e-04 -6.474304703190529630e-04
-6.119799613275636856e-04 -6.651034364161527868e-04
-6.915269736609176579e-04 -6.799083338857089126e-04
-7.803131908543053767e-04 -6.908201845964480206e-04
-8.792522027188931760e-04 -6.965722197070792557e-04
-9.892858576979986825e-04 -6.956058580557965190e-04
-1.111357892272358747e-03 -6.860118803743377094e-04
-1.246374472483752823e-03 -6.654619220387519938e-04
-1.395147027720140863e-03 -6.311296986103858168e-04
-1.558311381414703798e-03 -5.796019379522985215e-04
-1.736215470545754208e-03 -5.067799606512637858e-04
-1.928765871638979347e-03 -4.077744426063926878e-04
-2.135220913146300935e-03 -2.767983853690658973e-04
-2.353915416544588145e-03 -1.070671304739172029e-04
-2.581899249986827592e-03 1.092801412744404533e-04
-2.814469270625107392e-03 3.812147818077087948e-04
-3.044572610618528994e-03 7.187746866990245070e-04
-3.262059835142991533e-03 1.132891636282599762e-03
-3.452771370257850733e-03 1.635017956596523242e-03
-3.597452974408341456e-03 2.236452154449420585e-03
-3.670520940356282458e-03 2.947227748139285512e-03
-3.638742442149840977e-03 3.774388063263643938e-03
-3.459971222073143782e-03 4.719426158919818801e-03
-3.082196950898578348e-03 5.774632949924619028e-03
-2.443344078056820627e-03 6.918086813022565444e-03
-1.472508181018106948e-03 8.107068879215709178e-03
-9.365302520850538742e-05 9.269856869537544328e-03
1.766803911870998582e-03 1.029622461070004227e-02
4.166678545604695152e-03 1.102767811168838506e-02
7.126878450753900036e-03 1.124964457886767563e-02
1.060053051613776137e-02 1.068964108508162029e-02
1.443168638205462491e-02 9.027920140356750570e-03
1.830597400801242322e-02 5.929941895401007017e-03
2.170154462743887833e-02 1.112306538239007589e-03
2.385851367307929155e-02 -5.546642463014745533e-03
2.379867503475007265e-02 -1.384730704598481979e-02
2.044144839863638874e-02 -2.307524325187710126e-02
1.286776595716480551e-02 -3.182501320760602881e-02
7.631753622293156042e-04 -3.794756596209687693e-02
-1.500049259182656067e-02 -3.878393427156083539e-02
-3.182909694203557571e-02 -3.186082480063597705e-02
-4.529597894765954869e-02 -1.610992203152143351e-02
-4.997329072404621542e-02 6.655655173572413291e-03
-4.155517503255924672e-02 3.080304855970478900e-02
-1.988342652081739187e-02 4.770729967822326389e-02
8.780721217531286399e-03 4.924105215021724880e-02
3.280544520373536443e-02 3.307534656034911980e-02
4.097916061691751766e-02 6.274053245552506201e-03
3.040719160471472282e-02 -1.726416304858962789e-02
9.736287989436155990e-03 -2.593993008909446438e-02
-7.151011523282185464e-03 -1.914470097209539784e-02
-1.230848197488475584e-02 -6.470607707130064321e-03
-8.396079217737351455e-03 2.115930613000673033e-03
-2.790908832510766852e-03 4.032400299669421442e-03
2.129868918282502703e-04 2.509569046978477654e-03
7.817618741774664832e-04 8.752231816467236558e-04
4.814934471042150803e-04 1.283670871746330443e-04
1.888059071174229579e-04 -4.633815323144817604e-05
5.612959842410087210e-05 -4.243107134130592406e-05
1.352175919093716853e-05 -1.936437691007439230e-05
1.341837162218787266e-06 -6.845185273100902335e-06
-5.640331940067376652e-06 -2.140229395800922879e-06
-2.047435749429920272e-05 -4.626383276992344180e-07
-6.462641488396637566e-05 6.869430401937378635e-06
-1.883700472260465739e-04 6.357739453225310419e-05
-4.594165654738856328e-04 3.565885064852419525e-04
-7.213145932047185542e-04 1.429942660535611252e-03
2.998073200306899076e-04 4.079342841927394679e-03
6.132718465490980507e-03 7.344070871788785544e-03
1.995525766232564974e-02 3.798594503228100439e-03
3.330632417778406351e-02 -2.018605190308541200e-02
1.767628662245659954e-02 -6.501506334235229723e-02
-5.106312108345001377e-02 -9.233931559282267110e-02
-1.438792422700054252e-01 -4.449206032655957793e-02
-1.780489760684499934e-01 8.579830867773513559e-02
-9.344583298266187499e-02 2.220307469129468303e-01
7.970724140259979884e-02 2.636722704778378112e-01
2.427733292109162111e-01 1.734197155970007009e-01
3.087662263808492735e-01 0.000000000000000000e+00
2.568215497028011329e-01 -1.694413132569113078e-01
1.268340600793848860e-01 -2.687684259062034231e-01
-1.966875113475871628e-02 -2.791558606553566912e-01
-1.344294110783494367e-01 -2.203786631788643147e-01
-1.962045881519123014e-01 -1.279260601159903088e-01
-2.069927987820959492e-01 -3.398782114538372034e-02
-1.813114733125576195e-01 4.129805094618689554e-02
-1.364429009203999565e-01 9.021454237516776664e-02
-8.668252646814054996e-02 1.137961071043751826e-01
-4.133886142755043014e-02 1.175307301475060490e-01
-5.048119097205223255e-03 1.080925539016627107e-01
2.095511163779947839e-02 9.146124300710896382e-02
3.746742512862302754e-02 7.215648057187300235e-02
4.623191424641470704e-02 5.316076853055852480e-02
4.922618618793336842e-02 3.617170981315624007e-02
4.826899453099469522e-02 2.195210475497872543e-02
4.485001544525848288e-02 1.065701673077361009e-02
4.009425256833612505e-02 2.090746958892934337e-03
3.479574069629321614e-02 -4.112776274729437395e-03
2.947882128414485228e-02 -8.374727748988758380e-03
2.446352657597190144e-02 -1.110466701926630592e-02
1.992378340434355216e-02 -1.266684677398331911e-02
1.593437939614144455e-02 -1.336727431652983897e-02
1.250645918802655715e-02 -1.345276291402644139e-02
9.613036425158087706e-03 -1.311617009459001455e-02
7.206546584816469862e-03 -1.250423097568722532e-02
5.230415876137454664e-03 -1.172591902956282919e-02
3.626325976365044057e-03 -1.086025357171219868e-02
2.338496149054462587e-03 -9.963076264021878542e-03
1.315969813507984450e-03 -9.072664302721416760e-03
5.136143976637076464e-04 -8.214230208828797453e-03
-1.076727155914294909e-04 -7.403441433803882761e-03
-5.812193617598732575e-04 -6.649119958155678273e-03
-9.350768897993086328e-04 -5.955279174980029552e-03
-1.192623342531181230e-03 -5.322638418384487841e-03
-1.373187447052396943e-03 -4.749733615790420298e-03
-1.492645301320360716e-03 -4.233720462151802783e-03
-1.563964713545955114e-03 -3.770946548469517479e-03
-1.597686657001715907e-03 -3.357351865862778784e-03
-1.602342000701967653e-03 -2.988743208866351600e-03
-1.584806570052218122e-03 -2.660976938193513122e-03
-1.550600112284077070e-03 -2.370075868659142146e-03
-1.504135760286208533e-03 -2.112299439858863950e-03
-1.448926726179036945e-03 -1.884181206213229615e-03
-1.387756614090441014e-03 -1.682543943851450008e-03
-1.322819123791064890e-03 -1.504499768297520293e-03
-1.255832237584832796e-03 -1.347440585895789446e-03
-1.188131281566095349e-03 -1.209022624594009027e-03
-1.120744573942694926e-03 -1.087147682838264778e-03
-1.054454794562120767e-03 -9.799428934458426221e-04
-9.898486776049521697e-04 -8.857402164333518044e-04
-9.273571820423507760e-04 -8.030564450530515040e-04
-8.672879110632339753e-04 -7.305742166752829695e-04
-8.098512352220865957e-04 -6.671243029858339637e-04
-7.551813096606048350e-04 -6.116693177463983265e-04
-7.033529457215338242e-04 -5.632888783913335244e-04
-6.543951358676752903e-04 -5.211661951328780537e-04
-6.083018613930853353e-04 -4.845760237787501449e-04
-5.650407073261101698e-04 -4.528738906808683733e-04
-5.245597051667324779e-04 -4.254864928286360127e-04
-4.867927418888774770e-04 -4.019031686359491760e-04
-4.516638101103850672e-04 -3.816683316424735123e-04
-4.190903227795876726e-04 -3.643747731187668053e-04
-3.889856713395706896e-04 -3.496577390505457676e-04
-3.612611695786945476e-04 -3.371896960598383484e-04
-3.358275000628479774e-04 -3.266757108811602648e-04
-3.125957539208466351e-04 -3.178493742486193847e-04
-2.914781389362632816e-04 -3.104692067547640375e-04
-2.723884098443720716e-04 -3.043154969358767147e-04
-2.552420690400984335e-04 -2.991875280159743888e-04
-2.399563710838592697e-04 -2.949011557167254579e-04
-2.264501560566026467e-04 -2.912867144347807877e-04
-2.146435413215587971e-04 -2.881872350534197863e-04
-2.044574860280464065e-04 -2.854569693186914604e-04
-1.958132620292261743e-04 -2.829602252235136821e-04
-1.886318653269678262e-04 -2.805705294227871368e-04
-1.828334287518745827e-04 -2.781701324717684738e-04
-1.783367158916817860e-04 -2.756498642787367842e-04
-1.750588098465870519e-04 -2.729093164431040325e-04
-1.729151131988270417e-04 -2.698572731174879642e-04
-1.718197577460300689e-04 -2.664122450965408784e-04
-1.716864393561264002e-04 -2.625029008741487321e-04
-1.724295844716178987e-04 -2.580681949114746790e-04
-1.739656469234244899e-04 -2.530570620124555003e-04
-1.762143116584601109e-04 -2.474276748506353766e-04
-1.790994161122648443e-04 -2.411463824817925740e-04
-1.825495105882564385e-04 -2.341864982769526003e-04
-1.864980658163966330e-04 -2.265270970279162680e-04
-1.908833983102824162e-04 -2.181519335881569285e-04
-1.956483989194074435e-04 -2.090485367332345530e-04
-2.007401446767520027e-04 -1.992074937785674239e-04
-2.061094556586584841e-04 -1.886219144443170167e-04
-2.117104374623109142e-04 -1.772870512400095077e-04
-2.175000362572565029e-04 -1.652000508139307581e-04
-2.234376215989629171e-04 -1.523598120708746795e-04
-2.294846023814601566e-04 -1.387669315154706814e-04
-2.356040802616080315e-04 -1.244237178123872457e-04
-2.417605391211185867e-04 -1.093342642511105296e-04
-2.479195695489362075e-04 -9.350456799465416331e-05
-2.540476255842840573e-04 -7.694268795252523811e-05
-2.601118115409347038e-04 -5.965893636049666413e-05
-2.660796966440251389e-04 -4.166609871963669690e-05
-2.719191548366516617e-04 -2.297967819631331206e-05
-2.775982282290167884e-04 -3.618162128941089376e-06
-2.830850126425588521e-04 1.639669206266346679e-05
-2.883475640684053155e-04 3.703955446559735953e-05
-2.933538243499972213e-04 5.828120514161298608e-05
-2.980715662811837959e-04 8.008820365389745306e-05
-3.024683567808383986e-04 1.024225485548946942e-04
-3.065115383527070654e-04 1.252413279572545091e-04
-3.101682282540018428e-04 1.484963653663118810e-04
-3.134053354795594414e-04 1.721338623563911435e-04
-3.161895954254205347e-04 1.960940423761364099e-04
-3.184876232642311344e-04 2.203107989540335028e-04
-3.202659846135321700e-04 2.447113529467408936e-04
-3.214912855036524330e-04 2.692159236922377725e-04
-3.221302808201822738e-04 2.937374195021881106e-04
-3.221500019778205737e-04 3.181811538869268102e-04
-3.215179039354743289e-04 3.424445946139336827e-04
-3.202020321401746988e-04 3.664171531231928485e-04
-3.181712088227658421e-04 3.899800234207370870e-04
-3.153952396530786302e-04 4.130060794490106801e-04
-3.118451398742525817e-04 4.353598419656705409e-04
-3.074933804444852600e-04 4.568975260246050047e-04
-3.023141530917057410e-04 4.774671812225420465e-04
-2.962836543915547201e-04 4.969089385957596063e-04
-2.893803875191979348e-04 5.150553775666186435e-04
-2.815854811099912508e-04 5.317320285322066917e-04
-2.728830234008541400e-04 5.467580264127807612e-04
-2.632604105182972769e-04 5.599469316359718951e-04
-2.527087065199807919e-04 5.711077353315984059e-04
-2.412230132344784454e-04 5.800460656715352359e-04
-2.288028470755580624e-04 5.865656121449216043e-04
-2.154525197787826606e-04 5.904697846505498711e-04
-2.011815199946357128e-04 5.915636227596848861e-04
-1.860048916545916633e-04 5.896559698742452789e-04
-1.699436053075230812e-04 5.845619247598574921e-04
-1.530249180581360810e-04 5.761055807122537160e-04
-1.352827174795089070e-04 5.641230591157418489e-04
-1.167578446663376134e-04 5.484658402522860857e-04
-9.749839155763026662e-05 5.290043890060820318e-04
-7.755996744873452063e-05 5.056320670099056537e-04
-5.700592976706189192e-05 4.782693154905278245e-04
-3.590757421226407518e-05 4.468680843765109913e-04
-1.434427969516744800e-05 4.114164733930330588e-04
7.596396192143389521e-06 3.719435393469027102e-04
2.981867490877923864e-05 3.285242110271679766e-04
5.221857112885518095e-05 2.812842386551295390e-04
7.468396575148095900e-05 2.304050890946882926e-04
9.709473952877100073e-05 1.761286807674182183e-04
1.193229681755176560e-04 1.187618336836998708e-04
1.412331790923685609e-04 5.868029073813570194e-05
1.626826691098369124e-04 -3.667853808471173308e-06
1.835218820656974131e-04 -6.775950288592105602e-05
2.035948448185951828e-04 -1.329948863903935869e-04
2.227396603485343814e-04 -1.986970949754138574e-04
2.407890572759036258e-04 -2.641130572739746902e-04
2.575709965084204745e-04 -3.284162134035670017e-04
2.729093379125410463e-04 -3.907111464844018316e-04
2.866245733155687106e-04 -4.500404367662935094e-04
2.985346366295642088e-04 -5.053939980224093215e-04
3.084558079435613517e-04 -5.557211412591892561e-04
3.162037359999754103e-04 -5.999455843112475560e-04
3.215946127112348008e-04 -6.369835854399706274e-04
3.244465442123530149e-04 -6.657653220277726320e-04
3.245811754342351743e-04 -6.852595599335590659e-04
3.218256388655271337e-04 -6.945015625339040445e-04
3.160149126100517515e-04 -6.926240691908315322e-04
3.069946874944128479e-04 -6.788910293633422044e-04
2.946248565144424908e-04 -6.527336102276736895e-04
2.787837512179100388e-04 -6.137878024469366678e-04
2.593732568887442431e-04 -5.619327326737147887e-04
2.363249393153944234e-04 -4.973285551182819687e-04
2.096073083042758272e-04 -4.204525439151382223e-04
1.792343237387727538e-04 -3.321317503243741880e-04
1.452752163081660886e-04 -2.335703347431108089e-04
1.078656439140019915e-04 -1.263694467754347727e-04
6.722013471458776197e-05 -1.253732407904994954e-05
2.364567852118180116e-05 1.055128673529488379e-04
-2.244377522937723542e-05 2.249799995088303450e-04
-7.051225772624895752e-05 3.427092731900483434e-04
-1.198865677614022207e-04 4.552462009380280148e-04
-1.697412351657914896e-04 5.589123778307760566e-04
-2.190834691230335134e-04 6.499048034328544022e-04
-2.667359014464760992e-04 7.244204076942906871e-04
-3.113068057334430366e-04 7.788087312828234415e-04
-3.510894634575097953e-04 8.097635278066749043e-04
-3.844584415587441696e-04 8.150264629723335923e-04
-4.099111548927587205e-04 7.928725190403597585e-04
