-4.304734402083439798e-02 -2.544798999237750728e-02
-4.259557468529805158e-02 -2.518408834382365041e-02
-4.153712021496617363e-02 -2.453870530403784445e-02
-3.989510663326428785e-02 -2.352641973688978511e-02
-3.770466519324145588e-02 -2.216962508393506559e-02
-3.502435478939570218e-02 -2.050548144376883319e-02
-3.191204153655311654e-02 -1.857108976271847414e-02
-2.842730442447179151e-02 -1.640487172117902764e-02
-2.463133350259765278e-02 -1.404642861333226661e-02
-2.058629212573559464e-02 -1.153607684914960060e-02
-1.635453263609177449e-02 -8.914297399794083102e-03
-1.199779020192302988e-02 -6.221176034845863310e-03
-7.576407330977770645e-03 -3.495867321858975828e-03
-3.148615369687367965e-03 -7.760993030946420875e-04
1.230112465934611425e-03 1.902271563266351613e-03
5.507628288736402498e-03 4.505649636993404664e-03
9.635592648314128192e-03 7.003030520701494441e-03
1.356987195372790465e-02 9.366271534849854308e-03
1.727085066055003212e-02 1.157030251807780567e-02
2.070366027313145715e-02 1.359327835890436313e-02
2.383832849145120503e-02 1.541667558093785285e-02
2.664985285280711477e-02 1.702533604375131709e-02
2.911820402121409121e-02 1.840746140877397644e-02
3.122826448862256465e-02 1.955456247048838886e-02
3.296970889254310921e-02 2.046136778082020130e-02
3.433683244184820155e-02 2.112569621051266222e-02
3.532833409263016339e-02 2.154829820644461880e-02
3.594706114424319615e-02 2.173267052902349769e-02
3.619972184678817845e-02 2.168484919945879580e-02
3.609657243973114771e-02 2.141318526336444955e-02
3.565108479085282722e-02 2.092810779488786868e-02
3.487960048875707320e-02 2.024187833428085781e-02
3.380097687322149852e-02 1.936834068091757705e-02
3.243623007775273126e-02 1.832266966211971992e-02
3.080817971883916331e-02 1.712112217409211476e-02
2.894109940674519446e-02 1.578079345239735004e-02
2.686037678242281235e-02 1.431938118274058563e-02
2.459218631259368903e-02 1.275495971453351196e-02
2.216317760731263686e-02 1.110576629527301913e-02
1.960018156792321664e-02 9.390000908000101232e-03
1.692993623335715264e-02 7.625640971004470775e-03
1.417883377378008521e-02 5.830271851817942289e-03
1.137268968620516393e-02 4.020933859212765145e-03
8.536534879567693121e-03 2.213986109285322364e-03
5.694430998981067464e-03 4.249874164272457022e-04
2.869309031858452083e-03 -1.331405862009251220e-03
8.283096281002429867e-05 -3.041525296819468094e-03
-2.644725999884999998e-03 -4.692759617626281188e-03
-5.294563316251749141e-03 -6.273608297663407773e-03
-7.849433997345082667e-03 -7.773720214890212851e-03
-1.029369550377737426e-02 -9.183918217205306808e-03
-1.261334380968619218e-02 -1.049621050391590094e-02
-1.479602987970481467e-02 -1.170378980016333406e-02
-1.683105987955281838e-02 -1.280102134696562907e-02
-1.870938049097286768e-02 -1.378342075858195528e-02
-2.042355073081605216e-02 -1.464762281231719691e-02
-2.196770168396243103e-02 -1.539134223537333077e-02
-2.333748555287035523e-02 -1.601332754048883505e-02
-2.453001540442036055e-02 -1.651330893831353883e-02
-2.554379695961050620e-02 -1.689194132136521628e-02
-2.637865372535525693e-02 -1.715074327339572921e-02
-2.703564671194081531e-02 -1.729203301044142729e-02
-2.751698991625921992e-02 -1.731886210703587753e-02
-2.782596268153527189e-02 -1.723494780429406237e-02
-2.796681997010988865e-02 -1.704460463683304949e-02
-2.794470150857429960e-02 -1.675267605395858173e-02
-2.776554068515812643e-02 -1.636446664796970679e-02
-2.743597399910540149e-02 -1.588567553981417788e-02
-2.696325178157974595e-02 -1.532233141022104617e-02
-2.635515082851746377e-02 -1.468072960365866472e-02
-2.561988950838833129e-02 -1.396737167339728858e-02
-2.476604583275014704e-02 -1.318890767915815998e-02
-2.380247890533246716e-02 -1.235208149466609021e-02
-2.273825409657549354e-02 -1.146367933116142733e-02
-2.158257222544801221e-02 -1.053048163480905380e-02
-2.034470296925125488e-02 -9.559218471199910222e-03
-1.903392266514677966e-02 -8.556528468748679506e-03
-1.765945661447912776e-02 -7.528921354976057280e-03
-1.623042595265231786e-02 -6.482744085289914374e-03
-1.475579910335427306e-02 -5.424150533028395706e-03
-1.324434779624419564e-02 -4.359074682008887841e-03
-1.170460759182235730e-02 -3.293207238734057948e-03
-1.014484282589213533e-02 -2.231975560410623047e-03
-8.573015858648112483e-03 -1.180526777049877886e-03
-6.996760489879376085e-03 -1.437139709034632694e-04
-5.423359381818360775e-03 8.739147357593388121e-04
-3.859725314572266287e-03 1.868124343288121540e-03
-2.312386085709572294e-03 2.834998553761163258e-03
-7.874728550972142803e-04 3.770942937849704798e-03
7.092882716032518006e-04 4.672685863856594103e-03
2.172581632622562226e-03 5.537277364756394531e-03
3.597504587737756099e-03 6.362086118801721368e-03
4.979567499566086262e-03 7.144794717564751860e-03
6.314691333235030596e-03 7.883393392316001558e-03
7.599203086629849682e-03 8.576172365576542958e-03
8.829829259415626977e-03 9.221712989648821190e-03
1.000368756378468109e-02 9.818877828082984288e-03
1.111827707362594321e-02 1.036679982954847971e-02
1.217146700162800681e-02 1.086487073654119825e-02
1.316148428591533415e-02 1.131272886388687282e-02
1.408690015932876315e-02 1.171024637423663008e-02
1.494661586551441004e-02 1.205751616976878833e-02
1.573984767671206958e-02 1.235483851120809835e-02
1.646611135862084338e-02 1.260270746711766865e-02
1.712520621811105398e-02 1.280179728831687229e-02
1.771719885993780150e-02 1.295294879426261113e-02
1.824240676898235963e-02 1.305715585034915652e-02
1.870138182507631239e-02 1.311555200741203880e-02
1.909489384820267990e-02 1.312939736729357154e-02
1.942391426280912908e-02 1.310006573116324034e-02
1.968959996118016184e-02 1.302903208041098111e-02
1.989327743736693868e-02 1.291786043340568610e-02
2.003642725507328443e-02 1.276819211518331193e-02
2.012066890515280468e-02 1.258173447129700903e-02
2.014774610102672628e-02 1.236025005154320865e-02
2.011951255337577141e-02 1.210554628414630719e-02
2.003791825894114462e-02 1.181946565621085771e-02
1.990499633213004688e-02 1.150387641182265205e-02
1.972285040243191429e-02 1.116066377512811916e-02
1.949364259533738902e-02 1.079172170198769778e-02
1.921958210957509100e-02 1.039894516043212216e-02
1.890291439898060880e-02 9.984222937078981314e-03
1.854591096321159607e-02 9.549430963940310629e-03
1.815085974777983641e-02 9.096426157595203718e-03
1.772005615050683408e-02 8.627040760548529419e-03
1.725579462848490786e-02 8.143077172716712761e-03
1.676036089691834360e-02 7.646303259346457631e-03
1.623602470884006124e-02 7.138448120273632562e-03
1.568503320261991490e-02 6.621198304287803302e-03
1.510960480235745002e-02 6.096194451387870750e-03
1.451192365471884287e-02 5.565028344963421185e-03
1.389413458446397964e-02 5.029240355358482149e-03
1.325833854984508411e-02 4.490317255846975296e-03
1.260658857818760734e-02 3.949690391780004764e-03
1.194088616129660926e-02 3.408734183552246388e-03
1.126317808985289118e-02 2.868764944002650565e-03
1.057535370560063089e-02 2.331039990976158799e-03
9.879242549992858433e-03 1.796757035978166581e-03
9.176612387881139324e-03 1.267053830143518786e-03
8.469167584935459112e-03 7.430080490957728830e-04
7.758547817636345101e-03 2.256373987135646547e-04
7.046327094984421169e-03 -2.841000756963860292e-04
6.334013071411003296e-03 -7.853054937755677735e-04
5.623046630837510301e-03 -1.277138474426842358e-03
4.914801722304316944e-03 -1.758816315826743082e-03
4.210585428147416154e-03 -2.229613036288450190e-03
3.511638246306265400e-03 -2.688858290449513098e-03
2.819134568980387594e-03 -3.135936174592839944e-03
2.134183340518546954e-03 -3.570283934237016357e-03
1.457828878093405268e-03 -3.991390586453205484e-03
7.910518394429674749e-04 -4.398795468680961711e-03
1.347703226720858675e-04 -4.792086725128431347e-03
-5.101589161800416938e-04 -5.170899741189624935e-03
-1.142939141374325809e-03 -5.534915535652161142e-03
-1.762832224349213019e-03 -5.883859119807354106e-03
-2.369157151362777988e-03 -6.217497831958738660e-03
-2.961288463340598816e-03 -6.535639655212893695e-03
-3.538654638620433029e-03 -6.838131525822578952e-03
-4.100736428680139788e-03 -7.124857638818723679e-03
-4.647065156205649680e-03 -7.395737757058488265e-03
-5.177220984263391015e-03 -7.650725529347274061e-03
-5.690831164662683156e-03 -7.889806822721478693e-03
-6.187568273022634943e-03 -8.112998073555914569e-03
-6.667148437510896780e-03 -8.320344661641103368e-03
-7.129329567564280518e-03 -8.511919310979047804e-03
-7.573909588459134049e-03 -8.687820520600995217e-03
-8.000724687059024981e-03 -8.848171028327371859e-03
-8.409647573515316096e-03 -8.993116310052378520e-03
-8.800585763395792419e-03 -9.122823116687110018e-03
-9.173479884022875744e-03 -9.237478050735454388e-03
-9.528302008627170805e-03 -9.337286183972212661e-03
-9.865054021442946214e-03 -9.422469717585903182e-03
-1.018376601639718951e-02 -9.493266685772898741e-03
-1.048449473183830395e-02 -9.549929703565952430e-03
-1.076732202339056484e-02 -9.592724759473720414e-03
-1.103235337664806859e-02 -9.621930053210216507e-03
-1.127971646115887711e-02 -9.637834878696942970e-03
-1.150955972696556841e-02 -9.640738552425399954e-03
-1.172205104465176562e-02 -9.630949386692108649e-03
-1.191737638952663006e-02 -9.608783707778867714e-03
-1.209573857057054218e-02 -9.574564918261738167e-03
-1.225735600444649923e-02 -9.528622603048066825e-03
-1.240246153459962850e-02 -9.471291678536618991e-03
-1.253130129561330804e-02 -9.402911583795647149e-03
-1.264413362255848924e-02 -9.323825513303157786e-03
-1.274122800481218391e-02 -9.234379690044574457e-03
-1.282286408444458826e-02 -9.134922678074180319e-03
-1.288933069804942128e-02 -9.025804733397809615e-03
-1.294092496162929304e-02 -8.907377192267652496e-03
-1.297795139813110940e-02 -8.779991895548042852e-03
-1.300072110597425869e-02 -8.644000648215721325e-03
-1.300955096882275286e-02 -8.499754712353852978e-03
-1.300476290445449698e-02 -8.347604333231485596e-03
-1.298668315292018059e-02 -8.187898296375275761e-03
-1.295564160186901508e-02 -8.020983514860427488e-03
-1.291197114906584079e-02 -7.847204645935985240e-03
-1.285600709939876268e-02 -7.666903734745478087e-03
-1.278808659768130782e-02 -7.480419884902566457e-03
-1.270854809315968836e-02 -7.288088954352530888e-03
-1.261773083750088002e-02 -7.090243275331156725e-03
-1.251597441210124811e-02 -6.887211396843116382e-03
-1.240361828637349603e-02 -6.679317849392876934e-03
-1.228100140360116437e-02 -6.466882930050475188e-03
-1.214846179436759356e-02 -6.250222506187324417e-03
-1.200633621601363693e-02 -6.029647838895033259e-03
-1.185495981598862908e-02 -5.805465423084707997e-03
-1.169466581993055913e-02 -5.577976842921508749e-03
-1.152578524128726814e-02 -5.347478643396100413e-03
-1.134864661154473542e-02 -5.114262215150749274e-03
-1.116357573061398101e-02 -4.878613693459106504e-03
-1.097089543517891161e-02 -4.640813867864920263e-03
-1.077092538374967157e-02 -4.401138104332505060e-03
-1.056398185738457660e-02 -4.159856276679860417e-03
-1.035037757405161615e-02 -3.917232707853816019e-03
-1.013042151496520646e-02 -3.673526119977218139e-03
-9.904418761470631244e-03 -3.428989591696831631e-03
-9.672670340165312117e-03 -3.183870522998193467e-03
-9.435473073685538350e-03 -2.938410606598933651e-03
-9.193119435242511767e-03 -2.692845805414853001e-03
-8.945897403006599843e-03 -2.447406335818303781e-03
-8.694090311098435012e-03 -2.202316657397191541e-03
-8.437976692165279763e-03 -1.957795469105047363e-03
-8.177830106387631859e-03 -1.714055713567125012e-03
-7.913918949221190186e-03 -1.471304592562339142e-03
-7.646506229302795464e-03 -1.229743597182355805e-03
-7.375849304132439145e-03 -9.895685621871027748e-04
-7.102199560020734659e-03 -7.509697556463809567e-04
-6.825802016261687047e-03 -5.141320270466076189e-04
-6.546894834316586455e-03 -2.792350487993101524e-04
-6.265708708559202672e-03 -4.645371238796817959e-05
-5.982466128811912177e-03 1.840412218416355786e-04
-5.697380540730073717e-03 4.120820604829990644e-04
-5.410655534703017432e-03 6.375024626354122616e-04
-5.122484430778197900e-03 8.601347964479254347e-04
-4.833051044955790493e-03 1.079806471443365895e-03
-4.542532788418656917e-03 1.296335915616425149e-03
-4.251106636917547504e-03 1.509530238239319795e-03
-3.958956155618490770e-03 1.719186932818669682e-03
-3.666276038559567428e-03 1.925099306270630813e-03
-3.373272641868604350e-03 2.127062475010967069e-03
-3.080161996112636483e-03 2.324877487894614833e-03
-2.787167270101585746e-03 2.518353332959355918e-03
-2.494516670600978835e-03 2.707307576478302103e-03
-2.202441984951386805e-03 2.891566331489398359e-03
-1.911177672993263563e-03 3.070963967675006002e-03
-1.620960364205636418e-03 3.245342760892589839e-03
-1.332028640210920160e-03 3.414552568696205097e-03
-1.044623018512199969e-03 3.578450563417408161e-03
-7.589860817995442571e-04 3.736901031109851178e-03
-4.753627174770582407e-04 3.889775236080916798e-03
-1.940004449655398366e-04 4.036951348054932526e-03
8.485018300055332564e-05 4.178314428626296595e-03
3.609351129985150040e-04 4.313756474317989587e-03
6.339962614569422030e-04 4.443176515187932316e-03
9.037709248813029748e-04 4.566480769446892851e-03
1.169991129336437393e-03 4.683582855394987851e-03
1.432382917026085983e-03 4.794404063206788268e-03
1.690665567128880149e-03 4.898873690375277548e-03
1.944550747163264603e-03 4.996929446382540954e-03
2.193741589510720541e-03 5.088517932425522076e-03
2.437931687848312982e-03 5.173595204052525327e-03
2.676804007620685842e-03 5.252127426068712093e-03
2.910029701921829862e-03 5.324091629389664064e-03
3.137266825969233213e-03 5.389476582608335523e-03
3.358158941286821034e-03 5.448283792383832105e-03
3.572333599098594971e-03 5.500528648117187711e-03
3.779400692243283563e-03 5.546241729245995553e-03
3.978950664616735973e-03 5.585470296597941017e-03
4.170552563691045343e-03 5.618279990634471484e-03
4.353751921724793167e-03 5.644756763401016786e-03
4.528068448522906859e-03 5.665009074419148291e-03
4.692993520427543412e-03 5.679170385758030432e-03
4.847987439105059387e-03 5.687401992973890527e-03
4.992476442825109946e-03 5.689896236722575412e-03
5.125849437542246388e-03 5.686880143779077246e-03
5.247454418292330815e-03 5.678619550651188910e-03
5.356594543932320304e-03 5.665423772537899264e-03
5.452523818731133155e-03 5.647650883703973432e-03
5.534442325885704367e-03 5.625713685359470632e-03
5.601490943104574238e-03 5.600086443189046873e-03
5.652745456196986255e-03 5.571312484956713815e-03
5.687209958395716448e-03 5.540012756505476726e-03
5.703809383792989365e-03 5.506895442931005608e-03
5.701380989833364395e-03 5.472766767355578821e-03
5.678664524164205897e-03 5.438543089371401448e-03
5.634290720725384019e-03 5.405264429453401562e-03
5.566767642626261475e-03 5.374109551862094394e-03
5.474464190540141890e-03 5.346412746866266788e-03
5.355589844986204280e-03 5.323682460422564378e-03
5.208169298718383702e-03 5.307621939578576614e-03
5.030010116946552826e-03 5.300152092517820476e-03
4.818660727236148689e-03 5.303436835714971098e-03
4.571354910390574254e-03 5.319911329720407311e-03
4.284937258617840632e-03 5.352313768476059733e-03
3.955761572592388781e-03 5.403721856577503591e-03
3.579550507524221353e-03 5.477595981330533360e-03
3.151199328939233851e-03 5.577832654191068086e-03
2.664498428660610867e-03 5.708834602179844488e-03
2.111736933652929617e-03 5.875608865350719079e-03
1.483130784713053039e-03 6.083913206134601397e-03
7.659894693992927786e-04 6.340487161184847273e-03
-5.651002792838796807e-05 6.653433173289378770e-03
-1.007145934271852028e-03 7.032867030164171446e-03
-2.117390889524863734e-03 7.492057989708538965e-03
-3.431574885708096011e-03 8.049474257434760180e-03
-5.013282343603526689e-03 8.732536951529968478e-03
-6.955274133393776065e-03 9.584677586004269195e-03
-9.394942083721293663e-03 1.067896126828925957e-02
-1.253818120066322109e-02 1.214514114220733784e-02
-1.669487123557440722e-02 1.422493339324595700e-02
-2.232557115517021934e-02 1.738773960550850026e-02
-3.007903277057200411e-02 2.257605883443876763e-02
-4.072129437480721120e-02 3.171909038120529489e-02
-5.459191799111268173e-02 4.873184820761904124e-02
-6.947453936623598780e-02 8.103539172693402515e-02
-7.433808076483194860e-02 1.398937189087997579e-01
-3.708360780716320193e-02 2.310488842198628601e-01
9.710529969484915647e-02 3.167366985094307030e-01
3.285705802150745702e-01 2.689272333412956462e-01
4.588844220712723354e-01 0.000000000000000000e+00
3.053007174553728498e-01 -2.553115872286963461e-01
7.647479092051225058e-02 -2.737319035580983440e-01
-3.209615055922978438e-02 -1.770891641421925566e-01
-4.954746170476793249e-02 -9.661675030288494059e-02
-3.872425698824288887e-02 -5.312322275120556075e-02
-2.576989383993431859e-02 -3.218175406296932411e-02
-1.619625766629731456e-02 -2.186903998404238214e-02
-9.767142804843384138e-03 -1.631468516378170586e-02
-5.453759571328556377e-03 -1.298455879639012593e-02
-2.465433563719016292e-03 -1.079950495348047657e-02
-3.078634444671217614e-04 -9.281507422062495669e-03
1.310422344068675133e-03 -8.202858673064172476e-03
2.558730077500439171e-03 -7.442985730124663038e-03
3.535910779535815854e-03 -6.928764941870377281e-03
4.301094106290990864e-03 -6.609193480542004812e-03
4.891435044640077626e-03 -6.444633620060915766e-03
5.332138092110016818e-03 -6.402311206148018734e-03
5.641968252824224039e-03 -6.454441561031167701e-03
5.836174149082616440e-03 -6.577389481203539147e-03
5.927966945074005824e-03 -6.751185919531480298e-03
5.929223718029184680e-03 -6.959137405834869838e-03
5.850796041770215880e-03 -7.187444738960398379e-03
5.702633022574432262e-03 -7.424819021824309757e-03
5.493828683545925670e-03 -7.662105937077419784e-03
5.232647379779353791e-03 -7.891932239264263724e-03
4.926550761365345796e-03 -8.108384689573392909e-03
4.582234408367924679e-03 -8.306726680187099740e-03
4.205674756989604204e-03 -8.483153906448145931e-03
3.802184079477857574e-03 -8.634587707895267569e-03
3.376470360023085034e-03 -8.758503322599288377e-03
2.932698708827960379e-03 -8.852789709195162463e-03
2.474551377055755723e-03 -8.915637679878463118e-03
2.005283329560843958e-03 -8.945453459968683713e-03
1.527770028203983546e-03 -8.940795301964208491e-03
1.044543065896407896e-03 -8.900331115033105478e-03
5.578071901744486791e-04 -8.822814746591668700e-03
6.942881094537623962e-05 -8.707076492876898374e-03
-4.191189898034696631e-04 -8.552017109688036731e-03
-9.068743765267579110e-04 -8.356578510444034186e-03
-1.393578979753279292e-03 -8.119629132649906419e-03
-1.879894546750426193e-03 -7.839649988707763847e-03
-2.367419065318286751e-03 -7.514131115310729997e-03
-2.858149458670915851e-03 -7.138919371339665261e-03
-3.353505184287104788e-03 -6.708122409511123319e-03
-3.853580919660483731e-03 -6.214650275777766457e-03
-4.356852506033812543e-03 -5.650894160958451484e-03
-4.860095189632978631e-03 -5.009290874556122410e-03
-5.358326311333290806e-03 -4.282814503708227277e-03
-5.844718123121451885e-03 -3.465486477892036968e-03
-6.310484722839990873e-03 -2.552968594365857824e-03
-6.744764229666185690e-03 -1.543278958730887355e-03
-7.134523099375745733e-03 -4.376552533693124115e-04
-7.464514138043521277e-03 7.584225741852010372e-04
-7.717325755041111804e-03 2.034052340364985497e-03
-7.873567402721538128e-03 3.371594395661390263e-03
-7.912244322239197700e-03 4.745271860318296328e-03
-7.811382494104675105e-03 6.119777540306386293e-03
-7.548970322576550006e-03 7.449033734553498626e-03
-7.104284514741845274e-03 8.675322578346337035e-03
-6.459660310688411511e-03 9.729092558607595892e-03
-5.602746039600878594e-03 1.052984793014512949e-02
-4.529243220708576920e-03 1.098863236350806211e-02
-3.246069764974305553e-03 1.101270686231315722e-02
-1.774789233341094851e-03 1.051306106142947325e-02
-1.550196322236958683e-04 9.415333265260804330e-03
1.552628176686697298e-03 7.674471383960997095e-03
3.264719846619096137e-03 5.292943910263441486e-03
4.875100042083522697e-03 2.341392155981983272e-03
6.257899757631365557e-03 -1.020801216196684687e-03
7.274461790400372184e-03 -4.529502679289095814e-03
7.785053563463784423e-03 -7.811207385534302099e-03
7.665820565546715634e-03 -1.039895199405958814e-02
6.830681103540432210e-03 -1.177922745769084505e-02
5.256767592864080609e-03 -1.147905329417937999e-02
3.010668240233496055e-03 -9.196096000542414162e-03
2.712985917235138326e-04 -4.960810634330474825e-03
-2.656032961523696178e-03 7.035874411529017365e-04
-5.340356827464276882e-03 6.687223441317210158e-03
-7.267803723919465803e-03 1.139042112620694894e-02
-7.902928515925257413e-03 1.306216777951260156e-02
