-3.605546575720063474e-03 -2.575390475730820940e-03
-8.879557369401719228e-04 -1.825436991817816620e-03
1.822039249896277840e-03 -7.987612181850811590e-04
2.663204444142564485e-03 -3.784409222968589635e-04
4.196937597958435781e-03 -6.067472109527892368e-04
9.670318530707691998e-03 -1.741710800652668343e-03
2.739952163743273120e-02 -3.627427435384283222e-03
8.156308231210150639e-02 -3.037835385028955781e-03
2.541743994725632616e-01 2.822436596418706478e-02
9.205485878269170641e-01 0.000000000000000000e+00
2.607094485157245844e-01 3.289891598832342390e-02
9.053295630485624912e-02 1.992828624976243634e-02
3.461890403161708291e-02 8.278620673829907226e-03
1.437857718915732178e-02 1.591451470074585831e-03
6.865340024799627787e-03 -1.982830494206578101e-03
4.029652468679872576e-03 -4.277547929640925471e-03
1.689253876331106140e-03 -5.085190367400500497e-03
-9.337570623399978672e-04 -4.346789537539454996e-03
-4.431129542927538661e-03 -2.982044371113730559e-03
-4.406107152157853410e-03 -3.136895805579478780e-05
1.367885478950902917e-04 3.592527494809615897e-03
5.394573935979422169e-03 4.963734886756601336e-03
4.825134097180102527e-03 1.910029591749777371e-04
-3.205132247768960156e-04 -5.536114760305171217e-03
-4.751094160228759057e-03 -3.012296163193824584e-03
-2.174319363032329970e-03 3.855994432569014203e-03
3.318274010352835306e-03 4.141378754203451674e-03
3.232638108809682970e-03 -2.146902987941901909e-03
-2.080755031670092868e-03 -2.490344948812425567e-03
-2.543544173825272765e-03 1.600692342461174349e-03
1.469145447304378693e-03 1.980895908570022481e-03
1.918667524650749480e-03 -1.430471778263123434e-03
-1.444088496895024314e-03 -1.710488755045090061e-03
-1.556071770847363388e-03 1.552861682440069731e-03
1.745802715671921756e-03 1.249213627741345336e-03
8.552822622315125068e-04 -1.763245927414395370e-03
-1.888631789125637655e-03 -5.030233111556376173e-04
9.864598403968357493e-06 1.818034067373273466e-03
1.727980596614331343e-03 -3.768488278824198932e-04
-8.436627366615516519e-04 -1.490908717777345146e-03
-1.147733513741905527e-03 1.132598865559993973e-03
1.387473164233194063e-03 7.453642846782569751e-04
2.587549781185506008e-04 -1.463565029695486309e-03
-1.404847876989763012e-03 1.921803443192454447e-04
6.294199041211401367e-04 1.215786772930418837e-03
8.764941547450400385e-04 -9.432313107998951474e-04
-1.140876805632544053e-03 -4.966918738991460327e-04
-4.902710600245506738e-05 1.185961440975881378e-03
1.078762797796834491e-03 -3.372355815780274011e-04
-6.736387085342890237e-04 -8.562874221015240447e-04
-5.337710153867072579e-04 8.854262395592872592e-04
9.738176412286152130e-04 1.844872036858445554e-04
-1.656677792791145837e-04 -9.341809776564895685e-04
-7.794095993283630926e-04 4.585092814848082919e-04
6.718663317242762160e-04 5.501760954406875650e-04
2.713142043714036823e-04 -7.832635898767793380e-04
-7.934114176056551856e-04 8.011460824823546899e-06
2.643479755411523710e-04 7.145080308340531761e-04
5.618637631227137944e-04 -4.627737383258721565e-04
-5.943837278700528359e-04 -3.679896540208395369e-04
-1.533941084778224842e-04 6.525752551182022448e-04
6.405786255275025629e-04 -5.242928538497427420e-05
-2.333000852919402915e-04 -5.718172070203074355e-04
-4.580067438024795204e-04 3.761929368257063309e-04
4.718370915861604380e-04 3.189020763067335323e-04
1.685652453676231885e-04 -5.202526010710655522e-04
-5.251251697084629785e-04 -2.220617208773702895e-05
1.105724645388225270e-04 4.935208444422893191e-04
4.328702867593605817e-04 -2.211981423281981964e-04
-3.068031904668137855e-04 -3.537189446005703335e-04
-2.632524015373937818e-04 3.658984069127589936e-04
3.997893207627410250e-04 1.700636280954524401e-04
7.947789585126906046e-05 -4.112472015641070950e-04
-4.039260552978193104e-04 3.982033091203148172e-06
7.743561322396099659e-05 3.821083880468978725e-04
3.496320349484971154e-04 -1.393283667700022865e-04
-1.894008536998558661e-04 -3.103918152006105509e-04
-2.673817211871133042e-04 2.278292562113854987e-04
2.557731235382355688e-04 2.235644133844022464e-04
1.806462765029865410e-04 -2.743767234719853400e-04
-2.852144332603034991e-04 -1.403624847784690991e-04
-1.034282143930059659e-04 2.897778232241230529e-04
2.895097490509132782e-04 7.082592215126362058e-05
4.229839644555308318e-05 -2.855842917521410774e-04
-2.793138795389296441e-04 -1.850724805337882633e-05
1.498564055012690339e-06 2.713737030673012010e-04
2.627627563724756546e-04 -1.699411094441861676e-05
-2.928663257157768302e-05 -2.538238951810785956e-04
-2.451867300184700383e-04 3.768178731715673524e-05
4.350755184251233506e-05 2.369998506815678026e-04
2.295373813874428755e-04 -4.602592461946778974e-05
-4.651516123544347837e-05 -2.227643637819116821e-04
-2.167933101859448374e-04 4.423294735823694868e-05
4.027537885118430026e-05 2.114431493876450102e-04
2.066271018224391238e-04 -3.406296597405397404e-05
-2.629430160799108062e-05 -2.021488853856419484e-04
-1.977537017212204666e-04 1.690082185706430083e-05
5.849669171634612496e-06 1.932541842753691778e-04
1.882291112939494691e-04 6.281955278542931107e-06
1.981453524688939639e-05 -1.825353248753302507e-04
-1.756534939035062353e-04 -3.402561989441612645e-05
-4.914637126224389576e-05 1.675177458493664283e-04
1.575372850024082494e-04 6.438374646345365430e-05
7.979199243671449633e-05 -1.457776628909949275e-04
-1.316592656300647184e-04 -9.450115838313227464e-05
-1.083600143377849869e-04 1.154835293437912719e-04
9.674715083921969598e-05 1.204871529980703628e-04
1.305008565521863033e-04 -7.606508690477203189e-05
-5.314008392097701585e-05 -1.376036848515853307e-04
-1.412596333221982571e-04 2.896651440345434872e-05
3.550179025253109486e-06 1.409344470727718723e-04
1.360581170103857462e-04 2.176314803884151541e-05
4.658693215679541439e-05 -1.265689076320800337e-04
-1.120765856072040479e-04 -6.935414950784403942e-05
-8.934922332043426264e-05 9.320627030016517323e-05
6.996406450821948176e-05 1.050771907491815431e-04
1.156679681020794475e-04 -4.375739101765963160e-05
-1.516540472005017216e-05 -1.201120446560241225e-04
-1.177227884989159629e-04 -1.372381139377197221e-05
-4.177456561843809668e-05 1.084412188992857698e-04
9.215093346229317019e-05 6.662453862084496492e-05
8.684239101872279177e-05 -7.006251769775354314e-05
-4.293873456813144114e-05 -1.004736676656031822e-04
-1.063267002863781867e-04 1.322992272275946520e-05
-1.742330037911777772e-05 1.036666137070855098e-04
9.217491397306909126e-05 4.589342121666937536e-05
7.009505689295929601e-05 -7.293586483168614236e-05
-4.696314985637449252e-05 -8.728511501407525141e-05
-9.578558328109794634e-05 1.716551131129697512e-05
-1.419057384666790191e-05 9.449440548241026935e-05
8.309004981813390396e-05 4.323811179477293754e-05
6.724129815510107436e-05 -6.296384789836024739e-05
-3.568638871689547428e-05 -8.299044258386437676e-05
-8.860184038847959145e-05 4.967017597515765385e-06
-2.611686852434236261e-05 8.325539026048035980e-05
6.715389400948086466e-05 5.302833046669764802e-05
7.258052319726529674e-05 -4.271842157587267433e-05
-1.256784694464222992e-05 -8.174759153443074736e-05
-7.909794742962499296e-05 -1.847266709560203368e-05
-4.648941989991911739e-05 6.510254297086827348e-05
4.129104826187120594e-05 6.676423844784321667e-05
7.633672410085790992e-05 -1.184178546940376999e-05
1.924574512219780190e-05 -7.356394971722948783e-05
-5.855388337443655428e-05 -4.627992111838280325e-05
-6.512310954795564710e-05 3.421063829396157614e-05
4.082430123505232473e-06 7.222549546829794807e-05
6.621327169448800462e-05 2.585495792811348003e-05
5.071151343784526867e-05 -4.842342201752612956e-05
-2.161294493197228099e-05 -6.542201598905343597e-05
-6.726703788217202717e-05 -8.474572973285259773e-06
-3.658304166899691901e-05 5.600008650220175623e-05
3.343834020993527022e-05 5.656141941850288788e-05
6.457059624885957126e-05 -4.787236541520518664e-06
2.460689746601710557e-05 -5.893815663759403292e-05
-4.055385798407794550e-05 -4.787246018326317100e-05
-6.029975205364484993e-05 1.397732008316714681e-05
-1.551095552471550931e-05 5.903838932652474033e-05
4.416707098516560708e-05 4.058347406518014500e-05
5.587929513803862680e-05 -1.964205946941827057e-05
9.362836959417820476e-06 -5.764437053462065147e-05
-4.533058959743799184e-05 -3.522108119477008505e-05
-5.210007367944785703e-05 2.244129320276746212e-05
-5.913383700286871164e-06 5.561674552894969566e-05
4.481226403450318176e-05 3.188099681748405136e-05
4.929490132077898418e-05 -2.295240948111779584e-05
4.811899540121052934e-06 -5.340455980751365077e-05
-4.307941738330475616e-05 -3.041738065422504972e-05
-4.748052415329522268e-05 2.160280487840701393e-05
-5.701523868724020191e-06 5.114284301684274053e-05
4.035150315417544259e-05 3.055373806115508338e-05
4.646712192262436819e-05 -1.867483278989662477e-05
8.250194901419226508e-06 -4.874126151219429124e-05
-3.666337448628400795e-05 -3.193301259447698249e-05
-4.592024501076766340e-05 1.435057995026676348e-05
-1.213073982825279594e-05 4.595990420962844816e-05
3.194419543439074819e-05 3.413129957519557176e-05
4.540797893626153525e-05 -8.772876926926517511e-06
1.698775568191476749e-05 -4.247387132474459933e-05
-2.608864278146175286e-05 -3.665544065552843797e-05
-4.443249426325141828e-05 2.113279211427963216e-06
-2.239419153880391753e-05 3.793874390212788084e-05
1.903691278772742397e-05 3.894276782489855228e-05
4.247410466987430354e-05 5.364612079083595948e-06
2.782416358050760223e-05 -3.205896646367425773e-05
-1.084532989307840737e-05 -4.037594391801244316e-05
-3.904494920301802591e-05 -1.325280621955388182e-05
-3.264343153087863629e-05 2.466603456662614291e-05
1.756457088491830757e-06 4.032506190382150331e-05
3.376844849387201084e-05 2.097219580786367234e-05
3.613916158976470880e-05 -1.579630781732812759e-05
7.757877174831567265e-06 -3.822023038328071370e-05
-2.646651573487867587e-05 -2.778159665654252614e-05
-3.758584820499378409e-05 5.759891066580110947e-06
-1.698364213727481071e-05 3.365314148000996984e-05
1.725310813130225777e-05 3.283619126031201308e-05
3.635630295498936483e-05 4.822610968821384976e-06
2.500772178983103888e-05 -2.649175762677099269e-05
-6.600953063549856180e-06 -3.529668927042394231e-05
-3.205717190108936613e-05 -1.503292038014021393e-05
-3.081837638668671257e-05 1.698728691139261886e-05
-4.635112511772272186e-06 3.448455207317649819e-05
2.467409133507938670e-05 2.373928555240658426e-05
3.347172804764698902e-05 -5.837784925081994998e-06
1.527571823748183734e-05 -3.005848206154909452e-05
-1.467986640259092294e-05 -2.975498866898144745e-05
-3.229300897791389569e-05 -5.823122687863029184e-06
-2.395758042911422071e-05 2.217523322918508690e-05
3.074399692037003371e-06 3.206061175306571356e-05
2.708632849821894024e-05 1.653846759415323006e-05
2.936469736176685566e-05 -1.158648582340487569e-05
8.688720984367338939e-06 -3.005225614236652277e-05
-1.828775120761844860e-05 -2.474567744537945076e-05
-3.050513250987231395e-05 -3.747562136710301707e-07
-1.889464594787321921e-05 2.375947870859331816e-05
7.016173461992423639e-06 2.907473386353343189e-05
2.698607901176963960e-05 1.194767979535350036e-05
2.587195536029847373e-05 -1.396605286901292744e-05
5.029804699972333578e-06 -2.866977271674837484e-05
-1.920486203349847841e-05 -2.123195134883877806e-05
-2.835085607369016510e-05 2.179302059068203507e-06
-1.583256910729146117e-05 2.345672473399161730e-05
8.391973487593341855e-06 2.656880291135120244e-05
2.579548125019443910e-05 9.582572208550118611e-06
2.344348035137878262e-05 -1.427021623411673680e-05
3.543621068569792313e-06 -2.693066213496042482e-05
-1.861188422836401285e-05 -1.916179405166758371e-05
-2.641403292550055388e-05 2.781109297571697785e-06
-1.435450189630787493e-05 2.221663812472454165e-05
8.158886590979246944e-06 2.472106187300212649e-05
2.416704727165169537e-05 8.791211714533101078e-06
2.192604658576619267e-05 -1.335908428387963819e-05
3.477561291274273335e-06 -2.518045833209630149e-05
-1.719172407610548923e-05 -1.813447843200807422e-05
-2.476159335131175422e-05 2.186215488603195656e-06
-1.390971407479206222e-05 2.051075795572342145e-05
6.994787901748276931e-06 2.336468599225138509e-05
2.235767667250927805e-05 8.950318517729363797e-06
2.098444350229610391e-05 -1.178690597518248725e-05
4.208822704558173145e-06 -2.347587865694464212e-05
-1.535208756680418488e-05 -1.770023124506900196e-05
-2.328756603769723937e-05 9.697616243753162072e-07
-1.399442020749783635e-05 1.859303523104434907e-05
5.394183090339408032e-06 2.226284717024064748e-05
2.048351068721451529e-05 9.542952776686683419e-06
2.029634803890629894e-05 -9.948544812833165374e-06
5.243669130373538052e-06 -2.180836056041017776e-05
-1.338698423193673710e-05 -1.748146444901423898e-05
-2.188878579402985569e-05 -4.195914822475161460e-07
-1.421056854375526696e-05 1.665740623779656549e-05
3.746676786455005265e-06 2.123538326084939686e-05
1.865262954956219385e-05 1.016870876974489399e-05
1.963367153889882270e-05 -8.168972876633161703e-06
6.200314067059870884e-06 -2.020735533577280759e-05
-1.155778736349363271e-05 -1.721330592934206983e-05
-2.053592419723565364e-05 -1.625762829619359292e-06
-1.427876938641094661e-05 1.490145472022866124e-05
2.374384448994582697e-06 2.019838608773086964e-05
1.700886944601547892e-05 1.053857213244078865e-05
1.887698583882152322e-05 -6.732869702660219773e-06
6.794430934630201294e-06 -1.876126734101800819e-05
-1.011123410788513505e-05 -1.674078275036602854e-05
-1.927368411674811749e-05 -2.370637822634420893e-06
-1.402410343693867798e-05 1.353027735530927967e-05
1.539509682169987241e-06 1.914851425900026584e-05
1.571731532530838761e-05 1.045539649717005985e-05
1.798636622662481169e-05 -5.883908111500829400e-06
6.820715573397282415e-06 -1.758807485109849272e-05
-9.264682239897896479e-06 -1.598075103474161927e-05
-1.817712319246400068e-05 -2.440761060355446557e-06
-1.333438277690263893e-05 1.272640513373924432e-05
1.448415326187252179e-06 1.810626963921480105e-05
1.492022896835936468e-05 9.772742172262273300e-06
1.693745804457457706e-05 -5.814136265359652412e-06
6.118099168186616894e-06 -1.677465123789755817e-05
-9.180052081466015209e-06 -1.485326346072512602e-05
-1.727835755291224156e-05 -1.664746072174804485e-06
-1.209268055326118636e-05 1.260402885084182050e-05
2.258838331457235694e-06 1.703226383226083665e-05
1.467353822920709857e-05 8.337080990009007399e-06
1.563276355739521404e-05 -6.647847721159278516e-06
4.525659314486522319e-06 -1.629439122539862815e-05
-9.925212360700119541e-06 -1.319606890839689935e-05
-1.647208638736775299e-05 1.056636575978488630e-07
-1.010320501300662673e-05 1.314226379623928840e-05
4.070618449401090372e-06 1.572641455005031836e-05
1.485774589279761545e-05 5.937127684130253685e-06
1.380577260343895773e-05 -8.395036982870803010e-06
1.863942840664742595e-06 -1.589956408225953104e-05
-1.139389500778303249e-05 -1.068889104700725111e-05
-1.540370683034166091e-05 2.966835110240722322e-06
-7.049397428007199139e-06 1.406963227834141392e-05
6.850473870114699452e-06 1.372777076620013793e-05
1.504535673637063849e-05 2.319244518624264644e-06
1.095508139402608395e-05 -1.081972686057245913e-05
-1.987208023127517627e-06 -1.498673895897627672e-05
-1.313778245512520101e-05 -6.852670280152769408e-06
-1.336588081552623423e-05 6.803611347175906022e-06
-2.574875931595598571e-06 1.467447791067458676e-05
1.020967211796145548e-05 1.028317134749482013e-05
1.433384588298821987e-05 -2.617926422391708145e-06
6.417017518226131487e-06 -1.316642359344935456e-05
-6.793771207892114076e-06 -1.250624061261364164e-05
-1.409708277440147633e-05 -1.277505289704640005e-06
-9.333833227775691427e-06 1.089912911359629300e-05
3.341091428499367329e-06 1.361029594834438503e-05
1.298919039760277816e-05 4.590701967881483453e-06
1.130175469450281498e-05 -8.287177884329545650e-06
-1.789502336949927525e-07 -1.380660910534673672e-05
-1.136219848621199122e-05 -7.189943503921838154e-06
-1.242679506422893698e-05 5.670030453859491279e-06
-2.496441693761568891e-06 1.336127680991096056e-05
9.532775670749781352e-06 9.070273796160615686e-06
1.288875431072710644e-05 -3.292139825463568577e-06
4.602404157264435974e-06 -1.254287843683462299e-05
-7.753542134934936461e-06 -1.031152759703692929e-05
-1.289265911912785610e-05 1.304729089719314290e-06
-6.139440441350637429e-06 1.158767700018182709e-05
6.204747379412190894e-06 1.103598930493909531e-05
1.263222558946787762e-05 2.161037656176025676e-07
7.155826347963527212e-06 -1.068232985077987240e-05
-5.002659144689752907e-06 -1.137325169006640644e-05
-1.226851891156385292e-05 -1.245523710528389327e-06
-7.718018591977098924e-06 9.959700001505523680e-06
4.212532232049500538e-06 1.143434532423750849e-05
1.191711661987244822e-05 1.785605843137989735e-06
7.884830858279474503e-06 -9.502076142683854701e-06
-3.864756727284831853e-06 -1.129484725602916859e-05
-1.164364243074287391e-05 -1.846480780495212914e-06
-7.690777830639933775e-06 9.345216458842460765e-06
3.965989254045144315e-06 1.098334750254622708e-05
1.146048911468445928e-05 1.433413594019938821e-06
7.136255824620870515e-06 -9.480408157277535162e-06
-4.503026170732485909e-06 -1.047606992602274021e-05
-1.132319775567012913e-05 -5.450535170676261838e-07
-6.185726972684435580e-06 9.849392742260405266e-06
5.436748107708276342e-06 9.694517825425375568e-06
1.112549770757529194e-05 -8.173055807367798681e-07
4.777291736761222232e-06 -1.033326632496383630e-05
-6.683384874986801232e-06 -8.512031783553605254e-06
-1.069478303933346042e-05 2.624211482377003083e-06
-2.846182044443897399e-06 1.073546929587063898e-05
8.084602382108218647e-06 6.773085333410136371e-06
9.797233927608921735e-06 -4.776582671470665360e-06
3.702780927472230498e-07 -1.076980692266172343e-05
-9.372389054369774497e-06 -4.339189472000059110e-06
-8.165856218646793755e-06 7.047508757044377934e-06
2.557985245300911056e-06 1.006938832323610852e-05
1.014366875846372294e-05 1.170931323569268290e-06
5.573001347886949121e-06 -9.026221539460312822e-06
-5.639740818568340497e-06 -8.247583859333887287e-06
-9.879838041216811714e-06 2.548130998948917678e-06
-1.964798465504346348e-06 1.009727961216854773e-05
8.289192105150498940e-06 5.041872367823716022e-06
8.059922515335587832e-06 -6.274289196261124579e-06
-2.346154290626711709e-06 -9.524991961759199258e-06
-9.635365441185264317e-06 -5.593721163391885849e-07
-4.414485381083301514e-06 9.029971477262832335e-06
6.495991261632779032e-06 6.720874556848254288e-06
8.721701051349586134e-06 -4.433146960272078046e-06
-6.875099221202422313e-07 -9.548727229455414187e-06
-9.057721599702960911e-06 -1.729738591052970953e-06
-5.006863893187799561e-06 8.359767035208585196e-06
5.879115553917298725e-06 6.811439209972602989e-06
8.456679707481481521e-06 -4.214047834237816672e-06
-8.876557501196762106e-07 -9.173756163917263476e-06
-8.853067718817588379e-06 -9.978239279426664364e-07
-3.986444538485533742e-06 8.523105432363902280e-06
6.617447467947171594e-06 5.500942744482220275e-06
7.347716773352817744e-06 -5.604314480411166601e-06
-2.870792915582880143e-06 -8.211679530979906739e-06
-8.631963771406308660e-06 1.618524771498422150e-06
-1.159962358823093198e-06 8.857612229241129854e-06
8.002374094437318105e-06 2.303752469626044727e-06
4.548564434614125467e-06 -7.779737891949846382e-06
-6.046461302601583192e-06 -5.406595902591798836e-06
-6.824433545286421934e-06 5.615734590189663152e-06
3.460359204591371479e-06 7.376303168637111561e-06
7.927663070279044420e-06 -3.022982683199032069e-06
-8.305254067410610499e-07 -8.254762626615040673e-06
-8.067109417254988239e-06 5.106614359152093707e-07
-1.462319397303142839e-06 8.291462262328539356e-06
7.567653551600117068e-06 1.615151954989698496e-06
3.242496755927139459e-06 -7.807563051941535901e-06
-6.756134723277719506e-06 -3.230598632199520461e-06
-4.487616332459950307e-06 7.103204203033849261e-06
5.898796718429438418e-06 4.335767927486756242e-06
5.261657720031692481e-06 -6.412708396842527572e-06
-5.182243100325395519e-06 -4.992674778922545358e-06
-5.656876355493632049e-06 5.894106241061930932e-06
4.718956572165053327e-06 5.273675839551325413e-06
5.751440180315597026e-06 -5.636971994713550969e-06
-4.562807936346410803e-06 -5.227227909458420188e-06
-5.584874641488074262e-06 5.672709388127735621e-06
4.720661717219519078e-06 4.857997876864942859e-06
5.145633615554297498e-06 -5.978223875654114517e-06
-5.153523090787139656e-06 -4.122996859520410156e-06
-4.373059082858003840e-06 6.465902241206015544e-06
5.761615141938668996e-06 2.944616411725469390e-06
3.174558631545083095e-06 -6.961951486109118164e-06
-6.360101222577206242e-06 -1.249927456159436329e-06
-1.470426051504688158e-06 7.182619740404314754e-06
6.653835450951743361e-06 -9.524228260605115924e-07
-7.239000078400954191e-07 -6.735695757338704240e-06
-6.246175399779520005e-06 3.453472275240700890e-06
3.175557007187475639e-06 5.198194125607280506e-06
4.730648393739292652e-06 -5.713848216660977742e-06
-5.314787513861160019e-06 -2.329900710182752606e-06
-1.924828087846797585e-06 6.824101598903287470e-06
6.227708975535497352e-06 -1.558363434330453072e-06
-1.760944933448666356e-06 -5.746857752054368546e-06
-4.961262818542884435e-06 5.232018314328388102e-06
5.009681339063393471e-06 2.031786024916019851e-06
1.279182471782542837e-06 -6.603086833722821841e-06
-5.818861437302920236e-06 3.125815272824963209e-06
3.371718043895754879e-06 3.892485344869950047e-06
2.811035021107723263e-06 -6.422408617738959948e-06
-5.739319566972018884e-06 2.062251176647066744e-06
2.612434708144743828e-06 4.283393256415076249e-06
2.985753769953430210e-06 -6.337814017425665435e-06
-5.568441961060274843e-06 2.550517271213630654e-06
3.097802358960905187e-06 3.331470854409379640e-06
1.866877663045340659e-06 -6.361748917929665990e-06
-5.151755930377062191e-06 4.518945447536276309e-06
4.516423653819914984e-06 4.164083900634377823e-07
-8.508916926536440109e-07 -4.935868916264694346e-06
-3.159808669667390188e-06 6.450659951665423168e-06
5.168713332738228847e-06 -4.563569595067062723e-06
-4.436007096472267326e-06 6.501805372468274705e-07
1.750269614631660518e-06 3.382683117717657436e-06
1.446199325876500594e-06 -6.151636373836418160e-06
-3.941147702155231366e-06 7.192707909583683174e-06
5.180067613932877942e-06 -6.783808813261495857e-06
-5.227788848424080114e-06 5.535703627476364473e-06
4.488414311481301924e-06 -4.038066318134388909e-06
-3.420683827664701920e-06 2.682589205739260780e-06
2.367147749561891645e-06 -1.642306367394983583e-06
-1.508560380054819448e-06 9.341832614903953780e-07
8.938552247329491744e-07 -4.966511373348332213e-07
-4.959164536891919117e-07 2.478969227284880868e-07
2.588019749845855676e-07 -1.165278578896446275e-07
-1.276746980266393977e-07 5.176591142881033347e-08
5.959626406872351313e-08 -2.171518509306631469e-08
-2.652707275510961617e-08 8.651548531186486196e-09
1.125922762099844624e-08 -3.235447508505950412e-09
-4.577880348673323503e-09 1.153039195875629422e-09
1.748021114040726741e-09 -3.568821541628259046e-10
-7.086606447276592517e-10 1.075591064797058984e-10
1.985166048213050525e-10 -2.586288783867665981e-11
-1.249602870547998544e-10 1.352718606100866887e-11
-1.184279498611680005e-11 2.777000723218926091e-11
-5.249752532320318124e-11 -1.057061128901316039e-11
-3.542346606611387380e-11 1.668475509319839037e-11
-3.577519697613153980e-11 1.452412715125338361e-11
-1.186901888291901360e-11 -2.345429755583434693e-12
-1.149440688507788623e-11 1.147118486545587699e-11
-4.480066119295807912e-11 2.116118201506899969e-12
-9.480553313813693273e-11 2.216244770903166060e-11
1.002109268576995902e-11 -2.293175191223763491e-11
-8.082233423696098421e-11 1.166165395855259027e-11
-3.356504383536470021e-11 8.949451512168378187e-12
-1.806943277953165574e-11 -1.049862595291638615e-11
-2.411752349163443652e-11 5.354218880039006109e-12
1.988381076485804868e-12 -1.811556044194175093e-11
-2.964631433914310826e-11 -6.556740940091683607e-13
2.283135733896792635e-12 -1.313428291763601220e-11
-8.564051063442692925e-12 -1.251323276031360368e-11
-2.523614769526291510e-11 -3.033632562051101980e-12
7.915762121997551474e-12 -2.378227611274103035e-11
-4.307990547099956005e-11 8.039580114990779789e-12
1.189714253358105997e-11 -5.937720140709117006e-12
-2.025835585133428327e-11 -1.538161315162509176e-11
3.383343631455537294e-12 2.394366724840133364e-12
-1.403577441297669413e-11 -7.237991926051697787e-12
3.448141042932590745e-12 -8.406363232979741880e-12
-7.669434394450956485e-13 -2.202922578065898836e-12
-4.849733735760384153e-12 -1.737256252997845183e-12
-4.306919917200823335e-12 -1.976763167198068778e-12
1.424419053637981289e-12 -4.341601477579069221e-12
3.890467182905689914e-13 -2.932479350911753034e-12
9.323594361317087247e-14 -2.322062027305339706e-12
-3.466748126599232216e-12 -1.862876609752543323e-12
3.105741929876955466e-12 -4.252263009160895242e-12
4.429090621939870789e-12 -1.720664734211683394e-12
-4.832884399079492994e-12 -1.950288541785004112e-12
4.573692320028154795e-12 2.129671406223462321e-12
2.314305980029488911e-12 4.256130054026452274e-12
9.354020855372570236e-12 1.614755860548786668e-12
7.918351431509185310e-12 -8.642284894756958710e-12
3.737373231484498741e-12 7.746818520559242370e-13
1.581011483696156069e-11 -1.972741370668347472e-12
9.635671108280189918e-12 -5.548601486370641238e-12
2.317323101558709417e-12 2.856017066644620874e-12
9.102512797612116329e-12 -1.274415739231097675e-12
1.721222499996915480e-11 -3.613192727817636300e-12
1.117214422611467566e-11 1.965443659717459989e-12
4.596573089135705472e-12 4.050140590977652161e-12
1.022536614781439846e-11 -1.897786189467666338e-12
2.126965851716022734e-12 7.228691680670626957e-13
7.402113638691948613e-12 4.129696419954629241e-12
4.225603455208740627e-12 2.754695217170688282e-12
1.564749039053683511e-12 3.858185316150186345e-12
3.335468740553647295e-12 6.027711759568591642e-12
5.512523526884369979e-12 6.845913815620716209e-12
4.584038281615667893e-12 4.465479603274462151e-12
6.451704109189230213e-13 3.112666218743540824e-12
1.907555110216739179e-12 2.892749842858195779e-12
2.001891057752669376e-12 4.216447749225715917e-12
4.172113491727670911e-12 -3.695301220523604796e-13
-1.869368309457325952e-12 2.625550987617083235e-12
-3.035825132738742356e-12 -3.303740046623492608e-12
-1.884566539986504857e-12 -6.009159706697900980e-13
-2.584283788018571699e-12 -9.197608457799197954e-13
-5.057391175660685869e-12 3.160414850194711201e-13
-2.966026733359171183e-12 1.685751909333538332e-12
-5.579794276676426955e-12 -4.664503564088325518e-12
-9.000732755895851925e-13 5.385907386632397524e-12
-1.772557368969009363e-12 -2.566811446981853492e-12
4.076951372895372113e-12 2.398228065217966519e-12
-6.987956632363043728e-13 -6.015566986702956814e-13
2.583424880759324885e-12 3.126214640795730015e-12
4.075284891641242955e-12 -1.323595597348608881e-12
-7.799504669552456582e-13 -5.025925811424249774e-13
1.978214263423161782e-12 -1.521151370204000166e-14
3.080981495675022879e-12 5.351577166165714782e-12
2.020494451830060113e-13 -1.241046141583785877e-12
-1.911949791384111410e-12 -3.836841471478460780e-12
4.728505591725327720e-13 3.397107777414679330e-12
5.465511686864297934e-12 -1.835765511830105879e-12
-1.234967219374959537e-12 -1.724621585668705613e-12
-1.818650957026291311e-12 1.616294022107257989e-12
4.914494354821441598e-13 -4.284749794950286704e-12
4.164021924826860922e-12 8.803780582569765867e-12
-6.006917847924353413e-12 -1.108871126209591524e-11
-4.137933330888989405e-12 3.851196989170709216e-12
-6.516417853633570763e-12 -7.806761988982144972e-12
-5.427097571858335703e-12 4.237995775827789992e-13
-4.546488843565839108e-12 1.688765515237749236e-12
-2.735458401649060508e-12 2.219213442985113157e-12
-1.065929976374888873e-11 -7.765145492187326082e-12
2.283083043531762796e-12 8.855974705512210599e-12
-7.038405378845999130e-12 -6.575412884740562029e-12
-2.207603101075314376e-12 -6.688003611745993209e-12
-4.686664150186252677e-12 2.049130806889050777e-12
-7.998494997959108178e-12 -2.745254033741383939e-12
-5.453456979253266521e-12 -1.640545575853094410e-12
-7.431700094375775646e-12 -1.058677670089329161e-12
-4.077775747117428227e-12 3.177478040132574986e-12
-8.084102199846526405e-12 -4.223706975812596156e-13
-6.035441309172719229e-12 1.902319193548672857e-12
-6.320681046100028683e-12 5.001139573904091500e-12
-2.084282749797377558e-12 3.799458190792700887e-12
-1.196419537405497039e-12 5.860213183522768949e-12
-7.223314054851293690e-14 3.143662573063271129e-12
1.421393976327735488e-12 -1.536606107230467143e-12
3.192965065862243875e-12 -2.539453161486569915e-13
-2.146283919656466419e-12 -1.162942790021008495e-12
-3.816254851103114810e-12 -3.820287736794932307e-12
6.396837930111347366e-12 4.530078332762925523e-12
4.212900451619955489e-12 -4.316319371251483200e-12
1.278795276411192200e-11 7.942689923914362516e-12
1.543611536573091902e-11 2.350517187865455864e-12
1.439883560031447399e-11 9.800208488240401608e-12
1.434276983464573473e-11 1.769170815525829799e-12
9.579572703604578144e-12 1.011774999455089418e-12
4.705777089112549530e-12 1.072652005910650391e-12
1.859854093760113310e-12 2.174948270108369655e-15
4.880373794367166102e-12 3.726245310585437886e-12
4.236808913459225554e-12 -2.693614042164400972e-12
-1.703073652109746386e-12 6.512101918975075306e-12
-5.478501641901387516e-12 2.445145709111165315e-12
-2.963534920808039306e-12 7.787376873395352105e-12
-1.279944107676470911e-11 -8.586271253928156975e-12
-8.782138541114425405e-12 -6.607824646778670987e-12
-1.142110700293454144e-11 7.038040407505668450e-12
-7.930939598560238730e-12 2.346699722101328842e-12
-6.169214676232803243e-12 -3.872534775444461540e-12
-3.607450650834628786e-12 -1.239103632603256291e-12
-1.594953354066732608e-13 -2.346642453080778440e-12
2.764781584156266127e-12 -5.391527114518607561e-12
3.905227919752021190e-12 -7.641597862984771511e-12
1.320676443196253420e-13 -1.690634100164341947e-12
9.851552060104015559e-12 1.007235611741201647e-11
1.224344384164417565e-11 -6.886128142834546333e-12
8.616179690914496927e-12 2.818855900168847862e-12
3.885486025318097761e-12 7.211416250668303207e-12
1.683366040832821416e-12 3.281906594652511351e-12
-4.588194771246656249e-12 2.625912116470038076e-12
-7.347264180910033340e-12 2.052477461746117671e-12
-1.000331134270316162e-11 -5.849145437438923701e-12
-1.909267361643751839e-12 -1.533784936450808207e-12
-5.154064474343780930e-12 9.800876486666510650e-12
5.463185164400092334e-12 -5.704457367960599898e-12
5.650178211366409798e-12 8.854469934020032885e-12
-5.173130174948606246e-13 1.822773804943615941e-12
-2.017189138621427212e-11 6.557475887196055647e-12
-7.275412761585257770e-12 5.158964077159441818e-12
5.025662848157726850e-13 2.201897353047449924e-12
-6.684796239741775580e-12 -2.142339563031575511e-12
-1.170481885690300835e-12 1.723634565504779423e-12
-4.997733511756639642e-11 -1.432069170713500209e-11
