1.768835125385314067e-01 -1.126536605971459049e-01
1.658913846139633275e-01 -8.659475769122373934e-02
1.743004748609452426e-01 -6.888923196009985594e-02
2.067952638320925129e-01 -5.648543710926820505e-02
2.691211811468420256e-01 -4.234781916299824867e-02
3.804362375345877179e-01 -1.140007844090523692e-02
6.776497490013615455e-01 0.000000000000000000e+00
2.896461486538595698e-01 -2.781919043872482789e-03
1.648812463614970913e-01 1.231130328503826643e-02
9.878162194940265373e-02 1.484889689823302994e-02
5.896037938210160062e-02 1.498686865791333533e-02
3.413279482631076389e-02 1.541992037935201003e-02
1.878076076562424160e-02 1.666562044806808862e-02
9.833869218121356337e-03 1.858906263245597990e-02
5.539898759250758316e-03 2.086038522043175136e-02
4.717751314922635775e-03 2.295385313673411337e-02
6.466021415663117389e-03 2.433850484735678929e-02
9.985973183483461482e-03 2.453186891675683198e-02
1.448628092817392903e-02 2.315999484637259326e-02
1.915454655762342806e-02 2.001890334880871911e-02
2.318135932831264304e-02 1.512595112959065277e-02
2.582246492257695564e-02 8.748412165994793113e-03
2.648226126589307838e-02 1.398752127404099058e-03
2.479955180002979889e-02 -6.209071017139957890e-03
2.071590194271799926e-02 -1.324105927316140789e-02
1.450922622068618294e-02 -1.885365930064076406e-02
6.780630707883291211e-03 -2.231794959738446840e-02
-1.609512581612779214e-03 -2.313789613358649411e-02
-9.651032669688957427e-03 -2.114214572857901070e-02
-1.632484938913753708e-02 -1.653176530507331765e-02
-2.075435563863017516e-02 -9.872771738136153566e-03
-2.234303990667147605e-02 -2.031190493412345262e-03
-2.087504283937275523e-02 5.941838615359504305e-03
-1.656053322841818595e-02 1.295851645668121173e-02
-1.001639762638217857e-02 1.805369969590678650e-02
-2.183278384173334939e-03 2.052982600443270522e-02
5.809382776324496962e-03 2.006393751115884833e-02
1.280981583420967747e-02 1.675905079720976798e-02
1.781594991070994949e-02 1.113093538928432331e-02
2.012585743549019299e-02 4.031723531527679587e-03
1.944278293755578521e-02 -3.478072488256059303e-03
1.591814081590519139e-02 -1.028930698942293054e-02
1.012575988713999148e-02 -1.541087557161763613e-02
2.971567795985836750e-03 -1.811749554480933042e-02
-4.446942342220138247e-03 -1.805590345804321262e-02
-1.100935847199871476e-02 -1.529346276552282988e-02
-1.574282565593565844e-02 -1.030227866310618259e-02
-1.796806620244305319e-02 -3.881963899350890194e-03
-1.739875313424150624e-02 2.966397689067798438e-03
-1.417951895569100236e-02 9.195226340059342585e-03
-8.857509836554040838e-03 1.387034689352199292e-02
-2.292657567409721667e-03 1.631138648670742847e-02
4.478841420868203034e-03 1.619154826528134555e-02
1.040637712034698029e-02 1.358209663595861920e-02
1.458702813891761367e-02 8.935467064887734831e-03
1.640306869500044590e-02 3.010291177514771120e-03
1.561402561437321389e-02 -3.249605584085019094e-03
1.238953694114059735e-02 -8.863317046111613556e-03
7.278391675841811709e-03 -1.296520709208163341e-02
1.118902271693766187e-03 -1.493813123777886290e-02
-5.095281632070263432e-03 -1.450718031805929217e-02
-1.037300027805411126e-02 -1.177966697218744453e-02
-1.388248704468813231e-02 -7.225293800840976687e-03
-1.508285430474241157e-02 -1.599594846800211738e-03
-1.380947122768385465e-02 4.177525252797645305e-03
-1.029954540293383930e-02 9.169321709024893727e-03
-5.153412983596974278e-03 1.257276133133890424e-02
7.629250816557492376e-04 1.384830205040850706e-02
6.459115321865048151e-03 1.280801357849077962e-02
1.098345167833303555e-02 9.647358817473413589e-03
1.358143725916949839e-02 4.914607485362049687e-03
1.382383380227843184e-02 -5.782990635463027690e-04
1.168234046733703305e-02 -5.890050928953962338e-03
7.538939833373463698e-03 -1.010828957252426358e-02
2.125447314724819917e-03 -1.250612375742167666e-02
-3.598647988950828304e-03 -1.267035417470422330e-02
-8.611172871065954013e-03 -1.057858733476932378e-02
-1.200800444655265517e-02 -6.610087514262876808e-03
-1.316838022557795251e-02 -1.485881477226245161e-03
-1.187464465611322295e-02 3.854277783801954467e-03
-8.362660514199019360e-03 8.418908852413352698e-03
-3.290158756478463696e-03 1.134756357527544161e-02
2.375509210980951934e-03 1.207649264711470674e-02
7.533665748472579207e-03 1.045528121983116052e-02
1.116077632655701653e-02 6.789415399581599612e-03
1.251633108725085791e-02 1.795951839015179005e-03
1.130308958837746881e-02 -3.524720827192758584e-03
7.746174373852105291e-03 -8.081230628195670840e-03
2.568726712298418074e-03 -1.091324280902114009e-02
-3.138909217842350552e-03 -1.139943593315491908e-02
-8.137371484914121891e-03 -9.406400529821740825e-03
-1.130395627848084124e-02 -5.341448299066276460e-03
-1.189115228434414057e-02 -8.931918848017333934e-05
-9.718836895582737972e-03 5.163602967355657158e-03
-5.249212445628097419e-03 9.187944830582975633e-03
4.851126182408606324e-04 1.100041144675089830e-02
6.097924913884236742e-03 1.011704624887547858e-02
1.017315888558356814e-02 6.704670162787843349e-03
1.162548859808123364e-02 1.581151850533967299e-03
1.000821531703385663e-02 -3.952860926077866183e-03
5.679866996779105864e-03 -8.426206695168523761e-03
-2.338308485076486670e-04 -1.058635100408878219e-02
-6.098368874865367495e-03 -9.766669770828450073e-03
-1.020392371032069652e-02 -6.123842832600275184e-03
-1.126906022919937043e-02 -6.579768244952613476e-04
-8.870489497680905666e-03 5.020777895403534009e-03
-3.652680959078472619e-03 9.142557544151785204e-03
2.783804637602926152e-03 1.033231357109455628e-02
8.327580635064644327e-03 8.100713893385024650e-03
1.103465067426716122e-02 3.093915921463238645e-03
9.836016945290015911e-03 -3.024299098335721334e-03
5.019266100246101009e-03 -8.075416482312179969e-03
-1.737884474404349875e-03 -1.012981722676787114e-02
-7.874385095897325909e-03 -8.279323396128353968e-03
-1.088464018115939055e-02 -3.109594805105788708e-03
-9.373983257364375266e-03 3.378642372414479740e-03
-3.792386001563204448e-03 8.467847829061191794e-03
3.548184076718136418e-03 9.847033669540853143e-03
9.323611012196810280e-03 6.722228600235829153e-03
1.067740830151605799e-02 3.773939438910366845e-04
6.712942142665682607e-03 -6.205991665088654401e-03
-7.840371890840166884e-04 -9.668688570474252841e-03
-7.955367928521297691e-03 -8.019921574076372545e-03
-1.076220696024145565e-02 -1.922237301064725051e-03
-7.328453221978479398e-03 5.337714068033314573e-03
6.067193003493225913e-04 9.470881599701200595e-03
8.273492464534263832e-03 7.737190301389442609e-03
1.059230647763428901e-02 9.561841305711659723e-04
5.648442914994371983e-03 -6.540680092504938710e-03
-3.436875117084584041e-03 -9.482301564358423113e-03
-1.008275248759564827e-02 -5.441503938928206330e-03
-8.907872850331927106e-03 2.846171819177321233e-03
-3.826814922203874460e-04 8.915878119162067711e-03
8.615755577610399729e-03 7.500507854470100585e-03
9.985565251349366733e-03 -5.776316813243115300e-04
1.919684547319524181e-03 -8.197150284515558952e-03
-8.195707487176481440e-03 -7.900197217298463373e-03
-9.931384410208743407e-03 4.799799828312800720e-04
-7.979256916697168370e-04 8.417985481757506508e-03
9.420310928374857340e-03 6.918236315071071146e-03
8.376416162596647327e-03 -2.807304966458350030e-03
-3.406609285767526075e-03 -9.094984788797316061e-03
-1.080680369692767900e-02 -3.456716352108204007e-03
-2.962239968202474115e-03 7.005595515320544794e-03
9.473136999038367714e-03 7.276177204742631695e-03
7.098926338793152581e-03 -3.673438402512754688e-03
-7.225390702325413042e-03 -8.667830223752642782e-03
-8.978764998196754610e-03 1.238759270128020947e-03
6.105587065045586098e-03 8.886145369176201569e-03
9.293824354626931128e-03 -5.640446243454842572e-04
-7.075682244756281020e-03 -8.821641778185103019e-03
-7.868758548363760652e-03 1.965729684244129066e-03
1.002875064058287961e-02 8.163762201274488151e-03
2.868157532615099245e-03 -5.428662141828841971e-03
-1.209597801917688085e-02 -4.900280035364420507e-03
7.296297092224868566e-03 8.900388717674595496e-03
4.736590608402068033e-03 -3.243942503156750298e-03
-1.320616737828114728e-02 -5.106965577961637519e-03
1.431106348447856030e-02 9.579270684890926063e-03
-1.070546998669922624e-02 -9.179183184232038092e-03
6.251988425175703662e-03 6.355205898128821369e-03
-3.003246621970756362e-03 -3.500712934815919559e-03
1.221084199159984396e-03 1.603779873826290244e-03
-4.277844117640232239e-04 -6.267527427514462367e-04
1.307214397046443152e-04 2.123761523634834980e-04
-3.513060163951693075e-05 -6.311039083112160008e-05
8.367560041139683716e-06 1.658483594198612661e-05
-1.764796823193845227e-06 -3.878056978562233135e-06
3.391767323112693095e-07 8.113458768138778988e-07
-5.222597748561246880e-08 -1.520546760549089737e-07
1.248453691603142887e-08 2.596392501121837501e-08
2.390546849624975346e-09 -3.739644621967151743e-09
3.365980614104947090e-09 7.174784401691047376e-10
2.906605847433146141e-09 8.979882568454456334e-11
2.648318472707626243e-09 1.505831227444059324e-10
2.395817541392046853e-09 1.284163505248340341e-10
2.167512309356124520e-09 1.168876505457399283e-10
1.959627934116527459e-09 1.055221331175284820e-10
1.770584325105003169e-09 9.527109308571798869e-11
1.598781116212160435e-09 8.596562631660064913e-11
1.442723453679800244e-09 7.751864244522695215e-11
1.301115592660871235e-09 6.986430553022096515e-11
1.172647199820880672e-09 6.293009839352890275e-11
1.056184590550548815e-09 5.665303030735607917e-11
9.507173084273071558e-10 5.095535948141468385e-11
8.552089514768493649e-10 4.580835750778536564e-11
7.688269007505885119e-10 4.114603411443953908e-11
6.907182559840052174e-10 3.695470141666814700e-11
6.201660644921272201e-10 3.315269474413806472e-11
5.564231093173774987e-10 2.971855960534282169e-11
4.989122096863580389e-10 2.664114529447232350e-11
4.470381026192700496e-10 2.384983452908355900e-11
4.002307472643360292e-10 2.134768495639947534e-11
3.580194025791258186e-10 1.908593812630179718e-11
3.199517548618144923e-10 1.703939007057378017e-11
2.854413890168277932e-10 1.519487952614589042e-11
2.540075525862755997e-10 1.354911620084676936e-11
2.076000925529147285e-10 1.067540071178082900e-11
1.457921029318516607e-09 7.743399709536380269e-11
-1.151043661218380931e-07 -3.258175882201008767e-09
