7.274453217201314395e-03 -9.130363412364898151e-03
7.253664152694094293e-03 -9.100062776382689816e-03
7.190319487337600533e-03 -9.019985965008307099e-03
7.084653483396759037e-03 -8.890477780386759482e-03
6.938064234850747219e-03 -8.713369073548672683e-03
6.755188601760088452e-03 -8.494324703009023536e-03
6.539488073012748176e-03 -8.237472956304236343e-03
6.294012604236449808e-03 -7.946389740584414857e-03
6.021612154041832213e-03 -7.624375766089186088e-03
5.725014965395880916e-03 -7.274561941397034680e-03
5.406859025179084483e-03 -6.899954160337640544e-03
5.069703808704398643e-03 -6.503452398273240620e-03
4.716032925552940056e-03 -6.087857786636332799e-03
4.348252446374044865e-03 -5.655873814557612830e-03
3.968687272973236285e-03 -5.210104696177215826e-03
3.579576794444668149e-03 -4.753052504779461951e-03
3.183070508098094498e-03 -4.287113952667541590e-03
2.781223980675034003e-03 -3.814577308566916361e-03
2.375995353704465126e-03 -3.337619725986524805e-03
1.969242495732393024e-03 -2.858305127790367918e-03
1.562720842774563759e-03 -2.378582714688097510e-03
1.158081930324111409e-03 -1.900286117458646271e-03
7.568725965402461420e-04 -1.425133182884982634e-03
3.605348215196943680e-04 -9.547263648066041213e-04
-2.959384135436241340e-05 -4.905536803632622742e-04
-4.122792909891703555e-04 -3.399018499001993008e-05
-7.863894124786845316e-04 4.137000836028309567e-04
-1.150892171322925395e-03 8.513617434083628867e-04
-1.504853319323103773e-03 1.277945338674963240e-03
-1.847433762007431434e-03 1.692504292315339526e-03
-2.177886635366381874e-03 2.094191587456285027e-03
-2.495554137195677216e-03 2.482256222942316910e-03
-2.799864155619867252e-03 2.856039484860442915e-03
-3.090326734497767305e-03 3.214971073242116860e-03
-3.366530412481755306e-03 3.558565120126830003e-03
-3.628138469558275878e-03 3.886416132181800404e-03
-3.874885111984169555e-03 4.198194888117600873e-03
-4.106571623702775023e-03 4.493644318278548246e-03
-4.323062509587003582e-03 4.772575391025875996e-03
-4.524281653222753455e-03 5.034863027880134498e-03
-4.710208509442155578e-03 5.280442066877475554e-03
-4.880874349462209494e-03 5.509303291244219830e-03
-5.036358574254348394e-03 5.721489538272000498e-03
-5.176785109670318553e-03 5.917091901182440494e-03
-5.302318894927782363e-03 6.096246034873653921e-03
-5.413162474258011343e-03 6.259128574665303278e-03
-5.509552699849049398e-03 6.405953675511649910e-03
-5.591757552691422294e-03 6.536969677656056382e-03
-5.660073086547024596e-03 6.652455903350065584e-03
-5.714820498989742550e-03 6.752719588020043157e-03
-5.756343332305680939e-03 6.838092948134108159e-03
-5.785004806015366270e-03 6.908930387034601175e-03
-5.801185281845681711e-03 6.965605839102695027e-03
-5.805279861146317444e-03 7.008510251817642173e-03
-5.797696114014159845e-03 7.038049204577265065e-03
-5.778851938742448138e-03 7.054640662533090065e-03
-5.749173549642275921e-03 7.058712863153205133e-03
-5.709093590797795388e-03 7.050702332766706389e-03
-5.659049372895323324e-03 7.031052029954747325e-03
-5.599481229914773754e-03 7.000209612324210726e-03
-5.530830992169174544e-03 6.958625822923317564e-03
-5.453540571942873047e-03 6.906752992343493346e-03
-5.368050657780667687e-03 6.845043652377476133e-03
-5.274799513333668262e-03 6.773949256974427444e-03
-5.174221876556971654e-03 6.693919006141664865e-03
-5.066747954981075906e-03 6.605398768382930372e-03
-4.952802512738350982e-03 6.508830097241216986e-03
-4.832804045014662576e-03 6.404649337510293257e-03
-4.707164035605436794e-03 6.293286816705953232e-03
-4.576286293289296217e-03 6.175166117430882021e-03
-4.440566362791189409e-03 6.050703426330542208e-03
-4.300391006175256249e-03 5.920306955422493037e-03
-4.156137750591329394e-03 5.784376431664307525e-03
-4.008174498395026403e-03 5.643302650733018032e-03
-3.856859195769801220e-03 5.497467091100531437e-03
-3.702539556097293565e-03 5.347241584612433957e-03
-3.545552834445264180e-03 5.192988039904259528e-03
-3.386225649661352144e-03 5.035058215112039534e-03
-3.224873850697184633e-03 4.873793536473125868e-03
-3.061802423930021048e-03 4.709524959556350698e-03
-2.897305438372179895e-03 4.542572869987394554e-03
-2.731666025793800037e-03 4.373247020671170750e-03
-2.565156392938665840e-03 4.201846502666672575e-03
-2.398037863134088073e-03 4.028659746995035679e-03
-2.230560944723581837e-03 3.853964554784262454e-03
-2.062965423898398959e-03 3.678028153308201056e-03
-1.895480479631721444e-03 3.501107275598579378e-03
-1.728324818535032989e-03 3.323448261429560839e-03
-1.561706827586250776e-03 3.145287177599926168e-03
-1.395824742805884880e-03 2.966849955567527151e-03
-1.230866832063594839e-03 2.788352544594548295e-03
-1.067011590311138167e-03 2.610001078674425729e-03
-9.044279456547625780e-04 2.431992055629968522e-03
-7.432754747751731160e-04 2.254512526864868756e-03
-5.837046263083062094e-04 2.077740296355884506e-03
-4.258569508990005551e-04 1.901844127571611451e-03
-2.698653367185122227e-04 1.726983957081334835e-03
-1.158542493401327209e-04 1.553311113720104875e-03
3.606002505205057988e-05 1.380968542257735238e-03
1.857691340758819780e-04 1.210091030588860599e-03
3.331724120591782971e-04 1.040805439539510373e-03
4.781766322450089210e-04 8.732309344593102915e-04
6.206957590210576952e-04 7.074792178444296769e-04
7.606507008488882322e-04 5.436547622845002477e-04
8.979690645067083324e-04 3.818550430875175040e-04
1.032584911190426082e-03 2.221707700113846736e-04
1.164438514972902490e-03 6.468611757001920112e-05
1.293476124076062576e-03 -9.052104657143690211e-05
1.419649725352515723e-03 -2.433789355384489419e-04
1.542916812334564928e-03 -3.938216199142629713e-04
1.663240157169569751e-03 -5.417888074822368614e-04
1.780587586715263321e-03 -6.872256263449588298e-04
1.894931763038333345e-03 -8.300824116948105113e-04
2.006249968528176809e-03 -9.703144964769336821e-04
2.114523895797468418e-03 -1.107882006144438177e-03
2.219739442520037194e-03 -1.242749657685094777e-03
2.321886511332594324e-03 -1.374886563076033359e-03
2.420958814892130734e-03 -1.504266037283284079e-03
2.516953686163053185e-03 -1.630865410908775544e-03
2.609871893993359962e-03 -1.754665847571365827e-03
2.699717464015006022e-03 -1.875652166082803114e-03
2.786497504880675654e-03 -1.993812667456845190e-03
2.870222039841239647e-03 -2.109138966780047496e-03
2.950903843651140647e-03 -2.221625829955928277e-03
3.028558284778077193e-03 -2.331271015324636302e-03
3.103203172876479749e-03 -2.438075120139595806e-03
3.174858611474684709e-03 -2.542041431872324453e-03
3.243546855820393648e-03 -2.643175784314394892e-03
3.309292175819849267e-03 -2.741486418432552072e-03
3.372120723991656709e-03 -2.836983847919050464e-03
3.432060408355043588e-03 -2.929680729374842252e-03
3.489140770167807517e-03 -3.019591737062492925e-03
3.543392866419602973e-03 -3.106733442152781813e-03
3.594849156989936029e-03 -3.191124196393592839e-03
3.643543396362129705e-03 -3.272784020107207502e-03
3.689510529793976930e-03 -3.351734494435410893e-03
3.732786593839995063e-03 -3.427998657741633971e-03
3.773408621118149332e-03 -3.501600906082489532e-03
3.811414549209399694e-03 -3.572566897648573638e-03
3.846843133579792590e-03 -3.640923461079240229e-03
3.879733864415747108e-03 -3.706698507556592699e-03
3.910126887257116615e-03 -3.769920946574988919e-03
3.938062927320426163e-03 -3.830620605292752411e-03
3.963583217399678678e-03 -3.888828151365231103e-03
3.986729429232793893e-03 -3.944575019158257090e-03
4.007543608224231092e-03 -3.997893339243506310e-03
4.026068111413752190e-03 -4.048815871074421674e-03
4.042345548584657874e-03 -4.097375938749605283e-03
4.056418726408272078e-03 -4.143607369768612103e-03
4.068330595511016577e-03 -4.187544436673652608e-03
4.078124200369221027e-03 -4.229221801491046297e-03
4.085842631925782655e-03 -4.268674462876745693e-03
4.091528982832694228e-03 -4.305937705877492007e-03
4.095226305217002268e-03 -4.341047054209184672e-03
4.096977570876941116e-03 -4.374038224965748518e-03
4.096825633818353823e-03 -4.404947085682940980e-03
4.094813195033717573e-03 -4.433809613653807817e-03
4.090982769440249314e-03 -4.460661857425124270e-03
4.085376654886451429e-03 -4.485539900388841802e-03
4.078036903146659183e-03 -4.508479826391671372e-03
4.069005292816285646e-03 -4.529517687277257940e-03
4.058323304033305441e-03 -4.548689472296838648e-03
4.046032094943511140e-03 -4.566031079305371207e-03
4.032172479840201960e-03 -4.581578287681300002e-03
4.016784908895569724e-03 -4.595366732878695265e-03
3.999909449424412025e-03 -4.607431882575781928e-03
3.981585768603616675e-03 -4.617809014329260497e-03
3.961853117584065304e-03 -4.626533194677080393e-03
3.940750316930624782e-03 -4.633639259634995955e-03
3.918315743327661048e-03 -4.639161796516549918e-03
3.894587317491316793e-03 -4.643135127029217497e-03
3.869602493227702368e-03 -4.645593291575786030e-03
3.843398247586406712e-03 -4.646570034721757628e-03
3.816011072050413608e-03 -4.646098791767921607e-03
3.787476964713590820e-03 -4.644212676383155207e-03
3.757831423394438538e-03 -4.640944469234842100e-03
3.727109439639498568e-03 -4.636326607588438405e-03
3.695345493570027784e-03 -4.630391175820142494e-03
3.662573549525493383e-03 -4.623169896797082665e-03
3.628827052462374123e-03 -4.614694124082551439e-03
3.594138925070158690e-03 -4.604994834938756429e-03
3.558541565559886384e-03 -4.594102624066238871e-03
3.522066846091890038e-03 -4.582047698060013989e-03
3.484746111803866883e-03 -4.568859870531976133e-03
3.446610180406891807e-03 -4.554568557879461535e-03
3.407689342314924874e-03 -4.539202775652347033e-03
3.368013361275438381e-03 -4.522791135497545439e-03
3.327611475473106484e-03 -4.505361842645511788e-03
3.286512399073397706e-03 -4.486942693894938744e-03
3.244744324184737141e-03 -4.467561076096941350e-03
3.202334923205637195e-03 -4.447243965091413932e-03
3.159311351535407271e-03 -4.426017925053276139e-03
3.115700250626336418e-03 -4.403909108263215355e-03
3.071527751350684905e-03 -4.380943255260517574e-03
3.026819477659801506e-03 -4.357145695327557453e-03
2.981600550520034122e-03 -4.332541347328562262e-03
2.935895592101345382e-03 -4.307154720849392868e-03
2.889728730200304130e-03 -4.281009917647637247e-03
2.843123602882940103e-03 -4.254130633342847849e-03
2.796103363324799803e-03 -4.226540159395247853e-03
2.748690684837286954e-03 -4.198261385300654236e-03
2.700907766068345699e-03 -4.169316801006878181e-03
2.652776336351426664e-03 -4.139728499535380579e-03
2.604317661198812806e-03 -4.109518179783240750e-03
2.555552547930277536e-03 -4.078707149512342603e-03
2.506501351414179395e-03 -4.047316328479810647e-03
2.457183979917733699e-03 -4.015366251716275675e-03
2.407619901056915444e-03 -3.982877072939528668e-03
2.357828147828930701e-03 -3.949868568100152466e-03
2.307827324727875808e-03 -3.916360139013808084e-03
2.257635613932556726e-03 -3.882370817089944755e-03
2.207270781553819818e-03 -3.847919267151453729e-03
2.156750183942943589e-03 -3.813023791349377540e-03
2.106090774051167479e-03 -3.777702333102678223e-03
2.055309107832693251e-03 -3.741972481132422625e-03
2.004421350689544398e-03 -3.705851473522574907e-03
1.953443283963682015e-03 -3.669356201825751777e-03
1.902390311449479385e-03 -3.632503215192047809e-03
1.851277465947821039e-03 -3.595308724539977678e-03
1.800119415850363674e-03 -3.557788606742372153e-03
1.748930471754016596e-03 -3.519958408805719859e-03
1.697724593103033548e-03 -3.481833352065666701e-03
1.646515394867402102e-03 -3.443428336374001683e-03
1.595316154253274268e-03 -3.404757944283854677e-03
1.544139817442559534e-03 -3.365836445251018869e-03
1.492999006371931473e-03 -3.326677799790889439e-03
1.441906025570128006e-03 -3.287295663593523855e-03
1.390872869036820832e-03 -3.247703391663903354e-03
1.339911227175458837e-03 -3.207914042425683704e-03
1.289032493790282386e-03 -3.167940381788577481e-03
1.238247773170874809e-03 -3.127794887197574668e-03
1.187567887258852593e-03 -3.087489751653717251e-03
1.137003382919114965e-03 -3.047036887713453022e-03
1.086564539320808648e-03 -3.006447931470772241e-03
1.036261375459602771e-03 -2.965734246525286114e-03
9.861036578582395642e-04 -2.924906927896711410e-03
9.361009083929990992e-04 -2.883976806049200810e-03
8.862624123802202150e-04 -2.842954450816536846e-03
8.365972268739782763e-04 -2.801850175408509593e-03
7.871141892405001143e-04 -2.760674040469620130e-03
7.378219260110426350e-04 -2.719435858224364920e-03
6.887288621412729741e-04 -2.678145196684904306e-03
6.398432305992000739e-04 -2.636811384082317355e-03
5.911730824423212663e-04 -2.595443513468786816e-03
5.427262973321897877e-04 -2.554050447638375569e-03
4.945105946975671043e-04 -2.512640824303725116e-03
4.465335454065032066e-04 -2.471223061887306300e-03
3.988025841608787078e-04 -2.429805365813788275e-03
3.513250226439698035e-04 -2.388395735549005139e-03
3.041080634023841283e-04 -2.347001972629281404e-03
2.571588145233732895e-04 -2.305631689902664337e-03
2.104843051959249959e-04 -2.264292322176540001e-03
1.640915020192922373e-04 -2.222991138758833099e-03
1.179873259120976098e-04 -2.181735258294996687e-03
7.217866967368694563e-05 -2.140531666253125791e-03
2.667241556565593408e-05 -2.099387235768095453e-03
-1.852454739258114699e-05 -2.058308752390348387e-03
-6.340530716922060817e-05 -2.017302943293088936e-03
-1.079629146547724612e-04 -1.976376511583223007e-03
-1.521903732704375269e-04 -1.935536176100829953e-03
-1.960806338170394949e-04 -1.894788716636670693e-03
-2.396265966448328771e-04 -1.854141024224435948e-03
-2.828211238995042036e-04 -1.813600155140268969e-03
-3.256570635715218287e-04 -1.773173386401001540e-03
-3.681272873438346470e-04 -1.732868269286433035e-03
-4.102247423975543964e-04 -1.692692676580012266e-03
-4.519425162822927325e-04 -1.652654838573564466e-03
-4.932739111347169553e-04 -1.612763363591858358e-03
-5.342125224819841648e-04 -1.573027239536126890e-03
-5.747523161009741605e-04 -1.533455815911613637e-03
-6.148876968453324647e-04 -1.494058767733427761e-03
-6.546135644497978441e-04 -1.454846045465322136e-03
-6.939253534687638827e-04 -1.415827816143455696e-03
-7.328190568349499459e-04 -1.377014401043179107e-03
-7.712912341949081617e-04 -1.338416215206249997e-03
-8.093390077495865196e-04 -1.300043711719542317e-03
-8.469600486507521640e-04 -1.261907333385903565e-03
-8.841525569448643873e-04 -1.224017472126080405e-03
-9.209152377202948526e-04 -1.186384436681729368e-03
-9.572472755264896903e-04 -1.149018427521948313e-03
-9.931483085546717344e-04 -1.111929518130659687e-03
-1.028618403784874484e-03 -1.075127642056419256e-03
-1.063658033317888690e-03 -1.038622583912415060e-03
-1.098268052806949686e-03 -1.002423974381969540e-03
-1.132449681674442587e-03 -9.665412877657245669e-04
-1.166204485463592181e-03 -9.309838418367745796e-04
-1.199534360115632990e-03 -8.957607992909504858e-04
-1.232441517894492834e-03 -8.608811703430752299e-04
-1.264928475194348947e-03 -8.263538163567761725e-04
-1.296998041822795822e-03 -7.921874540814861400e-04
-1.328653311637604997e-03 -7.583906603294055838e-04
-1.359897654518809045e-03 -7.249718769426888570e-04
-1.390734709487595217e-03 -6.919394160659676253e-04
-1.421168378697850853e-03 -6.593014653652300161e-04
-1.451202822586969638e-03 -6.270660934888741024e-04
-1.480842455746404600e-03 -5.952412553926109649e-04
-1.510091943623552858e-03 -5.638347977005133196e-04
-1.538956199799460141e-03 -5.328544640317550013e-04
-1.567440384045286914e-03 -5.023079001928351097e-04
-1.595549900893271367e-03 -4.722026593794677101e-04
-1.623290398891716639e-03 -4.425462072591880439e-04
-1.650667770192843723e-03 -4.133459269885065386e-04
-1.677688150809352515e-03 -3.846091241564764986e-04
-1.704357921088463842e-03 -3.563430316484576853e-04
-1.730683706948531620e-03 -3.285548144213835215e-04
-1.756672381250044043e-03 -3.012515742447799752e-04
-1.782331065789334546e-03 -2.744403543631652575e-04
-1.807667133610668751e-03 -2.481281441391683948e-04
-1.832688211727208534e-03 -2.223218836167603152e-04
-1.857402184163312823e-03 -1.970284680594927736e-04
-1.881817195507313502e-03 -1.722547524580054579e-04
-1.905941654705284316e-03 -1.480075560959058902e-04
-1.929784239412955099e-03 -1.242936669434772630e-04
-1.953353900637833530e-03 -1.011198462172101199e-04
-1.976659867858021526e-03 -7.849283281910642267e-05
-1.999711654410471495e-03 -5.641934789250911512e-05
-2.022519063414298518e-03 -3.490609935358993804e-05
-2.045092194186675944e-03 -1.395978639593558647e-05
-2.067441448908667340e-03 6.412895788874845709e-06
-2.089577539905706528e-03 2.620525143582881980e-05
-2.111511497195158252e-03 4.541057926013482727e-05
-2.133254676911076897e-03 6.402216790931411581e-05
-2.154818769966769781e-03 8.203329088716051522e-05
-2.176215811222663270e-03 9.943720156263937196e-05
-2.197458189367092109e-03 1.162271281373061012e-04
-2.218558657286889661e-03 1.323962683068580790e-04
-2.239530343085195663e-03 1.479377838521342458e-04
-2.260386761833879914e-03 1.628447952655426431e-04
-2.281141827900356762e-03 1.771103759255464056e-04
-2.301809867882386763e-03 1.907275461470710545e-04
-2.322405634774921904e-03 2.036892673102923441e-04
-2.342944322306948941e-03 2.159884353869225525e-04
-2.363441580756634169e-03 2.276178745957480910e-04
-2.383913533095151881e-03 2.385703304286478912e-04
-2.404376792627044897e-03 2.488384628179475186e-04
-2.424848481173374863e-03 2.584148386432207284e-04
-2.445346248790223817e-03 2.672919242653361543e-04
-2.465888294355619587e-03 2.754620774900688046e-04
-2.486493387516624035e-03 2.829175393073171630e-04
-2.507180891744331501e-03 2.896504251212096313e-04
-2.527970789246811179e-03 2.956527157725542723e-04
-2.548883706825023909e-03 3.009162478563359635e-04
-2.569940943818076369e-03 3.054327039962690619e-04
-2.591164501464703063e-03 3.091936022273916859e-04
-2.612577114112988631e-03 3.121902849336349048e-04
-2.634202282805683370e-03 3.144139076619217920e-04
-2.656064310326354538e-03 3.158554265670418656e-04
-2.678188338963923519e-03 3.165055858240401225e-04
-2.700600390654184831e-03 3.163549043343496202e-04
-2.723327409520681034e-03 3.153936613598284141e-04
-2.746397307680097360e-03 3.136118820939800969e-04
-2.769839013687614045e-03 3.109993218353221270e-04
-2.793682524295005437e-03 3.075454492461931946e-04
-2.817958959720645584e-03 3.032394292140103229e-04
-2.842700623147191488e-03 2.980701047264161215e-04
-2.867941063663535101e-03 2.920259776659656645e-04
-2.893715144041947036e-03 2.850951882303736371e-04
-2.920059113220543207e-03 2.772654937714865439e-04
-2.947010683748151755e-03 2.685242461515381911e-04
-2.974609115582854506e-03 2.588583688981731246e-04
-3.002895304826359250e-03 2.482543312536649588e-04
-3.031911879931888185e-03 2.366981226377723631e-04
-3.061703304637454406e-03 2.241752251770036310e-04
-3.092315988894899122e-03 2.106705845276997217e-04
-3.123798408136282696e-03 1.961685800359201561e-04
-3.156201231544239916e-03 1.806529925160867914e-04
-3.189577460200451395e-03 1.641069711719792251e-04
-3.223982576752630700e-03 1.465129988138093396e-04
-3.259474706208165783e-03 1.278528558660140414e-04
-3.296114789460162335e-03 1.081075817199923534e-04
-3.333966771778421392e-03 8.725743597808033325e-05
-3.373097806205422114e-03 6.528185786319794584e-05
-3.413578472805706490e-03 4.215942252255725289e-05
-3.455483017368824773e-03 1.786779770248823548e-05
-3.498889610505275059e-03 -7.616300498549440773e-06
-3.543880627149432767e-03 -3.431715480866075370e-05
-3.590542951647674244e-03 -6.226009334682133800e-05
-3.638968308002370807e-03 -9.147153825116507986e-05
-3.689253620691146894e-03 -1.219790527874015443e-04
-3.741501405378499807e-03 -1.538113901068105787e-04
-3.795820195733609105e-03 -1.869985411949266155e-04
-3.852325008895243243e-03 -2.215717802122965131e-04
-3.911137852399102985e-03 -2.575637103076709039e-04
-3.972388279032695695e-03 -2.950083036225203872e-04
-4.036213991458798174e-03 -3.339409404558521012e-04
-4.102761504816671012e-03 -3.743984403858490601e-04
-4.172186871867694831e-03 -4.164190881286065297e-04
-4.244656477772989871e-03 -4.600426494839580677e-04
-4.320347909764090007e-03 -5.053103759620663007e-04
-4.399450912040435424e-03 -5.522649971795277630e-04
-4.482168436743328918e-03 -6.009506926893239207e-04
-4.568717796293397457e-03 -6.514130438507004066e-04
-4.659331931349765601e-03 -7.036989603856470907e-04
-4.754260808161249463e-03 -7.578565722790957509e-04
-4.853772955651194584e-03 -8.139350877458275367e-04
-4.958157161813615821e-03 -8.719845983512753383e-04
-5.067724346700499052e-03 -9.320558302634476128e-04
-5.182809626654846964e-03 -9.941998309714607761e-04
-5.303774599687977910e-03 -1.058467568327878900e-03
-5.431009871117131217e-03 -1.124909436250888604e-03
-5.564937845736541398e-03 -1.193574641292152825e-03
-5.706015824407036606e-03 -1.264510450796725843e-03
-5.854739431316772526e-03 -1.337761271824951248e-03
-6.011646415928138983e-03 -1.413367533330293999e-03
-6.177320868387418430e-03 -1.491364329367943307e-03
-6.352397898265829852e-03 -1.571779770822005762e-03
-6.537568829844568608e-03 -1.654633008435757707e-03
-6.733586967807533505e-03 -1.739931843090616968e-03
-6.941274006878057901e-03 -1.827669854586213508e-03
-7.161527147550892508e-03 -1.917822951508810995e-03
-7.395327000784502822e-03 -2.010345236295352396e-03
-7.643746375945564484e-03 -2.105164036744132123e-03
-7.907960023795497159e-03 -2.202173967039683117e-03
-8.189255459736838327e-03 -2.301229806212364785e-03
-8.489044957101218869e-03 -2.402137981260644723e-03
-8.808878837501527351e-03 -2.504646353896728891e-03
-9.150460164242278649e-03 -2.608432022898848988e-03
-9.515660963432965788e-03 -2.713086717498000653e-03
-9.906540086717666171e-03 -2.818099321699971040e-03
-1.032536282650810613e-02 -2.922834963055477835e-03
-1.077462236727406639e-02 -3.026509991873939896e-03
-1.125706313137670236e-02 -3.128162053014590417e-03
-1.177570603015765105e-02 -3.226614249508534538e-03
-1.233387558073647909e-02 -3.320432306390789373e-03
-1.293522869677128304e-02 -3.407873305834323643e-03
-1.358378488952902488e-02 -3.486824404561237288e-03
-1.428395734423883179e-02 -3.554729571002369047e-03
-1.504058413480000370e-02 -3.608502017428282319e-03
-1.585895841066820369e-02 -3.644419745008208207e-03
-1.674485594460948037e-02 -3.658000882694559600e-03
-1.770455772255181970e-02 -3.643855357992211060e-03
-1.874486439373483637e-02 -3.595508408306979237e-03
-1.987309827362737993e-02 -3.505191406261038214e-03
-2.109708701603313016e-02 -3.363594278902143700e-03
-2.242512116626850516e-02 -3.159573871612553556e-03
-2.386587518658538076e-02 -2.879811569905518093e-03
-2.542827841772792030e-02 -2.508413894448096454e-03
-2.712131826242081961e-02 -2.026449736017621461e-03
-2.895375274940840266e-02 -1.411418928148385626e-03
-3.093370313947624989e-02 -6.366487588459444902e-04
-3.306809007769283965e-02 3.293806476207545436e-04
-3.536186656373501574e-02 1.523776188141338570e-03
-3.781699176381586591e-02 2.990020353005769932e-03
-4.043107668931025800e-02 4.778779004357983085e-03
-4.319562149312361488e-02 6.948677558618644723e-03
-4.609375214354019534e-02 9.566966455334915270e-03
-4.909735617915288175e-02 1.270995697102572652e-02
-5.216351545524394034e-02 1.646305519205837342e-02
-5.523014615722858511e-02 2.092015270237378155e-02
-5.821078608612574590e-02 2.618204624650972631e-02
-6.098853517412666791e-02 3.235345455821834332e-02
-6.340926641541014264e-02 3.953808354670344805e-02
-6.527440779276617866e-02 4.783107222249982637e-02
-6.633386422432663299e-02 5.730805404170848105e-02
-6.628003264844729847e-02 6.801002627743241158e-02
-6.474437667359178583e-02 7.992329862332647750e-02
-6.129865811746465498e-02 9.295406996243411879e-02
-5.546364510541440529e-02 1.068977820688233327e-01
-4.672880234757352536e-02 1.214044413246758852e-01
-3.458694101737627702e-02 1.359427261480188054e-01
-1.858770729527098320e-02 1.497679620451827787e-01
1.587325568794206720e-03 1.619018941671754863e-01
2.602791024515214297e-02 1.711352272710973121e-01
5.448153493350076093e-02 1.760664663290736898e-01
8.623507721161913220e-02 1.751912814281371134e-01
1.200130483192355796e-01 1.670537244575340252e-01
1.539234410587056734e-01 1.504621948826509736e-01
1.854890130094234979e-01 1.247576276640544324e-01
2.118009633728896446e-01 9.009945501416981306e-02
2.298182101327488902e-01 4.771019338436603696e-02
2.368049918820775146e-01 0.000000000000000000e+00
2.308540096745515247e-01 -4.951014440410402700e-02
2.113918005436614400e-01 -9.652230376711458393e-02
1.795265973623889622e-01 -1.365490592930349578e-01
1.381001064414982271e-01 -1.656678415173554186e-01
9.135996752563196877e-02 -1.812739681572360650e-01
4.427533378266518271e-02 -1.826230569565702178e-01
1.642036841697142036e-03 -1.709843127560196629e-01
-3.278618628953337139e-02 -1.493338918764585133e-01
-5.689589300447943365e-02 -1.216673369257021270e-01
-7.038504924902737325e-02 -9.213851118899916981e-02
-7.449979446172336206e-02 -6.428013198592646971e-02
-7.147272108972960170e-02 -4.050728963868092947e-02
-6.387282325180498876e-02 -2.198180423131412473e-02
-5.406027608575387361e-02 -8.784732345488977662e-03
-4.385611655618033150e-02 -2.632845180147204422e-04
-3.443853142280389745e-02 4.592558802720010311e-03
-2.640745958602553484e-02 6.846331732299138634e-03
-1.993454365891558083e-02 7.426466434851557163e-03
-1.492739241843720269e-02 7.045876083351556955e-03
-1.116557292403807210e-02 6.197673731239420475e-03
-8.393285812747470348e-03 5.191199817146239202e-03
-6.371704265234721942e-03 4.200819194544948461e-03
-4.901734099307741323e-03 3.311375737123900629e-03
-3.828715079024345123e-03 2.553617086248948301e-03
-3.038050303609780584e-03 1.928727272305301227e-03
-2.447528488750288968e-03 1.423802160862944980e-03
-1.999445217010777705e-03 1.020812742249810508e-03
-1.653867625661631716e-03 7.013371608475549041e-04
-1.383397438767950544e-03 4.487630669468024034e-04
-1.169321634571594782e-03 2.490924277202772935e-04
-9.988773215330855413e-04 9.103980150695749080e-05
-8.633425051484485855e-04 -3.418504159223648966e-05
-7.567100813935440963e-04 -1.332067771013616380e-04
-6.747620763697824344e-04 -2.108312956809759613e-04
-6.144157438681126064e-04 -2.703727815296689489e-04
-5.732567981047655050e-04 -3.139517373122814093e-04
-5.492057218486638345e-04 -3.427660315184150389e-04
-5.402842500023698593e-04 -3.573384412273560972e-04
-5.444613389854063585e-04 -3.577430202566417349e-04
-5.595651731198998582e-04 -3.438093613040051478e-04
-5.832501587916224303e-04 -3.153018619956602709e-04
-6.130090726653614382e-04 -2.720701358679142659e-04
-6.462198526407889878e-04 -2.141667038056950208e-04
-6.802163641387362885e-04 -1.419299420516441606e-04
-7.123724825347188495e-04 -5.603180211521339429e-05
-7.401897098204624284e-04 4.250757095343590201e-05
-7.613798492440070021e-04 1.523345765611277885e-04
-7.739360881835571611e-04 2.718007962518655964e-04
-7.761880355349644323e-04 3.990192973217223868e-04
-7.668383283909901201e-04 5.319321253511582071e-04
-7.449802191148274235e-04 6.683828399937552425e-04
-7.100972582320975177e-04 8.061886862181192204e-04
-6.620471986640201565e-04 9.432080662363920894e-04
-6.010330571034792294e-04 1.077400062054325930e-03
-5.275645230723825059e-04 1.206873906536075607e-03
-4.424129904113297093e-04 1.329927439610282484e-03
-3.465632755030258107e-04 1.445074284849077887e-03
-2.411645896301243316e-04 1.551060349071366803e-03
-1.274830243123441969e-04 1.646870605482117717e-03
-6.857164684609352509e-06 1.731727500270214756e-03
1.193419775112371239e-04 1.805082470796646197e-03
2.497459768381426028e-04 1.866602080694010693e-03
3.830185859974266334e-04 1.916150213861269550e-03
5.178798964945898874e-04 1.953767671189337533e-03
6.531252365300373695e-04 1.979650303149566113e-03
7.876391807810003299e-04 1.994126659007977673e-03
9.204051691007482773e-04 1.997635938457761797e-03
1.050511236296308324e-03 1.990706841986232111e-03
1.177152457923922408e-03 1.973937767366023849e-03
1.299630661452302622e-03 1.947978652410375672e-03
1.417351919836920679e-03 1.913514632989870862e-03
1.529822338409100781e-03 1.871251608904359433e-03
1.636642541114732450e-03 1.821903714914195269e-03
1.737501259716467969e-03 1.766182638896429506e-03
1.832168341009432835e-03 1.704788689898122187e-03
1.920487456222441137e-03 1.638403483158557732e-03
2.002368708457931239e-03 1.567684110323764408e-03
2.077781336052261438e-03 1.493258619527463096e-03
2.146746637855013323e-03 1.415722673868138274e-03
2.209331214095266831e-03 1.335637221807070519e-03
2.265640615823057667e-03 1.253527032885487676e-03
2.315813420633497551e-03 1.169879981379227853e-03
2.360015789314976690e-03 1.085146926251485608e-03
2.398436491188875481e-03 9.997421120339457842e-04
2.431282406879395081e-03 9.140439653376867570e-04
2.458774496807966670e-03 8.283962094208705256e-04
2.481144213027499518e-03 7.431092210224109207e-04
2.498630335807486801e-03 6.584615633501995479e-04
2.511476197606585508e-03 5.747016471303423128e-04
2.519927275663033130e-03 4.920494628787983786e-04
2.524229117498219717e-03 4.106983535254819231e-04
2.524625571744355812e-03 3.308167909026381390e-04
2.521357293777851984e-03 2.525501433863125205e-04
2.514660498962769265e-03 1.760223965321151569e-04
2.504765936148949101e-03 1.013378262247118661e-04
2.491898056351252860e-03 2.858260253120058388e-05
2.476274354319278441e-03 -4.217367362782133405e-05
2.458104861883277006e-03 -1.108765181363440379e-04
2.437591771050866187e-03 -1.774851866270068298e-04
2.414929171921288524e-03 -2.419713855950698760e-04
2.390302887361593891e-03 -3.043180685144270241e-04
2.363890392674822781e-03 -3.645183083496255456e-04
2.335860803593981655e-03 -4.225742571568347769e-04
2.306374924847657583e-03 -4.784961788169838108e-04
2.275585349783285777e-03 -5.323015562103838470e-04
2.243636594926859754e-03 -5.840142743730716759e-04
2.210665273995293580e-03 -6.336638650854663907e-04
2.176800289202891238e-03 -6.812848227184871864e-04
2.142163051302465194e-03 -7.269159701278071501e-04
2.106867707522777026e-03 -7.705998891122255341e-04
2.071021383894404693e-03 -8.123823978455351098e-04
2.034724431694671237e-03 -8.523120773194926402e-04
1.998070679767653852e-03 -8.904398436525121389e-04
1.961147684480120477e-03 -9.268185602473843349e-04
1.924036981128333587e-03 -9.615026888989899748e-04
1.886814329325707008e-03 -9.945479750822112941e-04
1.849549956624960915e-03 -1.026011163996888185e-03
1.812308791790675448e-03 -1.055949747500110458e-03
1.775150695228089152e-03 -1.084421735542086783e-03
1.738130677543906670e-03 -1.111485452197389073e-03
1.701299112232112143e-03 -1.137199353282162401e-03
1.664701937627770766e-03 -1.161621863571499951e-03
1.628380849310939738e-03 -1.184811230434338085e-03
1.592373484030214790e-03 -1.206825394276441052e-03
1.556713591326390781e-03 -1.227721871668005114e-03
1.521431199158226541e-03 -1.247557650704084631e-03
1.486552766552111642e-03 -1.266389096851053796e-03
1.452101325440017946e-03 -1.284271869045578145e-03
1.418096616174650566e-03 -1.301260841629016309e-03
1.384555211495689872e-03 -1.317410033553143532e-03
1.351490632036574232e-03 -1.332772542746628753e-03
1.318913452217602023e-03 -1.347400483895311090e-03
1.286831398522674278e-03 -1.361344928737195665e-03
1.255249437095594693e-03 -1.374655848006182653e-03
1.224169856238699079e-03 -1.387382054141974913e-03
1.193592338551981418e-03 -1.399571141432610476e-03
1.163514029428407452e-03 -1.411269425682764363e-03
1.133929597489029707e-03 -1.422521879373612498e-03
1.104831288515015393e-03 -1.433372062528668039e-03
1.076208977989780461e-03 -1.443862047827551348e-03
1.048050219386101540e-03 -1.454032338883966529e-03
1.020340289435937246e-03 -1.463921778967489876e-03
9.930622362545465931e-04 -1.473567452119150991e-03
9.661969267338007053e-04 -1.483004571525576437e-03
9.397231014292606625e-04 -1.492266358261555310e-03
9.136174361243551943e-04 -1.501383907698118723e-03
8.878546147663052323e-04 -1.510386044269451666e-03
8.624074184686468178e-04 -1.519299165030379550e-03
8.372468324218719244e-04 -1.528147073776401754e-03
8.123421785086156269e-04 -1.536950809820083639e-03
7.876612737703592940e-04 -1.545728472267489341e-03
7.631706230150577018e-04 -1.554495051942090308e-03
7.388356433626598824e-04 -1.563262271426010732e-03
7.146209230858669792e-04 -1.572038444995205609e-03
6.904905131985375781e-04 -1.580828368503122599e-03
6.664082453686659847e-04 -1.589633249368990753e-03
6.423380684309086194e-04 -1.598450682355372467e-03
6.182443926867873824e-04 -1.607274677359981155e-03
5.940924274361269151e-04 -1.616095745690398437e-03
5.698484994239408656e-04 -1.624901037188211054e-03
5.454803388382990954e-04 -1.633674525686016742e-03
5.209573216150524674e-04 -1.642397232287714538e-03
4.962506645709791400e-04 -1.651047471696107626e-03
4.713335680041101042e-04 -1.659601112936573853e-03
4.461813083438290152e-04 -1.668031839162145528e-03
4.207712873198656131e-04 -1.676311395626266547e-03
3.950830434491611103e-04 -1.684409818472290370e-03
3.690982328423801379e-04 -1.692295641449611220e-03
3.428005906779838310e-04 -1.699936074054289592e-03
3.161758766202171994e-04 -1.707297154254977046e-03
2.892118130152881690e-04 -1.714343875573196311e-03
2.618980223269008452e-04 -1.721040290013451475e-03
2.342259649144607389e-04 -1.727349591561936357e-03
2.061888804386622417e-04 -1.733234182374374880e-03
1.777817366055322234e-04 -1.738655724732123898e-03
1.490011850410364810e-04 -1.743575181882965532e-03
1.198455247908113272e-04 -1.747952850310258068e-03
9.031467436875829403e-05 -1.751748385933197963e-03
6.041015162768545010e-05 -1.754920825931549589e-03
3.013506079002940471e-05 -1.757428608126922849e-03
-5.059127190442606198e-07 -1.759229589592321103e-03
-3.150650123610399325e-05 -1.760281065215959628e-03
-6.285884763516556232e-05 -1.760539787840077882e-03
-9.455349271324199265e-05 -1.759961990538295475e-03
-1.265793573914507798e-04 -1.758503412004593005e-03
-1.589237207861778642e-04 -1.756119325515637878e-03
-1.915721947693464723e-04 -1.752764572397751564e-03
-2.245086946238836938e-04 -1.748393600286439042e-03
-2.577154072914215584e-04 -1.742960506872142561e-03
-2.911727574374352789e-04 -1.736419089244686190e-03
-3.248593714166712778e-04 -1.728722899801957581e-03
-3.587520399904824933e-04 -1.719825308759099797e-03
-3.928256802855743671e-04 -1.709679573642867122e-03
-4.270532969384376433e-04 -1.698238916500251477e-03
-4.614059436170369027e-04 -1.685456608826286368e-03
-4.958526847883427523e-04 -1.671286064795426312e-03
-5.303605584894420955e-04 -1.655680943119490359e-03
-5.648945403577965152e-04 -1.638595257979774764e-03
-5.994175096435078263e-04 -1.619983499255245188e-03
-6.338902175583195761e-04 -1.599800762613377792e-03
-6.682712585426737193e-04 -1.578002889525096817e-03
-7.025170448718921681e-04 -1.554546617896460743e-03
-7.365817853592299472e-04 -1.529389743361059479e-03
-7.704174685287263616e-04 -1.502491291757782760e-03
-8.039738509576967044e-04 -1.473811703071067295e-03
-8.371984514777790340e-04 -1.443313026937852444e-03
-8.700365517918903129e-04 -1.410959130299799637e-03
-9.024312042000644978e-04 -1.376715917131321769e-03
-9.343232472274811415e-04 -1.340551560600288352e-03
-9.656513297295457382e-04 -1.302436747971670626e-03
-9.963519444145068054e-04 -1.262344938035668334e-03
-1.026359471408922006e-03 -1.220252631460541854e-03
-1.055606232806450282e-03 -1.176139653796638880e-03
-1.084022558912315108e-03 -1.129989451326390186e-03
-1.111536867096653150e-03 -1.081789399551880398e-03
-1.138075754141839148e-03 -1.031531124046196519e-03
-1.163564102871090947e-03 -9.792108334206392484e-04
-1.187925204045595139e-03 -9.248296640693275811e-04
-1.211080894338557650e-03 -8.683940361588151800e-04
-1.232951711359663808e-03 -8.099160201141008576e-04
-1.253457066562790575e-03 -7.494137130402381709e-04
-1.272515436898031746e-03 -6.869116241047473845e-04
-1.290044576099467783e-03 -6.224410677411773042e-04
-1.305961746437898701e-03 -5.560405636269975544e-04
-1.320183971673754425e-03 -4.877562417444983311e-04
-1.332628312000854820e-03 -4.176422513281925482e-04
-1.343212161610625802e-03 -3.457611714807202336e-04
-1.351853569547377659e-03 -2.721844216927235679e-04
-1.358471584300200005e-03 -1.969926698818028066e-04
-1.362986622586459876e-03 -1.202762354409258683e-04
-1.365320862622472747e-03 -4.213548452117351056e-05
-1.365398662041937420e-03 3.731878553886989764e-05
-1.363147000503413383e-03 1.179649759736970662e-04
-1.358495946794228450e-03 1.996703342630430709e-04
-1.351379150086910990e-03 2.822906236735656278e-04
-1.341734354810871031e-03 3.656698189714699030e-04
-1.329503938337498956e-03 4.496398330181793882e-04
-1.314635470361928205e-03 5.340202792203979556e-04
-1.297082292723621784e-03 6.186182751826252001e-04
-1.276804117963613793e-03 7.032282933018458877e-04
-1.253767644607886632e-03 7.876320643695454166e-04
-1.227947186946078692e-03 8.715985405492546753e-04
-1.199325316427104354e-03 9.548839245350781730e-04
-1.167893511595977530e-03 1.037231772006214168e-03
-1.133652813008684430e-03 1.118373174730410242e-03
-1.096614479086092074e-03 1.198027031999478534e-03
-1.056800638335230911e-03 1.275900418434668809e-03
-1.014244932997004391e-03 1.351689056258061680e-03
-9.689931485419099166e-04 1.425077900391814130e-03
-9.211038229705678258e-04 1.495741844944086570e-03
-8.706488292628495945e-04 1.563346559559684141e-03
-8.177139239324101487e-04 1.627549464148443908e-03
-7.623992538976770558e-04 1.688000850443230859e-03
-7.048198135096318123e-04 1.744345158662776937e-03
-6.451058429669988140e-04 1.796222417136781593e-03
-5.834031588979855061e-04 1.843269852381268243e-03
-5.198734074236077782e-04 1.885123676588796541e-03
-4.546942295898732164e-04 1.921421058675768000e-03
-3.880593287668951700e-04 1.951802284180436005e-03
-3.201784292029847406e-04 1.975913108221158745e-03
-2.512771148432700391e-04 1.993407304398838592e-03
-1.815965374189638373e-04 2.003949411013699299e-03
-1.113929828214958251e-04 2.007217674259966812e-03
-4.093728490430056845e-05 2.002907186012823585e-03
2.948592374446329292e-05 1.990733211529682831e-03
9.957913406170198264e-05 1.970434699844043902e-03
1.690330650760644027e-04 1.941777966768448065e-03
2.375279591235715439e-04 1.904560537263533812e-03
3.047350749599428638e-04 1.858615130363999637e-03
3.703183844907535402e-04 1.803813766143054194e-03
4.339364772381154004e-04 1.740071969974461581e-03
4.952446745785827080e-04 1.667353044946381794e-03
5.538973535101014267e-04 1.585672378498581862e-03
6.095504770809697173e-04 1.495101744263732874e-03
6.618643255598547544e-04 1.395773554840126643e-03
7.105064191568569729e-04 1.287885015624355657e-03
7.551546194467967680e-04 1.171702124038185699e-03
7.955003925857479646e-04 1.047563452661404073e-03
8.312522131120763692e-04 9.158836488578200527e-04
8.621390825006502393e-04 7.771565774372206359e-04
8.879141317514506341e-04 6.319580271582362274e-04
9.083582721863148884e-04 4.809478962491090686e-04
9.232838533535900512e-04 3.248717668526002059e-04
9.325382815939592049e-04 1.645617735928219341e-04
9.360075474767911002e-04 9.366673894684973516e-07
9.336196050787615164e-04 -1.649990276130625360e-04
9.253475410430662268e-04 -3.321568681901507485e-04
9.112124667633608212e-04 -4.993674623717823729e-04
8.912860628955900262e-04 -6.653846603723511874e-04
8.656927020189641650e-04 -8.288910679110176325e-04
8.346110727763397189e-04 -9.885049792757380493e-04
7.982752274487557760e-04 -1.142788820389259614e-03
7.569749748907222877e-04 -1.290259182466183853e-03
7.110555423140582859e-04 -1.429398514283968837e-03
6.609164327581194863e-04 -1.558668525069116040e-03
6.070094105451294018e-04 -1.676525330458818186e-03
5.498355547918893325e-04 -1.781436350646591147e-03
4.899413313050868029e-04 -1.871898942231176206e-03
4.279136462900547111e-04 -1.946460713592236633e-03
3.643738611766680381e-04 -2.003741437328547363e-03
2.999707669732361043e-04 -2.042456432504497280e-03
2.353725386202176230e-04 -2.061441244226339467e-03
1.712577149978719614e-04 -2.059677398550860059e-03
1.083052785284209767e-04 -2.036318957004705152e-03
4.718393929386915063e-05 -1.990719537782510099e-03
-1.145923802828362030e-05 -1.922459410402843931e-03
-6.701069063275871558e-05 -1.831372208185882977e-03
-1.189024870583647170e-04 -1.717570739395905908e-03
-1.666244820896931262e-04 -1.581471314633472579e-03
-2.097362129264194151e-04 -1.423815946758597451e-03
-2.478782177309120090e-04 -1.245691722097055486e-03
-2.807824260926195577e-04 -1.048546590456653433e-03
-3.082812442813612913e-04 -8.342007792590512777e-04
-3.303149382697575251e-04 -6.048530067435939957e-04
-3.469369061406685217e-04 -3.630806551270652268e-04
-3.583164310655658001e-04 -1.118330704609290138e-04
-3.647385184189877276e-04 1.455828122673438296e-04
-3.666004479914509225e-04 4.055252552140017376e-04
-3.644047167687842754e-04 6.640495437784362312e-04
-3.587481108373836384e-04 9.169493137319853970e-04
-3.503067280677025250e-04 1.159807582022992414e-03
-3.398168772386195823e-04 1.388057269824959300e-03
-3.280519051443841344e-04 1.597050275681609734e-03
-3.157951553246380336e-04 1.782132650735126014e-03
-3.038094618155115501e-04 1.938719550344419982e-03
-2.928039303829086358e-04 2.062349969067600250e-03
-2.833996108749328204e-04 2.148620072308194545e-03
-2.761977713770374931e-04 2.194580643462832291e-03
-2.715921070247473250e-04 2.198048217182962775e-03
