2.304613929380230496e-06 2.504238712279404153e-05
2.308176523592032672e-06 2.506433909154239111e-05
2.309674971078901160e-06 2.505600518803934815e-05
2.313685974742690050e-06 2.501769005479284223e-05
2.318581347269012068e-06 2.494670207956549950e-05
2.323235716011476040e-06 2.484443094704432038e-05
2.327183708984620865e-06 2.471210736489782542e-05
2.330194029909013299e-06 2.455082236613810839e-05
2.332139854735211916e-06 2.436156898546252178e-05
2.332947995029670580e-06 2.414527382440383884e-05
2.332575559449983160e-06 2.390281872247565815e-05
2.330998014014695172e-06 2.363505544320411157e-05
2.328202567095593277e-06 2.334281566724334380e-05
2.324184272197534260e-06 2.302691782974470449e-05
2.318943616579041648e-06 2.268817180520351745e-05
2.312484968178138639e-06 2.232738209832480067e-05
2.304815541282559060e-06 2.194534998017707246e-05
2.295944687843255510e-06 2.154287486826605297e-05
2.285883399912824564e-06 2.112075515738777437e-05
2.274643952840975372e-06 2.067978864725064360e-05
2.262239644619445722e-06 2.022077267166839378e-05
2.248684602331333038e-06 1.974450400575615948e-05
2.233993636329847669e-06 1.925177860770671946e-05
2.218182128944743033e-06 1.874339123756894976e-05
2.201265948548635240e-06 1.822013498523470903e-05
2.183261382505827549e-06 1.768280073237648331e-05
2.164185084345350645e-06 1.713217656748782858e-05
2.144054031773571629e-06 1.656904716906296377e-05
2.122885493018859435e-06 1.599419316875464272e-05
2.100696999638674572e-06 1.540839050388442913e-05
2.077506324369715143e-06 1.481240976683519217e-05
2.053331462941801839e-06 1.420701555736879146e-05
2.028190619014753065e-06 1.359296584269982253e-05
2.002102191586847158e-06 1.297101132927971135e-05
1.975084764364109975e-06 1.234189484945828866e-05
1.947157096672784692e-06 1.170635076554321776e-05
1.918338115602039893e-06 1.106510439337169532e-05
1.888646909103055771e-06 1.041887144701305254e-05
1.858102719836037889e-06 9.768357505897568466e-06
1.826724939591403656e-06 9.114257505424723109e-06
1.794533104140843526e-06 8.457255251789677693e-06
1.761546888401407890e-06 7.798022961617916772e-06
1.727786101815679261e-06 7.137220826824107987e-06
1.693270683868769941e-06 6.475496604936735482e-06
1.658020699672949321e-06 5.813485235002620110e-06
1.622056335567656706e-06 5.151808479111539318e-06
1.585397894686166229e-06 4.491074589448623500e-06
1.548065792451722300e-06 3.831878000690304247e-06
1.510080551972986343e-06 3.174799047559456484e-06
1.471462799316721141e-06 2.520403707256973746e-06
1.432233258630491906e-06 1.869243366329305031e-06
1.392412747098884715e-06 1.221854611630421526e-06
1.352022169734088501e-06 5.787590449872163197e-07
1.311082513971516107e-06 -5.953687899063760934e-08
1.269614844083849426e-06 -6.925419924093075017e-07
1.227640295395482500e-06 -1.319780531430853947e-06
1.185180068299744854e-06 -1.940792232071906639e-06
1.142255422083125619e-06 -2.555132404947210392e-06
1.098887668555190207e-06 -3.162371989581682436e-06
1.055098165484847461e-06 -3.762097588966488823e-06
1.010908309850912038e-06 -4.353911484882693549e-06
9.663395309163113470e-07 -4.937431634637054882e-06
9.214132831258345672e-07 -5.512291649905737653e-06
8.761510388387987552e-07 -6.078140758255094269e-06
8.305742809040082146e-07 -6.634643748023784534e-06
7.847044950903112673e-07 -7.181480897209882304e-06
7.385631623769427899e-07 -7.718347886954174706e-06
6.921717511204917428e-07 -8.244955700322680238e-06
6.455517090990811090e-07 -8.761030507036519270e-06
5.987244554580578067e-07 -9.266313534733768421e-06
5.517113725621379771e-07 -9.760560927409363843e-06
5.045337977623039121e-07 -1.024354359168962934e-05
4.572130150967039855e-07 -1.071504703155863172e-05
4.097702469305585898e-07 -1.117487117211759059e-05
3.622266455567916957e-07 -1.162283017298966958e-05
3.146032847585120479e-07 -1.205875223198779511e-05
2.669211513545664070e-07 -1.248247937961887973e-05
2.192011367316868019e-07 -1.289386726500369864e-05
1.714640283846320779e-07 -1.329278493378222508e-05
1.237305014693449541e-07 -1.367911459853740158e-05
7.602111038907644974e-08 -1.405275140228384249e-05
2.835628040785338110e-08 -1.441360317560031991e-05
-1.924370067582501697e-08 -1.476159018787568926e-05
-6.675869079725854790e-08 -1.509664489315945704e-05
-1.141687018207804006e-07 -1.541871167116733046e-05
-1.614539076547402070e-07 -1.572774656389642410e-05
-2.085946522724799949e-07 -1.602371700830938330e-05
-2.555714576277461189e-07 -1.630660156553669229e-05
-3.023650314583275703e-07 -1.657638964704996525e-05
-3.489562749682899019e-07 -1.683308123824682853e-05
-3.953262903818667210e-07 -1.707668661985089814e-05
-4.414563883537003227e-07 -1.730722608751156168e-05
-4.873280952312276416e-07 -1.752472966998938451e-05
-5.329231601608513036e-07 -1.772923684633576942e-05
-5.782235620389613478e-07 -1.792079626241058207e-05
-6.232115162825016612e-07 -1.809946544705621992e-05
-6.678694814284442277e-07 -1.826531052829486607e-05
-7.121801655473599746e-07 -1.841840594985827477e-05
-7.561265324704627996e-07 -1.855883418834760031e-05
-7.996918078173874026e-07 -1.868668547133217210e-05
-8.428594848339539107e-07 -1.880205749666266429e-05
-8.856133300166106436e-07 -1.890505515326825015e-05
-9.279373885329587793e-07 -1.899579024367636403e-05
-9.698159894252620961e-07 -1.907438120851711900e-05
-1.011233750604898819e-06 -1.914095285325338839e-05
-1.052175583623789692e-06 -1.919563607732831587e-05
-1.092626698223964402e-06 -1.923856760595573102e-05
-1.132572606665901635e-06 -1.926988972474584505e-05
-1.171999127826930178e-06 -1.928975001734257211e-05
-1.210892391075205253e-06 -1.929830110626613176e-05
-1.249238839910525483e-06 -1.929570039710921074e-05
-1.287025235383128967e-06 -1.928210982623705601e-05
-1.324238659269401063e-06 -1.925769561214533734e-05
-1.360866517032467991e-06 -1.922262801060451148e-05
-1.396896540538487502e-06 -1.917708107370019556e-05
-1.432316790546851200e-06 -1.912123241290484150e-05
-1.467115658974166395e-06 -1.905526296627139108e-05
-1.501281870925498706e-06 -1.897935676983976807e-05
-1.534804486497703510e-06 -1.889370073335029901e-05
-1.567672902356928249e-06 -1.879848442034992489e-05
-1.599876853094285272e-06 -1.869389983273870854e-05
-1.631406412353513571e-06 -1.858014119983599467e-05
-1.662251993746836548e-06 -1.845740477201557062e-05
-1.692404351540492883e-06 -1.832588861895593360e-05
-1.721854581135542924e-06 -1.818579243254047403e-05
-1.750594119330955433e-06 -1.803731733445376875e-05
-1.778614744383335262e-06 -1.788066568848301017e-05
-1.805908575850889721e-06 -1.771604091755490522e-05
-1.832468074240607171e-06 -1.754364732552397848e-05
-1.858286040453849393e-06 -1.736368992371085658e-05
-1.883355615039326972e-06 -1.717637426219962069e-05
-1.907670277257020323e-06 -1.698190626588342927e-05
-1.931223843946713077e-06 -1.678049207525868539e-05
-1.954010468213722204e-06 -1.657233789195537189e-05
-1.976024637944285585e-06 -1.635764982897545988e-05
-1.997261174136543725e-06 -1.613663376561968866e-05
-2.017715229067048001e-06 -1.590949520709105855e-05
-2.037382284287510799e-06 -1.567643914871830223e-05
-2.056258148465117143e-06 -1.543766994478452514e-05
-2.074338955062786899e-06 -1.519339118191561569e-05
-2.091621159863495675e-06 -1.494380555699600932e-05
-2.108101538359131439e-06 -1.468911475955146542e-05
-2.123777182989665167e-06 -1.442951935855736102e-05
-2.138645500241353182e-06 -1.416521869363213843e-05
-2.152704207621032977e-06 -1.389641077054783587e-05
-2.165951330500878054e-06 -1.362329216100043317e-05
-2.178385198837094774e-06 -1.334605790660621765e-05
-2.190004443774213015e-06 -1.306490142704965502e-05
-2.200807994137265237e-06 -1.278001443229463647e-05
-2.210795072816656640e-06 -1.249158683883306778e-05
-2.219965193048684250e-06 -1.219980668990319682e-05
-2.228318154599036006e-06 -1.190486007957852760e-05
-2.235854039856299369e-06 -1.160693108069328024e-05
-2.242573209835869096e-06 -1.130620167651238378e-05
-2.248476300102249317e-06 -1.100285169608061577e-05
-2.253564216608355697e-06 -1.069705875319712767e-05
-2.257838131473274733e-06 -1.038899818890774548e-05
-2.261299478685732323e-06 -1.007884301746782862e-05
-2.263949949735858464e-06 -9.766763875709249230e-06
-2.265791489197809632e-06 -9.452928975709571700e-06
-2.266826290261355740e-06 -9.137504060691544890e-06
-2.267056790204637683e-06 -8.820652364102681239e-06
-2.266485665819263620e-06 -8.502534571783785481e-06
-2.265115828810743889e-06 -8.183308787152592000e-06
-2.262950421150896183e-06 -7.863130499319157711e-06
-2.259992810393328569e-06 -7.542152554071032205e-06
-2.256246584972638715e-06 -7.220525127631334243e-06
-2.251715549477001465e-06 -6.898395703164222822e-06
-2.246403719891137783e-06 -6.575909049876989231e-06
-2.240315318836757851e-06 -6.253207204705615705e-06
-2.233454770791636063e-06 -5.930429456502099239e-06
-2.225826697308174835e-06 -5.607712332608151823e-06
-2.217435912227466439e-06 -5.285189587786901493e-06
-2.208287416877849468e-06 -4.962992195444528312e-06
-2.198386395298690796e-06 -4.641248341019821891e-06
-2.187738209450177513e-06 -4.320083417498123800e-06
-2.176348394453652451e-06 -3.999620023020223865e-06
-2.164222653822927953e-06 -3.679977960452727265e-06
-2.151366854727636980e-06 -3.361274238853233489e-06
-2.137787023267308492e-06 -3.043623076833473036e-06
-2.123489339778297550e-06 -2.727135907688941053e-06
-2.108480134143294206e-06 -2.411921386239950047e-06
-2.092765881161144106e-06 -2.098085397316038310e-06
-2.076353195920385872e-06 -1.785731065857484528e-06
-2.059248829219875467e-06 -1.474958768517877213e-06
-2.041459663028798021e-06 -1.165866146739701319e-06
-2.022992705962340869e-06 -8.585481212257710023e-07
-2.003855088826366317e-06 -5.530969077629796970e-07
-1.984054060190813222e-06 -2.496020343333322188e-07
-1.963596982010496847e-06 5.184964056350152797e-08
-1.942491325299682177e-06 3.511739084242828554e-07
-1.920744665834944319e-06 6.482891901240488918e-07
-1.898364679937589656e-06 9.431165142299160799e-07
-1.875359140291775411e-06 1.235579494332476546e-06
-1.851735911835439316e-06 1.525604305425447393e-06
-1.827502947682963376e-06 1.813119659365752327e-06
-1.802668285115705925e-06 2.098056779488142861e-06
-1.777240041652798751e-06 2.380349374408874724e-06
-1.751226411149215067e-06 2.659933611085202825e-06
-1.724635659982501302e-06 2.936748087143316100e-06
-1.697476123298177563e-06 3.210733802569315017e-06
-1.669756201323894309e-06 3.481834130755651000e-06
-1.641484355730835248e-06 3.749994788996320633e-06
-1.612669106076857004e-06 4.015163808418782524e-06
-1.583319026333580983e-06 4.277291503416866306e-06
-1.553442741458168971e-06 4.536330440645505569e-06
-1.523048924040486147e-06 4.792235407617707934e-06
-1.492146291042584551e-06 5.044963380874865303e-06
-1.460743600581854909e-06 5.294473493845535571e-06
-1.428849648809732879e-06 5.540727004385738244e-06
-1.396473266847468215e-06 5.783687262051600352e-06
-1.363623317826842798e-06 6.023319675126271336e-06
-1.330308693947251215e-06 6.259591677439323325e-06
-1.296538313678015314e-06 6.492472695027438617e-06
-1.262321118976409100e-06 6.721934112592707110e-06
-1.227666072619133518e-06 6.947949239914612201e-06
-1.192582155618187076e-06 7.170493278125673187e-06
-1.157078364655610043e-06 7.389543285928297644e-06
-1.121163709677176500e-06 7.605078145835980925e-06
-1.084847211476568712e-06 7.817078530286794262e-06
-1.048137899457852770e-06 8.025526867871066465e-06
-1.011044809369444809e-06 8.230407309557600252e-06
-9.735769812116186027e-07 8.431705694996258763e-06
-9.357434571421242739e-07 8.629409518874199759e-06
-8.975532795026616671e-07 8.823507897430320316e-06
-8.590154889171639033e-07 9.013991535009134305e-06
-8.201391224758972312e-07 9.200852690816020089e-06
-7.809332119674936254e-07 9.384085145842338983e-06
-7.414067822408339592e-07 9.563684169947710517e-06
-7.015688495729010656e-07 9.739646489131192984e-06
-6.614284201867795529e-07 9.911970253014742305e-06
-6.209944887924145475e-07 1.008065500256689790e-05
-5.802760372500275851e-07 1.024570163811233035e-05
-5.392820332568394595e-07 1.040711238750531529e-05
-4.980214291555142475e-07 1.056489077462797503e-05
-4.565031608041284186e-07 1.071904158818231693e-05
-4.147361465217816814e-07 1.086957085077311747e-05
-3.727292860978843785e-07 1.101648578824389806e-05
-3.304914599140756996e-07 1.115979479944629885e-05
-2.880315280925261235e-07 1.129950742622653348e-05
-2.453583297463988105e-07 1.143563432378343214e-05
-2.024806823198406827e-07 1.156818723144790043e-05
-1.594073809651531688e-07 1.169717894371737418e-05
-1.161471980128773803e-07 1.182262328170677717e-05
-7.270888251941414409e-08 1.194453506498191774e-05
-2.910115989609048635e-08 1.206293008375736701e-05
1.466726843641964512e-08 1.217782507148782798e-05
5.858772522906142912e-08 1.228923767785132168e-05
1.026515576278100401e-07 1.239718644214141577e-05
1.468501372691659895e-07 1.250169076709511603e-05
1.911748602369810099e-07 1.260277089307462788e-05
2.356171470816958665e-07 1.270044787266886338e-05
2.801684426801352295e-07 1.279474354581479950e-05
3.248202160169867252e-07 1.288568051524641277e-05
3.695639599777826966e-07 1.297328212240469805e-05
4.143911909963235852e-07 1.305757242382385024e-05
4.592934486109681927e-07 1.313857616781012468e-05
5.042622950789973671e-07 1.321631877179253189e-05
5.492893148009678713e-07 1.329082629993218568e-05
5.943661136855139050e-07 1.336212544123858525e-05
6.394843185312451409e-07 1.343024348822737156e-05
6.846355762694391299e-07 1.349520831582890027e-05
7.298115531242725087e-07 1.355704836091588069e-05
7.750039337260105385e-07 1.361579260223326884e-05
8.202044202049579835e-07 1.367147054079429473e-05
8.654047312351767021e-07 1.372411218078105178e-05
9.105966008249581728e-07 1.377374801078028445e-05
9.557717772498719951e-07 1.382040898552818660e-05
1.000922021810734374e-06 1.386412650828039160e-05
1.046039107627521293e-06 1.390493241343780868e-05
1.091114818168629637e-06 1.394285894971836526e-05
1.136140945931273545e-06 1.397793876377216766e-05
1.181109290952308169e-06 1.401020488423560778e-05
1.226011659163367073e-06 1.403969070645172561e-05
1.270839860871366442e-06 1.406642997739391047e-05
1.315585709025473128e-06 1.409045678123661341e-05
1.360241017584806098e-06 1.411180552535888846e-05
1.404797599544521859e-06 1.413051092661253155e-05
1.449247265126399619e-06 1.414660799851250131e-05
1.493581819800834703e-06 1.416013203843980293e-05
1.537793062269673636e-06 1.417111861551385510e-05
1.581872782372956014e-06 1.417960355909847313e-05
1.625812758872725650e-06 1.418562294753057942e-05
1.669604757302880631e-06 1.418921309734671684e-05
1.713240527633075085e-06 1.419041055319300426e-05
1.756711801930942976e-06 1.418925207818570673e-05
1.800010291768949089e-06 1.418577464440386331e-05
1.843127685867585918e-06 1.418001542429284451e-05
1.886055647375618641e-06 1.417201178239179824e-05
1.928785811281843807e-06 1.416180126746537951e-05
1.971309781590882443e-06 1.414942160524614685e-05
2.013619128538543139e-06 1.413491069185443930e-05
2.055705385783948492e-06 1.411830658714560694e-05
2.097560047172184496e-06 1.409964750914467909e-05
2.139174563850068653e-06 1.407897182869233857e-05
2.180540340941331357e-06 1.405631806479458709e-05
2.221648734479591754e-06 1.403172488019211755e-05
2.262491048020131930e-06 1.400523107772900922e-05
2.303058529083223358e-06 1.397687559734403626e-05
2.343342365762076728e-06 1.394669751310244736e-05
2.383333683144489435e-06 1.391473603110992189e-05
2.423023539406684527e-06 1.388103048822007040e-05
2.462402922303304431e-06 1.384562035070664609e-05
2.501462744881008347e-06 1.380854521407226622e-05
2.540193841538984687e-06 1.376984480292136386e-05
2.578586964088467412e-06 1.372955897181109349e-05
2.616632777233593331e-06 1.368772770648816008e-05
2.654321854280743157e-06 1.364439112602468208e-05
2.691644672769523544e-06 1.359958948491601421e-05
2.728591609260820043e-06 1.355336317671364638e-05
2.765152934999276912e-06 1.350575273760037389e-05
2.801318810754922367e-06 1.345679885080972911e-05
2.837079281938960616e-06 1.340654235164660323e-05
2.872424273046056653e-06 1.335502423366323967e-05
2.907343582219247712e-06 1.330228565491141290e-05
2.941826875695019033e-06 1.324836794571141466e-05
2.975863681988505693e-06 1.319331261584466642e-05
3.009443385649225850e-06 1.313716136407095278e-05
3.042555221213649215e-06 1.307995608771787458e-05
3.075188266679527318e-06 1.302173889283768364e-05
3.107331436780630633e-06 1.296255210522474706e-05
3.138973475375584953e-06 1.290243828317673044e-05
3.170102949002014186e-06 1.284144023017217217e-05
3.200708238733254545e-06 1.277960100932486018e-05
3.230777532453109975e-06 1.271696395810302153e-05
3.260298816206546322e-06 1.265357270417805601e-05
3.289259866021224843e-06 1.258947118303073765e-05
3.317648238501509652e-06 1.252470365581344040e-05
3.345451261457924333e-06 1.245931472908029855e-05
3.372656023791061168e-06 1.239334937513843701e-05
3.399249364919229295e-06 1.232685295387833293e-05
3.425217863987767411e-06 1.225987123599682488e-05
3.450547827419595766e-06 1.219245042776916056e-05
3.475225277533581090e-06 1.212463719721297041e-05
3.499235938957332752e-06 1.205647870109882696e-05
3.522565224980789624e-06 1.198802261441237832e-05
3.545198223130504452e-06 1.191931716220621923e-05
3.567119679298583384e-06 1.185041115106981455e-05
3.588313981188191468e-06 1.178135400383698596e-05
3.608765140861358220e-06 1.171219579633233916e-05
3.628456775434489866e-06 1.164298729736486128e-05
3.647372087158668835e-06 1.157378000749170776e-05
3.665493842129273529e-06 1.150462620507198172e-05
3.682804345840338960e-06 1.143557898934513729e-05
3.699285420543761207e-06 1.136669233146614275e-05
3.714918376117522387e-06 1.129802112569012639e-05
3.729683983227777826e-06 1.122962124296439677e-05
3.743562440289771403e-06 1.116154959124623819e-05
3.756533340989048372e-06 1.109386417494859437e-05
3.768575637900688927e-06 1.102662416139043507e-05
3.779667601551246179e-06 1.095988994994797190e-05
3.789786779735627487e-06 1.089372324762133396e-05
3.798909948648469199e-06 1.082818714794647123e-05
3.807013063384338859e-06 1.076334621361888522e-05
3.814071202090067103e-06 1.069926656801237775e-05
3.820058506633779806e-06 1.063601599123775239e-05
3.824948116084728762e-06 1.057366402302839310e-05
3.828712092211695241e-06 1.051228207297046375e-05
3.831321344332700549e-06 1.045194353955624686e-05
3.832745540565032154e-06 1.039272393985755919e-05
3.832953011538786108e-06 1.033470104257846812e-05
3.831910647989220004e-06 1.027795502091574298e-05
3.829583782444674058e-06 1.022256861082033746e-05
3.825936065269768915e-06 1.016862728669685784e-05
3.820929322423436408e-06 1.011621944629491934e-05
3.814523400965865567e-06 1.006543662232226245e-05
3.806675999423652194e-06 1.001637370140331869e-05
3.797342479274702189e-06 9.969129173289918868e-06
3.786475652927004993e-06 9.923805400674654825e-06
3.774025552534969212e-06 9.880508914077380307e-06
3.759939175312837758e-06 9.839350736899464493e-06
3.744160197817006064e-06 9.800446753232992388e-06
3.726628655781184080e-06 9.763918105731860764e-06
3.707280599097153928e-06 9.729891641821077601e-06
3.686047695216079645e-06 9.698500422278777627e-06
3.662856793905075858e-06 9.669884275719259906e-06
3.637629452633533866e-06 9.644190430806870180e-06
3.610281400303144041e-06 9.621574235684523906e-06
3.580721938027692088e-06 9.602199965559170416e-06
3.548853291700642881e-06 9.586241752819790309e-06
3.514569874463494282e-06 9.573884631647789392e-06
3.477757493983574916e-06 9.565325764294768733e-06
3.438292465549598870e-06 9.560775835264679709e-06
3.396040652571999070e-06 9.560460660525184362e-06
3.350856408873297979e-06 9.564623073110130406e-06
3.302581465546361600e-06 9.573525104623281060e-06
3.251043718865839051e-06 9.587450527254901759e-06
3.196055975755404156e-06 9.606707861847941282e-06
3.137414669513462032e-06 9.631633873536446912e-06
3.074898595223089074e-06 9.662597685085837896e-06
3.008267714130395266e-06 9.700005613798490565e-06
2.937262179085941175e-06 9.744306826368025667e-06
2.861601649201646994e-06 9.795999936825564556e-06
2.780985149081562869e-06 9.855640704804547025e-06
2.695091666979986080e-06 9.923850870960564002e-06
2.603581879728806588e-06 1.000132817635852109e-05
2.506101326892286497e-06 1.008885763256421852e-05
2.402285518993374029e-06 1.018732380855646489e-05
2.291767446313129115e-06 1.029772391702211342e-05
2.174187879508348992e-06 1.042118123126684805e-05
2.049208799133379792e-06 1.055895814430176294e-05
1.916530060238938229e-06 1.071246816548716672e-05
1.775909127840629360e-06 1.088328592932371962e-05
1.627183348913148539e-06 1.107315450129707154e-05
1.470294133102723844e-06 1.128398940061724854e-05
1.305312030545360296e-06 1.151787910954347392e-05
1.132461908220354831e-06 1.177708209449493482e-05
9.521475165604068993e-07 1.206402084621848754e-05
7.649749158862252033e-07 1.238127346426990602e-05
5.717746222428551737e-07 1.273156339430557072e-05
3.736225861896681373e-07 1.311774800971008188e-05
1.718602547108495575e-07 1.354280631398884372e-05
-3.188601028476859407e-08 1.400982606431326560e-05
-2.356856789427197780e-07 1.452199050997336391e-05
-4.372846368521869219e-07 1.508256463665129153e-05
-6.340853520385736781e-07 1.569488074601668200e-05
-8.231262991417742647e-07 1.636232325645298782e-05
-1.001060459068074625e-06 1.708831243020073233e-05
-1.164132788719469293e-06 1.787628667718451015e-05
-1.308156545661870535e-06 1.872968324705682184e-05
-1.428488353303615952e-06 1.965191690220019407e-05
-1.520002102714933137e-06 2.064635625809386877e-05
-1.577061588032939104e-06 2.171629743741365431e-05
-1.593491962017117193e-06 2.286493464022518255e-05
-1.562550125115549167e-06 2.409532733088737646e-05
-1.476894010314889024e-06 2.541036351474061623e-05
-1.328551019971714250e-06 2.681271878200501920e-05
-1.108885716028391641e-06 2.830481054527824022e-05
-8.085669465191163503e-07 2.988874708377182196e-05
-4.175347279665934496e-07 3.156627083601429637e-05
7.503291358299709062e-08 3.333869538975822570e-05
6.807527963563219677e-07 3.520683553644060105e-05
1.412068551748908788e-06 3.717092984187728079e-05
2.282281432525914001e-06 3.923055499478430349e-05
3.305579236313247837e-06 4.138453126940220487e-05
4.497062765488276412e-06 4.363081835301751315e-05
5.872768855431039940e-06 4.596640074776601966e-05
7.449689321402912104e-06 4.838716192708198208e-05
9.245784502720344304e-06 5.088774644815018041e-05
1.127999033058092640e-05 5.346140910624442753e-05
1.357221751583192988e-05 5.609985024235501631e-05
1.614334112377629836e-05 5.879303631973082376e-05
1.901517878776651642e-05 6.152900490402686442e-05
2.221045547169821533e-05 6.429365307384289120e-05
2.575275230544190073e-05 6.707050856224184535e-05
2.966643686465934669e-05 6.984048274123436540e-05
3.397657175270218450e-05 7.258160482172345445e-05
3.870879812409547569e-05 7.526873663155066402e-05
4.388919014537775466e-05 7.787326773372010001e-05
4.954407605285912484e-05 8.036279049146194831e-05
5.569982101562496844e-05 8.270075542956574878e-05
6.238256621753543690e-05 8.484610714371079449e-05
6.961791818234990231e-05 8.675290177862708500e-05
7.743058153373750152e-05 8.836990757308018621e-05
8.584392790618575100e-05 8.964019040525956822e-05
9.487949273595427642e-05 9.050068745266160017e-05
1.045563910129357680e-04 9.088177277680389171e-05
1.148906422655888228e-04 9.070681985363423649e-05
1.258943942354142091e-04 8.989176751248250763e-05
1.375750337988651518e-04 8.834469734612715236e-05
1.499341730375644522e-04 8.596543258809724141e-05
1.629664973969904146e-04 8.264517070074138961e-05
1.766584625136449250e-04 7.826616452100064957e-05
1.909868255288668410e-04 7.270146988689765537e-05
2.059169964419828790e-04 6.581478131381859203e-05
2.214011950592009454e-04 5.746038110275118597e-05
2.373763991438774265e-04 4.748323229158119929e-05
2.537620707350393408e-04 3.571925070798838788e-05
2.704576481036978682e-04 2.199579789144770481e-05
2.873397935498750704e-04 6.132443062273259258e-06
3.042593906305074620e-04 -1.205794986781764423e-05
3.210382875808602738e-04 -3.276774606098301849e-05
3.374657910044453297e-04 -5.619260057404811427e-05
3.532949202528548041e-04 -8.252897268814851162e-05
3.682384435182842804e-04 -1.119709989100407842e-04
3.819647289539499814e-04 -1.447066188254307378e-04
3.940934599459942509e-04 -1.809128354292985266e-04
4.041912828869123338e-04 -2.207499796551338806e-04
4.117674804761322998e-04 -2.643548363282001716e-04
4.162697918623325770e-04 -3.118324782025039678e-04
4.170805370872456203e-04 -3.632466435970318000e-04
4.135132450689113005e-04 -4.186084872226895491e-04
4.048100346417377428e-04 -4.778635288120568897e-04
3.901400571282155443e-04 -5.408766265417869071e-04
3.685993780914583145e-04 -6.074148116154017528e-04
3.392127549411319922e-04 -6.771278388021913577e-04
3.009378579032083618e-04 -7.495263417147213312e-04
2.526725844913464453e-04 -8.239575309741187844e-04
1.932662310051142776e-04 -8.995784460388630156e-04
1.215354091716234304e-04 -9.753268725234905167e-04
3.628572835619626059e-05 -1.049890172030182355e-03
-6.365959779385205273e-05 -1.121672450897487306e-03
-1.794229239700636993e-04 -1.188760724677489318e-03
-3.120256990089843841e-04 -1.248891029715668314e-03
-4.623308085764729755e-04 -1.299415800546158172e-03
-6.309721229487939842e-04 -1.337274286470085125e-03
-8.182696174678448075e-04 -1.358968330176859706e-03
-1.024128496503657216e-03 -1.360546494742078056e-03
-1.247920933247095507e-03 -1.337600301943998871e-03
-1.488349381486863505e-03 -1.285277247893087818e-03
-1.743290978361579239e-03 -1.198316281932624867e-03
-2.009623408606474489e-03 -1.071112566542842086e-03
-2.283033820813415785e-03 -8.978195412622352314e-04
-2.557814067783860390e-03 -6.724975527224951420e-04
-2.826647798842534497e-03 -3.893194924534223913e-04
-3.080397876885058832e-03 -4.284489153188607465e-05
-3.307906340726455945e-03 3.716254262621876501e-04
-3.495823809210912587e-03 8.576019701081814394e-04
-3.628490899400689616e-03 1.416855187535746331e-03
-3.687900961044644939e-03 2.048750964109086192e-03
-3.653781148673114661e-03 2.749468026768835116e-03
-3.503837393943174620e-03 3.511098923346286406e-03
-3.214217801437982934e-03 4.320646247670356481e-03
-2.760257703814000471e-03 5.158940047491337999e-03
-2.117577001565791161e-03 5.999521811063006534e-03
-1.263604867495593358e-03 6.807566092032471192e-03
-1.796061705629666515e-04 7.538943417271442432e-03
1.146725033214547346e-03 8.139568088727665643e-03
2.718060869797089829e-03 8.545221444643265329e-03
4.523618367152794362e-03 8.682093580638334390e-03
6.534777758158100830e-03 8.468341017227576026e-03
8.700288098340499404e-03 7.817008279332172266e-03
1.094133561731927377e-02 6.640698072296128719e-03
1.314691955204300503e-02 4.858383257475505299e-03
1.517019317864403555e-02 2.404713924374185866e-03
1.682668078964083547e-02 -7.579421602280965800e-04
1.789556039955928629e-02 -4.624710462199485041e-03
1.812547793794980905e-02 -9.131025387982031130e-03
1.724658053974415656e-02 -1.413395663106869517e-02
1.499054456992049075e-02 -1.939371853039877081e-02
1.112021394823466645e-02 -2.455802471286545191e-02
5.469904794583575411e-03 -2.915313142688053666e-02
-2.003709477517578649e-03 -3.258668309387798001e-02
-1.116213725381094181e-02 -3.416862558729730909e-02
-2.162189712990417526e-02 -3.315713618236600102e-02
-3.269636301930407135e-02 -2.883620819929166856e-02
-4.335605984936605206e-02 -2.062951528070467930e-02
-5.222586310599453691e-02 -8.250621046678806303e-03
-5.764179651787787462e-02 8.118344251884457297e-03
-5.779176234743117757e-02 2.763929620829522898e-02
-5.096094368273037384e-02 4.865745016225959951e-02
-3.589050170895703717e-02 6.862022793804595233e-02
-1.223421405205050994e-02 8.414464440304222914e-02
1.894025289100462195e-02 9.130909544577546499e-02
5.470943243411658524e-02 8.623381060585970370e-02
9.007138952593168879e-02 6.597174853228610081e-02
1.181462868800016996e-01 2.964765260896765758e-02
1.310082114380325957e-01 -2.034553233513836101e-02
1.212827363355140076e-01 -7.744182086953504962e-02
8.445659004385495938e-02 -1.307818014217215219e-01
2.152767866150670506e-02 -1.664191484648688268e-01
-5.878599352251696886e-02 -1.702417878044720501e-01
-1.394329291285922867e-01 -1.325308007982856084e-01
-1.972651993937888371e-01 -5.327582152142858185e-02
-2.089042462360197194e-01 5.362804534858897632e-02
-1.597233372900398463e-01 1.599355441245223775e-01
-5.341151670441594834e-02 2.288267526890966908e-01
8.248519060549169835e-02 2.275648980473571892e-01
2.003638167303525286e-01 1.440638313123599190e-01
2.486826827325545608e-01 0.000000000000000000e+00
1.971720251403029367e-01 -1.493128599459434269e-01
5.964297134093518582e-02 -2.349089639578456346e-01
-1.020891964599060925e-01 -2.100701449829932010e-01
-2.043597257520816668e-01 -8.383491053566979878e-02
-1.907456263799303942e-01 7.378023045840800820e-02
-7.421505004211365053e-02 1.693435847926863247e-01
6.440400281252044168e-02 1.494249245611360966e-01
1.322297979132347479e-01 4.259784337177024982e-02
9.629434278031263894e-02 -6.219155100134453329e-02
7.171763118248561386e-03 -9.074407512577239987e-02
-5.305366952478315218e-02 -4.447862960913920305e-02
-4.811073123206811852e-02 1.421983993183006077e-02
-9.059178071655935721e-03 3.322575681987786217e-02
1.567555037789077413e-02 1.580116022329552602e-02
1.290982661039446339e-02 -3.793692167994274292e-03
1.398306451086737175e-03 -7.428434540232006084e-03
-3.145970412832262836e-03 -2.339192082128973248e-03
-1.646064062786890088e-03 8.786144355962524286e-04
4.354688689353939605e-05 8.095307685812750493e-04
2.965531308070962929e-04 1.207748307325111212e-04
8.538026751489421464e-05 -7.647341718425811129e-05
-9.330698971093869944e-06 -3.592691195789287007e-05
-1.051741030119993819e-05 -2.737515470561969141e-06
-2.075462658300879375e-06 1.993865973579902687e-06
1.120088224759133727e-07 6.811041266566919014e-07
1.318653768832988058e-07 7.200831277163413626e-08
2.808149996367572232e-08 -9.940320151209505460e-09
2.443270993999061795e-09 -4.877031034422819652e-09
-1.921146968317233263e-10 -9.560809190987178956e-10
-1.046439689987947432e-10 -1.704214922636748319e-10
-2.332006413190541750e-11 -7.618238073673932704e-11
4.425195781559966501e-12 -6.145072820478038540e-11
7.921725521771860061e-12 -5.893820839354605759e-11
1.528005387638279145e-11 -5.981282964278920316e-11
2.607446393598465581e-11 -5.561798271577068912e-11
3.344128249048453114e-11 -5.038916756173584390e-11
3.489197500886304444e-11 -4.527272272151712668e-11
3.057522035377675930e-11 -4.340134571150798042e-11
4.024357175916364591e-11 -3.320279399619367309e-11
4.489437768867545462e-11 -2.813920706803649749e-11
4.212000462657799979e-11 -2.555709360898510336e-11
4.824981227509527165e-11 -2.277259161770451432e-11
5.034537716818813259e-11 -1.499948913108677121e-11
4.851292710594798003e-11 -5.838829956708858903e-12
4.865824540491522833e-11 -2.916624199773544108e-12
5.277912272156186997e-11 5.779310298396824726e-12
4.795591290565937369e-11 8.169971839995593834e-12
4.526026724315555682e-11 1.532159882659708845e-11
5.628271597456298369e-11 2.628301058448385416e-11
4.392244926028602857e-11 2.028663532183353061e-11
4.115815010037054291e-11 3.670895160813828504e-11
4.470397451821102901e-11 3.143907328082758346e-11
3.541925864422418785e-11 5.608147546061617054e-11
3.824366303609176093e-11 3.895234347969378629e-11
3.902750726738550157e-11 5.560438058378964717e-11
2.470305248663604142e-11 5.791716088743606160e-11
2.284625762507174285e-11 6.372265174703983876e-11
1.763138912482520434e-11 6.428205944907934285e-11
1.688674721642313359e-11 6.613000762666505873e-11
5.970440424786294573e-12 7.310889215390835279e-11
2.653198970444891918e-12 7.624308515683653673e-11
-1.572642685426348665e-12 7.471389677999033974e-11
-8.427245360981680311e-12 7.769367174840677934e-11
-1.712045218753627909e-11 7.973998992572039085e-11
-2.327940916841437085e-11 8.482567348500748669e-11
-3.269570267480629357e-11 8.542047225248504475e-11
-3.916402204577555361e-11 8.498385938982934766e-11
-4.514263151677881178e-11 8.376864282064931392e-11
-5.298927940625522403e-11 8.482153955406620282e-11
-6.104381086963199231e-11 8.350051284552562460e-11
-6.747481293459731723e-11 8.031718695283351370e-11
-7.508613414835174129e-11 7.856546136861502630e-11
-8.304628029870397762e-11 7.541930619126232629e-11
-9.151467183495787214e-11 7.187847841452296711e-11
-9.984828424111230576e-11 6.839199243667870928e-11
-1.071683577398128833e-10 6.381567592514014555e-11
-1.129294018730494848e-10 5.783661262252197628e-11
-1.192156140008125412e-10 5.130681279016347549e-11
-1.254271541168811103e-10 4.459560355304418940e-11
-1.312773533777682433e-10 3.712420075509991755e-11
-1.365265486525384256e-10 2.888915316682897073e-11
-1.412334560635847190e-10 1.927933956613950086e-11
-1.451850933450417675e-10 9.646534574764176693e-12
-1.483136108086577956e-10 -8.938069206230279585e-13
-1.504280052882203534e-10 -1.193750165366734091e-11
-1.522281680572624855e-10 -2.394602125335070277e-11
-1.531465862295367935e-10 -3.729026001297241776e-11
-1.526133636595703617e-10 -5.120620235904357553e-11
-1.502680308832332161e-10 -6.574695948336533174e-11
-1.466184482471541636e-10 -8.113462009725414480e-11
-1.413566557553182160e-10 -9.753779756834891784e-11
-1.348121216395016816e-10 -1.143921390116068747e-10
-1.267594608277674281e-10 -1.325581276979393968e-10
-1.169818983121760405e-10 -1.509966093587725521e-10
-1.048895017683455581e-10 -1.703549742468712272e-10
-9.067508622804670022e-11 -1.900702348723097405e-10
-7.378602644073550923e-11 -2.101977450069587528e-10
-5.458816567334345850e-11 -2.313615249116384323e-10
-3.279318409991091992e-11 -2.536092713366514615e-10
-7.974838893285901939e-12 -2.764229882777871082e-10
1.979650807863450249e-11 -2.995364867311256931e-10
5.091613390538754172e-11 -3.230266368924471451e-10
8.570385412780678511e-11 -3.467560818834904216e-10
1.240125377087935710e-10 -3.710515516452972422e-10
1.662195174033426965e-10 -3.956591830848142990e-10
2.125045331254525535e-10 -4.209663533742742078e-10
2.632264067227346216e-10 -4.464830391099912357e-10
3.189118100017642066e-10 -4.724406903201778822e-10
3.794979803107401473e-10 -4.985697604838698789e-10
4.453757117617167409e-10 -5.247226369697137792e-10
5.167541521025295200e-10 -5.507660189505318699e-10
5.937902622281337067e-10 -5.768143440244653885e-10
6.772132527235962709e-10 -6.026396512208508498e-10
7.672861633163122465e-10 -6.281937161880627472e-10
8.643210424265090462e-10 -6.537037879346464932e-10
9.685099792750575796e-10 -6.791352992447295532e-10
1.080466809149793108e-09 -7.044387890274692640e-10
1.200418366210463159e-09 -7.299646762780443714e-10
1.328687267160726668e-09 -7.557391492311630788e-10
1.465663506242796150e-09 -7.821602942288617908e-10
1.611569266561151807e-09 -8.095258489499923531e-10
1.766711102103944364e-09 -8.381724929373532409e-10
1.931270444551560066e-09 -8.686682644799861715e-10
2.104843677018460359e-09 -9.017250525810225293e-10
2.287075740416728187e-09 -9.380422213851099690e-10
2.477453843504866521e-09 -9.784637822670256106e-10
2.674764709983447358e-09 -1.024138205301502275e-09
2.877401182433908532e-09 -1.076152812204502256e-09
3.082887135198409659e-09 -1.135378870784268957e-09
3.287843608258256495e-09 -1.202561493310483364e-09
3.488338552900170010e-09 -1.278020447214110742e-09
3.679117042311784995e-09 -1.361246830328013066e-09
3.853548046984581727e-09 -1.450552618341679690e-09
4.004026096946728164e-09 -1.542393827848811338e-09
4.121858648429347029e-09 -1.630674903798129470e-09
4.198246344100759349e-09 -1.706118564397690935e-09
4.225067556034795229e-09 -1.755521860955321401e-09
4.196213614001826269e-09 -1.761303999659823566e-09
4.109499716957058041e-09 -1.701790053249258492e-09
3.968347311866819321e-09 -1.551724117228368655e-09
3.783689920533557392e-09 -1.284416047819488604e-09
3.574935451391118708e-09 -8.744981802977237970e-10
3.369823584160365766e-09 -3.008488188654655069e-10
3.202596519122239662e-09 4.503111638132799454e-10
3.111412233076947186e-09 1.383403983947307276e-09
3.134879624810976945e-09 2.492636653679875449e-09
3.308905191532499922e-09 3.762733212708211992e-09
3.663996004280228016e-09 5.170441084766787550e-09
4.223763075481677662e-09 6.686646253752709480e-09
5.003918176703839511e-09 8.278920426943481443e-09
6.012463875410501337e-09 9.913672670630702733e-09
7.250195956415602075e-09 1.155810024571073735e-08
8.711767142709873542e-09 1.318153788323565141e-08
1.038672316642728507e-08 1.475628585044188076e-08
1.226069052159361806e-08 1.625828894960638216e-08
1.431635025202882151e-08 1.766725211947499933e-08
1.653441385604478587e-08 1.896678059954841224e-08
1.889439816750490267e-08 2.014405967982448824e-08
2.137520351773613688e-08 2.118960885585004467e-08
2.395557874966683163e-08 2.209697903469911086e-08
2.661447649279127049e-08 2.286231773049224662e-08
2.933128345518109698e-08 2.348403752616759804e-08
3.208594186029402689e-08 2.396245242518528231e-08
3.485903593565357339e-08 2.429944832442715009e-08
3.763178137420246897e-08 2.449821801297564684e-08
4.038600156609974527e-08 2.456301065342715212e-08
4.310405035339260391e-08 2.449888669218485232e-08
4.576873938076215203e-08 2.431155413433842920e-08
4.836324921110425225e-08 2.400723234879406161e-08
5.087101962452372704e-08 2.359248500059961282e-08
5.327564776795067902e-08 2.307414406444094141e-08
5.556078483646911066e-08 2.245923279856711231e-08
5.771006052955534828e-08 2.175490460167084325e-08
5.970699120133331297e-08 2.096838059583314230e-08
6.153492111163636767e-08 2.010693184290097875e-08
6.317697465161315097e-08 1.917784866193074722e-08
6.461601189409990915e-08 1.818842130289328334e-08
6.583463885971221386e-08 1.714593086106740406e-08
6.681520261556006950e-08 1.605763262905719984e-08
6.753983278067821986e-08 1.493075505746349383e-08
6.799050772966110202e-08 1.377248137062575478e-08
6.814914905181015475e-08 1.258993670510748980e-08
6.799775393469367256e-08 1.139017060391479061e-08
6.751855599836690861e-08 1.018013544740700070e-08
6.669422565327405182e-08 8.966657664717066151e-09
6.550811603892639562e-08 7.756398230480696977e-09
6.394455265659366679e-08 6.555804467578273560e-09
6.198915985113836488e-08 5.371062743078365951e-09
5.962925338053558868e-08 4.208026900754164387e-09
5.685426535855679810e-08 3.072146880513879486e-09
5.365623243947954605e-08 1.968383789904731860e-09
5.003033126133597018e-08 9.011098044054625527e-10
4.597546329125497066e-08 -1.259816163783230633e-10
4.149488448716528685e-08 -1.109991734242948364e-09
3.659688884633178672e-08 -2.048922226335080551e-09
3.129551808676449944e-08 -2.941782167276249441e-09
2.561130417499673009e-08 -3.788695590726083381e-09
1.957202223938066470e-08 -4.590992619222511613e-09
1.321344595755787611e-08 -5.351285853488214393e-09
6.580076809650562042e-09 -6.073519047901450271e-09
-2.741702961160902604e-10 -6.762977902028753407e-09
-7.285361743651384555e-09 -7.426260018998921664e-09
-1.437905743870153525e-08 -8.071181414995368238e-09
-2.146997378773298888e-08 -8.706612898659723058e-09
-2.846185544421382672e-08 -9.342232182012750564e-09
-3.524761086342029562e-08 -9.988178075051257014e-09
-4.170976610939250432e-08 -1.065458943763694941e-08
-4.772130835264579590e-08 -1.135102445553516730e-08
-5.314698884054053453e-08 -1.208574704934426358e-08
-5.784515613013824418e-08 -1.286487800921456757e-08
-6.167018994629204627e-08 -1.369141333081015281e-08
-6.447560680186084023e-08 -1.456412087701897481e-08
-6.611789031445082541e-08 -1.547633666376272171e-08
-6.646109249534669883e-08 -1.641469956586579176e-08
-6.538222101514082351e-08 -1.735787296942039159e-08
-6.277740614910513932e-08 -1.827533139631853305e-08
-5.856878719732557111e-08 -1.912630469112514101e-08
-5.271200962134150353e-08 -1.985900048347713792e-08
-4.520416541315535682e-08 -2.041024816741952470e-08
-3.609191369120913189e-08 -2.070573560438783781e-08
-2.547944107363565221e-08 -2.066102565410489827e-08
-1.353580677569479410e-08 -2.018355726812296731e-08
-5.011158392312899931e-10 -1.917583491702963489e-08
1.330915547068481359e-08 -1.753999782530634960e-08
2.750246813058650765e-08 -1.518392423977246298e-08
4.161103687063249557e-08 -1.202895387067672678e-08
5.509809532760909885e-08 -8.019215000751400531e-09
6.736955989292290481e-08 -3.132387075150833152e-09
7.779198846415827465e-08 2.608462708187168528e-09
8.571757709690407756e-08 9.122583640814813258e-09
9.051666796379213659e-08 1.625969721793046734e-08
9.161783211520747201e-08 2.378986052996185836e-08
8.855503858885422788e-08 3.139665878087949872e-08
8.102075278221067556e-08 3.867572976822281610e-08
6.892317896637634091e-08 4.514100964358064926e-08
5.244578055884463262e-08 5.024159661652798974e-08
3.211000291596265048e-08 5.339342894926587785e-08
8.863604909374230041e-09 5.403701152353442474e-08
-1.597219814862128363e-08 5.171522758744577722e-08
-4.085962713479134413e-08 4.604599725772522252e-08
