-1.584907691086019556e-03 2.729190947650859522e-03
-1.571179667380425684e-03 2.705320829357515163e-03
-1.551544741456253136e-03 2.671695907670476513e-03
-1.526011791715181989e-03 2.628649884530032815e-03
-1.494173989288004713e-03 2.576033369232684934e-03
-1.456511948821728394e-03 2.514966699763564791e-03
-1.413585611957367347e-03 2.446467654869166619e-03
-1.365960012838065944e-03 2.371472128551924217e-03
-1.314184159964450031e-03 2.290845817677007387e-03
-1.258783495116576941e-03 2.205391726565458961e-03
-1.200256727886562895e-03 2.115855174685771310e-03
-1.139074390765951617e-03 2.022927373229076869e-03
-1.075678218168029049e-03 1.927248209159302186e-03
-1.010481003328014436e-03 1.829408607004841389e-03
-9.438667792492271219e-04 1.729952678887113938e-03
-8.761912428716964012e-04 1.629379779359580588e-03
-8.077823715904337148e-04 1.528146526399434216e-03
-7.389411947927727441e-04 1.426668817413396162e-03
-6.699426900174788955e-04 1.325323850207547373e-03
-6.010367776373648713e-04 1.224452148030643738e-03
-5.324493911014600801e-04 1.124359581949062195e-03
-4.643836023974893829e-04 1.025319380995148204e-03
-3.970207848144047518e-04 9.275741195122430040e-04
-3.305217972006054580e-04 8.313376712181270046e-04
-2.650281760212480847e-04 7.367971203005078094e-04
-2.006633233903866399e-04 6.441146208939304467e-04
-1.375336809821893524e-04 5.534291975992489511e-04
-7.572988136048263591e-05 4.648584809837438955e-04
-1.532786968969147606e-05 3.785003732480779373e-04
4.361000990573596478e-05 2.944346404889488177e-04
1.010339679122280890e-04 2.127244290193045027e-04
1.569057664640830820e-04 1.334177042454244956e-04
2.111977625307444025e-04 5.654861140149771602e-05
2.638919991228370204e-04 -1.786124176401857847e-05
3.149793457655275454e-04 -8.980157964525989410e-05
3.644586889138034581e-04 -1.592723295575018010e-04
4.123361725245707106e-04 -2.262825669585866726e-04
4.586244886630967818e-04 -2.908495331262711363e-04
5.033422176923194047e-04 -3.529977230333577630e-04
5.465132174428992884e-04 -4.127580410028062335e-04
5.881660605780845335e-04 -4.701670216147815383e-04
6.283335193804722406e-04 -5.252661133266137540e-04
6.670520971352098243e-04 -5.781010223129772309e-04
7.043616054044100081e-04 -6.287211141333614531e-04
7.403047867142275142e-04 -6.771788710877470327e-04
7.749269823298643705e-04 -7.235294034140200619e-04
8.082758452390724274e-04 -7.678300129522295115e-04
8.404010988817473601e-04 -8.101398084683804346e-04
8.713543428063141166e-04 -8.505193727432916288e-04
9.011889071439612179e-04 -8.890304827149567287e-04
9.299597587666412653e-04 -9.257358856869934852e-04
9.577234630268029398e-04 -9.606991369819330379e-04
9.845382062339644476e-04 -9.939845080420490250e-04
1.010463885295373541e-03 -1.025656979195055558e-03
1.035562271709261932e-03 -1.055782339500429840e-03
1.059897256764601083e-03 -1.084427427563841974e-03
1.083535181043080321e-03 -1.111660566446540923e-03
1.106545239823894262e-03 -1.137552272912863757e-03
1.128999927162332908e-03 -1.162176362324683285e-03
1.150975414343719970e-03 -1.185611624221430231e-03
1.172551616430159279e-03 -1.207944294030275463e-03
1.193811421487480252e-03 -1.229271531307092819e-03
1.214838116651739469e-03 -1.249705834125465790e-03
1.235709672749009912e-03 -1.269379404281560653e-03
1.256489224209658391e-03 -1.288445788088273935e-03
1.277214069274140284e-03 -1.307075265702281781e-03
1.297888866591802521e-03 -1.325443727483466847e-03
1.318486686257595028e-03 -1.343720315116498937e-03
1.338955509733118741e-03 -1.362059327869140140e-03
1.359225583899730796e-03 -1.380597308580995075e-03
1.379215117268299063e-03 -1.399453367323759455e-03
1.398833948062770585e-03 -1.418730814283908088e-03
1.417985636522746049e-03 -1.438519030907922571e-03
1.436568505981926976e-03 -1.458895138639724684e-03
1.454476017407520640e-03 -1.479925336448294562e-03
1.471596724777942018e-03 -1.501665900267060670e-03
1.487813959768142288e-03 -1.524163877172224433e-03
1.503005333370250425e-03 -1.547457509924305384e-03
1.517042104825637450e-03 -1.571576420391669485e-03
1.529788446426522293e-03 -1.596541572783855868e-03
1.541100620438618993e-03 -1.622365021889417974e-03
1.550826077999368840e-03 -1.649049451070767414e-03
1.558802482681432124e-03 -1.676587487789922819e-03
1.564856664508720938e-03 -1.704960780377776011e-03
1.568803506813159273e-03 -1.734138813251215588e-03
1.570444771950127785e-03 -1.764077425038694741e-03
1.569567875548297069e-03 -1.794716990444013283e-03
1.565944623009900716e-03 -1.825980212503409885e-03
1.559329930601438281e-03 -1.857769464358906579e-03
1.549460566011494084e-03 -1.889963607799430506e-03
1.536053954448810682e-03 -1.922414202858331155e-03
1.518807118925730865e-03 -1.954941008936891562e-03
1.497395848961148015e-03 -1.987326664017201230e-03
1.471474225381127349e-03 -2.019310415709457598e-03
1.440674677530108701e-03 -2.050580766816226166e-03
1.404608807823810347e-03 -2.080766886073533509e-03
1.362869295885175145e-03 -2.109428639905376948e-03
1.315033290410055986e-03 -2.136045108378821153e-03
1.260667827072126969e-03 -2.160001482955122010e-03
1.199337969461288129e-03 -2.180574315522238772e-03
1.130618547290163827e-03 -2.196915195638317417e-03
1.054110616577298796e-03 -2.208033132686321870e-03
9.694639999313348338e-04 -2.212776222768795230e-03
8.764075587710357888e-04 -2.209813640647185183e-03
7.747891082163279458e-04 -2.197619677685928256e-03
6.646270586270886351e-04 -2.174462526057992142e-03
5.461758459212969668e-04 -2.138401907652543680e-03
4.200068584591426426e-04 -2.087301496680866748e-03
2.871053890842397175e-04 -2.018864486304082061e-03
1.489819795688781764e-04 -1.930703715682762812e-03
7.792372591908073871e-06 -1.820461025095246842e-03
-1.335464767558851079e-04 -1.685993665247182208e-03
-2.712673628960097952e-04 -1.525647293139644704e-03
-4.007287726342446043e-04 -1.338633010818797778e-03
-5.165133000384039726e-04 -1.125516453675547666e-03
-6.127275188183761495e-04 -8.888047720981432157e-04
-6.835988477232406678e-04 -6.335759486871073241e-04
-7.244622228936716630e-04 -3.680309906177289987e-04
-7.331826649063329831e-04 -1.037680024638456693e-04
-7.119388388030182136e-04 1.444931256976709816e-04
-6.690768622464545769e-04 3.599980659101593202e-04
-6.204648087207140271e-04 5.259159752119777495e-04
-5.895888190853662038e-04 6.276957116058564344e-04
-6.058435923197119481e-04 6.544510521979942036e-04
-7.014824833373409793e-04 5.969648426575789807e-04
-9.096910231507882678e-04 4.391951069411926352e-04
-1.269028949065916954e-03 1.399143000235782358e-04
-1.843721748616262718e-03 -4.002323538279878908e-04
-2.781786872790605047e-03 -1.396680964105581147e-03
-4.479231595402600671e-03 -3.280695976173839384e-03
-8.062781616231076351e-03 -6.808040573367035719e-03
-1.670659883039822546e-02 -1.274389279153591639e-02
-3.815535768459485388e-02 -1.901417393525328681e-02
-8.410832727420763932e-02 -1.010706528606423148e-02
-1.461335170529026450e-01 5.761556169730110144e-02
-1.393852709875073037e-01 2.175852937644767171e-01
5.060522050015049678e-02 3.587800621996367068e-01
3.272337484997669410e-01 2.747198732820591016e-01
4.315764068790252650e-01 0.000000000000000000e+00
3.126461807764457368e-01 -2.280460371702721090e-01
1.221011714940485327e-01 -2.951634893454617159e-01
-1.835831214327872385e-02 -2.494147262273052057e-01
-8.470767206137755356e-02 -1.700262115451151024e-01
-1.002853380257842930e-01 -1.008860721723207343e-01
-9.175761481514577156e-02 -5.346187523020808768e-02
-7.565032482585309914e-02 -2.484117115547073568e-02
-5.957262733604373056e-02 -8.973289102515831506e-03
-4.611939330176019480e-02 -7.931719232638339417e-04
-3.566004812412489761e-02 3.063301199852175652e-03
-2.778253001723786364e-02 4.605355762689038006e-03
-2.191287657366362135e-02 4.964711144333873970e-03
-1.753529874140247538e-02 4.755518352687043877e-03
-1.424559027115244320e-02 4.301448295237202124e-03
-1.174505896084994568e-02 3.767832843540786739e-03
-9.818706478505906735e-03 3.235398381392974067e-03
-8.313297419508694150e-03 2.740463657214246406e-03
-7.119696217568235140e-03 2.296548563379316975e-03
-6.159816175945517086e-03 1.905868601941371329e-03
-5.377349867046698345e-03 1.565380325715468599e-03
-4.731302450252506883e-03 1.269909102886942944e-03
-4.191509309646395710e-03 1.013722889482854229e-03
-3.735528308888898946e-03 7.912845016622522751e-04
-3.346475863243061032e-03 5.975752402555890071e-04
-3.011509916438148346e-03 4.281998467611083719e-04
-2.720757570474292668e-03 2.793846567689869942e-04
-2.466550032351622762e-03 1.479277481100933593e-04
-2.242871487916946009e-03 3.113149530443342413e-05
-2.044958147787161781e-03 -7.326736662320332836e-05
-1.869003650080319594e-03 -1.671631444962176833e-04
-1.711940487906367121e-03 -2.521392501127044930e-04
-1.571276288818010229e-03 -3.295182893180151275e-04
-1.444970051415097288e-03 -4.004045381182518189e-04
-1.331337743722258837e-03 -4.657195901743731484e-04
-1.228979689861468784e-03 -5.262321157487305457e-04
-1.136724253668570288e-03 -5.825826225943039113e-04
-1.053583822687533412e-03 -6.353040395563809041e-04
-9.787201529445792910e-04 -6.848388348110797524e-04
-9.114168882373900691e-04 -7.315532629643627625e-04
-8.510576254278361553e-04 -7.757492503115261204e-04
-7.971082959213446513e-04 -8.176743261375369037e-04
-7.491029274595430556e-04 -8.575299457998508679e-04
-7.066320730603138818e-04 -8.954784842204766568e-04
-6.693333559382628421e-04 -9.316491286162794077e-04
-6.368837035281683196e-04 -9.661428594578799940e-04
-6.089929384345547144e-04 -9.990366726865674944e-04
-5.853984613667101303e-04 -1.030387171308484989e-03
-5.658608228458285360e-04 -1.060233628357937566e-03
-5.501600134834059653e-04 -1.088600610149237239e-03
-5.380923483592071465e-04 -1.115500227057626345e-03
-5.294678349932315040e-04 -1.140934077979126977e-03
-5.241079404213377013e-04 -1.164894930958758736e-03
-5.218436872158819899e-04 -1.187368184751531192e-03
-5.225140251081748354e-04 -1.208333145469850595e-03
-5.259644290883917382e-04 -1.227764151767271389e-03
-5.320456881743429022e-04 -1.245631567208036698e-03
-5.406128500097591872e-04 -1.261902666840235233e-03
-5.515242998678151088e-04 -1.276542436701267030e-03
-5.646409495135976727e-04 -1.289514301623845109e-03
-5.798255218859367684e-04 -1.300780796686828566e-03
-5.969419126868914793e-04 -1.310304198265088574e-03
-6.158546214236038617e-04 -1.318047125461209272e-03
-6.364282423577329213e-04 -1.323973126767812383e-03
-6.585270077087220127e-04 -1.328047261471008208e-03
-6.820143815951044660e-04 -1.330236692204422302e-03
-7.067527030406510306e-04 -1.330511297189732392e-03
-7.326028813203582218e-04 -1.328844317017568262e-03
-7.594241513580036844e-04 -1.325213050548245709e-03
-7.870739004015946507e-04 -1.319599609194209693e-03
-8.154075854924921433e-04 -1.311991744639933464e-03
-8.442787684398828617e-04 -1.302383756274042145e-03
-8.735393045674463494e-04 -1.290777483353879387e-03
-9.030397320231051215e-04 -1.277183374162855307e-03
-9.326299178116594958e-04 -1.261621606983907460e-03
-9.621600239799848716e-04 -1.244123214995744488e-03
-9.914818550278822664e-04 -1.224731131570084208e-03
-1.020450625652183493e-03 -1.203501027517590470e-03
-1.048927146601159009e-03 -1.180501773073809645e-03
-1.076780343806430429e-03 -1.155815328954646649e-03
-1.103889929815658755e-03 -1.129535888033060586e-03
-1.130148937296521086e-03 -1.101768164630739745e-03
-1.155465769144023913e-03 -1.072624872306808270e-03
-1.179765445229469766e-03 -1.042223604622112033e-03
-1.202989860359197308e-03 -1.010683473363779014e-03
-1.225097054926427417e-03 -9.781219082882380064e-04
-1.246059682342128211e-03 -9.446519549337146961e-04
-1.265862965051584629e-03 -9.103802670534604218e-04
-1.284502442929712088e-03 -8.754058332475062564e-04
-1.301981762111333691e-03 -8.398193630692706154e-04
-1.318310668781596563e-03 -8.037031928898141601e-04
-1.333503289034373030e-03 -7.671315611869895627e-04
-1.347576716718631128e-03 -7.301711175826763964e-04
-1.360549892821710186e-03 -6.928815583882554563e-04
-1.372442740309166810e-03 -6.553163134766676638e-04
-1.383275512676645060e-03 -6.175232332560497053e-04
-1.393068315148700016e-03 -5.795452451151945211e-04
-1.401840762039208111e-03 -5.414209620736346561e-04
-1.409611739750135130e-03 -5.031852362772336329e-04
-1.416399250184648649e-03 -4.648696556129245966e-04
-1.422220315149772462e-03 -4.265029848036915473e-04
-1.427090926184909798e-03 -3.881115552982039151e-04
-1.431026027879465402e-03 -3.497196081211847193e-04
-1.434039525615900864e-03 -3.113495944092736366e-04
-1.436144310964780927e-03 -2.730224388500567608e-04
-1.437352299403606972e-03 -2.347577701624464200e-04
-1.437674476448997339e-03 -1.965741226840018790e-04
-1.437120949385462670e-03 -1.584891129018653130e-04
-1.435701002337441169e-03 -1.205195938398254335e-04
-1.433423153099631139e-03 -8.268179043210152970e-05
-1.430295210622642421e-03 -4.499141816530449712e-05
-1.426324332282728757e-03 -7.463787094705743187e-06
-1.421517080386160582e-03 2.988610674182785171e-05
-1.415879477447255438e-03 6.704350106842348967e-05
-1.409417060052543282e-03 1.039937968438003945e-04
-1.402134931075346572e-03 1.407224962656596144e-04
-1.394037810195586282e-03 1.772151482477495694e-04
-1.385130082772978184e-03 2.134573005421165973e-04
-1.375415846923650843e-03 2.494344576927481601e-04
-1.364898959005056596e-03 2.851320441295477877e-04
-1.353583077433245145e-03 3.205353719074030333e-04
-1.341471705039457051e-03 3.556296124948036207e-04
-1.328568229909367392e-03 3.903997722769911500e-04
-1.314875964951565555e-03 4.248306713010599977e-04
-1.300398186120885332e-03 4.589069250215266349e-04
-1.285138169507082755e-03 4.926129287223872085e-04
-1.269099227305698230e-03 5.259328443840034784e-04
-1.252284742778922780e-03 5.588505897835363036e-04
-1.234698204296656851e-03 5.913498296428350287e-04
-1.216343238521692786e-03 6.234139686683696537e-04
-1.197223642803243657e-03 6.550261463641999073e-04
-1.177343416849083862e-03 6.861692334716307370e-04
-1.156706793740399546e-03 7.168258299646303698e-04
-1.135318270351218153e-03 7.469782644993535475e-04
-1.113182637223297453e-03 7.766085952503817835e-04
-1.090305007931466211e-03 8.056986120866697432e-04
-1.066690847996994802e-03 8.342298400088505889e-04
-1.042346003377051661e-03 8.621835438399499431e-04
-1.017276728580666836e-03 8.895407341148072172e-04
-9.914897144146668766e-04 9.162821741554869406e-04
-9.649921154117548257e-04 9.423883883003915732e-04
-9.377915769468093314e-04 9.678396712938548826e-04
-9.098962620793678551e-04 9.926160988087400373e-04
-8.813148781109864972e-04 1.016697539103523108e-03
-8.520567028739824481e-04 1.040063665829386993e-03
-8.221316107921511568e-04 1.062693971968314832e-03
-7.915500986586317426e-04 1.084567784928708659e-03
-7.603233111856130084e-04 1.105664282799986246e-03
-7.284630662926756079e-04 1.125962511783562244e-03
-6.959818801359810535e-04 1.145441404809630992e-03
-6.628929918694718591e-04 1.164079801375521219e-03
-6.292103881138406008e-04 1.181856468598749222e-03
-5.949488271289558048e-04 1.198750123526318243e-03
-5.601238626606775284e-04 1.214739456717065695e-03
-5.247518674439511461e-04 1.229803157120189488e-03
-4.888500563345277378e-04 1.243919938280344927e-03
-4.524365090214451822e-04 1.257068565884283083e-03
-4.155301923099333867e-04 1.269227886689910240e-03
-3.781509819205938283e-04 1.280376858853987882e-03
-3.403196837559447729e-04 1.290494583685924132e-03
-3.020580546090360571e-04 1.299560338866537646e-03
-2.633888222419638941e-04 1.307553613141684053e-03
-2.243357047942245411e-04 1.314454142535754957e-03
-1.849234294522098822e-04 1.320241948096097717e-03
-1.451777503205644107e-04 1.324897375199143900e-03
-1.051254654258442075e-04 1.328401134446770661e-03
-6.479443278848399544e-05 1.330734344169891671e-03
-2.421358547510251520e-05 1.331878574565619573e-03
1.658705444229738616e-05 1.331815893481454269e-03
5.757636311081782733e-05 1.330528913871080032e-03
9.872210339053813640e-05 1.328000842931520995e-03
1.399909147163000932e-04 1.324215532937894884e-03
1.813483044255753099e-04 1.319157533786658593e-03
2.227586406630414819e-04 1.312812147245860910e-03
2.641851469650446861e-04 1.305165482922872539e-03
3.055898986453832499e-04 1.296204515945548240e-03
3.469338210991576945e-04 1.285917146352575161e-03
3.881766901539347660e-04 1.274292260179605294e-03
4.292771345999411544e-04 1.261319792221847914e-03
4.701926410324098527e-04 1.246990790460898247e-03
5.108795611508611285e-04 1.231297482123791531e-03
5.512931216617644389e-04 1.214233341331537146e-03
5.913874369400202655e-04 1.195793158305159028e-03
6.311155246015611028e-04 1.175973110080227781e-03
6.704293241524808458e-04 1.154770832660519369e-03
7.092797188844495240e-04 1.132185494558667202e-03
7.476165611861998244e-04 1.108217871632718359e-03
7.853887014488488034e-04 1.082870423140597530e-03
8.225440207485382269e-04 1.056147368915436296e-03
8.590294674886176729e-04 1.028054767544916114e-03
8.947910981945432409e-04 9.986005954457704767e-04
9.297741226522344710e-04 9.677948266822746209e-04
9.639229535876992329e-04 9.356495133950572468e-04
9.971812610859787703e-04 9.021788666729632210e-04
1.029492031949022111e-03 8.673993376847928148e-04
1.060797634198793350e-03 8.313296988863929943e-04
1.091039886924789499e-03 7.939911250826877731e-04
1.120160135684283723e-03 7.554072741271293480e-04
1.148099333653730810e-03 7.156043670013582329e-04
1.174798128735843935e-03 6.746112670101566972e-04
1.200196956820970490e-03 6.324595578143705783e-04
1.224236141398508428e-03 5.891836199852946163e-04
1.246855999708375165e-03 5.448207057522542768e-04
1.267996955619416031e-03 4.994110115942780072e-04
1.287599659412433676e-03 4.529977483012370145e-04
1.305605114634807553e-03 4.056272081026258817e-04
1.321954812188639011e-03 3.573488284399314635e-04
1.336590871797372054e-03 3.082152519375968994e-04
1.349456190982763421e-03 2.582823820904861815e-04
1.360494601672127121e-03 2.076094341698202781e-04
1.369651034530215651e-03 1.562589808163896072e-04
1.376871691100464180e-03 1.042969917691494229e-04
1.382104223804588462e-03 5.179286713823041000e-05
1.385297923832864769e-03 -1.180536387604240196e-06
1.386403916930744034e-03 -5.454688703656257248e-05
1.385375367048585207e-03 -1.082263678221519177e-04
1.382167687793114681e-03 -1.621356754808708821e-04
1.376738761579792466e-03 -2.161880291997942999e-04
1.369049166346610752e-03 -2.702931898817443972e-04
1.359062409640349927e-03 -3.243574907241954350e-04
1.346745169843989887e-03 -3.782838799102384588e-04
1.332067544261718523e-03 -4.319719762291400760e-04
1.315003303716088222e-03 -4.853181384720481632e-04
1.295530153256655662e-03 -5.382155494632642583e-04
1.273629998515295484e-03 -5.905543156023154109e-04
1.249289217173388863e-03 -6.422215828109855643e-04
1.222498934928831649e-03 -6.931016697847377670e-04
1.193255305279369329e-03 -7.430762194591050349e-04
1.161559792348795675e-03 -7.920243696013098489e-04
1.127419455903340200e-03 -8.398229434366221704e-04
1.090847237604589039e-03 -8.863466612117513544e-04
1.051862247449996670e-03 -9.314683735852213181e-04
1.010490049255348454e-03 -9.750593177136582419e-04
9.667629439207921400e-04 -1.016989396877108478e-03
9.207202491120407631e-04 -1.057127484453032314e-03
8.724085738764316995e-04 -1.095341753006880917e-03
8.218820865866823932e-04 -1.131500029211373248e-03
7.692027744892376883e-04 -1.165470175248211606e-03
7.144406930034460750e-04 -1.197120497272064540e-03
6.576742027844437698e-04 -1.226320181431903716e-03
5.989901924392756517e-04 -1.252939757848215829e-03
5.384842846425669932e-04 -1.276851592833869956e-03
4.762610232677344860e-04 -1.297930409523018885e-03
4.124340390132438501e-04 -1.316053836929919653e-03
3.471261908676400625e-04 -1.331102987305958800e-03
2.804696806264466834e-04 -1.342963061491256934e-03
2.126061375414395316e-04 -1.351523981762433159e-03
1.436866700611754289e-04 -1.356681051473501449e-03
7.387188149518623655e-05 -1.358335640555182909e-03
3.331846334981018905e-06 -1.356395895690095917e-03
-6.775395615296982881e-05 -1.350777473714942977e-03
-1.391967545245547744e-04 -1.341404296499915799e-03
-2.107986474911117221e-04 -1.328209325258511864e-03
-2.823528195965185656e-04 -1.311135351894300539e-03
-3.536438138782604696e-04 -1.290135804637942626e-03
-4.244478651880861562e-04 -1.265175564849133939e-03
-4.945332978293409589e-04 -1.236231791462262227e-03
-5.636609911447735752e-04 -1.203294749127118996e-03
-6.315849166208687554e-04 -1.166368635650661323e-03
-6.980527499760255140e-04 -1.125472403901497075e-03
-7.628065615710463796e-04 -1.080640572836860528e-03
-8.255835882871115838e-04 -1.031924021833804765e-03
-8.861170898007467676e-04 -9.793907619908789365e-04
-9.441372919079130469e-04 -9.231266775520119167e-04
-9.993724192064561140e-04 -8.632362300674571373e-04
-1.051549819067535297e-03 -7.998431173935280098e-04
-1.100397178362560969e-03 -7.330908790871637840e-04
-1.145643833884337458e-03 -6.631434392411214920e-04
-1.187022176811958771e-03 -5.901855772902680130e-04
-1.224269150884777163e-03 -5.144233168290477699e-04
-1.257127843199393365e-03 -4.360842220178922377e-04
-1.285349165704600515e-03 -3.554175907247208912e-04
-1.308693624530685509e-03 -2.726945331652014162e-04
-1.326933173278632737e-03 -1.882079244752373252e-04
-1.339853145275967262e-03 -1.022722193793340747e-04
-1.347254258601737883e-03 -1.522311693949468135e-05
-1.348954686375498403e-03 7.258293673321499330e-05
-1.344792183412484672e-03 1.607694199138401956e-04
-1.334626258854548471e-03 2.489405928219528890e-04
-1.318340382808656178e-03 3.366825530223910507e-04
-1.295844213361492091e-03 4.235644999733106084e-04
-1.267075828594906115e-03 5.091402194357991153e-04
-1.232003946422068497e-03 5.929497977010479617e-04
-1.190630113189570377e-03 6.745215746061499623e-04
-1.142990840087428203e-03 7.533743431186556809e-04
-1.089159664458456489e-03 8.290198018311593703e-04
-1.029249111162598533e-03 9.009652650087175436e-04
-9.634125272068034661e-04 9.687166328616069778e-04
-8.918457609649855199e-04 1.031781622447633644e-03
-8.147886554875430343e-04 1.089673257039263125e-03
-7.325263236808343594e-04 1.141913608895818791e-03
-6.453901715591742281e-04 1.188037787164844886e-03
-5.537586343762447919e-04 1.227598159072780656e-03
-4.580575892876837495e-04 1.260168788669934360e-03
-3.587604072962496385e-04 1.285350073157426505e-03
-2.563876067029610467e-04 1.302773552263500247e-03
-1.515060701041788191e-04 1.312106861227141852e-03
-4.472778730377251688e-05 1.313058792797389346e-03
6.329191270077524217e-05 1.305384428164575988e-03
1.718566760732841234e-04 1.288890291083746517e-03
2.802320181882245772e-04 1.263439473558415236e-03
3.876488279374621726e-04 1.228956675472846725e-03
4.933075092529375745e-04 1.185433094493315576e-03
5.963827823276088465e-04 1.132931096558044545e-03
6.960291616281521869e-04 1.071588591365066345e-03
7.913871213526852289e-04 1.001623031637331306e-03
8.815899515389862820e-04 9.233349496465298629e-04
9.657712994357141052e-04 8.371109397366199682e-04
1.043073381043217642e-03 7.434259914737712796e-04
1.112655836833025122e-03 6.428450748439277834e-04
1.173705193618613477e-03 5.360238767054334571e-04
1.225444881353765589e-03 4.237085867765385616e-04
1.267145739323341166e-03 3.067346319591943062e-04
1.298136930866739241e-03 1.860242600174556932e-04
1.317817169503668687e-03 6.258287780910507230e-05
1.325666142292614407e-03 -6.250594443986401405e-05
1.321255998586216450e-03 -1.880868825394858964e-04
1.304262754346248486e-03 -3.129407498008144771e-04
1.274477444030285619e-03 -4.357939246530942922e-04
1.231816834227007079e-03 -5.553293512090319312e-04
1.176333495904677891e-03 -6.701991290153316329e-04
1.108225015991538831e-03 -7.790386843154837454e-04
1.027842114353564327e-03 -8.804824877871793862e-04
9.356954197668645567e-04 -9.731812529035564329e-04
8.324606487162264975e-04 -1.055820514833645833e-03
7.189819245065850496e-04 -1.127140452334114609e-03
5.962729719957064831e-04 -1.185956774603158471e-03
4.655159258825238662e-04 -1.231182451953666051e-03
3.280574987934960695e-04 -1.261850023971355407e-03
1.854022701734017015e-04 -1.277134172040723329e-03
3.920287887669419470e-05 -1.276374196011869321e-03
-1.087530678123847837e-04 -1.259095987383044256e-03
-2.565595174250924720e-04 -1.225033046374490774e-03
-4.022120289966489310e-04 -1.174146047204305829e-03
-5.436314070316549492e-04 -1.106640417977794401e-03
-6.786908893150168324e-04 -1.022981369316540521e-03
-8.052467880028797665e-04 -9.239057819345843948e-04
-9.211723964201337482e-04 -8.104303491801515946e-04
-1.024394877656794765e-03 -6.838553689397267824e-04
-1.112934746333329224e-03 -5.457635917481648991e-04
-1.184947443124961634e-03 -3.980135612791054541e-04
-1.238766384206631873e-03 -2.427269314956425218e-04
-1.272946747470814688e-03 -8.226931375339852776e-05
-1.286309136482198827e-03 8.077570115158264714e-05
-1.277982145299616729e-03 2.436395850013041561e-04
-1.247442736384007456e-03 4.034090761228488822e-04
-1.194553244255148550e-03 5.570734763916237921e-04
-1.119593734503142660e-03 7.015787802703162511e-04
-1.023288386628059231e-03 8.338881588089788483e-04
-9.068245359461319603e-04 9.510480837475491708e-04
-7.718630105925754475e-04 1.050259120953081753e-03
-6.205384407320414797e-04 1.128950153298541271e-03
-4.554483045879146306e-04 1.184854517154999756e-03
-2.796296155577127551e-04 1.216086261893194534e-03
-9.652235151377881370e-05 1.221214477779997403e-03
9.008101462075159731e-05 1.199333395593304118e-03
2.761002022624900573e-04 1.150125753854653286e-03
4.572459618244912585e-04 1.073916770848967186e-03
6.291125494627400946e-04 9.717159635954167318e-04
7.872828162795727320e-04 8.452440403912865477e-04
9.274443337983475028e-04 6.969421732470285763e-04
1.045514382407775793e-03 5.299611466834570645e-04
1.137771011393164285e-03 3.481281937883717002e-04
1.200986758040302645e-03 1.558897805385426379e-04
1.232561013360167429e-03 -4.177080687746930051e-05
1.230646471775182675e-03 -2.394414763539675153e-04
1.194264634100350789e-03 -4.314144655519186575e-04
1.123404983076852935e-03 -6.118430996295242926e-04
1.019102256605237088e-03 -7.749195366910869697e-04
8.834862446674049928e-04 -9.150696438074263327e-04
7.197987698709705853e-04 -1.027159874246057637e-03
5.323730137811139929e-04 -1.106709744318529328e-03
3.265711513218408010e-04 -1.150102296374912094e-03
1.086773746121313304e-04 -1.154783853572505150e-03
-1.142551649240795570e-04 -1.119443501616374653e-03
-3.346031971887035114e-04 -1.044162158789681879e-03
-5.444155891394355032e-04 -9.305209074358230994e-04
-7.356943264580951018e-04 -7.816585454732680790e-04
-9.007070275146291868e-04 -6.022691564332479774e-04
-1.032321204368573169e-03 -3.985319581083917066e-04
-1.124347929092569089e-03 -1.779678191509043736e-04
-1.171880190295116180e-03 5.078035378453145399e-05
-1.171609204696047978e-03 2.782426802355306606e-04
-1.122100469497393877e-03 4.944880735608990843e-04
-1.024010599826185360e-03 6.895514216508799544e-04
-8.802261867090391918e-04 8.539080555640381903e-04
-6.959072145970355118e-04 9.789764953299232367e-04
-4.784201413950808822e-04 1.057625827068516943e-03
-2.371496660881802472e-04 1.084660035395993956e-03
1.681648272355363086e-05 1.057248584873295627e-03
2.711287718063702624e-04 9.752709302739996297e-04
5.127343500752345757e-04 8.415428485822636214e-04
7.285353986929385709e-04 6.618948976400653621e-04
9.061208636494067154e-04 4.450782096470480499e-04
1.034536129259322175e-03 2.024803905739432227e-04
1.105047030562592665e-03 -5.235548380061390587e-05
1.111848017940803707e-03 -3.044031269785378926e-04
1.052660110975922863e-03 -5.379962857416542999e-04
9.291633437890462702e-04 -7.378068664070802250e-04
7.472114717787210281e-04 -8.899058387172649898e-04
5.167843819483084345e-04 -9.828399500882694512e-04
2.516462724105295815e-04 -1.008645084631793832e-03
-3.130476735635425063e-05 -9.637092197487233261e-04
-3.129880921290779591e-04 -8.493960195435423322e-04
-5.733595114476405970e-04 -6.723456425058594709e-04
-7.928372162270343367e-04 -4.443834482151050227e-04
-9.538464914485361105e-04 -1.819904975345470197e-04
-1.042370461967772775e-03 9.467821608268305478e-05
-1.049375200504700911e-03 3.632022531744006841e-04
-9.719674046267993105e-04 6.006605893087268565e-04
-8.141444466702512858e-04 7.856360945109648478e-04
-5.870123023699843397e-04 9.002994774162872971e-04
-3.083781002841716945e-04 9.323776157142220876e-04
-1.670853772802133406e-06 8.767905858014421981e-04
3.057953733913416450e-04 7.367410179172715744e-04
5.851308068136142938e-04 5.240632221276823096e-04
8.085916920841417291e-04 2.586905269543309242e-04
9.524828488605291150e-04 -3.282269652415709549e-05
9.999509688890723721e-04 -3.196865279952080087e-04
9.433430213592200811e-04 -5.700139412305068026e-04
7.858010533422800630e-04 -7.544374223902312448e-04
5.418016708706614986e-04 -8.498209527815159476e-04
2.364296121896279526e-04 -8.426065906347760892e-04
-9.670096776020464780e-05 -7.313051353692565136e-04
-4.188040061403994381e-04 -5.276743591350042907e-04
-6.903032337766234604e-04 -2.562357595956805197e-04
-8.758023516036958804e-04 4.803770878563637164e-05
-9.490533983607059082e-04 3.437863058415835090e-04
-8.972341693066388131e-04 5.887220217028841379e-04
-7.238301064300205721e-04 7.458406541120399247e-04
-4.495052751661040408e-04 7.895137529157190710e-04
-1.105501381723081528e-04 7.104539365765784407e-04
2.451968450542814219e-04 5.185626664061332653e-04
5.646692730146532675e-04 2.428660798469635157e-04
7.974334074658569064e-04 -7.187185787726146045e-05
9.040094720617962258e-04 -3.717282407448291716e-04
8.633099462561753422e-04 -6.026321103224037455e-04
6.777773207153902930e-04 -7.204372108896423248e-04
3.749775021868895913e-04 -7.002283813557532962e-04
4.849565362434840078e-06 -5.428630745437825877e-04
-3.674979706958180999e-04 -2.769752795700462008e-04
-6.727032301296026300e-04 4.466280430206003948e-05
-8.501656331378101405e-04 3.544621897649930485e-04
-8.608319065203924418e-04 5.837597287375829655e-04
-6.970652087619390183e-04 6.784397557662522884e-04
-3.870640721500579612e-04 6.129645536870683298e-04
7.944830677586168762e-06 3.990981286603257402e-04
4.041911929029675592e-04 8.628389964072567201e-05
7.122646565879140260e-04 -2.477165182316973940e-04
8.574146595572513987e-04 -5.149159187065035712e-04
7.988364186000181805e-04 -6.402673156458641834e-04
5.429744656995142121e-04 -5.840714002930545885e-04
1.464978853702168554e-04 -3.568911746563790629e-04
-2.934711279865312135e-04 -2.122683238587831287e-05
-6.612733785866661222e-04 3.227384233209214335e-04
-8.526479522404065321e-04 5.653544082150677684e-04
-8.054439361651833306e-04 6.226334980848299318e-04
-5.222042064386559542e-04 4.674264861230920912e-04
-7.641354504172852172e-05 1.449617153322790169e-04
4.023097317714756632e-04 -2.355962017651004755e-04
7.636658917716055220e-04 -5.350681976010601693e-04
8.837494841034929409e-04 -6.344921045092757547e-04
