1.229625410611078218e-01 -5.600956755095075346e-02
1.190374317551989303e-01 -5.426906174940562821e-02
1.089958150358078387e-01 -4.989525994411222326e-02
9.354472424338687586e-02 -4.318450658672858683e-02
7.365352990540877109e-02 -3.453983205461596401e-02
5.051196664912452339e-02 -2.445547743264570376e-02
2.539947929160133247e-02 -1.346268502056704834e-02
-3.777708521713631345e-04 -2.105214078429971502e-03
-2.555172550745248711e-02 9.086184230770082484e-03
-4.895128082158897026e-02 1.961710671678808596e-02
-6.955196562925607118e-02 2.904939757411779955e-02
-8.651460270697246269e-02 3.701689583872997541e-02
-9.921200558091501642e-02 4.323665749926045715e-02
-1.072435104975159176e-01 4.751555421519495365e-02
-1.104377837596896561e-01 4.975238533488463011e-02
-1.088448766416148655e-01 4.993583543379755824e-02
-1.027189161308887932e-01 4.813876408933388806e-02
-9.249311607701754534e-02 4.450942702659101136e-02
-7.874897173058442723e-02 3.926029874392750890e-02
-6.218156822914194110e-02 3.265519860652552758e-02
-4.356290181147925294e-02 2.499541897879653182e-02
-2.370499614427388699e-02 1.660552014029856652e-02
-3.424411882978305958e-03 7.819398085589998604e-03
1.649048688549041575e-02 -1.032846227430858242e-03
3.530841282018949701e-02 -9.636798111321058513e-03
5.237936887376792167e-02 -1.770404058943082781e-02
6.715366634998266859e-02 -2.498064568864266297e-02
7.919549128042328856e-02 -3.125370276373386214e-02
8.819101339835339060e-02 -3.635583241399890225e-02
9.395125229045048210e-02 -4.016771683030512935e-02
9.641009997121414987e-02 -4.261874844228855791e-02
9.561804504524638870e-02 -4.368595716286371999e-02
9.173224983289018919e-02 -4.339142171082092936e-02
8.500369922315634263e-02 -4.179840242704815911e-02
7.576217100341672839e-02 -3.900645221983817940e-02
6.439977560012971614e-02 -3.514576974347104893e-02
5.135378300095482657e-02 -3.037105592230434498e-02
3.708940109003491803e-02 -2.485512299156622529e-02
2.208309792303447816e-02 -1.878248597441213238e-02
6.806975780794785429e-03 -1.234314163298216513e-02
-8.285387877826285580e-03 -5.726711068286294802e-03
-2.277131364317257212e-02 8.829091416695002137e-04
-3.626938429453421125e-02 7.312274661439230328e-03
-4.844766827030869832e-02 1.340241940475335805e-02
-5.902975582426961410e-02 1.901212997605272736e-02
-6.779863729351233437e-02 2.402044723762542314e-02
-7.459851861571049902e-02 2.832839939879798485e-02
-7.933472369550828573e-02 3.185999342665295220e-02
-8.197187607248179742e-02 3.456251039145764870e-02
-8.253058369441280961e-02 3.640616546203390147e-02
-8.108287094599757328e-02 3.738320467532636054e-02
-7.774661223334890237e-02 3.750651845904516557e-02
-7.267922241918835236e-02 3.680785642050717066e-02
-6.607085244529117829e-02 3.533572943677185801e-02
-5.813732486062690025e-02 3.315308394942360903e-02
-4.911302502404948228e-02 3.033482997329695410e-02
-3.924394077821261040e-02 2.696529907604002657e-02
-2.878101764679519628e-02 2.313570187862509092e-02
-1.797396924633937187e-02 1.894164685411565269e-02
-7.065654667917448117e-03 1.448077372863804807e-02
3.712893022168765184e-03 9.850545946772103906e-03
1.414672952361526771e-02 5.146237749157848290e-03
2.404052044132683544e-02 4.591426776665752559e-04
3.322131058104439011e-02 -4.124978014682523057e-03
4.154055122633754787e-02 -8.527196344960553953e-03
4.887541253522371953e-02 -1.267646434687470444e-02
5.512942264890471900e-02 -1.651040924826632089e-02
6.023248669250247378e-02 -1.997588519303599569e-02
6.414034764396098209e-02 -2.302929419943470363e-02
6.683355719528376315e-02 -2.563669275695861990e-02
6.831602842660804142e-02 -2.777370333046571410e-02
6.861324359370768455e-02 -2.942525210535226060e-02
6.777018985499976000e-02 -3.058515562911135605e-02
6.584909361159910213e-02 -3.125557965055179854e-02
6.292702058424901046e-02 -3.144639350382202880e-02
5.909340408117128018e-02 -3.117444290979862892e-02
5.444755838700472694e-02 -3.046276315337566321e-02
4.909622807438244335e-02 -2.933975332185338042e-02
4.315121753487224238e-02 -2.783833073420820606e-02
3.672713834983073328e-02 -2.599508292640134721e-02
2.993930545357631826e-02 -2.384943265136137136e-02
2.290180653438762121e-02 -2.144282936484974075e-02
1.572576289999138427e-02 -1.881797865402307438e-02
8.517794205077450220e-03 -1.601811907107466085e-02
1.378694076800179033e-03 -1.308635389952479168e-02
-5.597681165050637404e-03 -1.006504353809507465e-02
-1.232531277786749757e-02 -6.995262462524476539e-03
-1.872671464728271548e-02 -3.916323138783389494e-03
-2.473343204102807294e-02 -8.653678255174257093e-04
-3.028635555272913768e-02 2.122972072131266118e-03
-3.533586374637225774e-02 5.016850547104736296e-03
-3.984180952520012531e-02 7.787417831526807083e-03
-4.377336628894735321e-02 1.040897072054555207e-02
-4.710875055356818220e-02 1.285904619944080313e-02
-4.983483793359815700e-02 1.511846268355196247e-02
-5.194668927613878273e-02 1.717131353448386050e-02
-5.344700333486930577e-02 1.900491774636203085e-02
-5.434551172894309945e-02 2.060973281490177320e-02
-5.465833109013837343e-02 2.197923482242004206e-02
-5.440728630451633491e-02 2.310977070634804426e-02
-5.361921764170327759e-02 2.400038754005345484e-02
-5.232528337166666293e-02 2.465264345485488479e-02
-5.056026822812063892e-02 2.507040458278131725e-02
-4.836190681810741826e-02 2.525963211156509805e-02
-4.577022982386762251e-02 2.522816322680635631e-02
-4.282693961701700830e-02 2.498548938002947972e-02
-3.957482072421818209e-02 2.454253497398852998e-02
-3.605718946197161712e-02 2.391143920488012289e-02
-3.231738600731206418e-02 2.310534345181142202e-02
-2.839831119933412112e-02 2.213818626170478351e-02
-2.434200947902967482e-02 2.102450764794653801e-02
-2.018929857574053299e-02 1.977926410640184693e-02
-1.597944583837807367e-02 1.841765545635873011e-02
-1.174989048857247483e-02 1.695496433826610208e-02
-7.536010538638253028e-03 1.540640894655357848e-02
-3.370932667156828141e-03 1.378700934503964554e-02
7.146170255898990882e-04 1.211146750519912808e-02
4.692423755565475890e-03 1.039406102340703977e-02
8.536858885582879197e-03 8.648550312372122600e-03
1.222492161001318550e-02 6.888098923098943255e-03
1.573625035964416191e-02 5.125206536341899918e-03
1.905310684556059397e-02 3.371654065216297177e-03
2.216033566817021683e-02 1.638460232366469819e-03
2.504530238500643838e-02 -6.415107571442835513e-05
2.769781286451571817e-02 -1.726773419336437992e-03
3.011001665799952626e-02 -3.340831153558963991e-03
3.227629700335005181e-02 -4.898584302601540277e-03
3.419314993694261284e-02 -6.393125755740208631e-03
3.585905483827291074e-02 -7.818371574370149707e-03
3.727433857007450557e-02 -9.169045187134641783e-03
3.844103520732174151e-02 -1.044065622845723185e-02
3.936274317590725269e-02 -1.162947474883140736e-02
4.004448144821779604e-02 -1.273250149305332063e-02
4.049254627021834502e-02 -1.374743490589275252e-02
4.071436972620073175e-02 -1.467263548602665973e-02
4.071838128346733782e-02 -1.550708806628224579e-02
4.051387330222584043e-02 -1.625036255712931227e-02
4.011087134691951328e-02 -1.690257364459096107e-02
3.952000999364949085e-02 -1.746433989209687787e-02
3.875241469788741344e-02 -1.793674265058209025e-02
3.781959016324521611e-02 -1.832128514068162226e-02
3.673331554129118798e-02 -1.861985202779233017e-02
3.550554668867212521e-02 -1.883466977263760500e-02
3.414832561654874282e-02 -1.896826800192169538e-02
3.267369718316578964e-02 -1.902344210703564575e-02
3.109363300834209684e-02 -1.900321724615280233e-02
2.941996252237683712e-02 -1.891081389370091043e-02
2.766431100778703883e-02 -1.874961505112029622e-02
2.583804444244729506e-02 -1.852313520723683493e-02
2.395222091435194461e-02 -1.823499111111137258e-02
2.201754834316236101e-02 -1.788887439898497952e-02
2.004434821887609089e-02 -1.748852609663719207e-02
1.804252504531304521e-02 -1.703771299985054263e-02
1.602154116234860357e-02 -1.654020592101053053e-02
1.399039661017452765e-02 -1.599975977642614094e-02
1.195761369191695664e-02 -1.542009547465411634e-02
9.931225890337061143e-03 -1.480488355916994604e-02
7.918770794692608916e-03 -1.415772954689507347e-02
5.927286698418206441e-03 -1.348216090016034728e-02
3.963312535679558955e-03 -1.278161556048735582e-02
2.032890832947756212e-03 -1.205943197172375247e-02
1.415733636191528894e-04 -1.131884051405855109e-02
-1.705570793952405559e-03 -1.056295626854122059e-02
-3.503945082562377571e-03 -9.794773032462405701e-03
-5.249413447794346391e-03 -9.017158502734986397e-03
-6.938286731601303950e-03 -8.232850545836466194e-03
-8.567307721080755570e-03 -7.444454474211494380e-03
-1.013363507606097891e-02 -6.654441249352231226e-03
-1.163482634755147113e-02 -5.865146534457159853e-03
-1.306882028014696821e-02 -5.078770521315102010e-03
-1.443391857770463631e-02 -4.297378458808884250e-03
-1.572876729651588243e-02 -3.522901813644135731e-03
-1.695233801437991822e-02 -2.757139995975082386e-03
-1.810390891167500127e-02 -2.001762587180584349e-03
-1.918304588480126277e-02 -1.258312008889120705e-03
-2.018958380135161060e-02 -5.282065774470208952e-04
-2.112360799246499124e-02 1.872561110768627794e-04
-2.198543606779190113e-02 8.868955131319765373e-04
-2.277560012538249953e-02 1.569644236004602610e-03
-2.349482942068448904e-02 2.234543943651659710e-03
-2.414403354879419289e-02 2.880741110668763681e-03
-2.472428618360081667e-02 3.507482661533529479e-03
-2.523680941116748788e-02 4.114111527706341455e-03
-2.568295868738250040e-02 4.700062154528167682e-03
-2.606420843960120803e-02 5.264855984585914243e-03
-2.638213833224123048e-02 5.808096943594902306e-03
-2.663842020231490734e-02 6.329466951022459306e-03
-2.683480567334007444e-02 6.828721474586792010e-03
-2.697311444696030847e-02 7.305685149302806360e-03
-2.705522326859926760e-02 7.760247472381613491e-03
-2.708305556104360565e-02 8.192358591914850746e-03
-2.705857171476640927e-02 8.602025198102342812e-03
-2.698376002287163761e-02 8.989306528283752540e-03
-2.686062824514813541e-02 9.354310494033683115e-03
-2.669119578359019015e-02 9.697189937109345140e-03
-2.647748645096831277e-02 1.001813901900413736e-02
-2.622152181244936930e-02 1.031738974978933104e-02
-2.592531507800725082e-02 1.059520865858362172e-02
-2.559086552363740857e-02 1.085189360633633839e-02
-2.522015341989752163e-02 1.108777074559036749e-02
-2.481513544298765903e-02 1.130319162300744487e-02
-2.437774054533713153e-02 1.149853042825370146e-02
-2.390986626278391453e-02 1.167418138521010736e-02
-2.341337543469583851e-02 1.183055628570170090e-02
-2.289009331359740870e-02 1.196808216192666273e-02
-2.234180504172509490e-02 1.208719909686607578e-02
-2.177025347212705603e-02 1.218835816733639978e-02
-2.117713731220445886e-02 1.227201951847773503e-02
-2.056410956816295474e-02 1.233865056459120327e-02
-1.993277627031149815e-02 1.238872431331498880e-02
-1.928469545812201702e-02 1.242271780876162170e-02
-1.862137640642314712e-02 1.244111068978736440e-02
-1.794427907372396491e-02 1.244438385906295429e-02
-1.725481375443663895e-02 1.243301825860719349e-02
-1.655434091819895856e-02 1.240749374817789151e-02
-1.584417121956421468e-02 1.236828808137322051e-02
-1.512556566191525231e-02 1.231587597637806390e-02
-1.439973590083893501e-02 1.225072827630789216e-02
-1.366784467205789909e-02 1.217331119616046030e-02
-1.293100633026214759e-02 1.208408565187477079e-02
-1.219028748487801551e-02 1.198350666823342486e-02
-1.144670772007665149e-02 1.187202286229522771e-02
-1.070124038562440642e-02 1.175007599878518869e-02
-9.954813446261054008e-03 1.161810061481722417e-02
-9.208310376114412985e-03 1.147652371136195261e-02
-8.462571084480950342e-03 1.132576450850556089e-02
-7.718392858446718359e-03 1.116623426257958712e-02
-6.976531304949238829e-03 1.099833614340062909e-02
-6.237701272369782987e-03 1.082246516861993559e-02
-5.502577726913397346e-03 1.063900819184279180e-02
-4.771796549180603794e-03 1.044834394068900989e-02
-4.045955205426739372e-03 1.025084309207042674e-02
-3.325613224614526464e-03 1.004686836584871464e-02
-2.611292380144971358e-03 9.836774587412855722e-03
-1.903476420443820684e-03 9.620908615180974802e-03
-1.202610117726714885e-03 9.399608889443487880e-03
-5.090973383590251733e-04 9.173204036368932945e-03
1.767019976449353330e-04 8.942009211144168884e-03
8.544748635014691451e-04 8.706317520020276715e-03
1.523951803067036866e-03 8.466383891413766655e-03
2.184885509317027914e-03 8.222409847572893782e-03
2.837019943032201893e-03 7.974553347434258990e-03
3.480081909365329018e-03 7.722956065903383883e-03
4.113790703286033558e-03 7.467759425962124109e-03
4.737867706957801968e-03 7.209108424608337735e-03
5.352041697301931564e-03 6.947150982658086005e-03
5.956051112907362680e-03 6.682036458655411099e-03
6.549644632108888101e-03 6.413914355844283453e-03
7.132580835370176155e-03 6.142933404171954312e-03
7.704627349478088312e-03 5.869240988226533985e-03
8.265559669419920985e-03 5.592982856224798342e-03
8.815159760020277110e-03 5.314303058234767091e-03
9.353214481243564415e-03 5.033344074484752059e-03
9.879513858651840091e-03 4.750247112197985254e-03
1.039384920010599962e-02 4.465152560219555651e-03
1.089601104872495521e-02 4.178200599638534109e-03
1.138578695422838918e-02 3.889531978837816248e-03
1.186295904214029230e-02 3.599288966779796376e-03
1.232730134951297296e-02 3.307616507889319345e-03
1.277857688388487484e-02 3.014663610267131425e-03
1.321653436978899136e-02 2.720585006833807582e-03
1.364090462379945190e-02 2.425543142576386951e-03
1.405139650062757310e-02 2.129710552758116993e-03
1.444769233228781515e-02 1.833272716347602270e-03
1.482944278575151938e-02 1.536431483639812221e-03
1.519626102359317860e-02 1.239409214526150660e-03
1.554771607058266954e-02 9.424537797699665846e-04
1.588332523405786359e-02 6.458446380225408515e-04
1.620254543259588842e-02 3.499002370195079641e-04
1.650476324201213471e-02 5.498706701700191348e-05
1.678928345743894990e-02 -2.384692302406492964e-04
1.705531592164328050e-02 -5.299701743841434606e-04
1.730196034947953029e-02 -8.189275223343223890e-04
1.752818883865085720e-02 -1.104642260407633471e-03
1.773282573769290396e-02 -1.386278440541712387e-03
1.791452450461562818e-02 -1.662830469261716848e-03
1.807174119239037327e-02 -1.933082057752143592e-03
1.820270422146560638e-02 -2.195554542137691245e-03
1.830538016543166099e-02 -2.448441585905616110e-03
1.837743544842254315e-02 -2.689526444091812178e-03
1.841619410384928018e-02 -2.916076793690602909e-03
1.841859226191268351e-02 -3.124710754616314042e-03
1.838113077876095056e-02 -3.311225845211870650e-03
1.829982865185251703e-02 -3.470380354911346311e-03
1.817018167018087660e-02 -3.595613783215507314e-03
1.798713338253744506e-02 -3.678689651996852952e-03
1.774506907621261481e-02 -3.709240115656752771e-03
1.743784800993623818e-02 -3.674187643700258660e-03
1.705889415384057028e-02 -3.557015130609208521e-03
1.660136914962974386e-02 -3.336851544261273256e-03
1.605844827406735162e-02 -2.987337083455617048e-03
1.542369989401801839e-02 -2.475223378064491959e-03
1.469150828269354288e-02 -1.758639578322616134e-03
1.385733622513469002e-02 -7.848696273958295127e-04
1.291732595382666382e-02 5.127737475499238775e-04
1.186619119877444992e-02 2.220118777520344207e-03
1.069151951753747470e-02 4.452386052950490364e-03
9.361813875028100404e-03 7.377266165377861090e-03
7.806682998037531643e-03 1.126981608121379458e-02
5.897913090108616169e-03 1.664439111034513724e-02
3.488637714887827916e-03 2.456779907906507174e-02
7.702393018796378603e-04 3.736780712814238847e-02
-1.485127092646764541e-05 5.994008677518859046e-02
1.173137591151832484e-02 9.997087638160775946e-02
6.828446808303539894e-02 1.539994089536007860e-01
2.032195864353229242e-01 1.538620804915148688e-01
3.070381043857569603e-01 0.000000000000000000e+00
2.300243472117507459e-01 -1.643997975405755985e-01
9.924981932899966386e-02 -1.963126389008396089e-01
2.164360186162084948e-02 -1.581956068979274155e-01
-8.194022241346623700e-03 -1.145927799059276025e-01
-1.562826469366070462e-02 -8.309322875014327203e-02
-1.508408646116861374e-02 -6.272015637860109405e-02
-1.237434168354237772e-02 -4.968380192542988516e-02
-9.488466280747162584e-03 -4.112642082986993353e-02
-7.001089885927028189e-03 -3.529904452469144471e-02
-5.011698498064424100e-03 -3.117996795440178964e-02
-3.477560323218473887e-03 -2.816838950148056048e-02
-2.324974200890547738e-03 -2.590125553605436559e-02
-1.483462908790576275e-03 -2.415144512149289269e-02
-8.941380073754835213e-04 -2.277167827948899104e-02
-5.099462025414851565e-04 -2.166311279697896025e-02
-2.937771358629437824e-04 -2.075728470670264170e-02
-2.163510743281138026e-04 -2.000539538371162718e-02
-2.544179419557929343e-04 -1.937175031351221974e-02
-3.893469595540072648e-04 -1.882961362517317216e-02
-6.060557419095501629e-04 -1.835851091623092943e-02
-8.922036011326077171e-04 -1.794242615379244843e-02
-1.237582154257267858e-03 -1.756856592458354641e-02
-1.633650672205424516e-03 -1.722649323175304281e-02
-2.073177287280290534e-03 -1.690750770953058923e-02
-2.549957533769071742e-03 -1.660419387444551920e-02
-3.058589589757880565e-03 -1.631008628087391929e-02
-3.594291179395345693e-03 -1.601941759612863364e-02
-4.152747091162066646e-03 -1.572692662644648368e-02
-4.729979131126346367e-03 -1.542771055731401164e-02
-5.322232322516707442e-03 -1.511711064025509504e-02
-5.925872758144147719e-03 -1.479062388947260075e-02
-6.537293575955003752e-03 -1.444383586877925722e-02
-7.152826478230218596e-03 -1.407237149745311187e-02
-7.768657009983677073e-03 -1.367186227604675654e-02
-8.380742625220543793e-03 -1.323792975904089855e-02
-8.984733601959353846e-03 -1.276618628393813917e-02
-9.575898376028478542e-03 -1.225225553940049485e-02
-1.014905748585210980e-02 -1.169181704193645449e-02
-1.069853537740762632e-02 -1.108068031094327360e-02
-1.121814981542830145e-02 -1.041489465677818485e-02
-1.170128067786303967e-02 -9.690892208880254668e-03
-1.214109856675960053e-02 -8.905615921056231690e-03
-1.253102823717727743e-02 -8.056414831608857754e-03
-1.286509038450428868e-02 -7.140264524328265167e-03
-1.313707549160873962e-02 -6.152825616564175371e-03
-1.333929091524341595e-02 -5.088835109316893965e-03
-1.346221564410311072e-02 -3.943053015414855339e-03
-1.349461898166934813e-02 -2.710945914769426202e-03
-1.342374629502890784e-02 -1.389198263715574026e-03
-1.323551601807309956e-02 2.379429961440776998e-05
-1.291475780482825853e-02 1.527376536376832700e-03
-1.244553151355898106e-02 3.117997817070540089e-03
-1.181156658733847724e-02 4.788473908883043167e-03
-1.099686213356265013e-02 6.527141157509687777e-03
-9.986489753231244174e-03 8.316907266413174626e-03
-8.767642509274168813e-03 1.013421494122741101e-02
-7.330972633463888818e-03 1.194795139239832396e-02
-5.672255516866960001e-03 1.371835980582365375e-02
-3.794405501801450045e-03 1.539604005861439605e-02
-1.709846453608720573e-03 1.692116671099358136e-02
5.567973701370624272e-04 1.822310375739575120e-02
2.965782335735443927e-03 1.922065790959033571e-02
5.459274309685738930e-03 1.982328359362358142e-02
7.958616925369980249e-03 1.993362844284642804e-02
1.036228200436282998e-02 1.945187785469974437e-02
1.254513134413140669e-02 1.828240349925857114e-02
1.435983158316793580e-02 1.634321520261290683e-02
1.564147830037565176e-02 1.357861601461715986e-02
1.621665419490777443e-02 9.975207552630486335e-03
1.591818741982074792e-02 5.580911084828608579e-03
1.460666376895737410e-02 5.258720708831601635e-04
1.219910382766047248e-02 -4.957080451528143861e-03
8.703923580933768667e-03 -1.051638673480928196e-02
4.259126733714459212e-03 -1.567611235348827584e-02
-8.325202856963342165e-04 -1.984885272059084410e-02
-6.081711214877373768e-03 -2.237702802429336266e-02
-1.081906647081154992e-02 -2.261257000749781684e-02
-1.424801839068774723e-02 -2.004193322042752481e-02
-1.556177380408590473e-02 -1.445480967663880303e-02
-1.413356122391586783e-02 -6.138517428021738297e-03
-9.768111663145912643e-03 3.945497596405202201e-03
-2.964733791356412903e-03 1.407905560989070742e-02
4.909158204838551774e-03 2.190456110217296748e-02
1.168493211037398977e-02 2.485520331369223471e-02
1.486191664502820552e-02 2.096107878619214715e-02
1.255359826251135034e-02 9.947608582665468102e-03
4.739042162514930934e-03 -5.721140109828206852e-03
-5.758269079602227475e-03 -2.052984289141183277e-02
-1.353589462132897582e-02 -2.719897036112290875e-02
-1.303145582954876903e-02 -2.011355206573711002e-02
-2.865283508050390972e-03 -1.497358823309616457e-04
1.056169818420743881e-02 2.214579766592291235e-02
1.510971629391932511e-02 2.983648993532575164e-02
