2.062673527776500240e-04 3.303326923839013465e-05
2.030826551608498523e-04 3.250168372572196702e-05
1.955351517323269429e-04 3.114714853275460957e-05
1.839485281857130975e-04 2.903206220398560377e-05
1.687435997502415019e-04 2.623930579689780064e-05
1.504860820273006374e-04 2.287981444206474928e-05
1.297363305723264900e-04 1.906539489058962336e-05
1.070542578994640003e-04 1.490875085686050831e-05
8.299139770556321685e-05 1.052136758223684323e-05
5.808147588228813337e-05 6.011226399169706315e-06
3.283166672580522567e-05 1.480732728387272140e-06
7.715158400090112579e-06 -2.975030363005733168e-06
-1.683478977069172787e-05 -7.269690609602432875e-06
-4.042928642408226219e-05 -1.132661730175678421e-05
-6.272681298481509748e-05 -1.507961136824734903e-05
-8.343490666009471324e-05 -1.847328140490596326e-05
-1.023106577179422040e-04 -2.146313790409550278e-05
-1.191601690283152610e-04 -2.401544100133320544e-05
-1.338371298177509631e-04 -2.610683827314726758e-05
-1.462406539530552367e-04 -2.772382895968185487e-05
-1.563125273724333246e-04 -2.886208978472274312e-05
-1.640340006680901172e-04 -2.952569557217332125e-05
-1.694222521915962924e-04 -2.972626533167845901e-05
-1.725266351248541251e-04 -2.948206159084029054e-05
-1.734248093240599569e-04 -2.881706764090007851e-05
-1.722188458757399729e-04 -2.776006416354142187e-05
-1.690313795814051142e-04 -2.634372352110627972e-05
-1.640018723041831951e-04 -2.460373690215908956e-05
-1.572830384888819814e-04 -2.257798658127924813e-05
-1.490374733652593468e-04 -2.030577282119200969e-05
-1.394345144680014781e-04 -1.782710244801346226e-05
-1.286473582176934265e-04 -1.518204388508492895e-05
-1.168504454291297728e-04 -1.241015144592553103e-05
-1.042171227409275107e-04 -9.549959962587170300e-06
-9.091758106583487664e-05 -6.638549355516178960e-06
-7.711706719695454412e-05 -3.711177523499564816e-06
-6.297436061347825751e-05 -8.009789322265464329e-07
-4.864050424154023425e-05 2.061274510423735150e-06
-3.425777536844735246e-05 4.847354304447178128e-06
-1.995888100683215180e-05 7.531702375173276753e-06
-5.866360682642375978e-06 1.009150898026616637e-05
7.907821196217052335e-06 1.250674637851236720e-05
2.126251161671628825e-05 1.476016317188532992e-05
3.410745212429808736e-05 1.683724417841714877e-05
4.636322682446975273e-05 1.872614056333262732e-05
5.796109263563066201e-05 2.041757476479424195e-05
6.884270847057635627e-05 2.190472451192333809e-05
7.895977913817887504e-05 2.318308995934652934e-05
8.827362876002314580e-05 2.425034766445500814e-05
9.675471742513526571e-05 2.510619482071218839e-05
1.043821136897422766e-04 2.575218684020086308e-05
1.111429343941571418e-04 2.619157105820513860e-05
1.170317621370698286e-04 2.642911901727063527e-05
1.220500496356715617e-04 2.647095948233788959e-05
1.262055191239858792e-04 2.632441404578424147e-05
1.295115639110570242e-04 2.599783690422715514e-05
1.319866582442905426e-04 2.550046012938466026e-05
1.336537807078502988e-04 2.484224551490254036e-05
1.345398555347234219e-04 2.403374386007079441e-05
1.346752154262514435e-04 2.308596235044585329e-05
1.340930887561661588e-04 2.201024051428091677e-05
1.328291133859410154e-04 2.081813507187394959e-05
1.309208787339575879e-04 1.952131385209440398e-05
1.284074972201382236e-04 1.813145882516777350e-05
1.253292057474942700e-04 1.666017819278282176e-05
1.217269974793939975e-04 1.511892738423562129e-05
1.176422838225606648e-04 1.351893872976517362e-05
1.131165862273415378e-04 1.187115951810486676e-05
1.081912571646215557e-04 1.018619809361771545e-05
1.029072294291268156e-04 8.474277607645557789e-06
9.730479274777417936e-05 6.745197008161785379e-06
9.142339653587299385e-05 5.008298830147540610e-06
8.530147753903118829e-05 3.272443335108501076e-06
7.897631102212375671e-05 1.545988541398057988e-06
7.248388411417277231e-05 -1.632243143398265286e-07
6.585878988749108663e-05 -1.847880340053331699e-06
5.913414073764352403e-05 -3.501196022762877478e-06
5.234149963493487826e-05 -5.116920169991863597e-06
4.551082783600790397e-05 -6.689331178737941745e-06
3.867044767346353325e-05 -8.213231035559591061e-06
3.184701908048013125e-05 -9.683936432300893803e-06
2.506552855376844576e-05 -1.109726736197372209e-05
1.834928931085303861e-05 -1.244953353802674791e-05
1.171995145497191514e-05 -1.373751895863918009e-05
5.197521021564101623e-06 -1.495846491573025411e-05
-1.199613156897457024e-06 -1.611005172645413728e-05
-7.454645766459240888e-06 -1.719037944330587700e-05
-1.355231544202432482e-05 -1.819794777774937159e-05
-1.947886018222490985e-05 -1.913163545166234915e-05
-2.522196855463129805e-05 -1.999067917088388345e-05
-3.077072743518387190e-05 -2.077465239615801910e-05
-3.611556696501426635e-05 -2.148344406849628696e-05
-4.124820334900821393e-05 -2.211723742867752684e-05
-4.616158006455117535e-05 -2.267648905435800944e-05
-5.084980799516980899e-05 -2.316190822294633705e-05
-5.530810495241620327e-05 -2.357443669406760709e-05
-5.953273500125420760e-05 -2.391522899217948743e-05
-6.352094795886482231e-05 -2.418563325761290540e-05
-6.727091939384765922e-05 -2.438717272291047317e-05
-7.078169141293096296e-05 -2.452152786096051295e-05
-7.405311448530600498e-05 -2.459051924194020921e-05
-7.708579052025569904e-05 -2.459609112736205785e-05
-7.988101738202366641e-05 -2.454029582182335530e-05
-8.244073499658863312e-05 -2.442527879590370538e-05
-8.476747317823882960e-05 -2.425326458744810830e-05
-8.686430127944008987e-05 -2.402654348282129440e-05
-8.873477974531647277e-05 -2.374745897480814281e-05
-9.038291363380056189e-05 -2.341839598945364529e-05
-9.181310814459544818e-05 -2.304176987039147529e-05
-9.303012618371431090e-05 -2.262001610589957666e-05
-9.403904797583817173e-05 -2.215558078119622424e-05
-9.484523272399651792e-05 -2.165091173608364863e-05
-9.545428230458546785e-05 -2.110845040615513693e-05
-9.587200697586876867e-05 -2.053062432416451172e-05
-9.610439306945006276e-05 -1.991984025692549761e-05
-9.615757262672990893e-05 -1.927847795217124276e-05
-9.603779493605972941e-05 -1.860888446908256044e-05
-9.575139992090585174e-05 -1.791336906580743183e-05
-9.530479332490058501e-05 -1.719419861701880245e-05
-9.470442363612721561e-05 -1.645359353454381627e-05
-9.395676069001094709e-05 -1.569372416422917934e-05
-9.306827588814681142e-05 -1.491670763243132061e-05
-9.204542396872066263e-05 -1.412460511599073915e-05
-9.089462626318679079e-05 -1.331941951000769418e-05
-8.962225537336183782e-05 -1.250309346831598501e-05
-8.823462120292542598e-05 -1.167750779225997040e-05
-8.673795827761785425e-05 -1.084448014411786471e-05
-8.513841428897406813e-05 -1.000576406222702120e-05
-8.344203979735427350e-05 -9.163048255796468899e-06
-8.165477903113682828e-05 -8.317956158193796286e-06
-7.978246172022039606e-05 -7.472045718298134237e-06
-7.783079590362096867e-05 -6.626809410568309830e-06
-7.580536165238571547e-05 -5.783674445198181720e-06
-7.371160565106789841e-05 -4.944003160736977151e-06
-7.155483658268466400e-05 -4.109093582397909801e-06
-6.934022126409035284e-05 -3.280180130140416969e-06
-6.707278148070157267e-05 -2.458434461565862486e-06
-6.475739147153623484e-05 -1.644966435395759022e-06
-6.239877601753120759e-05 -8.408251822138518229e-07
-6.000150908819363563e-05 -4.700026994447027760e-08
-5.757001300377459052e-05 7.355770476636135292e-07
-5.510855807200987715e-05 1.506032510564499224e-06
-5.262126266061050930e-05 2.263547470213066106e-06
-5.011209366863510141e-05 3.007357455180430442e-06
-4.758486736181806058e-05 3.736750693434063859e-06
-4.504325053888083580e-05 4.451066599538013415e-06
-4.249076199745339803e-05 5.149694234420177527e-06
-3.993077427038998903e-05 5.832070744656521046e-06
-3.736651560469790844e-05 6.497679787793966447e-06
-3.480107215715180281e-05 7.146049949619265459e-06
-3.223739038216470802e-05 7.776753158788727791e-06
-2.967827958912312012e-05 8.389403103779286003e-06
-2.712641464776771794e-05 8.983653656706088868e-06
-2.458433882188415114e-05 9.559197307970796709e-06
-2.205446671266259224e-05 1.011576361548458631e-05
-1.953908729439610110e-05 1.065311767181624156e-05
-1.704036702666801589e-05 1.117105859209220568e-05
-1.456035302822850306e-05 1.166941802534834832e-05
-1.210097629881329568e-05 1.214805869162716688e-05
-9.664054976206439381e-06 1.260687294682917438e-05
-7.251297617087220325e-06 1.304578137711910828e-05
-4.864306490948823218e-06 1.346473142431212876e-05
-2.504580877295723451e-06 1.386369604362281663e-05
-1.735203572667922497e-07 1.424267239475984916e-05
2.127571908482058228e-06 1.460168056728396845e-05
4.397485922920235443e-06 1.494076234091059211e-05
6.635101623480809644e-06 1.525997998126067494e-05
8.839385686625670605e-06 1.555941507145973792e-05
1.100938837144758180e-05 1.583916737979879807e-05
1.314424040709197763e-05 1.609935376356678665e-05
1.524314992828206585e-05 1.634010710904477406e-05
1.730539946265748254e-05 1.656157530753724533e-05
1.933034297318087473e-05 1.676392026725282881e-05
2.131740295849134873e-05 1.694731696070858376e-05
2.326606761360975958e-05 1.711195250730742934e-05
2.517588805301170047e-05 1.725802529064066166e-05
2.704647559778256319e-05 1.738574411001096099e-05
2.887749912838372994e-05 1.749532736562682563e-05
3.066868250383876222e-05 1.758700227690542965e-05
3.241980204836250113e-05 1.766100413312460070e-05
3.413068410598526646e-05 1.771757557588311783e-05
3.580120266353165249e-05 1.775696591264069445e-05
3.743127704188384697e-05 1.777943046050912306e-05
3.902086965570491432e-05 1.778522991965460421e-05
4.056998384135895782e-05 1.777462977547484852e-05
4.207866175252865544e-05 1.774789972885614089e-05
4.354698232309746418e-05 1.770531315360966243e-05
4.497505929658741105e-05 1.764714658036826788e-05
4.636303932151579352e-05 1.757367920618191403e-05
4.771110011153537875e-05 1.748519242891994550e-05
4.901944866974997962e-05 1.738196940574308555e-05
5.028831957596082471e-05 1.726429463486778594e-05
5.151797333557517849e-05 1.713245355983601524e-05
5.270869478966515667e-05 1.698673219543272577e-05
5.386079158397686349e-05 1.682741677470227088e-05
5.497459269661041114e-05 1.665479341589852293e-05
5.605044702238765996e-05 1.646914780926509304e-05
5.708872201303603487e-05 1.627076492223184621e-05
5.808980237148450636e-05 1.605992872267819892e-05
5.905408879916794360e-05 1.583692191971592785e-05
5.998199679474589994e-05 1.560202572078389510e-05
6.087395550344094788e-05 1.535551960495112498e-05
6.173040661449960532e-05 1.509768111138537890e-05
6.255180330649455674e-05 1.482878564269988429e-05
6.333860923871337473e-05 1.454910628175118056e-05
6.409129758667775963e-05 1.425891362286844641e-05
6.481035012169190414e-05 1.395847561503520905e-05
6.549625633177740274e-05 1.364805741789149015e-05
6.614951258331905825e-05 1.332792126917043391e-05
6.677062132227155867e-05 1.299832636363021935e-05
6.736009031320073050e-05 1.265952874242641751e-05
6.791843191473732910e-05 1.231178119300734068e-05
6.844616239111501522e-05 1.195533315820718332e-05
6.894380125772609641e-05 1.159043065531045023e-05
6.941187065900014045e-05 1.121731620322223409e-05
6.985089477959192234e-05 1.083622875859415892e-05
7.026139928529602638e-05 1.044740365944089669e-05
7.064391079278808017e-05 1.005107257678114886e-05
7.099895637003644170e-05 9.647463473065652164e-06
7.132706306216108727e-05 9.236800567837809034e-06
7.162875744459531210e-05 8.819304309189197362e-06
7.190456520079242656e-05 8.395191352504171450e-06
7.215501072564242300e-05 7.964674543669202441e-06
7.238061675055734463e-05 7.527962908747402694e-06
7.258190399312275116e-05 7.085261648866651455e-06
7.275939082578037492e-05 6.636772139354535355e-06
7.291359296750479411e-05 6.182691933766249265e-06
7.304502319392222240e-05 5.723214773191982364e-06
7.315419106736605536e-05 5.258530598737386184e-06
7.324160268337602325e-05 4.788825568208720986e-06
7.330776043769520237e-05 4.314282076763734162e-06
7.335316280692506005e-05 3.835078780737370585e-06
7.337830414719281099e-05 3.351390626134544715e-06
7.338367450674994493e-05 2.863388877490938360e-06
7.336975945474569541e-05 2.371241152545687893e-06
7.333703992196442204e-05 1.875111459230189897e-06
7.328599205733394662e-05 1.375160232985343827e-06
7.321708709603668211e-05 8.715443807380677578e-07
7.313079123868965268e-05 3.644173230079363881e-07
7.302756554469384343e-05 -1.460709578529983499e-07
7.290786583482111532e-05 -6.597738698060035087e-07
7.277214260683312179e-05 -1.176548161456964306e-06
7.262084095650910671e-05 -1.696253866246060855e-06
7.245440051422461739e-05 -2.218754251030039177e-06
7.227325538925091612e-05 -2.743915755496400882e-06
7.207783411719337384e-05 -3.271607936815915639e-06
7.186855962724151723e-05 -3.801703407738227892e-06
7.164584920717924962e-05 -4.334077774829223008e-06
7.141011448287011955e-05 -4.868609572197106109e-06
7.116176139936952966e-05 -5.405180201178580809e-06
7.090119021598474561e-05 -5.943673856468624766e-06
7.062879550324372433e-05 -6.483977460951133363e-06
7.034496615052099908e-05 -7.025980594170372058e-06
7.005008537473626058e-05 -7.569575414451162236e-06
6.974453074382749667e-05 -8.114656595319148238e-06
6.942867419537716552e-05 -8.661121235441306728e-06
6.910288207073703886e-05 -9.208868790415149176e-06
6.876751515053208265e-05 -9.757800987802372572e-06
6.842292869792782159e-05 -1.030782174313325057e-05
6.806947250187401382e-05 -1.085883707685768220e-05
6.770749093631318904e-05 -1.141075503052454951e-05
6.733732301429999590e-05 -1.196348556505483939e-05
6.695930245811598726e-05 -1.251694048129991759e-05
6.657375775972133164e-05 -1.307103331714445081e-05
6.618101226422970691e-05 -1.362567925188941769e-05
6.578138424988062458e-05 -1.418079499968302788e-05
6.537518701190151924e-05 -1.473629870957722090e-05
6.496272896328715931e-05 -1.529210985030290113e-05
6.454431372742569506e-05 -1.584814910348634077e-05
6.412024024807513954e-05 -1.640433824214140900e-05
6.369080290078384435e-05 -1.696060001100878714e-05
6.325629161943651724e-05 -1.751685798321393140e-05
6.281699202096685379e-05 -1.807303646092304073e-05
6.237318554215169142e-05 -1.862906030029720994e-05
6.192514959092566633e-05 -1.918485477967043704e-05
6.147315770534894175e-05 -1.974034545461299906e-05
6.101747971096440135e-05 -2.029545799049215090e-05
6.055838191567337425e-05 -2.085011798565877139e-05
6.009612729338012325e-05 -2.140425080963126651e-05
5.963097570432133678e-05 -2.195778140094336721e-05
5.916318410565251257e-05 -2.251063407828704787e-05
5.869300681079331182e-05 -2.306273232754077921e-05
5.822069573970293875e-05 -2.361399858574293327e-05
5.774650071913992380e-05 -2.416435399970328715e-05
5.727066978926490952e-05 -2.471371817281437186e-05
5.679344955502644795e-05 -2.526200892528969607e-05
5.631508554649040205e-05 -2.580914198982436772e-05
5.583582266541136188e-05 -2.635503071865890346e-05
5.535590561710522018e-05 -2.689958577642489882e-05
5.487557942845969975e-05 -2.744271480883766920e-05
5.439509002528525111e-05 -2.798432207300489142e-05
5.391468487026171137e-05 -2.852430807867453012e-05
5.343461365201757079e-05 -2.906256919501853177e-05
5.295512910269298355e-05 -2.959899723930823159e-05
5.247648790648708011e-05 -3.013347903539969353e-05
5.199895173261888837e-05 -3.066589598181841371e-05
5.152278839704504867e-05 -3.119612360147928232e-05
5.104827320402743820e-05 -3.172403109746129275e-05
5.057569046109413853e-05 -3.224948090484685794e-05
5.010533527320548837e-05 -3.277232830360247452e-05
4.963751554561222895e-05 -3.329242105116246109e-05
4.917255433107162128e-05 -3.380959916640548354e-05
4.871079254236414691e-05 -3.432369480639938252e-05
4.825259205557166079e-05 -3.483453240498869940e-05
4.779833930465554473e-05 -3.534192917011653914e-05
4.734844942228260708e-05 -3.584569597462190739e-05
4.690337081553505149e-05 -3.634563901898390549e-05
4.646359042567692885e-05 -3.684156233507903668e-05
4.602963930402725412e-05 -3.733327157326453069e-05
4.560209850859430890e-05 -3.782057940723043319e-05
4.518160481310199881e-05 -3.830331294566996362e-05
4.476885556826958078e-05 -3.878132354027026562e-05
4.436461186493085050e-05 -3.925449912202574724e-05
4.396969866830175295e-05 -3.972277882403865061e-05
4.358500074970002904e-05 -4.018616896743198308e-05
4.321145334418751078e-05 -4.064475878403354297e-05
4.285002765182010847e-05 -4.109873355845028952e-05
4.250171214952821645e-05 -4.154838292902098733e-05
4.216749215389815870e-05 -4.199410286545303780e-05
4.184833047970747978e-05 -4.243639124271800375e-05
4.154515149941188869e-05 -4.287583816537105105e-05
4.125882985883124691e-05 -4.331311341687954286e-05
4.099018407993309881e-05 -4.374895291388567934e-05
4.073997427063886660e-05 -4.418414598708052005e-05
4.050890280300040690e-05 -4.461952425988731391e-05
4.029761700514838659e-05 -4.505595271658318415e-05
4.010671288571340430e-05 -4.549432269795836316e-05
3.993673932611840476e-05 -4.593554673141719195e-05
3.978820235446970722e-05 -4.638055494609009813e-05
3.966156919958190280e-05 -4.683029258874401527e-05
3.955727203109886712e-05 -4.728571851532633024e-05
3.947571129122859140e-05 -4.774780443129143792e-05
3.941725869722520058e-05 -4.821753465910322116e-05
3.938225987049297336e-05 -4.869590631320720232e-05
3.937103660597550685e-05 -4.918392982444037067e-05
3.938388882835425258e-05 -4.968262969455356279e-05
3.942109631471655873e-05 -5.019304545164952961e-05
3.948292013256785509e-05 -5.071623273236603303e-05
3.956960388033542615e-05 -5.125326450656445681e-05
3.968137471150202239e-05 -5.180523241076413256e-05
3.981844423247466217e-05 -5.237324819132162885e-05
3.998100920306469741e-05 -5.295844518908349765e-05
4.016925209782719320e-05 -5.356197991784694370e-05
4.038334153747471654e-05 -5.418503374362407580e-05
4.062343264510178569e-05 -5.482881460483554902e-05
4.088966723515679582e-05 -5.549455883052203963e-05
4.118217389381061925e-05 -5.618353299163278354e-05
4.150106798940717597e-05 -5.689703592123787504e-05
4.184645157504254234e-05 -5.763640071456157095e-05
4.221841316653019880e-05 -5.840299690890370869e-05
4.261702745701681906e-05 -5.919823265438312255e-05
4.304235487450148773e-05 -6.002355710307283874e-05
4.349444107522269245e-05 -6.088046284592776272e-05
4.397331637699360070e-05 -6.177048845366586065e-05
4.447899499061767881e-05 -6.269522111703853336e-05
4.501147418819273309e-05 -6.365629947634057848e-05
4.557073332041709123e-05 -6.465541653276332874e-05
4.615673277052609791e-05 -6.569432275999510676e-05
4.676941269724661494e-05 -6.677482928444307159e-05
4.740869164784716728e-05 -6.789881129742112288e-05
4.807446507213550724e-05 -6.906821162448888488e-05
4.876660361085669178e-05 -7.028504444778407173e-05
4.948495121792256720e-05 -7.155139921696671490e-05
5.022932307390986552e-05 -7.286944484186983861e-05
5.099950335226728090e-05 -7.424143401336526856e-05
5.179524268457001875e-05 -7.566970776584123841e-05
5.261625542968343246e-05 -7.715670033608655891e-05
5.346221667196365959e-05 -7.870494422299415557e-05
5.433275890352094539e-05 -8.031707550609456484e-05
5.522746840647210922e-05 -8.199583951473485971e-05
5.614588128447304931e-05 -8.374409676773735391e-05
5.708747919629882951e-05 -8.556482920950540404e-05
5.805168456770336326e-05 -8.746114678859266906e-05
5.903785542926679353e-05 -8.943629442264516111e-05
6.004527980649994919e-05 -9.149365934308976934e-05
6.107316952226276674e-05 -9.363677874481306966e-05
6.212065344919105985e-05 -9.586934793767761128e-05
6.318677013485720056e-05 -9.819522892568138068e-05
6.427045980829862036e-05 -1.006184594366583458e-04
6.537055555969090864e-05 -1.031432624232988149e-04
6.648577373895433410e-05 -1.057740560388134083e-04
6.761470345434533193e-05 -1.085154642247220452e-04
6.875579514754581723e-05 -1.113723278139971154e-04
6.990734801927181419e-05 -1.143497162137388550e-04
7.106749644531159280e-05 -1.174529396404805359e-04
7.223419488527671245e-05 -1.206875620830131276e-04
7.340520164440456270e-05 -1.240594148907990838e-04
7.457806090453939028e-05 -1.275746110167604985e-04
7.575008319930527211e-05 -1.312395599317103811e-04
7.691832401271274898e-05 -1.350609833747182687e-04
7.807956038883103779e-05 -1.390459317456934794e-04
7.923026523861081798e-05 -1.432018013305834316e-04
8.036657929405065877e-05 -1.475363522277994496e-04
8.148428046253879402e-05 -1.520577271424993545e-04
8.257875008244732016e-05 -1.567744709229220367e-04
8.364493607789930390e-05 -1.616955508394522334e-04
8.467731255092035537e-05 -1.668303777743463106e-04
8.566983544274782815e-05 -1.721888279165980566e-04
8.661589405991600935e-05 -1.777812654877901290e-04
8.750825770424051865e-05 -1.836185658369141917e-04
8.833901726365278324e-05 -1.897121392259189091e-04
8.909952104122894289e-05 -1.960739551819422539e-04
8.978030436849019377e-05 -2.027165671352282675e-04
9.037101229743996851e-05 -2.096531373142393180e-04
9.086031463503233679e-05 -2.168974616714890906e-04
9.123581282076175046e-05 -2.244639945827771614e-04
9.148393724021743382e-05 -2.323678731115891652e-04
9.158983483193725635e-05 -2.406249403451254075e-04
9.153724514365541715e-05 -2.492517675794916963e-04
9.130836428628532817e-05 -2.582656746680219513e-04
9.088369522703619542e-05 -2.676847479123968033e-04
9.024188319832589439e-05 -2.775278550173048558e-04
8.935953469997573906e-05 -2.878146559656671530e-04
8.821101835458738081e-05 -2.985656086929893891e-04
8.676824588396238119e-05 -3.098019687565624477e-04
8.500043103440843497e-05 -3.215457811531826780e-04
8.287382448049558539e-05 -3.338198625705478218e-04
8.035142237016202889e-05 -3.466477724105495326e-04
7.739264562725464138e-05 -3.600537695109142888e-04
7.395298733725587088e-05 -3.740627522514497548e-04
6.998362512913690195e-05 -3.887001788660124032e-04
6.543099509400620727e-05 -4.039919630979215922e-04
6.023632400557396154e-05 -4.199643416453620044e-04
5.433511572080202789e-05 -4.366437075410967432e-04
4.765658754267439016e-05 -4.540564026882095913e-04
4.012305255301159309e-05 -4.722284629122243870e-04
3.164924312545768133e-05 -4.911853063451733980e-04
2.214157076259949978e-05 -5.109513547032106450e-04
1.149731758198787690e-05 -5.315495759972384878e-04
-3.962455191125013963e-07 -5.530009347118027474e-04
-1.366281861772751147e-05 -5.753237326979577333e-04
-2.843811578897033191e-05 -5.985328222504172034e-04
-4.487099437024802992e-05 -6.226386690370840993e-04
-6.312467521048874502e-05 -6.476462393500618912e-04
-8.337805491648417507e-05 -6.735536812261384539e-04
-1.058271117239772800e-04 -7.003507649923091652e-04
-1.306864028048516501e-04 -7.280170426843730370e-04
-1.581906495279428258e-04 -7.565196804316499197e-04
-1.885964006756386314e-04 -7.858109080129269597e-04
-2.221837612604080471e-04 -8.158250249538101257e-04
-2.592581650910933603e-04 -8.464748903760768500e-04
-3.001521619000316115e-04 -8.776478155193390791e-04
-3.452271778530527943e-04 -9.092007637535833627e-04
-3.948751930115841895e-04 -9.409547521353061076e-04
-4.495202621536393108e-04 -9.726883321071404893e-04
-5.096197801951632498e-04 -1.004130015448277636e-03
-5.756653642350947203e-04 -1.034949489445495486e-03
-6.481831876136581001e-04 -1.064747455999955246e-03
-7.277335567369533527e-04 -1.093043907699015917e-03
-8.149094582195847260e-04 -1.119264642097285520e-03
-9.103337410689843218e-04 -1.142725803586724107e-03
-1.014654508979023024e-03 -1.162616233765475723e-03
-1.128538186777498092e-03 -1.177977416424482761e-03
-1.252659603830211027e-03 -1.187680813916425562e-03
-1.387688275458040911e-03 -1.190402427505216033e-03
-1.534269886483069674e-03 -1.184594471029502480e-03
-1.693001747200440161e-03 -1.168454144116575855e-03
-1.864400746471663777e-03 -1.139889637127787861e-03
-2.048862021126474520e-03 -1.096483714632580202e-03
-2.246606225814183275e-03 -1.035455531356461664e-03
-2.457612907863668001e-03 -9.536217626326573115e-04
-2.681537095951658407e-03 -8.473587166125659325e-04
-2.917605790016702862e-03 -7.125678982071912380e-04
-3.164490665608056356e-03 -5.446485381666643427e-04
-3.420152989158272306e-03 -3.384819889250864199e-04
-3.681656587112937858e-03 -8.843469064795806810e-05
-3.944944835002885120e-03 2.116113092394078478e-04
-4.204578217333053945e-03 5.681884711171811438e-04
-4.453430266035942817e-03 9.881191329436762264e-04
-4.682342003821149921e-03 1.478316606348468315e-03
-4.879738801476294838e-03 2.045487587041504296e-03
-5.031219451556738151e-03 2.695705998471910683e-03
-5.119135970570926064e-03 3.433822846929860447e-03
-5.122195131994982178e-03 4.262671345209775690e-03
-5.015130045115378035e-03 5.182022897079275985e-03
-4.768513318565223945e-03 6.187248994568158959e-03
-4.348813567087009280e-03 7.267649390024406159e-03
-3.718834650792085007e-03 8.404422035214232506e-03
-2.838721836851782528e-03 9.568280272191316549e-03
-1.667768235548721615e-03 1.071677514986001285e-02
-1.673035618859324697e-04 1.179146378162555797e-02
1.695016158308076427e-03 1.271518870081503848e-02
3.939192276715115446e-03 1.338990736376556578e-02
6.564865948815288947e-03 1.369574151646934558e-02
9.541174777403694726e-03 1.349219969430393885e-02
1.279466310775126577e-02 1.262284076073459313e-02
1.619594688597616322e-02 1.092493943436144248e-02
1.954663779829427656e-02 8.245883631227170218e-03
2.256915485412653091e-02 4.467909035164380031e-03
2.490346251295071436e-02 -4.578897005738128898e-04
2.611629893961348384e-02 -6.468861129664637763e-03
2.572968639054416806e-02 -1.334273291210227169e-02
2.327570977794633442e-02 -2.065165453285657676e-02
1.838257539864268653e-02 -2.773126104078033061e-02
1.089142247051914751e-02 -3.368351098377658087e-02
9.929508937023684423e-04 -3.743622252576622039e-02
-1.064263023948505173e-02 -3.788115685218187978e-02
-2.278742246418063999e-02 -3.410136101053273805e-02
-3.368992395206039242e-02 -2.567268850748243708e-02
-4.128284384999743317e-02 -1.298291739416949052e-02
-4.359793971767426946e-02 2.537771562293409180e-03
-3.935233502390522720e-02 1.841797004651302833e-02
-2.856540427047642855e-02 3.151036767256946286e-02
-1.295798338394597848e-02 3.876021908097895818e-02
4.153568552647184803e-03 3.823085290412909371e-02
1.864460446127384069e-02 3.001840915216402728e-02
2.693216986527648127e-02 1.656285575903897883e-02
2.738595539532614337e-02 1.994839527705428821e-03
2.106970455848535331e-02 -9.394746176811607716e-03
1.127559743054667649e-02 -1.490001809880324955e-02
1.964885730483069415e-03 -1.440709070487834753e-02
-4.038408000299590489e-03 -1.005279882519296598e-02
-6.037563855133929944e-03 -4.785184719021872909e-03
-5.151200258648506135e-03 -8.074352094094373921e-04
-3.148693483797509150e-03 1.147854920365076487e-03
-1.365754543710892338e-03 1.519244356522467254e-03
-3.107118541944297891e-04 1.138880256852523075e-03
1.089458744198329768e-04 6.379747389845436163e-04
1.810862919395676341e-04 2.846488232649185064e-04
1.332854619156480605e-04 1.018744243649770582e-04
7.484051442784656137e-05 2.777564051445351233e-05
3.591620742850921034e-05 4.400758914728821988e-06
1.479760477285172418e-05 -6.359381721822024004e-07
3.240181010941905989e-06 -7.918932644433964566e-07
-6.018251028142019749e-06 -4.202933776184765992e-07
-1.993382093920936652e-05 -2.185745459733359365e-07
-4.901496258860442174e-05 2.257303449456470807e-06
-1.129010736167534491e-04 1.865295383909980326e-05
-2.439310382833897160e-04 8.917091293111694891e-05
-4.711239778543222499e-04 3.254338552971380990e-04
-7.368914502053828912e-04 9.702300834904926084e-04
-6.774653824005921277e-04 2.391320399375173721e-03
7.091166283167719617e-04 4.781493268336895613e-03
5.131840883243073657e-03 7.299911923450958136e-03
1.398006535613309682e-02 6.897396634212797813e-03
2.567495102345429200e-02 -1.737283301925129052e-03
3.285335919161343210e-02 -2.304988416523579345e-02
2.325492981336044901e-02 -5.443326415071297192e-02
-1.284548885827111603e-02 -8.173590093844473881e-02
-7.199132292577721526e-02 -8.306448038674769940e-02
-1.328521961928320894e-01 -4.179202433149981077e-02
-1.642086804298114044e-01 3.963497159762216504e-02
-1.420500484012592601e-01 1.363697835287352167e-01
-6.406648734569951598e-02 2.119959884793542193e-01
4.822552379896517805e-02 2.363574723671917621e-01
1.600492551307306499e-01 1.990139172373066867e-01
2.389135134003857464e-01 1.115664137774292630e-01
2.663172565583116769e-01 0.000000000000000000e+00
2.412441860733390842e-01 -1.069029430122053204e-01
1.764081800182590587e-01 -1.870679189718680302e-01
9.106872500679129290e-02 -2.295794853379269362e-01
4.176178158260157591e-03 -2.342928505987778576e-01
-7.003506845646706447e-02 -2.085535153404264042e-01
-1.236353883349656790e-01 -1.631578506242663817e-01
-1.544751319267876066e-01 -1.090000143649962755e-01
-1.645712871376333319e-01 -5.499352175350376293e-02
-1.582660130467762050e-01 -7.226722836234350522e-03
-1.406756299156949330e-01 3.099421950776922591e-02
-1.166318686763416768e-01 5.861621799102809116e-02
-9.010707061146364105e-02 7.614633914295014516e-02
-6.401383460961190819e-02 8.499828606413714627e-02
-4.024577906593711230e-02 8.697555672674867067e-02
-1.984393574444429445e-02 8.391525687446989290e-02
-3.206161988315393840e-03 7.747575218567122335e-02
9.710642881401995025e-03 6.903472087623091502e-02
1.922043794656265459e-02 5.966227501886125356e-02
2.577811396024698443e-02 5.013916217462898589e-02
2.988809012058139813e-02 4.099774996814987277e-02
3.204523283587812355e-02 3.257089209737454999e-02
3.270055092807734598e-02 2.503974028027294157e-02
3.224454336675038751e-02 1.847586856326826135e-02
3.100227048600594573e-02 1.287589899204975158e-02
2.923561126313516112e-02 8.188499134876894500e-03
2.714945513486907713e-02 4.334506854505506407e-03
2.489963730339086329e-02 1.221305801891258910e-03
2.260123205241373195e-02 -1.247359602157977095e-03
2.033639719916401079e-02 -3.165036952952123873e-03
1.816135598655513675e-02 -4.618759389196119836e-03
1.611235601672091761e-02 -5.687035032119974222e-03
1.421059778733788428e-02 -6.439058253462939113e-03
1.246621001578335913e-02 -6.934715195075605125e-03
1.088138875046201770e-02 -7.225074690865730676e-03
9.452829619972990746e-03 -7.353148441695303052e-03
8.173578973615980292e-03 -7.354773759473080125e-03
7.034417645648865375e-03 -7.259523488369617680e-03
6.024875831874718264e-03 -7.091583922881089519e-03
5.133961303942983015e-03 -6.870567054145128652e-03
4.350668387795868577e-03 -6.612240354727625877e-03
3.664321415796985282e-03 -6.329168684338021614e-03
3.064795294890535534e-03 -6.031269658486522814e-03
2.542646064656515353e-03 -5.726288029971009566e-03
2.089176886308917631e-03 -5.420196649781840702e-03
1.696458619335358253e-03 -5.117532441741909702e-03
1.357319405527484917e-03 -4.821675865082807565e-03
1.065313936881213258e-03 -4.535081871345037624e-03
8.146801477622179610e-04 -4.259469713533685364e-03
6.002889582949956938e-04 -3.995978128148195037e-03
4.175910054136488386e-04 -3.745291591746739267e-03
2.625630880022923564e-04 -3.507742579889087595e-03
1.316561262054738750e-04 -3.283394002880330332e-03
2.174578884303558692e-05 -3.072105354716841291e-03
-6.991354239122872516e-05 -2.873585528232660419e-03
-1.457311298725354328e-04 -2.687434763175178265e-03
-2.078184574465911537e-04 -2.513177765092370220e-03
-2.580240792384628319e-04 -2.350289679452581201e-03
-2.979649111595019696e-04 -2.198216294451665106e-03
-3.290541673857217764e-04 -2.056389605825441509e-03
-3.525261999470335724e-04 -1.924239675328931563e-03
-3.694585110968428253e-04 -1.801203519699992378e-03
-3.807912042826509694e-04 -1.686731648375652554e-03
-3.873441237777940278e-04 -1.580292735851579608e-03
-3.898319391550943386e-04 -1.481376833325050418e-03
-3.888773903039893071e-04 -1.389497440150030093e-03
-3.850229080458609978e-04 -1.304192685647165371e-03
-3.787407945030867701e-04 -1.225025834726139150e-03
-3.704421394745204357e-04 -1.151585276892045425e-03
-3.604846161755924285e-04 -1.083484130587517805e-03
-3.491793029439184577e-04 -1.020359566714166459e-03
-3.367966425150611129e-04 -9.618719362911039945e-04
-3.235716487825929526e-04 -9.077037567999441574e-04
-3.097084557492970356e-04 -8.575586181683495348e-04
-2.953842902378756062e-04 -8.111600385414255909e-04
-2.807529402869584278e-04 -7.682503008854650334e-04
-2.659477847190871210e-04 -7.285892977110593367e-04
-2.510844362553646750e-04 -6.919533911154111426e-04
-2.362630496993984436e-04 -6.581343080367391260e-04
-2.215703372440882136e-04 -6.269380755548417412e-04
-2.070813242549302978e-04 -5.981840003175150884e-04
-1.928608854076876446e-04 -5.717036971022367324e-04
-1.789650815623237945e-04 -5.473401705705770864e-04
-1.654423249482678032e-04 -5.249469453412709602e-04
-1.523343954278223310e-04 -5.043872475851708106e-04
-1.396773228093364425e-04 -4.855332344396350920e-04
-1.275021551425814395e-04 -4.682652741521668325e-04
-1.158356225513519324e-04 -4.524712681441562102e-04
-1.047007128872444860e-04 -4.380460174532160508e-04
-9.411716611099643854e-05 -4.248906312127610752e-04
-8.410189675924624692e-05 -4.129119719574467283e-04
-7.466935373318979311e-05 -4.020221371942900887e-04
-6.583182028972137546e-05 -3.921379777621543123e-04
-5.759966172590355300e-05 -3.831806457545816982e-04
-4.998152537162510499e-05 -3.750751756484812160e-04
-4.298449187503257363e-05 -3.677500958853105093e-04
-3.661418598152457249e-05 -3.611370696084915868e-04
-3.087484543268341757e-05 -3.551705700736047799e-04
-2.576934960957924579e-05 -3.497875862729152015e-04
-2.129921201017262900e-05 -3.449273668502953393e-04
-1.746453705215424764e-05 -3.405312037449574657e-04
-1.426394671988706424e-05 -3.365422657246030244e-04
-1.169448361604019963e-05 -3.329054827188140161e-04
-9.751499097991798656e-06 -3.295674922062552569e-04
-8.428541953086325254e-06 -3.264766513656559344e-04
-7.717266457782183658e-06 -3.235831181978894729e-04
-7.607377487797758043e-06 -3.208389933230582406e-04
-8.086638246897854751e-06 -3.181985135207169484e-04
-9.140953828844585903e-06 -3.156182711229907432e-04
-1.075454022862122236e-05 -3.130574296943450414e-04
-1.291017157149331027e-05 -3.104779065247780705e-04
-1.558948784183224103e-05 -3.078444903718867485e-04
-1.877333480574904759e-05 -3.051248813225610878e-04
-2.244210362946827387e-05 -3.022896470560750806e-04
-2.657604411025972686e-05 -2.993121067777800145e-04
-3.115553254479424205e-05 -2.961681570756940596e-04
-3.616128222680763343e-05 -2.928360643484751022e-04
-4.157449672562351587e-05 -2.892962387991249271e-04
-4.737697001604150484e-05 -2.855310092129312001e-04
-5.355114071337271930e-05 -2.815244082737143800e-04
-6.008010921671104064e-05 -2.772619756140644711e-04
-6.694762565884017423e-05 -2.727305833248185691e-04
-7.413805672920527768e-05 -2.679182839688149529e-04
-8.163633750699915751e-05 -2.628141819325226984e-04
-8.942791278275551755e-05 -2.574083263770794825e-04
-9.749867200544165698e-05 -2.516916234642600498e-04
-1.058348796483855078e-04 -2.456557667847958739e-04
-1.144231042875595980e-04 -2.392931838129134180e-04
-1.232501470045262420e-04 -2.325969962915277187e-04
-1.323029698042988193e-04 -2.255609933553788852e-04
-1.415686255310726429e-04 -2.181796156784593453e-04
-1.510341888606421632e-04 -2.104479494895547965e-04
-1.606866889501366044e-04 -2.023617296519204225e-04
-1.705130441917742756e-04 -1.939173503002029821e-04
-1.804999980904233871e-04 -1.851118829303104174e-04
-1.906340577565567441e-04 -1.759431009489442917e-04
-2.009014336882250821e-04 -1.664095100433633507e-04
-2.112879813880446940e-04 -1.565103842615122351e-04
-2.217791448867767489e-04 -1.462458069423458224e-04
-2.323599016891190301e-04 -1.356167163383180060e-04
-2.430147096264073333e-04 -1.246249556990919045e-04
-2.537274553516378301e-04 -1.132733272527494195e-04
-2.644814044141522357e-04 -1.015656501703610928e-04
-2.752591534088226206e-04 -8.950682163378036041e-05
-2.860425834873952513e-04 -7.710288142826014074e-05
-2.968128161818418148e-04 -6.436107935165669071e-05
-3.075501710492405485e-04 -5.128994515673291124e-05
-3.182341256087316706e-04 -3.789936102318669178e-05
-3.288432775305208584e-04 -2.420063576282020226e-05
-3.393553094223053295e-04 -1.020658095840291620e-05
-3.497469564020250763e-04 4.068411918410001337e-06
-3.599939766677238756e-04 1.860829331856550365e-05
-3.700711254676411336e-04 3.339527729222802597e-05
-3.799521326012467930e-04 4.840976309266992151e-05
-3.896096840800966220e-04 6.363025765549437825e-05
-3.990154080789817532e-04 7.903329923133274636e-05
-4.081398656818058788e-04 9.459338324633076900e-05
-4.169525469617084575e-04 1.102828906421094330e-04
-4.254218727382221227e-04 1.260720199412069110e-04
-4.335152026443244832e-04 1.419287237560490301e-04
-4.411988500391401100e-04 1.578186505646538506e-04
-4.484381042469611119e-04 1.737050929945733232e-04
-4.551972609579908518e-04 1.895489436863205968e-04
-4.614396612019231944e-04 2.053086598287490324e-04
-4.671277398101469696e-04 2.209402378189480288e-04
-4.722230839235881531e-04 2.363971992860448672e-04
-4.766865023134287901e-04 2.516305900423720324e-04
-4.804781064141725073e-04 2.665889935626305552e-04
-4.835574036826850632e-04 2.812185604285528115e-04
-4.858834042722335244e-04 2.954630557462402385e-04
-4.874147416761531976e-04 3.092639261506560547e-04
-4.881098083835474100e-04 3.225603883508612905e-04
-4.879269072040152695e-04 3.352895412312015743e-04
-4.868244192468106210e-04 3.473865033513096729e-04
-4.847609892675763723e-04 3.587845781706981794e-04
-4.816957293263953127e-04 3.694154488554659242e-04
-4.775884413978400810e-04 3.792094048589123262e-04
-4.723998598058852093e-04 3.880956024286183600e-04
-4.660919140741076041e-04 3.960023610339980611e-04
-4.586280128544033470e-04 4.028574977974528986e-04
-4.499733494040827030e-04 4.085887018037659109e-04
-4.400952291387733245e-04 4.131239501116833884e-04
-4.289634194912700957e-04 4.163919671471070887e-04
-4.165505221695489342e-04 4.183227288093618163e-04
-4.028323679340587576e-04 4.188480125696270734e-04
-3.877884335569102298e-04 4.179019943188574840e-04
-3.714022805874400614e-04 4.154218925292652497e-04
-3.536620151883847598e-04 4.113486596582144111e-04
-3.345607680397949795e-04 4.056277203828235274e-04
-3.140971930396977232e-04 3.982097555588175056e-04
-2.922759830897352583e-04 3.890515301388502577e-04
-2.691084008770075323e-04 3.781167625325332739e-04
-2.446128221607528981e-04 3.653770320216108490e-04
-2.188152885299600133e-04 3.508127198909413887e-04
-1.917500660596688287e-04 3.344139789036358157e-04
-1.634602058365867451e-04 3.161817245529628890e-04
-1.339981014937626945e-04 2.961286403092980909e-04
-1.034260384338263073e-04 2.742801877149896668e-04
-7.181672859782519812e-05 2.506756107291208753e-04
-3.925382386209630648e-05 2.253689221647866853e-04
-5.832400408799840558e-06 1.984298585151178496e-04
2.834059442415807865e-05 1.699447876762461658e-04
6.314594225458760690e-05 1.400175524400077863e-04
9.845181099261886845e-05 1.087702307680570653e-04
1.341134805547126356e-04 7.634379218749557153e-05
1.699731491528148756e-04 4.289862780835151067e-05
2.058598331290596055e-04 8.614929824799589858e-06
2.415893742864295751e-04 -2.630710519675612925e-05
2.769645694989897279e-04 -6.164727640493651063e-05
3.117754381847061599e-04 -9.716561046350158978e-05
3.457996439336035832e-04 -1.326028543531084436e-04
3.788030871901898943e-04 -1.676812590149279235e-04
4.105406863175703578e-04 -2.021056838380958811e-04
4.407573646936269770e-04 -2.355650516134182092e-04
4.691892615150719775e-04 -2.677341825897768977e-04
4.955651837203121869e-04 -2.982760345448867961e-04
5.196083160117065652e-04 -3.268443732671905567e-04
5.410382049395525035e-04 -3.530868943562503678e-04
5.595730317294135342e-04 -3.766488127406549305e-04
5.749321866826477513e-04 -3.971769306446642578e-04
5.868391555435464911e-04 -4.143241877596193072e-04
5.950247252075725832e-04 -4.277546890928486710e-04
5.992305123575561963e-04 -4.371491961561171317e-04
5.992128141242319050e-04 -4.422110559043116416e-04
5.947467743700200933e-04 -4.426725289434324767e-04
5.856308529772875048e-04 -4.383014640940609686e-04
5.716915780835803932e-04 -4.289082503914312021e-04
5.527885529290172632e-04 -4.143529601448117401e-04
5.288196794336064155e-04 -3.945525778595812571e-04
4.997265501192626764e-04 -3.694881898788754913e-04
4.654999482803946070e-04 -3.392119888140508375e-04
4.261853835459920989e-04 -3.038539255313567745e-04
3.818885762466897290e-04 -2.636278201984815087e-04
3.327807894115066716e-04 -2.188367231617646322e-04
2.791038919109421301e-04 -1.698772969562059088e-04
2.211750206114932208e-04 -1.172429733340016946e-04
1.593906937496941429e-04 -6.152562472753380154e-05
9.423021259308427444e-05 -3.415479011606327301e-06
2.625817451172652640e-05 5.630099922392633853e-05
-4.387409107527827373e-05 1.167455374097986091e-04
-1.154283604628306386e-04 1.769550634797356441e-04
-1.875808260794548305e-04 2.358915503848874951e-04
-2.594250716130717320e-04 2.924549340489683677e-04
-3.299768819169194298e-04 3.454993223159072879e-04
-3.981810090908426093e-04 3.938527033189727594e-04
-4.629199153917562147e-04 4.363403936332217346e-04
-5.230242991400872385e-04 4.718126221241034286e-04
-5.772847055551277341e-04 4.991771716677460531e-04
-6.244621224688146023e-04 5.174397584034937233e-04
-6.632903647465053249e-04 5.257615874942551991e-04
-6.924328129722977579e-04 5.235800473957025409e-04
-7.109471345327824515e-04 5.107977969989725784e-04
-7.180595104320158318e-04 4.872631648733542677e-04
