-4.528566719047326383e-03 5.194288151673669314e-04
-4.487985279094581538e-03 5.178672748427756885e-04
-4.430894998981554922e-03 5.146302456611488371e-04
-4.357706949441840505e-03 5.099404571166823563e-04
-4.267941057123869793e-03 5.041901340191257217e-04
-4.163347822327871130e-03 4.978464528070773460e-04
-4.045606809218445059e-03 4.911595719612205915e-04
-3.916299533270655754e-03 4.842912244984405915e-04
-3.776908645356408765e-03 4.773563528095958438e-04
-3.628821676702987439e-03 4.704410106771061083e-04
-3.473334860870935532e-03 4.636115458749485454e-04
-3.311656443186561296e-03 4.569199425236403190e-04
-3.144909620620414421e-03 4.504072415610880804e-04
-2.974135319168107021e-03 4.441058997413645606e-04
-2.800294956623116706e-03 4.380415130174554646e-04
-2.624273275056878199e-03 4.322341321122804073e-04
-2.446881280731536684e-03 4.266993003670839090e-04
-2.268859298724939123e-03 4.214488924083553234e-04
-2.090880131359295225e-03 4.164918035630926470e-04
-1.913552299183098005e-03 4.118345232336585227e-04
-1.737423338518101880e-03 4.074816154128664027e-04
-1.562983128058850627e-03 4.034361230980194803e-04
-1.390667217482350866e-03 3.996999091912795512e-04
-1.220860133005964359e-03 3.962739437567621304e-04
-1.053898637200506930e-03 3.931585454264704331e-04
-8.900749232349927176e-04 3.903535834491466024e-04
-7.296397266237902423e-04 3.878586457166146033e-04
-5.728053403906703100e-04 3.856731773458581649e-04
-4.197485222379566082e-04 3.837965937215232761e-04
-2.706132847689621604e-04 3.822283713584593645e-04
-1.255135621498886260e-04 3.809681195239225269e-04
1.546425154754643705e-05 3.800156351422308417e-04
1.522588951983013428e-04 3.793709431952277801e-04
2.848319660679881770e-04 3.790343245190331634e-04
4.131657779629120328e-04 3.790063326283317621e-04
5.372613510790384857e-04 3.792878009575076370e-04
6.571365316425705752e-04 3.798798416728989247e-04
7.728242387098069929e-04 3.807838369637984413e-04
8.843708349574277332e-04 3.820014235681222308e-04
9.918346178141182554e-04 3.835344709807052190e-04
1.095284427079111196e-03 3.853850536537959488e-04
1.194798364915637158e-03 3.875554171773609464e-04
1.290462624172399562e-03 3.900479381990755857e-04
1.382370420952519540e-03 3.928650775195816828e-04
1.470621027496665399e-03 3.960093253610861186e-04
1.555318901877875311e-03 3.994831374072154448e-04
1.636572911129605774e-03 4.032888595078262589e-04
1.714495645122134006e-03 4.074286381286853533e-04
1.789202818868899708e-03 4.119043125415926959e-04
1.860812761649378649e-03 4.167172832425393284e-04
1.929445992175068568e-03 4.218683487705048745e-04
1.995224879401984695e-03 4.273575003443181230e-04
2.058273389415042100e-03 4.331836591169904412e-04
2.118716918452512050e-03 4.393443344394407546e-04
2.176682210960047270e-03 4.458351727173918240e-04
2.232297357688899607e-03 4.526493517247069318e-04
2.285691858310431694e-03 4.597767562808983228e-04
2.336996711854049703e-03 4.672028419300021732e-04
2.386344451246739506e-03 4.749070550318927782e-04
2.433868944223998524e-03 4.828606380639097542e-04
2.479704599766672200e-03 4.910236338380995647e-04
2.523984302951599087e-03 4.993410102837119672e-04
2.566834974696521020e-03 5.077382980678978204e-04
2.608369518601063707e-03 5.161183162745639191e-04
2.648675248396595901e-03 5.243623166762603066e-04
2.687802656073386143e-03 5.323388926920780660e-04
2.725761221227918953e-03 5.399191052884199423e-04
2.762524797610131731e-03 5.469904611537097479e-04
2.798041961957831777e-03 5.534641179290129484e-04
2.832245657845839596e-03 5.592757577033228558e-04
2.865059842641451502e-03 5.643832243457435954e-04
2.896403344032026910e-03 5.687632965496683011e-04
2.926191809843410943e-03 5.724086948142214021e-04
2.954338512211792007e-03 5.753256564610647727e-04
2.980754496264105720e-03 5.775320976062993036e-04
3.005348368144365821e-03 5.790562780866422487e-04
3.028025881237755672e-03 5.799358755791963419e-04
3.048689411648604353e-03 5.802173877530632240e-04
3.067237369133511086e-03 5.799558003434757917e-04
3.083563569920013195e-03 5.792144780357095287e-04
3.097556578880734587e-03 5.780652449353085830e-04
3.109099031874134559e-03 5.765886334025710101e-04
3.118066931529251806e-03 5.748742923659872807e-04
3.124328919331036212e-03 5.730215440071135006e-04
3.127745518343954482e-03 5.711400884793129979e-04
3.128168342157728980e-03 5.693508591337690522e-04
3.125439267149863684e-03 5.677870299490135825e-04
3.119389560502779362e-03 5.665951839372729976e-04
3.109838959355685356e-03 5.659366510713157404e-04
3.096594692802768535e-03 5.659890214666301548e-04
3.079450441454528817e-03 5.669478465665932394e-04
3.058185219543069211e-03 5.690285364905751236e-04
3.032562171076043454e-03 5.724684571892213990e-04
3.002327258514081616e-03 5.775292334119629546e-04
2.967207821668179594e-03 5.844992541793076358e-04
2.926910968280152254e-03 5.936963665122048112e-04
2.881121742095607129e-03 6.054707384427744730e-04
2.829501002521851109e-03 6.202078426277765882e-04
2.771682897173491453e-03 6.383315040520859971e-04
2.707271762543686858e-03 6.603069068575814771e-04
2.635838242219911819e-03 6.866434212681465791e-04
2.556914249389543713e-03 7.178970465484733020e-04
2.469986296121937704e-03 7.546722174174679953e-04
2.374486470116742281e-03 7.976226044460202553e-04
2.269779990751974799e-03 8.474504435997025700e-04
2.155147851757288884e-03 9.049037819123543960e-04
2.029762352964390414e-03 9.707709323566372393e-04
1.892652332087884194e-03 1.045871200490354220e-03
1.742653594414416383e-03 1.131040820679244871e-03
1.578337858992950741e-03 1.227112922243653445e-03
1.397910748198452884e-03 1.334890303692112725e-03
1.199064906703128713e-03 1.455109824263243817e-03
9.787679182320743222e-04 1.588397633384050142e-03
7.329548878080685602e-04 1.735215065178961425e-03
4.560804113146881304e-04 1.895796579845280888e-03
1.404600268844624232e-04 2.070083869428660916e-03
-2.247092224725765136e-04 2.257665289359191835e-03
-6.548294931732953888e-04 2.457741430325658186e-03
-1.172189440311763526e-03 2.669163787286485141e-03
-1.809592289266368729e-03 2.890658901584782035e-03
-2.616287456232332855e-03 3.121518223383851556e-03
-3.667981681042906811e-03 3.363473980828883894e-03
-5.084233697362448672e-03 3.625647481034852647e-03
-7.059316943883127415e-03 3.937564933072432855e-03
-9.917139887654783173e-03 4.383525851771414780e-03
-1.420561631244427955e-02 5.193455315864866847e-03
-2.083885921029752022e-02 6.980561401546882261e-03
-3.122046641374589399e-02 1.134029825820949411e-02
-4.693737273986844927e-02 2.222154908648760196e-02
-6.749690334991109708e-02 4.837252995971405567e-02
-8.239988853433349858e-02 1.047338625404909823e-01
-5.534830024316381158e-02 2.011982150049408669e-01
7.582597706063710918e-02 2.974332910584669976e-01
3.111745154149300752e-01 2.598371291178126485e-01
4.607923755600487614e-01 0.000000000000000000e+00
3.361999562910921724e-01 -2.865827819794748987e-01
7.560353081685072807e-02 -3.549083768487560353e-01
-9.237589152269241877e-02 -2.488909355655391509e-01
-1.314399825779999642e-01 -1.235982090868051053e-01
-1.088128260373080192e-01 -4.566128045130144614e-02
-7.558259451432158826e-02 -1.017805827949512000e-02
-4.954410187152049477e-02 2.416092873256277945e-03
-3.241058159467613553e-02 5.369050200735468389e-03
-2.174520248159854743e-02 4.987117843249826848e-03
-1.512519475584432789e-02 3.767790969744036836e-03
-1.091986202562806978e-02 2.559181413824941978e-03
-8.152681226663420835e-03 1.585086844608711186e-03
-6.258981876981722751e-03 8.600387863885037209e-04
-4.911833274098838242e-03 3.415533399668468028e-04
-3.918232473955559486e-03 -1.926423818763927341e-05
-3.160944095971019059e-03 -2.636466789852776461e-04
-2.566421440163213757e-03 -4.231840555717649691e-04
-2.086998536110481160e-03 -5.212589568663983201e-04
-1.690824369917374569e-03 -5.750264881748543477e-04
-1.356032459766050389e-03 -5.971161365680820047e-04
-1.067267073346140792e-03 -5.969122792925028688e-04
-8.135502183251074656e-04 -5.814674881409057430e-04
-5.869299530725640432e-04 -5.561400761928858745e-04
-3.815967252463963550e-04 -5.250369996755122840e-04
-1.932877896593431985e-04 -4.913231964592491494e-04
-1.887424115083520418e-05 -4.574404313854780503e-04
1.439326674740589514e-04 -4.252649241526976318e-04
2.967950466400642948e-04 -3.962235100275743370e-04
4.409063223406548969e-04 -3.713812627620566883e-04
5.771097904066475968e-04 -3.515092593332006508e-04
7.059884616630118055e-04 -3.371381754476475770e-04
8.279336352579100668e-04 -3.286015339256924297e-04
9.431974198982188452e-04 -3.260711618228136557e-04
1.051932997995366683e-03 -3.295866318097538054e-04
1.154225446988881064e-03 -3.390799327380106861e-04
1.250115229880515441e-03 -3.543962489702928817e-04
1.339615984415979885e-03 -3.753115341693128663e-04
1.422727855548796888e-03 -4.015473894912743934e-04
1.499447359081434398e-03 -4.327836476953157360e-04
1.569774541963532338e-03 -4.686690073626184443e-04
1.633718042282185281e-03 -5.088299921798936131e-04
1.691298529312644646e-03 -5.528784660615154722e-04
1.742550898827757710e-03 -6.004179156696185871e-04
1.787525525755663276e-03 -6.510486680635033802e-04
1.826288801620016156e-03 -7.043721994061450092e-04
1.858923150273233916e-03 -7.599946653321821991e-04
1.885526656797963021e-03 -8.175297669038427296e-04
1.906212429633442115e-03 -8.766010543296658391e-04
1.921107779674609403e-03 -9.368437527364787548e-04
1.930353282679414268e-03 -9.979061867693437074e-04
1.934101778331196071e-03 -1.059450867830716552e-03
1.932517342476205730e-03 -1.121155302183602775e-03
1.925774260716180304e-03 -1.182712566852709563e-03
1.914056024705300656e-03 -1.243831696055639272e-03
1.897554366738494255e-03 -1.304237911194001303e-03
1.876468338795050017e-03 -1.363672730260779165e-03
1.851003443116214665e-03 -1.421893979781636060e-03
1.821370817556792121e-03 -1.478675733616338292e-03
1.787786477964500419e-03 -1.533808195329769289e-03
1.750470614224842059e-03 -1.587097545535707740e-03
1.709646934335842198e-03 -1.638365765877704055e-03
1.665542058254658800e-03 -1.687450453207156109e-03
1.618384953034180274e-03 -1.734204635030976195e-03
1.568406405280870766e-03 -1.778496596107753507e-03
1.515838520866568230e-03 -1.820209725244778878e-03
1.460914246797129831e-03 -1.859242389751969947e-03
1.403866906198336780e-03 -1.895507844982531262e-03
1.344929731815796030e-03 -1.928934184557106130e-03
1.284335390162893477e-03 -1.959464337294112950e-03
1.222315477049757196e-03 -1.987056113815045561e-03
1.159099968811591521e-03 -2.011682305414584128e-03
1.094916607578126080e-03 -2.033330836050804835e-03
1.029990193515145256e-03 -2.052004961226391953e-03
9.645417545286808208e-04 -2.067723503522373579e-03
8.987875593108394633e-04 -2.080521107473320280e-03
8.329379342178618809e-04 -2.090448479703261881e-03
7.671958457216093100e-04 -2.097572565834156678e-03
7.017552146236446815e-04 -2.101976589545291683e-03
6.367989434737191239e-04 -2.103759853963917993e-03
5.724966711212547358e-04 -2.103037175718406714e-03
5.090023200199113307e-04 -2.099937797316285548e-03
4.464515806271210883e-04 -2.094603624886853203e-03
3.849595654600195590e-04 -2.087186677737151545e-03
3.246189482134384193e-04 -2.077845736400235968e-03
2.654989373743483604e-04 -2.066742322024155056e-03
2.076453665076358267e-04 -2.054036328946211385e-03
1.510820247639119780e-04 -2.039881756080774277e-03
9.581311601002172416e-05 -2.024423019028228233e-03
4.182652460002326839e-05 -2.007792207059334085e-03
-1.090254957574512658e-05 -1.990107452725278780e-03
-6.240800379466818226e-05 -1.971472365081167275e-03
-1.127296112907664571e-04 -1.951976331586036421e-03
-1.619103342978807456e-04 -1.931695424574412069e-03
-2.099942208480147575e-04 -1.910693660100772203e-03
-2.570248451545862462e-04 -1.889024406117648623e-03
-3.030442121633678009e-04 -1.866731797927458645e-03
-3.480920326377539230e-04 -1.843852073636418785e-03
-3.922052794589717681e-04 -1.820414784224274945e-03
-4.354179495646597672e-04 -1.796443860908078982e-03
-4.777609715794773866e-04 -1.771958540251204793e-03
-5.192622132651321604e-04 -1.746974156125107513e-03
-5.599465546516052116e-04 -1.721502812754100538e-03
-5.998360024383605701e-04 -1.695553954130108506e-03
-6.389498288132597608e-04 -1.669134844213972235e-03
-6.773047221287861221e-04 -1.642250972166171179e-03
-7.149149416838241049e-04 -1.614906394041389298e-03
-7.517924714911369734e-04 -1.587104021362821873e-03
-7.879471691639555178e-04 -1.558845865469631184e-03
-8.233869082037966261e-04 -1.530133244850464267e-03
-8.581177124868508057e-04 -1.500966961611588813e-03
-8.921438824725008623e-04 -1.471347452239621422e-03
-9.254681129683195234e-04 -1.441274916846976579e-03
-9.580916028280983109e-04 -1.410749430357223153e-03
-9.900141567703592792e-04 -1.379771038749166324e-03
-1.021234279906105876e-03 -1.348339842525617897e-03
-1.051749265453727836e-03 -1.316456069618280027e-03
-1.081555276151591931e-03 -1.284120139274817296e-03
-1.110647419878856923e-03 -1.251332718413408372e-03
-1.139019820137094534e-03 -1.218094771621080260e-03
-1.166665681726420430e-03 -1.184407605528043674e-03
-1.193577352098320037e-03 -1.150272908861914040e-03
-1.219746378908021997e-03 -1.115692788350977106e-03
-1.245163564019412424e-03 -1.080669801354944889e-03
-1.269819014494128710e-03 -1.045206985738225767e-03
-1.293702190765533668e-03 -1.009307887181235463e-03
-1.316801952352674408e-03 -9.729765844012363499e-04
-1.339106601427517010e-03 -9.362177126584867327e-04
-1.360603924421534923e-03 -8.990364856080559127e-04
-1.381281231986449193e-03 -8.614387158720998409e-04
-1.401125397478918729e-03 -8.234308343968868658e-04
-1.420122894161170678e-03 -7.850199087872204717e-04
-1.438259831335805209e-03 -7.462136607719841320e-04
-1.455521989564391352e-03 -7.070204828568559972e-04
-1.471894855109318490e-03 -6.674494542636106404e-04
-1.487363653764017324e-03 -6.275103562325093799e-04
-1.501913384182098363e-03 -5.872136867285687083e-04
-1.515528850832857004e-03 -5.465706746306958370e-04
-1.528194696705887723e-03 -5.055932934138918523e-04
-1.539895435848966619e-03 -4.642942743550162684e-04
-1.550615485853887700e-03 -4.226871192757736522e-04
-1.560339200362171079e-03 -3.807861128516151338e-04
-1.569050901689113134e-03 -3.386063344791088829e-04
-1.576734913632373523e-03 -2.961636696941310999e-04
-1.583375594533550576e-03 -2.534748211471175936e-04
-1.588957370673906066e-03 -2.105573191175136880e-04
-1.593464770071172792e-03 -1.674295315636644224e-04
-1.596882456711985494e-03 -1.241106736594580536e-04
-1.599195265288841546e-03 -8.062081682599513176e-05
-1.600388236513469731e-03 -3.698089721669036269e-05
-1.600446653011186300e-03 6.787276390537099694e-06
-1.599356075882634939e-03 5.066101530127944410e-05
-1.597102381946843711e-03 9.461674426815157486e-05
-1.593671801724935635e-03 1.386299955533396944e-04
-1.589050958188236058e-03 1.826754037240787805e-04
-1.583226906301419623e-03 2.267267012402544868e-04
-1.576187173397623677e-03 2.707567148834837708e-04
-1.567919800408655888e-03 3.147373630809644288e-04
-1.558413383982605723e-03 3.586396541705895577e-04
-1.547657119505787887e-03 4.024336856913656672e-04
-1.535640845032250129e-03 4.460886447480793366e-04
-1.522355086159241826e-03 4.895728095115378480e-04
-1.507791101847052572e-03 5.328535519400263596e-04
-1.491940931189805579e-03 5.758973417908142033e-04
-1.474797441154817885e-03 6.186697519857875180e-04
-1.456354375270952099e-03 6.611354654256211983e-04
-1.436606403291650286e-03 7.032582833282565891e-04
-1.415549171797867269e-03 7.450011351766672955e-04
-1.393179355741302550e-03 7.863260903656480762e-04
-1.369494710915362783e-03 8.271943716372249632e-04
-1.344494127327788401e-03 8.675663704089454399e-04
-1.318177683457774337e-03 9.074016640724172356e-04
-1.290546701353935703e-03 9.466590353837685918e-04
-1.261603802544794973e-03 9.852964940357312497e-04
-1.231352964723513759e-03 1.023271300523290140e-03
-1.199799579145830993e-03 1.060539992406754096e-03
-1.166950508702337347e-03 1.097058413090594865e-03
-1.132814146585452760e-03 1.132781743221327820e-03
-1.097400475495396641e-03 1.167664534830589003e-03
-1.060721127300862923e-03 1.201660748332744957e-03
-1.022789443077128666e-03 1.234723792504098874e-03
-9.836205334188944955e-04 1.266806567559205241e-03
-9.432313389235184777e-04 1.297861511449702014e-03
-9.016406907454881450e-04 1.327840649510336844e-03
-8.588693710930532651e-04 1.356695647577277602e-03
-8.149401735275509442e-04 1.384377868697736578e-03
-7.698779629314625146e-04 1.410838433566483693e-03
-7.237097349932061687e-04 1.436028284809951015e-03
-6.764646750327255650e-04 1.459898255236714414e-03
-6.281742159989093036e-04 1.482399140188279301e-03
-5.788720954384476416e-04 1.503481774104070212e-03
-5.285944112394559691e-04 1.523097111418955174e-03
-4.773796759299757798e-04 1.541196311914467447e-03
-4.252688692941447189e-04 1.557730830631348217e-03
-3.723054890694163337e-04 1.572652512455577226e-03
-3.185355994457570285e-04 1.585913691472695935e-03
-2.640078771044683959e-04 1.597467295193431749e-03
-2.087736544959894840e-04 1.607266953737224602e-03
-1.528869600422545424e-04 1.615267114050800796e-03
-9.640455494251999060e-05 1.621423159238685047e-03
-3.938596623122739651e-05 1.625691533060446767e-03
1.810648426807428255e-05 1.628029869651087059e-03
7.600765548115368192e-05 1.628397128491544622e-03
1.342495675099445232e-04 1.626753734653871471e-03
1.927613873615126100e-04 1.623061724330598183e-03
2.514694204167158592e-04 1.617284895631952149e-03
3.102971080981797814e-04 1.609388964616229349e-03
3.691650322038119033e-04 1.599341726505857644e-03
4.279909263967646388e-04 1.587113222013024089e-03
4.866896953651895304e-04 1.572675908668688411e-03
5.451734421731293080e-04 1.556004837033662372e-03
6.033515043497289900e-04 1.537077831632428478e-03
6.611304992728871469e-04 1.515875676419903024e-03
7.184143794267796104e-04 1.492382304560615006e-03
7.751044981213799567e-04 1.466584992262128309e-03
8.310996862741784012e-04 1.438474556370024186e-03
8.862963408755636287e-04 1.408045555378953243e-03
9.405885257613123222e-04 1.375296493480251047e-03
9.938680853241810623e-04 1.340230027223249677e-03
1.046024771809527529e-03 1.302853174307267055e-03
1.096946386838665603e-03 1.263177523973318820e-03
1.146518937807932889e-03 1.221219448413235096e-03
1.194626809806772919e-03 1.177000314554258603e-03
1.241152953697254556e-03 1.130546695508029709e-03
1.285979090989044019e-03 1.081890580923337277e-03
1.328985936126023462e-03 1.031069585402879293e-03
1.370053436789666918e-03 9.781271540842144310e-04
1.409061032802109200e-03 9.231127643994450210e-04
1.445887934180065202e-03 8.660821229730685834e-04
1.480413418862486664e-03 8.070973565190171090e-04
1.512517150595866838e-03 7.462271955342508149e-04
1.542079517409690416e-03 6.835471494916053534e-04
1.568981991069688664e-03 6.191396721624351906e-04
1.593107507830153220e-03 5.530943156060918933e-04
1.614340870734242437e-03 4.855078712779504341e-04
1.632569173644963807e-03 4.164844966215131786e-04
1.647682247083156158e-03 3.461358254221832053e-04
1.659573125871592137e-03 2.745810601137212712e-04
1.668138538455760230e-03 2.019470441349852541e-04
1.673279417669461039e-03 1.283683123592937461e-04
1.674901432565794723e-03 5.398711752408345203e-05
1.672915540802587904e-03 -2.104656948290355742e-05
1.667238560902680562e-03 -9.657508770579133575e-05
1.657793763548914053e-03 -1.724331448689155500e-04
1.644511480880329023e-03 -2.484479091496632152e-04
1.627329732560695756e-03 -3.244391363991180628e-04
1.606194867176597482e-03 -4.002193352776457053e-04
1.581062217287992986e-03 -4.755939728164881300e-04
1.551896766216967352e-03 -5.503617229441219640e-04
1.518673824391136200e-03 -6.243147605289144217e-04
1.481379712792161348e-03 -6.972391034920147595e-04
1.440012450757120277e-03 -7.689150055283221642e-04
1.394582445083368061e-03 -8.391174019346658982e-04
1.345113177061997871e-03 -9.076164109898301460e-04
1.291641883731088798e-03 -9.741778932485219231e-04
1.234220229284989931e-03 -1.038564071008832128e-03
1.172914962229034460e-03 -1.100534210077837739e-03
1.107808553481064422e-03 -1.159845365787642206e-03
1.038999810250750260e-03 -1.216253195029486740e-03
9.666044601371354562e-04 -1.269512835822456370e-03
8.907556994869492845e-04 -1.319379855677135782e-03
8.116046996692670261e-04 -1.365611269680847180e-03
7.293210645194430708e-04 -1.407966628887390376e-03
6.440932318219198295e-04 -1.446209179171660747e-03
5.561288113109637493e-04 -1.480107090263989896e-03
4.656548513103698789e-04 -1.509434754159614785e-03
3.729180257731895412e-04 -1.533974151538897114e-03
2.781847331620583043e-04 -1.553516284204289454e-03
1.817410983100832122e-04 -1.567862670859729475e-03
8.389286814189440725e-05 -1.576826902815041398e-03
-1.503480807710840667e-05 -1.580236255387864773e-03
-1.146977234635004005e-04 -1.577933349900207446e-03
-2.147330928100579979e-04 -1.569777860246612724e-03
-3.147601760813940690e-04 -1.555648256991477114e-03
-4.143810556934855380e-04 -1.535443580911253830e-03
-5.131815770149143969e-04 -1.509085236763055195e-03
-6.107324612866582916e-04 -1.476518796890782543e-03
-7.065905997897178881e-04 -1.437715803042711755e-03
-8.003005376127824083e-04 -1.392675553496693693e-03
-8.913961547358574024e-04 -1.341426861270359015e-03
-9.794025513671352021e-04 -1.284029767832600786e-03
-1.063838143522288998e-03 -1.220577195367353839e-03
-1.144216973703115949e-03 -1.151196519239226865e-03
-1.220051240216095054e-03 -1.076051040936135302e-03
-1.290854047130289171e-03 -9.953413403928561103e-04
-1.356142375140639974e-03 -9.093064852665317353e-04
-1.415440271603374354e-03 -8.182250734681178811e-04
-1.468282255810251244e-03 -7.224160840590599817e-04
-1.514216933078004271e-03 -6.222395105373016875e-04
-1.552810808513746792e-03 -5.180967495809370420e-04
-1.583652288320163597e-03 -4.104307175422505912e-04
-1.606355853256729877e-03 -2.997256663943226795e-04
-1.620566385350826269e-03 -1.865066704747853847e-04
-1.625963625185566528e-03 -7.133875532291356308e-05
-1.622266733069410759e-03 4.517435987058196771e-05
-1.609238923151081217e-03 1.623919340708015384e-04
-1.586692135075333738e-03 2.796383172965344463e-04
-1.554491703139812076e-03 3.962055300000337748e-04
-1.512560978132375476e-03 5.113563323161465259e-04
-1.460885852120724117e-03 6.243278040543051664e-04
-1.399519131555041710e-03 7.343354531645013891e-04
-1.328584699081990488e-03 8.405778666259307525e-04
-1.248281399652962807e-03 9.422419132200097244e-04
-1.158886581811911396e-03 1.038508502436815729e-03
-1.060759220636667451e-03 1.128558897765321494e-03
-9.543425447579642748e-04 1.211581575808277781e-03
-8.401660863230596410e-04 1.286779615037185942e-03
-7.188470698016036220e-04 1.353378589522914992e-03
-5.910910533786354649e-04 1.410634933669433454e-03
-4.576917353834069257e-04 1.457844733808914698e-03
-3.195298380180854633e-04 1.494352891601078348e-03
-1.775709816938705042e-04 1.519562592459622937e-03
-3.286246583532377737e-05 1.532944999889686733e-03
1.134711239356733542e-04 1.534049083642897082e-03
2.602335563209102511e-04 1.522511476238614129e-03
4.061639087350066984e-04 1.498066238679977629e-03
5.499448915652455864e-04 1.460554402417502725e-03
6.902125857948409639e-04 1.409933140933052487e-03
8.255676224031239727e-04 1.346284411020370842e-03
9.545878142252862747e-04 1.269822891236206241e-03
1.075842230443344125e-03 1.180903033429268542e-03
1.187906680440622541e-03 1.080025033058350844e-03
1.289380547503105479e-03 9.678395157211150792e-04
1.378904883622408123e-03 8.451507312387740922e-04
1.455181644775246485e-03 7.129180434429510530e-04
1.516993911443592809e-03 5.722555038483709321e-04
1.563226902240521035e-03 4.244293013868743721e-04
1.592889549620539946e-03 2.708528887397661082e-04
1.605136366215708862e-03 1.130795992023287116e-04
1.599289289007882345e-03 -4.720741301124606348e-05
1.574859147011699973e-03 -2.082080510901472862e-04
1.531566357283288505e-03 -3.680210829367817427e-04
1.469360414929776586e-03 -5.246629492300041277e-04
1.388437706525791826e-03 -6.760895979937952670e-04
1.289257144185829975e-03 -8.202213177728888329e-04
1.172553091372050124e-03 -9.549704804979813281e-04
1.039345032053192244e-03 -1.078272036315423019e-03
8.909434250934720849e-04 -1.188116526847989192e-03
7.289511863091933681e-04 -1.282585300991117812e-03
5.552602541569624231e-04 -1.359887529271972331e-03
3.720427232083797385e-04 -1.418398520047802966e-03
1.817360743285127418e-04 -1.456698745558123462e-03
-1.297790666467731752e-05 -1.473612889141879059e-03
-2.092008469820209123e-04 -1.468248129939344563e-03
-4.038523623179638344e-04 -1.440030790370766794e-03
-5.937115842485250154e-04 -1.388740388009188651e-03
-7.754655844727704507e-04 -1.314540060851556108e-03
-9.457644688523605611e-04 -1.218002277132338275e-03
-1.101282720119332089e-03 -1.100128702336971263e-03
-1.238786153780533413e-03 -9.623630813277762614e-04
-1.355203619754581992e-03 -8.065960073263519006e-04
-1.447702336308843984e-03 -6.351604965936527656e-04
-1.513765487961573741e-03 -4.508173726549907995e-04
-1.551270461379808700e-03 -2.567295910903619064e-04
-1.558565840665148859e-03 -5.642480898901825869e-05
-1.534545044836117681e-03 1.462542750445629844e-04
-1.478714276215150692e-03 3.472120120985773030e-04
-1.391252270612907457e-03 5.421742040131999731e-04
-1.273059211519477277e-03 7.267743204657931347e-04
-1.125792104705113962e-03 8.966506200555626966e-04
-9.518839209792296675e-04 1.047552805502133949e-03
-7.545439176245655145e-04 1.175456354373845876e-03
-5.377367569559413172e-04 1.276682159127402565e-03
-3.061383660108154756e-04 1.348018598712120769e-03
-6.506693489544373814e-05 1.386842667026416199e-03
1.796119599382024258e-04 1.391236322756364725e-03
4.216063940564742339e-04 1.360093825302013081e-03
6.543447181763211015e-04 1.293215509995218485e-03
8.711461979312876223e-04 1.191383261971294986e-03
1.065412999006286722e-03 1.056412902304451921e-03
1.230839655923548397e-03 8.911788326763289952e-04
1.361634918862857351e-03 6.996066245590416063e-04
1.452749619368487195e-03 4.866298109159454825e-04
1.500102986605205422e-03 2.581079624477541305e-04
1.500798744695481515e-03 2.070421830590503409e-05
1.453321401131875369e-03 -2.182782054730646962e-04
1.357702475966305125e-03 -4.510993991455516244e-04
1.215646105488279484e-03 -6.698230685765041220e-04
1.030603567411724538e-03 -8.665887872091680277e-04
8.077868985017812309e-04 -1.033909069598162259e-03
5.541129820448111899e-04 -1.164981972145933027e-03
2.780713277785139812e-04 -1.254007822053040998e-03
-1.048871614993217424e-05 -1.296496763128299548e-03
-3.006523889742877776e-04 -1.289552227052089385e-03
-5.808128231187415641e-04 -1.232114342875892258e-03
-8.391160913219041341e-04 -1.125146843296743028e-03
-1.063966058105423424e-03 -9.717513674515733738e-04
-1.244572076579523534e-03 -7.771943363844150462e-04
-1.371517578512714995e-03 -5.488339017248285764e-04
-1.437322951159189163e-03 -2.959379120212311289e-04
-1.436972138496276198e-03 -2.938841980055007289e-05
-1.368369545013424504e-03 2.387260906472084125e-04
-1.232692473471573872e-03 4.956229813234315105e-04
-1.034604903726169802e-03 7.284271794007731241e-04
-7.823012878310365691e-04 9.248396238010641885e-04
-4.873544891477228245e-04 1.073842166647777808e-03
-1.643502004464933712e-04 1.166401725883652301e-03
1.696988588653809964e-04 1.196130800626342460e-03
4.961521518315635190e-04 1.159857686857143459e-03
7.957315207237590764e-04 1.058058537341652035e-03
1.049662997796679733e-03 8.951054161565785879e-04
1.240913579137251348e-03 6.792902098369944970e-04
1.355450018206184838e-03 4.225939906565516621e-04
1.383432929925217537e-03 1.401852350117013975e-04
1.320249957388609048e-03 -1.503521040930313405e-04
1.167288183502254240e-03 -4.300389706638187365e-04
9.323499980097113993e-04 -6.797256408705774737e-04
6.296295826714190741e-04 -8.814527300228531658e-04
2.791898618999555945e-04 -1.019859724504470436e-03
-9.408775219837720266e-05 -1.083534264026276466e-03
-4.620671033536387774e-04 -1.066183944463970851e-03
-7.953725293152324061e-04 -9.675096221248787086e-04
-1.065741675224508075e-03 -7.936671513268708095e-04
-1.248550834855910278e-03 -5.572246267996813210e-04
-1.325302931262215987e-03 -2.765550273949889440e-04
-1.285835885449113265e-03 2.535109260033504186e-05
-1.129995598987994145e-03 3.226138031704112782e-04
-8.685289076694368204e-04 5.886336328852458111e-04
-5.229920406408233987e-04 7.985432757521582778e-04
-1.245413537319871550e-04 9.317273871564650143e-04
2.884259164866631218e-04 9.741567611632216466e-04
6.736878322642853370e-04 9.202650193044957993e-04
9.894381907870693389e-04 7.741062626242622806e-04
1.198979081297852755e-03 5.495755695435064958e-04
1.275372435667655908e-03 2.695521027460136797e-04
1.205475472761611232e-03 -3.606607805785267892e-05
9.927624313722743874e-04 -3.333336583027732432e-04
6.583891721133046208e-04 -5.879914114119955647e-04
2.400984973270471157e-04 -7.695812012801521353e-04
-2.112077202928214670e-04 -8.554557720693576391e-04
-6.371020180866925845e-04 -8.341394490811550929e-04
-9.789972463023536263e-04 -7.075073215439850287e-04
-1.186426235256526039e-03 -4.913424733777246867e-04
-1.225127465282530720e-03 -2.140052111945837888e-04
-1.083658114810520396e-03 8.680638191351116011e-05
-7.772612116988261233e-04 3.689348982405673367e-04
-3.479372670383585882e-04 5.917158506427424788e-04
1.398739509192106908e-04 7.221874177424274580e-04
6.079358430105038374e-04 7.405875148458493460e-04
9.763253777361514951e-04 6.441577461330457756e-04
1.177354961492424121e-03 4.484364647587510974e-04
1.168996015215810220e-03 1.855608372076874592e-04
9.451582646647352023e-04 -1.004219193874806497e-04
5.403095580394136083e-04 -3.606795289382788445e-04
2.660857125181627684e-05 -5.500711098200821315e-04
-4.970434527455249536e-04 -6.354981622080896992e-04
-9.229858687198342140e-04 -6.025058880831041588e-04
-1.157001586627019697e-03 -4.586818135089797523e-04
-1.140415097341923242e-03 -2.329033892773190275e-04
-8.669471272630240857e-04 2.973569594271485987e-05
-3.894546632152716165e-04 2.765763058509559469e-04
1.867540591701763214e-04 4.580218557962839067e-04
7.245603366985441151e-04 5.379609141466060477e-04
1.086599710265161731e-03 5.016718003214874419e-04
1.171162601166337745e-03 3.593084259573951387e-04
9.433169161210039604e-04 1.439772732423165165e-04
4.516647890357715117e-04 -9.536053088203124231e-05
-1.765796918636659179e-04 -3.046857496844034376e-04
-7.644466294132862532e-04 -4.370098016020586328e-04
-1.133276544569776978e-03 -4.629979843582083740e-04
-1.158147817658491908e-03 -3.777058528555751055e-04
-8.139201908209358618e-04 -2.019344696124314290e-04
-1.948114041715456261e-04 2.205098304950118103e-05
5.039246637304697777e-04 2.394924876247446228e-04
1.043423672440001171e-03 3.953813144560116189e-04
1.222594456168652572e-03 4.472193426357579842e-04
