5.645889878582529414e-02 -5.533731166716236369e-03
4.560783614047286827e-02 -4.615382603779118187e-03
1.644185725400056433e-02 -2.244637719722451623e-03
-1.688472727836963505e-02 6.637561788328536286e-04
-4.142730009652002832e-02 3.215315435849699921e-03
-4.992712760895878787e-02 4.765739713825743046e-03
-4.189849833663229078e-02 5.027587431167384810e-03
-2.207120586026438402e-02 4.062772077382848478e-03
2.339035243383390857e-03 2.199928543642952136e-03
2.428300405745696666e-02 -8.608604166790261025e-05
3.870182129700405760e-02 -2.298177730513641104e-03
4.329711261092692581e-02 -4.018651932951587333e-03
3.839845364467112804e-02 -4.973916379925382922e-03
2.625957413780938970e-02 -5.058772543304236244e-03
1.013456196634886751e-02 -4.325553856674739170e-03
-6.591088594992574462e-03 -2.948597667888914163e-03
-2.105135032862211902e-02 -1.176221410780055668e-03
-3.127387554882305604e-02 7.187385871977366308e-04
-3.629536817659226311e-02 2.481572113893082063e-03
-3.607907962857362372e-02 3.906685735106777552e-03
-3.131002999645293022e-02 4.855296104832984572e-03
-2.313850564841331628e-02 5.260662096081632384e-03
-1.292667261278094594e-02 5.123269757468591062e-03
-2.033985564410129183e-03 4.499103939999459303e-03
8.340777442505152919e-03 3.484178405420500224e-03
1.725707923472517488e-02 2.198077958010258900e-03
2.407550292316191359e-02 7.686081500242920861e-04
2.845691006276680063e-02 -6.810751102393078696e-04
3.033071448464274775e-02 -2.042151655029653644e-03
2.984464043189249266e-02 -3.226478438958837666e-03
2.730648178370872689e-02 -4.169819191638165362e-03
2.312591074694034243e-02 -4.832441215688214504e-03
1.776184256757167360e-02 -5.197677418877426174e-03
1.167858364879300996e-02 -5.269073187110033182e-03
5.312143481588800162e-03 -5.066691747880443242e-03
-9.532742124669943504e-04 -4.623065427314988068e-03
-6.799495566955807840e-03 -3.979175662803865338e-03
-1.198073360540043500e-02 -3.180737975624997778e-03
-1.632371776650365369e-02 -2.274970040837238396e-03
-1.972324083003169914e-02 -1.307937617202555025e-03
-2.213463242981199286e-02 -3.225069761588830741e-04
-2.356445284190993375e-02 6.431163448592019591e-04
-2.406045179242691581e-02 1.556315672007101830e-03
-2.370158709727238425e-02 2.390531056091593602e-03
-2.258866776906666776e-02 3.125348679366118064e-03
-2.083598734144522999e-02 3.746294589976858873e-03
-1.856415033527647820e-02 4.244410933356950431e-03
-1.589416814773056755e-02 4.615684701185599273e-03
-1.294280739239012622e-02 4.860388966863507867e-03
-9.819109470650243948e-03 4.982385856984291456e-03
-6.621959879549364075e-03 4.988430000490494225e-03
-3.438564418183673310e-03 4.887501481372440865e-03
-3.436823906020297723e-04 4.690188737591532639e-03
2.600529939713872116e-03 4.408134557948106304e-03
5.344202383983261140e-03 4.053552357339845411e-03
7.849082933599395989e-03 3.638815197781126651e-03
1.008762527528516383e-02 3.176116451791467614e-03
1.204192124055596808e-02 2.677198429298360306e-03
1.370255139060795602e-02 2.153143553548679274e-03
1.506741179482896063e-02 1.614221619887833224e-03
1.614056150310335877e-02 1.069786161692693610e-03
1.693112342974550238e-02 5.282128497332942707e-04
1.745226139628341250e-02 -3.126942918462924381e-06
1.772024785387040294e-02 -5.178638637463161415e-04
1.775363018939468684e-02 -1.010605495003884594e-03
1.757249834031340482e-02 -1.476893736789349973e-03
1.719785251416560898e-02 -1.913149281819521118e-03
1.665106694067374285e-02 -2.316607152492016451e-03
1.595344359568941911e-02 -2.685246646238969963e-03
1.512584856361065370e-02 -3.017718454493265902e-03
1.418842299772242119e-02 -3.313271191890675236e-03
1.316036037154071602e-02 -3.571679102097747270e-03
1.205974177639571737e-02 -3.793172295311134957e-03
1.090342132307190424e-02 -3.978370517910651168e-03
9.706954172984037094e-03 -4.128221156231634895e-03
8.484560297905351794e-03 -4.243941926088048468e-03
7.249117700187715334e-03 -4.326968496890670583e-03
6.012179482614704584e-03 -4.378907134725521129e-03
4.784009809900654879e-03 -4.401492320564239988e-03
3.573634436387797438e-03 -4.396549201623671348e-03
2.388902070286804628e-03 -4.365960660569731186e-03
1.236553396604295023e-03 -4.311638736544853336e-03
1.222950860604195538e-04 -4.235500098061069363e-03
-9.491234310923394105e-04 -4.139445248040920546e-03
-1.973832243403297968e-03 -4.025341133881782385e-03
-2.948763752456603181e-03 -3.895006835823548730e-03
-3.871577138660056705e-03 -3.750202014856472178e-03
-4.740585389249064689e-03 -3.592617814051364718e-03
-5.554685553472624680e-03 -3.423869923493709846e-03
-6.313292699485404356e-03 -3.245493537642281726e-03
-7.016277888498989243e-03 -3.058939954090479901e-03
-7.663910350902546943e-03 -2.865574583223902405e-03
-8.256803942642573432e-03 -2.666676159246770053e-03
-8.795867874374370399e-03 -2.463436963271460264e-03
-9.282261638720113242e-03 -2.256963888636490632e-03
-9.717354009504261189e-03 -2.048280197581154975e-03
-1.010268594767364109e-02 -1.838327835420375082e-03
-1.043993722115032011e-02 -1.627970185090153775e-03
-1.073089652667290686e-02 -1.417995159531840882e-03
-1.097743489099940566e-02 -1.209118543167480740e-03
-1.118148212291964275e-02 -1.001987506331644337e-03
-1.134500608741258014e-02 -7.971842270563869737e-04
-1.146999457635483437e-02 -5.952295659553317152e-04
-1.155843955620389739e-02 -3.965867469883431300e-04
-1.161232358209476033e-02 -2.016650064879822041e-04
-1.163360817617068582e-02 -1.082317885350760761e-05
-1.162422398120824957e-02 1.756268062270880358e-04
-1.158606250952169160e-02 3.574165351636023925e-04
-1.152096932142706795e-02 5.343178456839879804e-04
-1.143073847798955871e-02 7.061396974647792327e-04
-1.131710812506698041e-02 8.727251860639142524e-04
-1.118175707778150743e-02 1.033948705471598051e-03
-1.102630228443344552e-02 1.189713262039514014e-03
-1.085229706106857414e-02 1.339947940615969849e-03
-1.066122999618019165e-02 1.484605521983295949e-03
-1.045452443659099229e-02 1.623660249303805758e-03
-1.023353847200769370e-02 1.757105740382688009e-03
-9.999565346210097239e-03 1.884953041605505041e-03
-9.753834229244006879e-03 2.007228818473707436e-03
-9.497511291869962374e-03 2.123973677813834927e-03
-9.231701030796244170e-03 2.235240615652818973e-03
-8.957447798402047925e-03 2.341093585115738666e-03
-8.675737496298420101e-03 2.441606178285337259e-03
-8.387499396825415926e-03 2.536860415833498868e-03
-8.093608061223941247e-03 2.626945638840557165e-03
-7.794885326712624497e-03 2.711957496471326806e-03
-7.492102338411329825e-03 2.791997024019481771e-03
-7.185981605729202179e-03 2.867169805776962656e-03
-6.877199064510785241e-03 2.937585217233463358e-03
-6.566386129791947600e-03 3.003355741719124141e-03
-6.254131725077601706e-03 3.064596356257431702e-03
-5.940984277331933308e-03 3.121423982941582201e-03
-5.627453665883506463e-03 3.173957000169523937e-03
-5.314013117274468158e-03 3.222314810783412191e-03
-5.001101037391354753e-03 3.266617462702629121e-03
-4.689122772171911042e-03 3.306985318639028056e-03
-4.378452289189229546e-03 3.343538771587383461e-03
-4.069433770441352113e-03 3.376398001439798006e-03
-3.762383105331788651e-03 3.405682770225717127e-03
-3.457589269292721430e-03 3.431512247880134231e-03
-3.155315568386878912e-03 3.454004863908005998e-03
-2.855800720819937511e-03 3.473278168700947958e-03
-2.559259732492388285e-03 3.489448680387933089e-03
-2.265884502099621989e-03 3.502631668224248044e-03
-1.975844060624833316e-03 3.512940767680322075e-03
-1.689284316876877266e-03 3.520487203763929436e-03
-1.406327200581407571e-03 3.525378127152571477e-03
-1.127069413655951147e-03 3.527713016025577162e-03
-8.515824688386383016e-04 3.527576441308097853e-03
-5.799194504945842654e-04 3.525027315292863887e-03
-3.121333835408757369e-04 3.520094715056591283e-03
-4.829305716518624697e-05 3.512791703730940625e-03
2.115184881041493872e-04 3.503132162591252041e-03
4.672122036824070393e-04 3.491137417806644376e-03
7.186989259348392552e-04 3.476836538483475767e-03
9.658923107260303969e-04 3.460264919559143029e-03
1.208710010623941823e-03 3.441462807700641346e-03
1.447073947012580660e-03 3.420474133384029253e-03
1.680910125175064844e-03 3.397345657368892359e-03
1.910148213291045817e-03 3.372126366928654591e-03
2.134720996306698707e-03 3.344867061742017814e-03
2.354563761531307253e-03 3.315620083812830833e-03
2.569613643829878405e-03 3.284439158382529856e-03
2.779808945856998125e-03 3.251379324650454511e-03
2.985088438887568973e-03 3.216496941207542572e-03
3.185390645774837434e-03 3.179849756495794610e-03
3.380653107018450482e-03 3.141497039752899362e-03
3.570811626247244290e-03 3.101499768537556694e-03
3.755799491141751170e-03 3.059920873459238792e-03
3.935546666691821377e-03 3.016825540960538406e-03
4.109978953718020599e-03 2.972281577533599298e-03
4.279017107961453556e-03 2.926359840617446216e-03
4.442575911674195160e-03 2.879134741562316968e-03
4.600563192180277122e-03 2.830684830009614402e-03
4.752878777306773078e-03 2.781093468711935690e-03
4.899413379387882253e-03 2.730449611215106549e-03
5.040047400607474901e-03 2.678848695779686637e-03
5.174649643680516789e-03 2.626393673259952433e-03
5.303075922383132523e-03 2.573196186992695450e-03
5.425167554726985537e-03 2.519377929361353227e-03
5.540749726581458388e-03 2.465072199876044978e-03
5.649629711228714574e-03 2.410425697622438877e-03
5.751594927655681935e-03 2.355600583003041471e-03
5.846410820782639572e-03 2.300776851639897962e-03
5.933818541929025518e-03 2.246155070290109350e-03
6.013532412321193066e-03 2.191959529952834922e-03
6.085237143704855592e-03 2.138441884746495724e-03
6.148584793571717361e-03 2.085885351475259483e-03
6.203191429166968716e-03 2.034609558213285648e-03
6.248633467939078943e-03 1.984976145899597800e-03
6.284443666516874479e-03 1.937395237982238692e-03
6.310106722099366634e-03 1.892332912093145410e-03
6.325054443916519956e-03 1.850319824302433178e-03
6.328660449827366169e-03 1.811961156289472637e-03
6.320234324675875690e-03 1.777948077546693574e-03
6.299015161878252812e-03 1.749070929753993985e-03
6.264164384280752201e-03 1.726234359592165608e-03
6.214757692936015432e-03 1.710474633526770996e-03
6.149775903977454210e-03 1.702979392476292866e-03
6.068094331390656675e-03 1.705110088729942363e-03
5.968470192538953556e-03 1.718427318384330854e-03
5.849527193536191612e-03 1.744719256668048188e-03
5.709735990412446137e-03 1.786033357763484007e-03
5.547388517324788361e-03 1.844711371608650499e-03
5.360563003014255992e-03 1.923427740123213490e-03
5.147074737828949594e-03 2.025231385248797440e-03
4.904404875292775988e-03 2.153591113837255433e-03
4.629595334645566704e-03 2.312445294113919629e-03
4.319091192632898944e-03 2.506257812478689378e-03
3.968501768533697766e-03 2.740084896054560681e-03
3.572235722117623503e-03 3.019663003325776841e-03
3.122940793225011981e-03 3.351538484752385194e-03
2.610640071020833754e-03 3.743280174372574411e-03
2.021395151520073014e-03 4.203854339058438368e-03
1.335227625966827446e-03 4.744313903908745599e-03
5.228669407624497983e-04 5.379094234531444675e-03
-4.593813622090759091e-04 6.128484504717267127e-03
-1.677821307762438277e-03 7.023417103090056138e-03
-3.234573494289544760e-03 8.114956284673168277e-03
-5.289038683010731552e-03 9.493671179469715532e-03
-8.092468223984607134e-03 1.133065824285043113e-02
-1.204063872924025086e-02 1.396769598493672118e-02
-1.773902270652831861e-02 1.812101074690532221e-02
-2.601561989921694421e-02 2.534316603025624226e-02
-3.757644277773296293e-02 3.901596285279226167e-02
-5.121438399616433379e-02 6.610295917987957237e-02
-5.771796438919483963e-02 1.183056724767950624e-01
-2.656073695076008670e-02 2.038911862723291890e-01
9.813469373879003810e-02 2.890792476768166974e-01
3.206993375718929506e-01 2.497369694670384943e-01
4.572845531162801902e-01 0.000000000000000000e+00
3.360031479594673409e-01 -2.594966091916767748e-01
1.109308093126951805e-01 -3.178601346752332746e-01
-3.056012672433919969e-02 -2.397493758226936778e-01
-7.512480581960637172e-02 -1.472718611557291557e-01
-7.297483564807079326e-02 -8.464157470629403435e-02
-5.810612996541179159e-02 -4.962015485877553644e-02
-4.347820207680617999e-02 -3.127121206186805891e-02
-3.211860194397515855e-02 -2.165948755155709324e-02
-2.387992636649159672e-02 -1.643069067128185429e-02
-1.797920988678972098e-02 -1.341026782707588003e-02
-1.370982845318845754e-02 -1.153882325443200685e-02
-1.056087881065036899e-02 -1.029574498365406349e-02
-8.187124238347370103e-03 -9.418239112732963714e-03
-6.359376710012097644e-03 -8.768524133527171721e-03
-4.925015181733043146e-03 -8.270949527728312101e-03
-3.781112052787975047e-03 -7.881700979805126087e-03
-2.857050832657927718e-03 -7.573840201768753701e-03
-2.103436182827034089e-03 -7.329712438164777411e-03
-1.485002837040892785e-03 -7.136983860586644871e-03
-9.760388392231296104e-04 -6.986515680732070972e-03
-5.573949636882829378e-04 -6.871191483609194808e-03
-2.145040387282080505e-04 -6.785250911923542370e-03
6.394850282594893333e-05 -6.723898110670084929e-03
2.869292113864079473e-04 -6.683062236599085840e-03
4.616802127866241612e-04 -6.659243736344424257e-03
5.941548501997399867e-04 -6.649410085548899257e-03
6.893260768017818192e-04 -6.650920833677210001e-03
7.514077790780127660e-04 -6.661470578732136931e-03
7.840159023883030726e-04 -6.679043470280964304e-03
7.902874584840543018e-04 -6.701875509034972526e-03
7.729697969407511079e-04 -6.728422493970587920e-03
7.344886315461607914e-04 -6.757332272588665624e-03
6.770007052197949717e-04 -6.787420483943152651e-03
6.024352347958647318e-04 -6.817649214507631554e-03
5.125270439962600118e-04 -6.847108171850651952e-03
4.088434877967019997e-04 -6.874998073427437094e-03
2.928066183439663635e-04 -6.900615990208231951e-03
1.657117286792274442e-04 -6.923342425798658349e-03
2.874304725652846240e-05 -6.942629949732768632e-03
-1.170128150749566356e-04 -6.957993214871421861e-03
-2.705552190320455533e-04 -6.969000200734279393e-03
-4.309593115171196816e-04 -6.975264562221946199e-03
-5.973670471157998835e-04 -6.976438950511443596e-03
-7.689791971516599448e-04 -6.972209215097830218e-03
-9.450482004397730510e-04 -6.962289382806831350e-03
-1.124871731068249284e-03 -6.946417328677951045e-03
-1.307786863931888937e-03 -6.924351097095230757e-03
-1.493164779371278618e-03 -6.895865777962150583e-03
-1.680405930671084302e-03 -6.860750908100681986e-03
-1.868935622834502677e-03 -6.818808357653595095e-03
-2.058199972520654859e-03 -6.769850664569689210e-03
-2.247662210969788611e-03 -6.713699795770223210e-03
-2.436799325568723799e-03 -6.650186315517427060e-03
-2.625099027405004143e-03 -6.579148956283219218e-03
-2.812057054801610917e-03 -6.500434592674029025e-03
-2.997174841717408032e-03 -6.413898619579465332e-03
-3.179957589383313604e-03 -6.319405745823695499e-03
-3.359912820330373563e-03 -6.216831233932367320e-03
-3.536549520623081481e-03 -6.106062581198801534e-03
-3.709378035724283929e-03 -5.987001683363919746e-03
-3.877910966956512294e-03 -5.859567449847258823e-03
-4.041665429337220998e-03 -5.723698834654131554e-03
-4.200167199799448130e-03 -5.579358078621049315e-03
-4.352957519409803543e-03 -5.426533730764513883e-03
-4.499603565447880815e-03 -5.265242416256870825e-03
-4.639713699441572539e-03 -5.095527176386269175e-03
-4.772957825217458150e-03 -4.917448127769801294e-03
-4.899089684433288391e-03 -4.731058438520684833e-03
-5.017959106845350931e-03 -4.536358918426790232e-03
-5.129491693633282667e-03 -4.333237803055474749e-03
-5.233624138903760978e-03 -4.121429500328082154e-03
-5.330225807153467395e-03 -3.900526097209725592e-03
-5.419051219774196487e-03 -3.670028425428187129e-03
-5.499730627371494582e-03 -3.429399330477255013e-03
-5.571780252040036546e-03 -3.178101406287471564e-03
-5.634617179589749940e-03 -2.915620337875214629e-03
-5.687572858444889939e-03 -2.641479608608662127e-03
-5.729903996247687377e-03 -2.355250996180160636e-03
-5.760801278541923323e-03 -2.056563414407237226e-03
-5.779396644078485003e-03 -1.745111442918664130e-03
-5.784769803053380240e-03 -1.420664227718050447e-03
-5.775954519211804437e-03 -1.083075099449684782e-03
-5.751945095228619756e-03 -7.322920901722194649e-04
-5.711703382884114437e-03 -3.683694282238369339e-04
-5.654166603675371376e-03 8.519944248372652087e-06
-5.578256214395292505e-03 3.980708299542317936e-04
-5.482888049074029560e-03 7.998312448776496043e-04
-5.366983928717159250e-03 1.213186920826882838e-03
-5.229484935323098008e-03 1.637344932774106214e-03
-5.069366528893625573e-03 2.071316557903301811e-03
-4.885655670462493716e-03 2.513899493285268096e-03
-4.677450125390296767e-03 2.963659622834457184e-03
-4.443940072394798879e-03 3.418912576811105903e-03
-4.184432142079710926e-03 3.877705342776237470e-03
-3.898375960485214297e-03 4.337798331259611236e-03
-3.585393264544906033e-03 4.796648259015629835e-03
-3.245309571010239133e-03 5.251392412535488101e-03
-2.878188336842038911e-03 5.698834880688951297e-03
-2.484367471192201922e-03 6.135435450792443152e-03
-2.064497951243190760e-03 6.557301986531428352e-03
-1.619584209445008947e-03 6.960187207430754489e-03
-1.151025773764809135e-03 7.339490955579788638e-03
-6.606595646519632797e-04 7.690269070296780127e-03
-1.508019845029506204e-04 8.007250228673512896e-03
3.757101981004232379e-04 8.284862150167432784e-03
9.154814384933454736e-04 8.517268704715716052e-03
1.464522983754855574e-03 8.698419559805405793e-03
2.018224202368034109e-03 8.822114049973569377e-03
2.571331733888507307e-03 8.882081030325750595e-03
3.117938857541766116e-03 8.872076359559418271e-03
3.651487731493217696e-03 8.785999676403730835e-03
4.164787474959691024e-03 8.618031874618478291e-03
4.650051311660256294e-03 8.362794434972051216e-03
5.098956218081211050e-03 8.015531345078225761e-03
5.502728634201724256e-03 7.572313775080951465e-03
5.852259806043907248e-03 7.030266891924779986e-03
6.138254279928316744e-03 6.387817283767286206e-03
6.351414546277602685e-03 5.644958165431519445e-03
6.482664538012827826e-03 4.803528182051864520e-03
6.523413578700469964e-03 3.867497779364771626e-03
6.465861222579519750e-03 2.843255132615854323e-03
6.303341798882687932e-03 1.739881286850984135e-03
6.030705267933735014e-03 5.694015933731830324e-04
5.644728386826623583e-03 -6.530022330892082741e-04
5.144546924328561449e-03 -1.908838008802825814e-03
4.532095888548606094e-03 -3.176228405163882169e-03
3.812540502163172702e-03 -4.429939736023159012e-03
2.994675825130065864e-03 -5.641540687394834205e-03
2.091268074315255198e-03 -6.779718759389184897e-03
1.119305622135346404e-03 -7.810782640110137259e-03
1.001230540007900897e-04 -8.699377495413496142e-03
-9.406421577532230252e-04 -9.409436750297078128e-03
-1.973303082515968920e-03 -9.905387864819450300e-03
-2.964629765646346980e-03 -1.015362019303941293e-02
-3.878648546217177123e-03 -1.012420958524646274e-02
-4.677767009852104585e-03 -9.792876563366512133e-03
-5.324245106383680530e-03 -9.143132201194635600e-03
-5.782014541502239133e-03 -8.168538202934607848e-03
-6.018823211910171236e-03 -6.874975511540214884e-03
-6.008648687161138868e-03 -5.282780028925032449e-03
-5.734284756973196014e-03 -3.428566478059831384e-03
-5.189958872817231408e-03 -1.366524899523271445e-03
-4.383788194071184044e-03 8.310572781405844121e-04
-3.339831725496922657e-03 3.074315846007222817e-03
-2.099451311126086708e-03 5.257645544099310772e-03
-7.216627228911786426e-04 7.263102624799237100e-03
7.178506832534827832e-04 8.965571646378837911e-03
2.129364057966610588e-03 1.023979728867754901e-02
3.413608113509289475e-03 1.096923561277057986e-02
4.468240326366971701e-03 1.105647851518197847e-02
5.196200456280178348e-03 1.043475086710652158e-02
5.515600770836599255e-03 9.079680763471216498e-03
5.370482928379656344e-03 7.020219329993215331e-03
4.741418680181332980e-03 4.347271667814815374e-03
3.654580687314950768e-03 1.218345039104686738e-03
2.187623597706817719e-03 -2.143608693969875460e-03
4.705750261030409391e-04 -5.458901019912425386e-03
-1.319962932499550712e-03 -8.408736059795770754e-03
-2.974559853965434708e-03 -1.066238156211442474e-02
-4.273046776899978340e-03 -1.191332001512295305e-02
-5.014029205706276374e-03 -1.192220515128431836e-02
-5.049184332830679647e-03 -1.056249353871926283e-02
-4.317759755780898809e-03 -7.862534933381397362e-03
-2.874856298628568341e-03 -4.036052638171836598e-03
-9.058546766743779798e-04 5.081426592852797451e-04
1.280609477398816269e-03 5.185964749834966192e-03
3.286484960309333896e-03 9.292904082469934796e-03
4.693790235116392269e-03 1.211397028023647807e-02
5.151328811908545760e-03 1.304801431995953470e-02
