4.486561624103949791e-02 1.248454968767561193e-02
4.439697098412029308e-02 1.235534374472730193e-02
4.329048798938780335e-02 1.202965918141249771e-02
4.157046652911481482e-02 1.151503485168346198e-02
3.927389399949096638e-02 1.082313502255259977e-02
3.646240019764727253e-02 9.973240784987191104e-03
3.319697935790650450e-02 8.984746253243726388e-03
2.954048743743035998e-02 7.877818105502797444e-03
2.555751652715395478e-02 6.673293216546270779e-03
2.131370905318867234e-02 5.392414998400649369e-03
1.687491932931066418e-02 4.056527784626859888e-03
1.230635320682800342e-02 2.686768231335446861e-03
7.671741026341510720e-03 1.303770694400918813e-03
3.032571625690631215e-03 -7.260456451049249421e-05
-1.552597193422143064e-03 -1.423515237686680647e-03
-6.028742983037615848e-03 -2.731349889069778405e-03
-1.034489314096388550e-02 -3.979908292176552800e-03
-1.445454786392173264e-02 -5.154548549561826717e-03
-1.831601202928105285e-02 -6.242301134760806260e-03
-2.189263818652905161e-02 -7.231950627570933599e-03
-2.515298421103821097e-02 -8.114086428391774700e-03
-2.807089026992908368e-02 -8.881124156043258833e-03
-3.062548061383080222e-02 -9.527299767479438866e-03
-3.280109636732121692e-02 -1.004863869550411820e-02
-3.458716596643300611e-02 -1.044290248861818107e-02
-3.597802020235047610e-02 -1.070951556173866878e-02
-3.697265899353831958e-02 -1.084947473366663917e-02
-3.757447704030483782e-02 -1.086524424283298422e-02
-3.779095543199800789e-02 -1.076063890289486076e-02
-3.763332609316696192e-02 -1.054069799012520223e-02
-3.711621568591950276e-02 -1.021155235102197585e-02
-3.625727524584883288e-02 -9.780287086784213851e-03
-3.507680143180974541e-02 -9.254802016695672096e-03
-3.359735482841962051e-02 -8.643671950120388955e-03
-3.184338026639717961e-02 -7.956008611574201528e-03
-2.984083363068768674e-02 -7.201325869559466707e-03
-2.761681911970819900e-02 -6.389409721650134155e-03
-2.519924040999421341e-02 -5.530194289196425916e-03
-2.261646867668189870e-02 -4.633644878228792771e-03
-1.989702992869678971e-02 -3.709648971419715786e-03
-1.706931364378581548e-02 -2.767915831667017070e-03
-1.416130423753650565e-02 -1.817885222871111744e-03
-1.120033647615986845e-02 -8.686455894631634226e-04
-8.212875547945317281e-03 7.113811574314672474e-05
-5.224322145217492538e-03 9.932869047716771926e-04
-2.258842578813060904e-03 1.890160603614391864e-03
6.607763488816920539e-04 2.754701263776806412e-03
3.513248248006336019e-03 3.580467420518014445e-03
6.278884585967170820e-03 4.361659566174490472e-03
8.939669631249423307e-03 5.093137277728908632e-03
1.147931401763955910e-02 5.770428495762136394e-03
1.388328818269265498e-02 6.389731497683420573e-03
1.613883703801383129e-02 6.947910142493381527e-03
1.823497730577496728e-02 7.442482987974902674e-03
2.016247900804775395e-02 7.871606895196755008e-03
2.191383262496369652e-02 8.234055740212280899e-03
2.348320344654086442e-02 8.529194849962428923e-03
2.486637463375687349e-02 8.756951769453390558e-03
2.606068047884111533e-02 8.917783951201992479e-03
2.706493131523459231e-02 9.012643936626350133e-03
2.787933147614432214e-02 9.042942573335583864e-03
2.850539163907371901e-02 9.010510782939365471e-03
2.894583682394122684e-02 8.917560361822439788e-03
2.920451123628226703e-02 8.766644263024489861e-03
2.928628106593795730e-02 8.560616771537053055e-03
2.919693626728832661e-02 8.302593948639530250e-03
2.894309226058806514e-02 7.995914683789850930e-03
2.853209240674467115e-02 7.644102655626945804e-03
2.797191202076261193e-02 7.250829467153977262e-03
2.727106460324218301e-02 6.819879184621836093e-03
2.643851088539034624e-02 6.355114475216591154e-03
2.548357120176440727e-02 5.860444505710173634e-03
2.441584162699483168e-02 5.339794732950013320e-03
2.324511423846080393e-02 4.797078687584909774e-03
2.198130179671763107e-02 4.236171824879494952e-03
2.063436706968995241e-02 3.660887490996618185e-03
1.921425696540848133e-02 3.074955029668607724e-03
1.773084158155412843e-02 2.482000032895045026e-03
1.619385822831477875e-02 1.885526720066925139e-03
1.461286043405512526e-02 1.288902412796531956e-03
1.299717190095960040e-02 6.953440575725884903e-04
1.135584534014311663e-02 1.079067352517292173e-04
9.697626082484077717e-03 -4.705259149205893348e-04
8.030920332484795324e-03 -1.037249438528761985e-03
6.363767907648204200e-03 -1.589744566029281962e-03
4.703819284944581527e-03 -2.125681565385586363e-03
3.058316758649532244e-03 -2.642923047830715230e-03
1.434079500041049362e-03 -3.139525330627341692e-03
-1.625077012483321559e-04 -3.613738462855538638e-03
-1.725502242109672874e-03 -4.064005021219130494e-03
-3.249408290020763118e-03 -4.488957782853654314e-03
-4.729178381839318525e-03 -4.887416381168533698e-03
-6.160212273268284716e-03 -5.258383049011250074e-03
-7.538353273382238096e-03 -5.601037550995936927e-03
-8.859882295349274031e-03 -5.914731403790544732e-03
-1.012150984967043199e-02 -6.198981479596272527e-03
-1.132036620013389741e-02 -6.453463084056905961e-03
-1.245398989549336213e-02 -6.678002595510471387e-03
-1.352031488172214871e-02 -6.872569747896749986e-03
-1.451765639077816014e-02 -7.037269634826339576e-03
-1.544469579230746056e-02 -7.172334507381457856e-03
-1.630046458474402465e-02 -7.278115433200361799e-03
-1.708432769196624804e-02 -7.355073879347469139e-03
-1.779596622114906074e-02 -7.403773276434649254e-03
-1.843535982685150579e-02 -7.424870616490676298e-03
-1.900276881579993776e-02 -7.419108132189814429e-03
-1.949871611626315115e-02 -7.387305100285655041e-03
-1.992396922554533906e-02 -7.330349807487072759e-03
-2.027952223900270773e-02 -7.249191712568870544e-03
-2.056657805410676623e-02 -7.144833834254681569e-03
-2.078653083352047931e-02 -7.018325390348536218e-03
-2.094094880197035907e-02 -6.870754709764717236e-03
-2.103155744291518303e-02 -6.703242435461027361e-03
-2.106022315263471681e-02 -6.516935032903890292e-03
-2.102893740142228879e-02 -6.312998615509847304e-03
-2.093980144407056945e-02 -6.092613095567340695e-03
-2.079501161482180671e-02 -5.856966666432712743e-03
-2.059684523536343612e-02 -5.607250619289476726e-03
-2.034764715835136670e-02 -5.344654495489339560e-03
-2.004981696326313054e-02 -5.070361573429934404e-03
-1.970579681618224097e-02 -4.785544687060305433e-03
-1.931806000032410334e-02 -4.491362371444594312e-03
-1.888910011976495731e-02 -4.188955329342489327e-03
-1.842142097487675309e-02 -3.879443211464571328e-03
-1.791752710442694532e-02 -3.563921701943089000e-03
-1.737991498611349273e-02 -3.243459899586082027e-03
-1.681106488449655295e-02 -2.919097984679019150e-03
-1.621343333278653376e-02 -2.591845160411756967e-03
-1.558944623281928975e-02 -2.262677857478102243e-03
-1.494149255566113235e-02 -1.932538189967793153e-03
-1.427191862372991817e-02 -1.602332650353860324e-03
-1.358302295399593448e-02 -1.272931031182254844e-03
-1.287705164076378972e-02 -9.451655609459414789e-04
-1.215619425568641512e-02 -6.198302415874126520e-04
-1.142258024204193326e-02 -2.976803751426491864e-04
-1.067827577984825291e-02 2.056773288326951528e-05
-9.925281098113190523e-03 3.342369056195338079e-04
-9.165528210422395697e-03 6.426890744153344621e-04
-8.400879050084989960e-03 9.453251176236700335e-04
-7.633123981210552383e-03 1.241584570006636079e-03
-6.863980662361991204e-03 1.530945213829060280e-03
-6.095093239792653828e-03 1.812922562339171336e-03
-5.328031847733368312e-03 2.087069245938734646e-03
-4.564292393729605518e-03 2.352974310928936108e-03
-3.805296607624698933e-03 2.610262440287954445e-03
-3.052392333417889344e-03 2.858593105506585224e-03
-2.306854043939576045e-03 3.097659658056738444e-03
-1.569883559022701609e-03 3.327188368613430165e-03
-8.426109485982692009e-04 3.546937421709718801e-03
-1.260956029200285778e-04 3.756695873059206960e-03
5.786725470611777354e-04 3.956282576334420494e-03
1.270771675350765512e-03 4.145545085747175465e-03
1.949346587958053793e-03 4.324358540363188591e-03
2.613607145909570446e-03 4.492624535658323870e-03
3.262826597966480939e-03 4.650269987418317527e-03
3.896339836014034441e-03 4.797245992690241968e-03
4.513541585290988672e-03 4.933526692112802543e-03
5.113884540865670791e-03 5.059108137589522769e-03
5.696877461018390494e-03 5.174007168915530433e-03
6.262083227450203522e-03 5.278260302624991802e-03
6.809116881557856701e-03 5.371922636021628054e-03
7.337643645262521830e-03 5.455066769023827859e-03
7.847376934315595035e-03 5.527781746194728243e-03
8.338076371278830418e-03 5.590172021022426010e-03
8.809545804840947583e-03 5.642356444283762838e-03
9.261631341474169457e-03 5.684467278065642032e-03
9.694219394965139167e-03 5.716649236780917652e-03
1.010723475874651840e-02 5.739058556327759041e-03
1.050063870550058814e-02 5.751862092309997267e-03
1.087442711802354481e-02 5.755236448092971961e-03
1.122862865486088171e-02 5.749367133218922024e-03
1.156330295384447142e-02 5.734447752644864990e-03
1.187853887624581301e-02 5.710679227074817906e-03
1.217445279386244854e-02 5.678269044444039272e-03
1.245118692103637514e-02 5.637430542676454687e-03
1.270890769328337881e-02 5.588382223510885392e-03
1.294780419385138312e-02 5.531347097299841621e-03
1.316808662935670116e-02 5.466552058331744339e-03
1.336998485520094274e-02 5.394227290494258559e-03
1.355374695152152670e-02 5.314605702646936318e-03
1.371963784980969464e-02 5.227922393372307248e-03
1.386793801059565262e-02 5.134414144306706680e-03
1.399894215195493334e-02 5.034318941692070108e-03
1.411295802873989771e-02 4.927875525312092400e-03
1.421030526225942024e-02 4.815322964186357843e-03
1.429131421973758170e-02 4.696900258321310036e-03
1.435632494311487803e-02 4.572845965712383186e-03
1.440568612645236682e-02 4.443397853978336802e-03
1.443975414094188225e-02 4.308792575699821673e-03
1.445889210697091053e-02 4.169265366851641202e-03
1.446346901200334066e-02 4.025049767412509569e-03
1.445385887325413912e-02 3.876377363602542033e-03
1.443043994445003704e-02 3.723477550774456635e-03
1.439359396502875622e-02 3.566577316391542768e-03
1.434370545097753483e-02 3.405901042311748096e-03
1.428116102630162809e-02 3.241670325653821065e-03
1.420634879353318419e-02 3.074103817835491075e-03
1.411965774257728339e-02 2.903417080710393814e-03
1.402147719631188609e-02 2.729822459970937011e-03
1.391219629223164680e-02 2.553528973849205057e-03
1.379220349878767030e-02 2.374742218991887123e-03
1.366188616546646153e-02 2.193664290376735795e-03
1.352163010589765152e-02 2.010493716993966718e-03
1.337181921201316230e-02 1.825425412261174945e-03
1.321283510032484308e-02 1.638650638384491929e-03
1.304505678784345819e-02 1.450356985822731475e-03
1.286886039778847857e-02 1.260728366839923261e-03
1.268461889475615105e-02 1.069945023505056072e-03
1.249270184915681620e-02 8.781835509536796425e-04
1.229347523043235538e-02 6.856169353892110777e-04
1.208730123021379936e-02 4.924146084885195999e-04
1.187453811517436703e-02 2.987425177947037138e-04
1.165554011148361643e-02 1.047632157658480185e-04
1.143065732239403540e-02 -8.936403306448792222e-05
1.120023568094474266e-02 -2.834831234735681852e-04
1.096461694202729466e-02 -4.774409585387416892e-04
1.072413871750030334e-02 -6.710872735009895500e-04
1.047913456133767358e-02 -8.642744313425477793e-04
1.022993411247884697e-02 -1.056857187529350144e-03
9.976863306725725425e-03 -1.248692419077415379e-03
9.720244672301425748e-03 -1.439638815110383732e-03
9.460397728968280434e-03 -1.629556522972993573e-03
9.197639517678359022e-03 -1.818306747984088298e-03
8.932285297313432432e-03 -2.005751302665855114e-03
8.664649458489798173e-03 -2.191752107159364651e-03
8.395046724539823729e-03 -2.376170648859607468e-03
8.123793736116631872e-03 -2.558867423782753506e-03
7.851211153483559496e-03 -2.739701410407802129e-03
7.577626462760025244e-03 -2.918529682539025300e-03
7.303377732247425674e-03 -3.095207370306289531e-03
7.028818624385445302e-03 -3.269588377212676381e-03
6.754324957674156041e-03 -3.441527617945922511e-03
6.480302862089276118e-03 -3.610886138147519249e-03
6.207197651865869678e-03 -3.777541254997878861e-03
5.935500282561110598e-03 -3.941404143472236610e-03
5.665744732413835645e-03 -4.102444924202518564e-03
5.398488815783459779e-03 -4.260717861568082306e-03
5.134280234864301365e-03 -4.416371966123395360e-03
4.873623841325774343e-03 -4.569639382604642752e-03
4.616964624558465152e-03 -4.720811238648748437e-03
4.364686238612776673e-03 -4.870215167174391305e-03
4.117117251866001144e-03 -5.018200527199165838e-03
3.874539022006940302e-03 -5.165130623182364634e-03
3.637192556066768615e-03 -5.311379474850645536e-03
3.405283713799096487e-03 -5.457331160623506844e-03
3.178986866045268016e-03 -5.603380532215072179e-03
2.958447301598712050e-03 -5.749934649946011889e-03
2.743782656632402697e-03 -5.897414606422980536e-03
2.535083575653045672e-03 -6.046257579824281664e-03
2.332413750094050001e-03 -6.196919048552459314e-03
2.135809428257653096e-03 -6.349875146778662625e-03
1.945278452184125368e-03 -6.505625165305266994e-03
1.760798846295431354e-03 -6.664694215909443623e-03
1.582316960154849135e-03 -6.827636084916936972e-03
1.409745147854497534e-03 -6.995036308388258989e-03
1.242958948442128607e-03 -7.167515505093090787e-03
1.081793716134780980e-03 -7.345733005920710226e-03
9.260406308038588450e-04 -7.530390822748034285e-03
7.754420003383164992e-04 -7.722238005915923326e-03
6.296857459696766001e-04 -7.922075439481349526e-03
4.883989357405869262e-04 -8.130761132792809973e-03
3.511402026708672331e-04 -8.349216068871715205e-03
2.173908492200593763e-04 -8.578430674893208763e-03
8.654439662348167406e-05 -8.819471987364166723e-03
-4.210571506612473844e-05 -9.073491587749107565e-03
-1.693806316418272021e-04 -9.341734386562224046e-03
-2.962332292694506682e-04 -9.625548335037722655e-03
-4.237684312859082308e-04 -9.926395146092687610e-03
-5.532673465208025852e-04 -1.024586209129298327e-02
-6.862160294206580934e-04 -1.058567493140212187e-02
-8.243398442920449104e-04 -1.094771200768423700e-02
-9.696446531319632012e-04 -1.133401948150770076e-02
-1.124466325630684056e-03 -1.174682763065435995e-02
-1.291530446229976949e-03 -1.218856801676202264e-02
-1.474024540430841131e-03 -1.266189116634062160e-02
-1.675685724919824147e-03 -1.316968417646823854e-02
-1.900907415712943744e-03 -1.371508730752646170e-02
-2.154869645957503861e-03 -1.430150811358650749e-02
-2.443698715065977575e-03 -1.493263092078015407e-02
-2.774663354619025246e-03 -1.561241838855520307e-02
-3.156416465065173434e-03 -1.634510033046375835e-02
-3.599293796324232620e-03 -1.713514270682573934e-02
-4.115683853771307313e-03 -1.798718641250534461e-02
-4.720486920549804219e-03 -1.890594072733012623e-02
-5.431685447674076961e-03 -1.989600934329886772e-02
-6.271053254081984142e-03 -2.096161676626637910e-02
-7.265036880041072891e-03 -2.210618810905294954e-02
-8.445848673226043213e-03 -2.333171368461841796e-02
-9.852816801309421946e-03 -2.463779815547949628e-02
-1.153404027337493615e-02 -2.602024764624753794e-02
-1.354839330407615894e-02 -2.746898045784247622e-02
-1.596790488257578133e-02 -2.896494819823321187e-02
-1.888049202548913036e-02 -3.047561102973138369e-02
-2.239292197484703956e-02 -3.194830589055700637e-02
-2.663367188822002990e-02 -3.330055900874378388e-02
-3.175495913201784731e-02 -3.440600399205256260e-02
-3.793248229655439563e-02 -3.507406939301075527e-02
-4.536008835353028124e-02 -3.502104084270165479e-02
-5.423424483608327989e-02 -3.382966416679862587e-02
-6.471918932434753136e-02 -3.089464325530641084e-02
-7.687702820765586476e-02 -2.535342840622929403e-02
-9.053685839124961388e-02 -1.600832853808186254e-02
-1.050630212359381505e-01 -1.262902910675108015e-03
-1.189684911649263738e-01 2.086640260094884541e-02
-1.293204897611858750e-01 5.252554579356791958e-02
-1.309469892094234367e-01 9.531082138518896796e-02
-1.156836948534050585e-01 1.486042058230626350e-01
-7.250763269893020779e-02 2.063796009631357065e-01
9.390211325511970547e-03 2.523993825349528097e-01
1.310919753836808921e-01 2.561531915919518787e-01
2.656889405392687253e-01 1.780666009398812477e-01
3.410441888943735456e-01 0.000000000000000000e+00
2.634464055261220294e-01 -2.151184370970697923e-01
3.047810124534541115e-02 -3.039415151428840334e-01
-1.647307167721910881e-01 -1.661237744191431387e-01
-1.412150720514693258e-01 2.091694319782353220e-02
-3.298796630523734286e-02 5.740812745042860044e-02
5.543795334270318689e-03 2.289175151126913998e-02
4.677115208540692445e-03 4.905213393220695869e-03
1.388921717964237100e-03 9.027508899702145094e-04
1.251358277573119812e-04 5.092934675810247659e-05
-9.393062052288654725e-04 -6.485706904306746609e-04
-4.508302340344428477e-03 -8.137267885620336726e-04
-1.197437974424027905e-02 7.031766370281452259e-03
-4.724631580582035542e-03 3.210187845393690231e-02
4.164086005243838179e-02 3.909674920421388200e-02
7.700959285770456186e-02 -1.334545637021421378e-02
4.802534545982813791e-02 -7.522806651987075377e-02
-1.401499910627070078e-02 -8.941397579017237862e-02
-5.970373438106789388e-02 -6.067536447842020175e-02
-7.382861079138343385e-02 -1.979182196586951395e-02
-6.555680557467989666e-02 1.273264449602386564e-02
-4.809756807946583002e-02 3.147603843440918703e-02
-3.010672593754637125e-02 3.883109944708508510e-02
-1.534709796184594542e-02 3.901602662270674260e-02
-4.633253836344769852e-03 3.552411488527656286e-02
2.510781747904118968e-03 3.061093339230466781e-02
6.924628063507244982e-03 2.552473687965793603e-02
9.409216194337840719e-03 2.086136923941596388e-02
1.060012872043916352e-02 1.684502503953282451e-02
1.095914262199186411e-02 1.350888722337743007e-02
1.080524385649304052e-02 1.079916369293541616e-02
1.035175611088997097e-02 8.630382771461692082e-03
9.738036974306448282e-03 6.912532361258086691e-03
9.053340980853669118e-03 5.562969534797090367e-03
8.353691836265520268e-03 4.510558381219567647e-03
7.673394460694787922e-03 3.696106439812651794e-03
7.032720072920791918e-03 3.071222438071735325e-03
6.442962293483519599e-03 2.596650613279126961e-03
5.909726548431704259e-03 2.240572832288587144e-03
5.435046788676326304e-03 1.977082071970139715e-03
5.018728353903691153e-03 1.784890827013584265e-03
4.659180288394446090e-03 1.646274324395280908e-03
4.353908579148168742e-03 1.546223545122237713e-03
4.099780220224374244e-03 1.471777312704389794e-03
3.893126806625465865e-03 1.411506546181104556e-03
3.729728820740515344e-03 1.355133529200564999e-03
3.604704981285978063e-03 1.293284784725575766e-03
3.512327798939395094e-03 1.217400725554926245e-03
3.445813064270263418e-03 1.119858743494284202e-03
3.397224185229203840e-03 9.943775036800415329e-04
3.357784434810223793e-03 8.366243895449143424e-04
3.318774218921280873e-03 6.445322522392541841e-04
3.272459470213955144e-03 4.178171573548600595e-04
3.212331901834719009e-03 1.571272925793391624e-04
3.132829388781120314e-03 -1.364870125881121081e-04
3.028996265474321724e-03 -4.616961886181239873e-04
2.896269230166258375e-03 -8.167828447960831864e-04
2.730401105934102991e-03 -1.199426785498003412e-03
2.527498698523509418e-03 -1.606437424777084656e-03
2.284156831297136456e-03 -2.033453080730843621e-03
1.997680455392191346e-03 -2.474615403608043142e-03
1.666392770006536444e-03 -2.922226560269137931e-03
1.290029035556115606e-03 -3.366401411915948601e-03
8.702134505891056301e-04 -3.794735057173744507e-03
4.110098944392576257e-04 -4.192017453024784492e-03
-8.047417813461175929e-05 -4.540041517753150985e-03
-5.934688233193319718e-04 -4.817569247310415914e-03
-1.112970120667687883e-03 -5.000541629225288900e-03
-1.619310343823606845e-03 -5.062641356978851530e-03
-2.088002833367201029e-03 -4.976339980956850234e-03
-2.490038010216332962e-03 -4.714578477523697318e-03
-2.792849111923445798e-03 -4.253234493668890323e-03
-2.962196122435987837e-03 -3.574508826306339003e-03
-2.965215738340405954e-03 -2.671301095575644678e-03
-2.774826717831471549e-03 -1.552517761044324568e-03
-2.375526644091728503e-03 -2.490381613799088766e-04
-1.770324251185379774e-03 1.180270436152540490e-03
-9.880799067540813226e-04 2.643567089494646381e-03
-8.985773539838890346e-05 4.013754039206966252e-03
8.279317215647099583e-04 5.131226764840724625e-03
1.636641296566741094e-03 5.814548955607031118e-03
2.188266859558963412e-03 5.882105522228247077e-03
2.341148330494442938e-03 5.187055226819013536e-03
1.999301236279366067e-03 3.665594084351942415e-03
1.161271378172161950e-03 1.393885134927021685e-03
-3.362469247899667926e-05 -1.358468909630219500e-03
-1.283840642966839777e-03 -4.099928669294382148e-03
-2.164471983443965863e-03 -6.161291795916993067e-03
-2.245365683984200042e-03 -6.819992454604018040e-03
