3.490251660356320090e-02 -1.278632373835681540e-02
3.436620671433473356e-02 -1.259371285718625423e-02
3.303377413347267921e-02 -1.212822315524585484e-02
3.094983104532175386e-02 -1.140479944775328255e-02
2.817736651020551555e-02 -1.044429750014949816e-02
2.480157287333430507e-02 -9.274912840100298095e-03
2.091606335108808432e-02 -7.927449888165443576e-03
1.662191552845678974e-02 -6.435095995764466593e-03
1.202544745179110267e-02 -4.832753360967017089e-03
7.235738858307140010e-03 -3.156281200522029467e-03
2.362137385909616159e-03 -1.441728807632589688e-03
-2.488141958909218660e-03 2.754058876476008725e-04
-7.212255926269616445e-03 1.960871336089708029e-03
-1.171376155838585627e-02 3.582296209729133804e-03
-1.590439754129544317e-02 5.109751178372438397e-03
-1.970559200690020010e-02 6.516230749338164895e-03
-2.304967951951499353e-02 7.778049912508555250e-03
-2.588081832563235429e-02 8.875152699096942530e-03
-2.815560661201666620e-02 9.791331923541923832e-03
-2.984340348074368543e-02 1.051436133840122356e-02
-3.092636655702451706e-02 1.103604318386811056e-02
-3.139922354362523205e-02 1.135217564577280583e-02
-3.126879958518391511e-02 1.146244604011005183e-02
-3.055332598545454359e-02 1.137025661344287508e-02
-2.928155862893910139e-02 1.108249068677293406e-02
-2.749173641263776696e-02 1.060922747992506382e-02
-2.523041112809322820e-02 9.963414342653489214e-03
-2.255118059803165251e-02 9.160505299785336522e-03
-1.951335652737481649e-02 8.218074806112123792e-03
-1.618059754698973271e-02 7.155415420254862199e-03
-1.261953638899934206e-02 5.993127765119631717e-03
-8.898428118505838716e-03 4.752710666836698974e-03
-5.085843943923310656e-03 3.456158775955672519e-03
-1.249432422663268073e-03 2.125574295949396800e-03
2.545233045063409211e-03 7.827986963860457479e-04
6.235704603496759410e-03 -5.509305077143703683e-04
9.763595503143807780e-03 -1.855293653169086572e-03
1.307539124773892530e-02 -3.111170079783252829e-03
1.612312978413829243e-02 -4.300883940337106928e-03
1.886494711531589916e-02 -5.408412880492127588e-03
2.126548746714802818e-02 -6.419558571124421749e-03
2.329617967956272573e-02 -7.322078801223662163e-03
2.493538379098429736e-02 -8.105781510154761588e-03
2.616841381913723175e-02 -8.762581746565266394e-03
2.698744449591648428e-02 -9.286523082286040481e-03
2.739131118086297542e-02 -9.673765479558366076e-03
2.738521335524090813e-02 -9.922542007032028946e-03
2.698033299086551734e-02 -1.003308712386208508e-02
2.619337970398184431e-02 -1.000753950283428395e-02
2.504607495832664871e-02 -9.849822545067457580e-03
2.356458769049909335e-02 -9.565505853691303600e-03
2.177893361497959882e-02 -9.161650986069322031e-03
1.972235014846794240e-02 -8.646644798535874782e-03
1.743065839743163092e-02 -8.030023639488292897e-03
1.494162300408918842e-02 -7.322291541857661040e-03
1.229431986975580704e-02 -6.534735420362457366e-03
9.528520895819785064e-03 -5.679240098689590684e-03
6.684103926056081911e-03 -4.768105782853274306e-03
3.800495063108247449e-03 -3.813870365440054540e-03
9.161494889909321641e-04 -2.829138697014764621e-03
-1.931924135232700049e-03 -1.826420701038926385e-03
-4.708591662968313746e-03 -8.179799424150630167e-04
-7.380970844877185293e-03 1.843060081327995217e-04
-9.918756082153201703e-03 1.169072336862657727e-03
-1.229448946571368162e-02 2.125580058890439578e-03
-1.448377788921339365e-02 3.043814830031612607e-03
-1.646545682654527304e-02 3.914571165987424696e-03
-1.822170209086191456e-02 4.729521957681431972e-03
-1.973809153774263095e-02 5.481273376125999318e-03
-2.100361923734978681e-02 6.163405446428908002e-03
-2.201066511798853778e-02 6.770498737409281001e-03
-2.275492347687443212e-02 7.298147760083533060e-03
-2.323529406497191682e-02 7.742961794871189296e-03
-2.345373968413456273e-02 8.102553973659745029e-03
-2.341511439041678300e-02 8.375519529303224187e-03
-2.312696648195466595e-02 8.561404192280302680e-03
-2.259932046848547871e-02 8.660663762954965567e-03
-2.184444217823167805e-02 8.674615919146796972e-03
-2.087659106252840943e-02 8.605385333724752811e-03
-1.971176361574862937e-02 8.455843176964954189e-03
-1.836743164394250005e-02 8.229542064786911360e-03
-1.686227889684489140e-02 7.930647488191586852e-03
-1.521593933059970163e-02 7.563866722654895812e-03
-1.344873999880032665e-02 7.134376170394056069e-03
-1.158145128321205926e-02 6.647748034716664638e-03
-9.635046878084826613e-03 6.109877165527986820e-03
-7.630475638499864370e-03 5.526908849845139221e-03
-5.588447098357155612e-03 4.905168252128520000e-03
-3.529232161565203259e-03 4.251092137629574122e-03
-1.472480174621025508e-03 3.571163438876183253e-03
5.629466967363890018e-04 2.871849151928930043e-03
2.559121136946976901e-03 2.159541976041423530e-03
4.499180003953006518e-03 1.440506038738492266e-03
6.367435154860126741e-03 7.208269788019651923e-04
8.149465844548510821e-03 6.366592862814667714e-06
9.832192970297354631e-03 -6.972778122288627797e-04
1.140393561756481572e-02 -1.384809278842062154e-03
1.285445052336717416e-02 -2.051262243100046047e-03
1.417495521417070671e-02 -2.692028789129673888e-03
1.535813569494191497e-02 -3.302880184407985635e-03
1.639813966561672401e-02 -3.879983809689539417e-03
1.729055632120545666e-02 -4.419915634375225916e-03
1.803238385307093933e-02 -4.919668420829890337e-03
1.862198581249707718e-02 -5.376655869179482877e-03
1.905903752460409717e-02 -5.788712937571498414e-03
1.934446375231847065e-02 -6.154092591981972019e-03
1.948036880757538988e-02 -6.471459254563050913e-03
1.946996029167951184e-02 -6.739879230434627812e-03
1.931746762006764789e-02 -6.958808400040259953e-03
1.902805645000493415e-02 -7.128077467936586205e-03
1.860774008427058118e-02 -7.247875059424469663e-03
1.806328887107069153e-02 -7.318728954090884462e-03
1.740213856141673704e-02 -7.341485740363650619e-03
1.663229852131892575e-02 -7.317289167890442259e-03
1.576226062848443132e-02 -7.247557465222711007e-03
1.480090961286920602e-02 -7.133959879193211770e-03
1.375743552839478120e-02 -6.978392679805484403e-03
1.264124897038233775e-02 -6.782954860634671061e-03
1.146189958053584965e-02 -6.549923749967164789e-03
1.022899830948741963e-02 -6.281730732374916047e-03
8.952143836547431233e-03 -5.980937264364171585e-03
7.640853478071999057e-03 -5.650211351366713972e-03
6.304498850248814457e-03 -5.292304636835996542e-03
4.952246489492909305e-03 -4.910030237735099092e-03
3.593003574436955897e-03 -4.506241444414110786e-03
2.235368837990044273e-03 -4.083811386922171945e-03
8.875887062826427493e-04 -3.645613754279547047e-03
-4.424813462815737220e-04 -3.194504638266278292e-03
-1.747410280115351943e-03 -2.733305558953256619e-03
-3.020219905238674153e-03 -2.264787715575200533e-03
-4.254408356421551449e-03 -1.791657493491680131e-03
-5.443968788344017221e-03 -1.316543245945756696e-03
-6.583403477398780054e-03 -8.419833581267983230e-04
-7.667733539780480223e-03 -3.704155907348089666e-04
-8.692504494781674168e-03 9.583230920917271134e-05
-9.653787917864335363e-03 5.545507511110639789e-04
-1.054817944026645304e-02 1.003655225586184280e-03
-1.137279336093604057e-02 1.441192046557859124e-03
-1.212525414259996159e-02 1.865342951940267800e-03
-1.280368506696078802e-02 2.274428609296130256e-03
-1.340669432467346545e-02 2.666911077211775276e-03
-1.393335881411146039e-02 3.041395276755603366e-03
-1.438320591914374509e-02 3.396629530253484318e-03
-1.475619353050035797e-02 3.731505226828762782e-03
-1.505268856800365609e-02 4.045055675724792618e-03
-1.527344425222439649e-02 4.336454209435554839e-03
-1.541957636414357374e-02 4.605011599098127878e-03
-1.549253872038394535e-02 4.850172844558834143e-03
-1.549409807975398075e-02 5.071513401011740023e-03
-1.542630868430262987e-02 5.268734903212135903e-03
-1.529148662506978583e-02 5.441660446970977665e-03
-1.509218420933756445e-02 5.590229486061017335e-03
-1.483116449260549544e-02 5.714492400760291108e-03
-1.451137612483584249e-02 5.814604792175015816e-03
-1.413592864689922589e-02 5.890821554126665638e-03
-1.370806835965733723e-02 5.943490771924749005e-03
-1.323115487487401196e-02 5.973047494711501357e-03
-1.270863844421469407e-02 5.980007425350097883e-03
-1.214403815006198477e-02 5.964960569014294070e-03
-1.154092102979806071e-02 5.928564878807723523e-03
-1.090288219361389317e-02 5.871539933880130617e-03
-1.023352598489522640e-02 5.794660682617772292e-03
-9.536448221790229732e-03 5.698751280682350789e-03
-8.815219548708086786e-03 5.584679050834377018e-03
-8.073369917309695595e-03 5.453348588757804018e-03
-7.314374207990738570e-03 5.305696036412953752e-03
-6.541638994890041671e-03 5.142683541860789201e-03
-5.758490450223563949e-03 4.965293921996189429e-03
-4.968163377068981340e-03 4.774525542239853662e-03
-4.173791353711884047e-03 4.571387424941942418e-03
-3.378397967287071185e-03 4.356894596083831644e-03
-2.584889109611647820e-03 4.132063677815921501e-03
-1.796046303915396899e-03 3.897908732426952697e-03
-1.014521027484787015e-03 3.655437361552353256e-03
-2.428299920776821191e-04 3.405647062731060291e-03
5.166486586238381706e-04 3.149521843877407801e-03
1.261678277439497609e-03 2.888029094801762651e-03
1.990165812648768059e-03 2.622116713601802505e-03
2.700163123368665326e-03 2.352710484558985429e-03
3.389867558188177504e-03 2.080711703103393061e-03
4.057621844414159226e-03 1.806995042455676603e-03
4.701913335492665172e-03 1.532406655687914383e-03
5.321372664054345794e-03 1.257762506241601966e-03
5.914771847718144036e-03 9.838469192329471653e-04
6.481021894086235607e-03 7.114113453890592680e-04
7.019169950579556491e-03 4.411733289662201490e-04
7.528396043680976937e-03 1.738156706291315613e-04
8.008009450987044545e-03 -9.001422400778391619e-05
8.457444748048130109e-03 -3.497048197199318503e-04
8.876257570525172488e-03 -6.046807605557548947e-04
9.264120130588856389e-03 -8.544030220433073905e-04
9.620816524789384608e-03 -1.098368916509831310e-03
9.946237868872937274e-03 -1.336111961265595404e-03
1.024037729321816172e-02 -1.567201619368309949e-03
1.050332483073179377e-02 -1.791242922498175686e-03
1.073526222713848573e-02 -2.007875985426117119e-03
1.093645770178247253e-02 -2.216775421179036781e-03
1.110726068513560698e-02 -2.417649666013833940e-03
1.124809655737489360e-02 -2.610240222830779652e-03
1.135946141054080052e-02 -2.794320831562150612e-03
1.144191685498881055e-02 -2.969696574625783122e-03
1.149608488909835587e-02 -3.136202925387794431e-03
1.152264284946582194e-02 -3.293704747038089103e-03
1.152231845711581930e-02 -3.442095249174863519e-03
1.149588497374880343e-02 -3.581294908828680772e-03
1.144415648035664382e-02 -3.711250362538749594e-03
1.136798328916711724e-02 -3.831933275522589159e-03
1.126824749843737504e-02 -3.943339193739342843e-03
1.114585869817945850e-02 -4.045486384325360646e-03
1.100174983373445985e-02 -4.138414669427471770e-03
1.083687323287654825e-02 -4.222184258189555159e-03
1.065219680086442779e-02 -4.296874581321163088e-03
1.044870038706640671e-02 -4.362583132283608285e-03
1.022737232536411432e-02 -4.419424318766541730e-03
9.989206150149955443e-03 -4.467528328039697960e-03
9.735197488298489438e-03 -4.507040009152965196e-03
9.466341127274085013e-03 -4.538117774856693931e-03
9.183628258153631388e-03 -4.560932525833915653e-03
8.888043892403803617e-03 -4.575666599425688708e-03
8.580564450086231032e-03 -4.582512744842960270e-03
8.262155516846949113e-03 -4.581673126825879308e-03
7.933769766473679902e-03 -4.573358358922855436e-03
7.596345045562251895e-03 -4.557786568086228535e-03
7.250802616196858931e-03 -4.535182491258485729e-03
6.898045552304681374e-03 -4.505776605212540205e-03
6.538957285135609324e-03 -4.469804290032412114e-03
6.174400292978186877e-03 -4.427505027058975702e-03
5.805214930151425014e-03 -4.379121631251259306e-03
5.432218389789042999e-03 -4.324899518634081966e-03
5.056203795313259260e-03 -4.265086008565321593e-03
4.677939415057313054e-03 -4.199929660852984130e-03
4.298167994427287350e-03 -4.129679647542701566e-03
3.917606200227755943e-03 -4.054585159077584745e-03
3.536944171339869575e-03 -3.974894844509921712e-03
3.156845170402348619e-03 -3.890856285037574969e-03
2.777945330854713832e-03 -3.802715500572419801e-03
2.400853493877132434e-03 -3.710716488590413108e-03
2.026151130030768178e-03 -3.615100794486023408e-03
1.654392339724484410e-03 -3.516107112750922400e-03
1.286103928170466513e-03 -3.413970918183620827e-03
9.217855489488022656e-04 -3.308924126191308251e-03
5.619099116211687204e-04 -3.201194781278642997e-03
2.069230484044190608e-04 -3.091006773025178900e-03
-1.427553645254276901e-04 -2.978579578281491565e-03
-4.867316360357084887e-04 -2.864128028816213378e-03
-8.246376433320606100e-04 -2.747862103466893694e-03
-1.156130374024112685e-03 -2.629986743632998451e-03
-1.480891430777955429e-03 -2.510701691317235393e-03
-1.798626502774835437e-03 -2.390201348548621606e-03
-2.109064807319467692e-03 -2.268674657291743640e-03
-2.411958505283633147e-03 -2.146304998881073695e-03
-2.707082093971171100e-03 -2.023270111941902552e-03
-2.994231780143126725e-03 -1.899742027812287033e-03
-3.273224836898536508e-03 -1.775887022690708986e-03
-3.543898946426608278e-03 -1.651865585328956719e-03
-3.806111532236037404e-03 -1.527832399467478645e-03
-4.059739082809226199e-03 -1.403936340163645024e-03
-4.304676469308595793e-03 -1.280320483155563890e-03
-4.540836259514043419e-03 -1.157122126294128162e-03
-4.768148030338901361e-03 -1.034472822257189025e-03
-4.986557679966710510e-03 -9.124984217609563228e-04
-5.196026743114791346e-03 -7.913191267889148339e-04
-5.396531709290686499e-03 -6.710495521148208270e-04
-5.588063346772781381e-03 -5.517987957073693973e-04
-5.770626033219806300e-03 -4.336705168890338941e-04
-5.944237094079474898e-03 -3.167630202680466432e-04
-6.108926151218186176e-03 -2.011693474829765946e-04
-6.264734480540559702e-03 -8.697737289149829604e-05
-6.411714381567503070e-03 2.573009458272214681e-05
-6.549928559610482953e-03 1.368752044387053918e-04
-6.679449519468382002e-03 2.463849562656214749e-04
-6.800358974843344340e-03 3.541910846092798798e-04
-6.912747269648840051e-03 4.602299435831364721e-04
-7.016712815504765749e-03 5.644423876016990693e-04
-7.112361543852368725e-03 6.667736506762249847e-04
-7.199806373570408549e-03 7.671732226349247188e-04
-7.279166694520846324e-03 8.655947268946875828e-04
-7.350567867674068570e-03 9.619957933250885586e-04
-7.414140739392708138e-03 1.056337934893298702e-03
-7.470021174286536024e-03 1.148586421436518980e-03
-7.518349603102578854e-03 1.238710152433789187e-03
-7.559270588292199555e-03 1.326681533506985679e-03
-7.592932403942828992e-03 1.412476350134678812e-03
-7.619486633108766768e-03 1.496073644506378496e-03
-7.639087781995446830e-03 1.577455592134295766e-03
-7.651892908268704586e-03 1.656607379974852409e-03
-7.658061267857558044e-03 1.733517085797446795e-03
-7.657753974063226561e-03 1.808175559778530794e-03
-7.651133675061848501e-03 1.880576306765378413e-03
-7.638364244629075595e-03 1.950715371701076603e-03
-7.619610488790390726e-03 2.018591225393704704e-03
-7.595037866581095740e-03 2.084204654296075310e-03
-7.564812224594114759e-03 2.147558651175205269e-03
-7.529099547862468100e-03 2.208658307380407648e-03
-7.488065718946034996e-03 2.267510710397678108e-03
-7.441876298081405092e-03 2.324124840361802176e-03
-7.390696308837215768e-03 2.378511471373896766e-03
-7.334690040838832796e-03 2.430683074405731899e-03
-7.274020862740579463e-03 2.480653722877252613e-03
-7.208851047972955964e-03 2.528439001060446382e-03
-7.139341611190615916e-03 2.574055915014163837e-03
-7.065652156021820854e-03 2.617522806076028573e-03
-6.987940733973921348e-03 2.658859267233314866e-03
-6.906363712344963830e-03 2.698086061760806252e-03
-6.821075653570613656e-03 2.735225044766169920e-03
-6.732229203585772537e-03 2.770299087044284479e-03
-6.639974988416928910e-03 2.803332003104199582e-03
-6.544461521209340993e-03 2.834348478665793189e-03
-6.445835117105852378e-03 2.863374004394516996e-03
-6.344239814244801573e-03 2.890434809081020816e-03
-6.239817306564618242e-03 2.915557797983357388e-03
-6.132706880399590825e-03 2.938770491370442002e-03
-6.023045360068919434e-03 2.960100967079865204e-03
-5.910967058714180697e-03 2.979577805073676307e-03
-5.796603737710437874e-03 2.997230034167202954e-03
-5.680084569771250320e-03 3.013087081443083844e-03
-5.561536109375175320e-03 3.027178723539661505e-03
-5.441082268326738296e-03 3.039535041057434689e-03
-5.318844296210099507e-03 3.050186374299973698e-03
-5.194940765755838401e-03 3.059163281434812681e-03
-5.069487563082147007e-03 3.066496498908476316e-03
-4.942597882411416468e-03 3.072216904622681027e-03
-4.814382223821181070e-03 3.076355481904027335e-03
-4.684948396089438569e-03 3.078943286219925149e-03
-4.554401522177241139e-03 3.080011413820099835e-03
-4.422844048119027420e-03 3.079590972455512922e-03
-4.290375755336925737e-03 3.077713053491466181e-03
-4.157093775251024560e-03 3.074408706252075314e-03
-4.023092606885531226e-03 3.069708914121923541e-03
-3.888464135665254100e-03 3.063644572341658358e-03
-3.753297656035220128e-03 3.056246467961728271e-03
-3.617679894329997158e-03 3.047545260492088865e-03
-3.481695033912535903e-03 3.037571465246718082e-03
-3.345424741217783819e-03 3.026355438052177101e-03
-3.208948192993968124e-03 3.013927361149886918e-03
-3.072342104538882800e-03 3.000317231246086257e-03
-2.935680757500336302e-03 2.985554848967382144e-03
-2.799036028903977274e-03 2.969669809282148541e-03
-2.662477418894393464e-03 2.952691494539867300e-03
-2.526072078246920094e-03 2.934649067844325322e-03
-2.389884834372042050e-03 2.915571468333740326e-03
-2.253978215860822504e-03 2.895487407992311784e-03
-2.118412473868589840e-03 2.874425369120386931e-03
-1.983245600929506042e-03 2.852413603122505754e-03
-1.848533344243993414e-03 2.829480130115975822e-03
-1.714329213943892880e-03 2.805652738719487983e-03
-1.580684483257387184e-03 2.780958985326362209e-03
-1.447648178612159515e-03 2.755426192256162001e-03
-1.315267057164376269e-03 2.729081442312094024e-03
-1.183585566830703270e-03 2.701951567389975460e-03
-1.052645784850924542e-03 2.674063126074681038e-03
-9.224873267247167725e-04 2.645442361905699438e-03
-7.931472200382335249e-04 2.616115128809820903e-03
-6.646597332331837579e-04 2.586106759635078273e-03
-5.370561582510582563e-04 2.555441837240890642e-03
-4.103645620088306172e-04 2.524143801979345306e-03
-2.846095754477713687e-04 2.492234297081665981e-03
-1.598124088531545188e-04 2.459732152712025815e-03
-3.599147216023991687e-05 2.426652054058302602e-03
8.683597608520848658e-05 2.393003397617205104e-03
2.086513668432623831e-04 2.358790343226911668e-03
3.294328473771269625e-04 2.324013497333158370e-03
4.491548528018482391e-04 2.288672185682381205e-03
5.677888426676089284e-04 2.252766084360244281e-03
6.853043189108102727e-04 2.216295966705345184e-03
8.016696567946418649e-04 2.179263885225399353e-03
9.168526659140584971e-04 2.141673102227683104e-03
1.030820934700773161e-03 2.103527938192859773e-03
1.143542026893461846e-03 2.064833612836261632e-03
1.254983581595659316e-03 2.025596105177830588e-03
1.365113351680133629e-03 1.985822040154065337e-03
1.473899200342162000e-03 1.945518599031338669e-03
1.581309071206000874e-03 1.904693453237539134e-03
1.687310938028139997e-03 1.863354716019087563e-03
1.791872740790365157e-03 1.821510910792176197e-03
1.894962310161715791e-03 1.779170952928433485e-03
1.996547282647503051e-03 1.736344143458982666e-03
2.096595007755399330e-03 1.693040173814368320e-03
2.195072447325703124e-03 1.649269140105669770e-03
2.291946067851371224e-03 1.605041567184244209e-03
2.387181724738434568e-03 1.560368441486565316e-03
2.480744539564193243e-03 1.515261252891655485e-03
2.572598768764761644e-03 1.469732046040927867e-03
2.662707664148290451e-03 1.423793481227514672e-03
2.751033323963951970e-03 1.377458905512216666e-03
2.837536534096810059e-03 1.330742434543940103e-03
2.922176598277266557e-03 1.283659046580287733e-03
3.004911157292072463e-03 1.236224689171778850e-03
3.085695994464922147e-03 1.188456400206272046e-03
3.164484828781621850e-03 1.140372444850752979e-03
3.241229090957977246e-03 1.091992469979566728e-03
3.315877684548026831e-03 1.043337678393507035e-03
3.388376728908015778e-03 9.944310247711994621e-04
3.458669282098202156e-03 9.452974367153193971e-04
3.526695043115616376e-03 8.959640633060667308e-04
3.592390030907835746e-03 8.464605552299738107e-04
3.655686238463516299e-03 7.968193800140944538e-04
3.716511259517758445e-03 7.470761776356478912e-04
3.774787885862261952e-03 6.972701613002416608e-04
3.830433672395831129e-03 6.474445692602015349e-04
3.883360468597370739e-03 5.976471753007799471e-04
3.933473911850461288e-03 5.479308650543192674e-04
3.980672881991841744e-03 4.983542865436513345e-04
4.024848911811175316e-03 4.489825873119307562e-04
4.065885553576361819e-03 3.998882469763301653e-04
4.103657694987702942e-03 3.511520204913575003e-04
4.138030826498963893e-03 3.028640053435883300e-04
4.168860252344352806e-03 2.551248527123347893e-04
4.195990247192624145e-03 2.080471377924450384e-04
4.219253154294321309e-03 1.617569151138426552e-04
4.238468424728687560e-03 1.163954808772803100e-04
4.253441595976638866e-03 7.212137235447328709e-05
4.263963214111927795e-03 2.911263262165121948e-05
4.269807697462740803e-03 -1.243062232566616646e-05
4.270732149958482438e-03 -5.228329706169097466e-05
4.266475125624243254e-03 -9.019202892703503602e-05
4.256755356532060039e-03 -1.258714720218652265e-04
4.241270455112458246e-03 -1.590001107960202151e-04
4.219695602925574787e-03 -1.892155466447452677e-04
4.191682242884272117e-03 -2.161092113984080295e-04
4.156856795190498957e-03 -2.392204618989356071e-04
4.114819413476539060e-03 -2.580300129683041864e-04
4.065142792971378552e-03 -2.719526755761278100e-04
4.007371039804779288e-03 -2.803293996651401269e-04
3.941018578956307500e-03 -2.824186340850574559e-04
3.865569050381953073e-03 -2.773870681012451621e-04
3.780474076304992086e-03 -2.642998876028921848e-04
3.685151669274061743e-03 -2.421107435906769047e-04
3.578983889935031040e-03 -2.096517878548052015e-04
3.461313093268397929e-03 -1.656242072573181449e-04
3.331435683639311172e-03 -1.085899925613617416e-04
3.188591664757038213e-03 -3.696576583460224608e-05
3.031947312297767622e-03 5.098015136979750471e-05
2.860566832495483724e-03 1.571260325180204483e-04
2.673366725424375888e-03 2.834888356499384952e-04
2.469043338150829145e-03 4.322085003150668344e-04
2.245959348003656771e-03 6.055232500880864798e-04
2.001967864368025835e-03 8.057358107163187537e-04
1.734142477229875558e-03 1.035172932466861756e-03
1.438365960673896379e-03 1.296145235689156409e-03
1.108706857381129953e-03 1.590922891364696719e-03
7.364765183092575069e-04 1.921757550994244220e-03
3.088000017890628465e-04 2.291006984020330008e-03
-1.935649783946628323e-04 2.701466079253410715e-03
-7.996027776928631842e-04 3.157098389949334651e-03
-1.553371732841418848e-03 3.664550876428431490e-03
-2.522663617848706734e-03 4.236261011609175273e-03
-3.813508000222148864e-03 4.896997927187315795e-03
-5.595139707173969398e-03 5.698290625680522102e-03
-8.143515399513585884e-03 6.751976023732273770e-03
-1.191539124311395345e-02 8.311800399038697315e-03
-1.766063196439056349e-02 1.097723192695387526e-02
-2.652470952560916084e-02 1.620001302833887213e-02
-3.981926499657809787e-02 2.746608579576072934e-02
-5.715972574527922873e-02 5.254824986631864703e-02
-6.939389748003541025e-02 1.053101444555984700e-01
-4.284955473122285807e-02 1.963484893939150266e-01
8.385048241019663062e-02 2.884469738660974669e-01
3.109282843828009568e-01 2.493466051838940656e-01
4.471896027696442011e-01 0.000000000000000000e+00
3.304238421099515155e-01 -2.584452112937934420e-01
1.064961914206496579e-01 -3.232115848279912274e-01
-4.159104189963747089e-02 -2.474995234192933768e-01
-9.097186472824138337e-02 -1.505083067251530848e-01
-8.865894916028722872e-02 -8.231116657478459997e-02
-7.103578157836880347e-02 -4.389471866449833060e-02
-5.335011866019231247e-02 -2.430788376402827702e-02
-3.954204668504535114e-02 -1.471253235835186073e-02
-2.957630250070823752e-02 -1.003881085725622652e-02
-2.252096275962612096e-02 -7.723289864107538497e-03
-1.749417562614581298e-02 -6.534252185175281301e-03
-1.384890300664534668e-02 -5.889452436913690872e-03
-1.114699664805533785e-02 -5.513480127555097851e-03
-9.098882990805017001e-03 -5.274937748453396857e-03
-7.513261578016870723e-03 -5.110382313199771792e-03
-6.262381813584528764e-03 -4.988752493680825330e-03
-5.259549058191006349e-03 -4.894566211301475817e-03
-4.444838438181310247e-03 -4.819881854828797843e-03
-3.776025080992211330e-03 -4.760406357883666291e-03
-3.222775257978676821e-03 -4.713596327160157057e-03
-2.762876281872179290e-03 -4.677731232383984528e-03
-2.379752504424978952e-03 -4.651466178883671698e-03
-2.060803266449153480e-03 -4.633622572425354080e-03
-1.796273951226029291e-03 -4.623096246559198555e-03
-1.578477978070154386e-03 -4.618822577838943219e-03
-1.401253288788352697e-03 -4.619767913618930827e-03
-1.259577686642448851e-03 -4.624932064100884324e-03
-1.149293197156248591e-03 -4.633354304618801656e-03
-1.066906157044908605e-03 -4.644119411275970249e-03
-1.009440514466933801e-03 -4.656362307078854360e-03
-9.743288999028024491e-04 -4.669270863333404437e-03
-9.593307708154557266e-04 -4.682086960271523990e-03
-9.624701403964286330e-04 -4.694106050700415193e-03
-9.819876197098293801e-04 -4.704675549533162207e-03
-1.016302988926619808e-03 -4.713192378031829527e-03
-1.063985614060167229e-03 -4.719099913911173338e-03
-1.123730709439096313e-03 -4.721884609252784484e-03
-1.194340057609780343e-03 -4.721072428852621586e-03
-1.274706089064964838e-03 -4.716225277355785145e-03
-1.363798560313714096e-03 -4.706937509833477098e-03
-1.460653251200321303e-03 -4.692832602028116674e-03
-1.564362221327841602e-03 -4.673560059956315300e-03
-1.674065313324356232e-03 -4.648792591820537570e-03
-1.788942635553976814e-03 -4.618223590098499004e-03
-1.908207836742688897e-03 -4.581564943756357561e-03
-2.031102022762888270e-03 -4.538545213151706087e-03
-2.156888213342680362e-03 -4.488908173413574086e-03
-2.284846249797801467e-03 -4.432411765949166756e-03
-2.414268102809816012e-03 -4.368827478236503824e-03
-2.544453550817886867e-03 -4.297940185613405815e-03
-2.674706222730238985e-03 -4.219548495670145602e-03
-2.804330026163278852e-03 -4.133465645794170973e-03
-2.932626013809942148e-03 -4.039521016653350484e-03
-3.058889785808792134e-03 -3.937562331672903905e-03
-3.182409585986947093e-03 -3.827458635588738053e-03
-3.302465334525501572e-03 -3.709104133825674894e-03
-3.418328977716232620e-03 -3.582422994331365979e-03
-3.529266736477877468e-03 -3.447375150530896694e-03
-3.634544157599634267e-03 -3.303963020334098159e-03
-3.733435368936343507e-03 -3.152238704370354926e-03
-3.825238622610424924e-03 -2.992310342724509992e-03
-3.909300884225791646e-03 -2.824344261654089788e-03
-3.985053621168046373e-03 -2.648555135571655818e-03
-4.052055647605391775e-03 -2.465169260573280962e-03
-4.110018368911927920e-03 -2.274344349048323857e-03
-4.158762467982126884e-03 -2.076062241772504841e-03
-4.198092039151070896e-03 -1.870075902168985256e-03
-4.227673287267975401e-03 -1.655961530869354400e-03
-4.246988614838770326e-03 -1.433214160637884217e-03
-4.255344976050970396e-03 -1.201322939644536986e-03
-4.251898268080877424e-03 -9.598171675186174291e-04
-4.235676841758222004e-03 -7.082946575718452199e-04
-4.205600818554898652e-03 -4.464423441911378500e-04
-4.160498206916786110e-03 -1.740545842160102965e-04
-4.099119534154779462e-03 1.089481772817435263e-04
-4.020152525242908122e-03 4.024991067816336213e-04
-3.922238081386598615e-03 7.063624214854514506e-04
-3.803988599176760625e-03 1.020108268008469406e-03
-3.664009550956986386e-03 1.343084912815528491e-03
-3.500925174386823775e-03 1.674388244018630567e-03
-3.313409088819803741e-03 2.012828694020726231e-03
-3.100220637795484280e-03 2.356895821209811000e-03
-2.860247735247584393e-03 2.704720941106525042e-03
-2.592556959793977135e-03 3.054038388301561283e-03
-2.296451579249010871e-03 3.402146226354030561e-03
-1.971538080863219876e-03 3.745867510842438176e-03
-1.617801610642246712e-03 4.081513566495879874e-03
-1.235690489140835700e-03 4.404851150242543659e-03
-8.262096126564737880e-04 4.711075872333338709e-03
-3.910220786409531087e-04 4.994794811624360918e-03
6.744225555930117438e-05 5.250021913766319236e-03
5.458733800713833247e-04 5.470190465606050018e-03
1.039966044784226915e-03 5.648187727011899292e-03
1.544307368435407371e-03 5.776417585339539695e-03
2.052273086408339976e-03 5.846897902262495825e-03
2.555940179816265645e-03 5.851399926679259553e-03
3.046025720835974192e-03 5.781637706785629216e-03
3.511864086502489591e-03 5.629515701852714701e-03
3.941437174500899733e-03 5.387442608802237021e-03
4.321474769325601116e-03 5.048718600601379176e-03
4.637644538581168173e-03 4.608001425333509322e-03
4.874852964807801191e-03 4.061853832768141589e-03
5.017679426198199712e-03 3.409370249316164177e-03
5.050965019406564172e-03 2.652874040271432834e-03
4.960574802838716227e-03 1.798667733903094217e-03
4.734346035929645063e-03 8.578067631370474982e-04
4.363224524368382665e-03 -1.531475665299229794e-04
3.842575228065120592e-03 -1.211458265183229868e-03
3.173630578942420247e-03 -2.287709295316070826e-03
2.365009537553544594e-03 -3.345574888717073921e-03
1.434201743964382469e-03 -4.341991040849335973e-03
4.088647405231893121e-04 -5.227879383492606974e-03
-6.722698568165431411e-04 -5.949587508163947658e-03
-1.759138626109996249e-03 -6.451210644933843066e-03
-2.791041304661579566e-03 -6.677939355491904934e-03
-3.698621001077933776e-03 -6.580526385088123452e-03
-4.407455288505482752e-03 -6.120871629361625266e-03
-4.843519623640945432e-03 -5.278575659988523662e-03
-4.940637495202616220e-03 -4.058100151507763181e-03
-4.649775385259905663e-03 -2.495894931866181679e-03
-3.949654367688133771e-03 -6.665153492924401433e-04
-2.857629482849705516e-03 1.313610587084244278e-03
-1.439159658004061579e-03 3.286440306902220065e-03
1.864676547560745017e-04 5.058483501867286347e-03
1.847032571877689705e-03 6.414704186188293321e-03
3.327959697450832456e-03 7.141482257649672642e-03
4.395144322121656739e-03 7.058812434651870298e-03
4.831059894087508418e-03 6.059957269887375833e-03
4.482279238946112500e-03 4.153939466664416033e-03
3.312190105644780697e-03 1.502745534213823994e-03
1.447286621426277942e-03 -1.558485580136993644e-03
-7.998133613600468331e-04 -4.532535213405504068e-03
-2.950267791999700105e-03 -6.816326110885022674e-03
-4.438546191848903762e-03 -7.810668039767879739e-03
-4.756095475130465468e-03 -7.079097716222637962e-03
-3.639929929800829727e-03 -4.530502654014470672e-03
-1.253919422450827832e-03 -5.737990924907230336e-04
1.721585898172601700e-03 3.830544905223710623e-03
4.196869355205486325e-03 7.319434701922797326e-03
5.026264339159472114e-03 8.506004882835946010e-03
