-4.727242690750231742e-03 -2.437180050415499628e-03
-4.476617945966238944e-03 -2.304893954899724963e-03
-3.871216601272070568e-03 -1.976900619825727387e-03
-2.993020069086328554e-03 -1.499281965545682348e-03
-1.936632392629831188e-03 -9.257150199200695232e-04
-8.003807187510617645e-04 -3.120255007577370427e-04
3.271668751767742495e-04 2.915463752295764720e-04
1.371628956384345803e-03 8.430819422592845686e-04
2.275475418512000990e-03 1.310607381541824268e-03
2.998851646652631910e-03 1.672583492649305954e-03
3.518920871721641520e-03 1.917485050228421705e-03
3.828145874892275626e-03 2.042730516862397913e-03
3.931908163160260927e-03 2.053209556951228476e-03
3.845805523336343762e-03 1.959620739924725248e-03
3.592898412927363495e-03 1.776787877243864514e-03
3.201103902978425387e-03 1.522078271910531477e-03
2.700869968214583434e-03 1.214004464803416106e-03
2.123206666622104617e-03 8.710554293551641888e-04
1.498105704120059577e-03 5.107746727640337988e-04
8.533460272730913898e-04 1.490813909008319041e-04
2.136594522034119181e-04 -2.001839113062405841e-04
-3.997845701766871481e-04 -5.255170408183464006e-04
-9.696238187139655153e-04 -8.178432827941053626e-04
-1.482329050413393624e-03 -1.070479578551285053e-03
-1.928060507652413266e-03 -1.278997896937616877e-03
-2.300401103966824828e-03 -1.441019092805331109e-03
-2.596006724058984739e-03 -1.555962736540872924e-03
-2.814207869764918067e-03 -1.624774191026095169e-03
-2.956590553817782258e-03 -1.649645987987995600e-03
-3.026578297428515665e-03 -1.633746573789477026e-03
-3.029031586494557084e-03 -1.580965916014421798e-03
-2.969876328626790043e-03 -1.495684371015507975e-03
-2.855768786390263953e-03 -1.382568636825119365e-03
-2.693801136960519323e-03 -1.246396543971121929e-03
-2.491249179784520672e-03 -1.091910831627872875e-03
-2.255361712209952903e-03 -9.237008661443418594e-04
-1.993189636392925582e-03 -7.461104243993958588e-04
-1.711451863466826803e-03 -5.631691255577905928e-04
-1.416434459736014718e-03 -3.785447942398181462e-04
-1.113919157505325079e-03 -1.955139234964984804e-04
-8.091372614584089887e-04 -1.694743127579216363e-05
-5.067450609737962847e-04 1.546909699891081029e-04
-2.108170596082424120e-04 3.173362769517166452e-04
7.514638561336247800e-05 4.693058223758484566e-04
3.482000930410990291e-04 6.092770185668342419e-04
6.059264791821023215e-04 7.362609471108980379e-04
8.464017454401513273e-04 8.495732675046968390e-04
1.068157853228269855e-03 9.488036736633472358e-04
1.270141986001150757e-03 1.033784902640791370e-03
1.451674896765939738e-03 1.104562097200394773e-03
1.612409268982554307e-03 1.161363144483810225e-03
1.752288978884954714e-03 1.204570457036315337e-03
1.871509938073141234e-03 1.234694529077380370e-03
1.970483015603683146e-03 1.252349488760063929e-03
2.049799386887441940e-03 1.258230774483976673e-03
2.110198530188112358e-03 1.253094988143880258e-03
2.152538987876195624e-03 1.237741918479567244e-03
2.177771926219235210e-03 1.212998681425687432e-03
2.186917461816800540e-03 1.179705889627041381e-03
2.181043672359988996e-03 1.138705738290263832e-03
2.161248171927893959e-03 1.090831877660161566e-03
2.128642104440206517e-03 1.036900932176553066e-03
2.084336391293521457e-03 9.777055214957135199e-04
2.029430058958408070e-03 9.140086379296512775e-04
1.965000467955055515e-03 8.465392375070076528e-04
1.892095264909887317e-03 7.759889069728342090e-04
1.811725883256453794e-03 7.030094759431654034e-04
1.724862424676682458e-03 6.282114515481007156e-04
1.632429761844778797e-03 5.521631617778918017e-04
1.535304712803749107e-03 4.753905030186720312e-04
1.434314147885985911e-03 3.983771966446897871e-04
1.330233901073938230e-03 3.215654687912162970e-04
1.223788368769352687e-03 2.453570764015420235e-04
1.115650689858219960e-03 1.701146112012083696e-04
1.006443411538320227e-03 9.616302131927628076e-05
8.967395554828449643e-04 2.379129779031991269e-05
7.870640084508956618e-04 -4.674571988980775940e-05
6.778951703747650506e-04 -1.152254586314531502e-04
5.696668012100032132e-04 -1.814556807503558424e-04
4.627700154221700947e-04 -2.452725356092350702e-04
3.575553799062624965e-04 -3.065386177574774135e-04
2.543350774119037204e-04 -3.651410512783223334e-04
1.533851031991706406e-04 -4.209896163954326108e-04
5.494746770856964203e-05 -4.740149311738299162e-04
-4.076761746088692923e-05 -5.241666983416361008e-04
-1.335795889805481331e-04 -5.714120248284744377e-04
-2.233354318309207283e-04 -6.157338195172306966e-04
-3.099076420704473733e-04 -6.571292729201734430e-04
-3.931922617756909667e-04 -6.956084209657295179e-04
-4.731069932726739017e-04 -7.311927938107549508e-04
-5.495893977822481798e-04 -7.639141495306755797e-04
-6.225951818958869004e-04 -7.938132916654582621e-04
-6.920965738484884848e-04 -8.209389688925407486e-04
-7.580807903438877265e-04 -8.453468545344868662e-04
-8.205485936607084200e-04 -8.670986031731239265e-04
-8.795129379512872138e-04 -8.862609813011587548e-04
-9.349977029433414674e-04 -9.029050687130947463e-04
-9.870365127186515528e-04 -9.171055271713690399e-04
-1.035671636835707376e-03 -9.289399327755865250e-04
-1.080952970694854399e-03 -9.384881684477636762e-04
-1.122937091857404129e-03 -9.458318729177576673e-04
-1.161686388827691064e-03 -9.510539426608960543e-04
-1.197268258723703082e-03 -9.542380832860554007e-04
-1.229754370213365392e-03 -9.554684070072550547e-04
-1.259219988087418533e-03 -9.548290728888682560e-04
-1.285743355864050683e-03 -9.524039667204286380e-04
-1.309405132883116434e-03 -9.482764175289470302e-04
-1.330287882476396304e-03 -9.425289478115334539e-04
-1.348475607785541101e-03 -9.352430548114072477e-04
-1.364053332094687307e-03 -9.264990202262157835e-04
-1.377106720471029094e-03 -9.163757459492958028e-04
-1.387721739835907344e-03 -9.049506135409493427e-04
-1.395984354580775619e-03 -8.922993653388011388e-04
-1.401980255035060064e-03 -8.784960051532253802e-04
-1.405794616299638851e-03 -8.636127167595802206e-04
-1.407511884977057093e-03 -8.477197984064132816e-04
-1.407215591575319618e-03 -8.308856117621884986e-04
-1.404988186452680579e-03 -8.131765438688114047e-04
-1.400910897321736232e-03 -7.946569805963043815e-04
-1.395063606409002862e-03 -7.753892905278181921e-04
-1.387524745541453882e-03 -7.554338179411866942e-04
-1.378371207671952748e-03 -7.348488839312190954e-04
-1.367678273029308356e-03 -7.136907946404035061e-04
-1.355519548821321413e-03 -6.920138557653827136e-04
-1.341966920987552490e-03 -6.698703924273169148e-04
-1.327090516837351949e-03 -6.473107737181163848e-04
-1.310958677449239156e-03 -6.243834413233128027e-04
-1.293637938890207159e-03 -6.011349414373790305e-04
-1.275193021088409867e-03 -5.776099594445541652e-04
-1.255686823675029439e-03 -5.538513571274292528e-04
-1.235180427836362910e-03 -5.299002114901613537e-04
-1.213733103514705964e-03 -5.057958551182566587e-04
-1.191402321173148015e-03 -4.815759176032399563e-04
-1.168243767354028208e-03 -4.572763677604946959e-04
-1.144311363743927626e-03 -4.329315560441725718e-04
-1.119657288667361313e-03 -4.085742573640864582e-04
-1.094332000934281025e-03 -3.842357137348508130e-04
-1.068384265048435370e-03 -3.599456765264617201e-04
-1.041861177549902777e-03 -3.357324484092934105e-04
-1.014808193749162403e-03 -3.116229245037853272e-04
-9.872691542898894956e-04 -2.876426328857501088e-04
-9.592863110136110819e-04 -2.638157742527459356e-04
-9.309003513115214536e-04 -2.401652606706389118e-04
-9.021504202284290948e-04 -2.167127536317058501e-04
-8.730741393770473889e-04 -1.934787013051972033e-04
-8.437076214537467169e-04 -1.704823755484203901e-04
-8.140854791085524013e-04 -1.477419090827747773e-04
-7.842408262294533030e-04 -1.252743337986102874e-04
-7.542052694327550577e-04 -1.030956219066255777e-04
-7.240088869880754877e-04 -8.122073241990460384e-05
-6.936801916808853696e-04 -5.966366761327984562e-05
-6.632460738211723049e-04 -3.843754683904762040e-05
-6.327317208225677423e-04 -1.755471017734198426e-05
-6.021605133316160598e-04 2.973127603398035852e-06
-5.715539071365710816e-04 2.313464100805957867e-05
-5.409313351593045271e-04 4.291853197732500933e-05
-5.103102142395770724e-04 6.231300187246457001e-05
-4.797062139249340731e-04 8.130507724340078457e-05
-4.491339622674245398e-04 9.987997890882448085e-05
-4.186081572149232097e-04 1.180209191156395118e-04
-3.881446537390869419e-04 1.357095935527541993e-04
-3.577610209128754951e-04 1.529271293344806198e-04
-3.274765021716715893e-04 1.696549808000075751e-04
-2.973116648638295459e-04 1.858754996748574579e-04
-2.672880049700593775e-04 2.015721994725984466e-04
-2.374276243194502385e-04 2.167298294978263885e-04
-2.077530005878392132e-04 2.313343542651042630e-04
-1.782868357822884773e-04 2.453728942589233084e-04
-1.490519626769606692e-04 2.588336560770408191e-04
-1.200712920439956857e-04 2.717058643970014201e-04
-9.136778812123301030e-05 2.839797008583742248e-04
-6.296446390234152423e-05 2.956462514890673045e-04
-3.488439035350056783e-05 3.066974626556851196e-04
-7.150715854436842113e-06 3.171261050918150644e-04
2.021330709005399260e-05 3.269257452203905962e-04
4.718428940678786915e-05 3.360907232086798890e-04
7.373866861214194764e-05 3.446161371895653264e-04
9.985266853663747242e-05 3.524978330971428766e-04
1.255022561438442997e-04 3.597323999253166358e-04
1.506630959013284272e-04 3.663171702378835871e-04
1.753105018534285788e-04 3.722502253490354070e-04
1.994193881659796067e-04 3.775304054486330538e-04
2.229642177175942533e-04 3.821573245940847858e-04
2.459189492895328582e-04 3.861313905055617588e-04
2.682569832687274267e-04 3.894538290771988750e-04
2.899511062615408967e-04 3.921267139277145462e-04
3.109734345421357599e-04 3.941530010118503855e-04
3.312953563697250761e-04 3.955365684480684446e-04
3.508874736373943093e-04 3.962822616195439251e-04
3.697195428369142692e-04 3.963959437058120787e-04
3.877604154875588689e-04 3.958845517003175846e-04
4.049779785308286811e-04 3.947561585677281343e-04
4.213390944669074536e-04 3.930200410887836897e-04
4.368095420524671191e-04 3.906867533630568943e-04
4.513539576536582370e-04 3.877682069078987781e-04
4.649357776620068180e-04 3.842777560929599772e-04
4.775171825583044132e-04 3.802302899452833420e-04
4.890590428126821319e-04 3.756423293563467534e-04
4.995208677304271592e-04 3.705321293240189644e-04
5.088607572973456858e-04 3.649197864099987059e-04
5.170353582727416596e-04 3.588273495066944584e-04
5.239998245889799242e-04 3.522789337985317488e-04
5.297077834846066488e-04 3.453008359336213594e-04
5.341113078322732178e-04 3.379216486359871855e-04
5.371608952849204859e-04 3.301723723079788217e-04
5.388054555073023980e-04 3.220865206322439875e-04
5.389923057026477313e-04 3.137002161881822463e-04
5.376671749077712370e-04 3.050522708775458636e-04
5.347742173836806225e-04 2.961842454258321183e-04
5.302560347108359849e-04 2.871404801489962650e-04
5.240537064457512001e-04 2.779680876758916313e-04
5.161068262358532895e-04 2.687168958127786724e-04
5.063535432104391632e-04 2.594393265329413998e-04
4.947306007747672568e-04 2.501901941143903213e-04
4.811733705519340761e-04 2.410264005575102895e-04
4.656158692981277915e-04 2.320065036053541290e-04
4.479907480885783329e-04 2.231901249926183700e-04
4.282292362870782510e-04 2.146371616688788576e-04
4.062610177491496354e-04 2.064067544262279392e-04
3.820140072537442279e-04 1.985559562721479461e-04
3.554139872883710187e-04 1.911380346099779545e-04
3.263840540413760673e-04 1.842003243703043032e-04
2.948438000630804927e-04 1.777815308541538320e-04
2.607081426671495361e-04 1.719083590643515969e-04
2.238856862398106383e-04 1.665913205234350279e-04
1.842764640230821474e-04 1.618195297993928097e-04
1.417688654438809361e-04 1.575542582032263131e-04
9.623549859912222443e-05 1.537209529207531685e-04
4.752767262697932282e-05 1.501993501446377609e-04
-4.531922260338906814e-06 1.468112030183970436e-04
-6.015887235726851675e-05 1.433049974401591898e-04
-1.196197342998438651e-04 1.393368106306011058e-04
-1.832487074847662784e-04 1.344461844139519435e-04
-2.514695202979877866e-04 1.280254417238955609e-04
-3.248242417022294986e-04 1.192802242114425129e-04
-4.040113950247898613e-04 1.071781118762269201e-04
-4.899367963009698852e-04 9.038071787086829855e-05
-5.837821396550517666e-04 6.715249184384146255e-05
-6.870990157789489371e-04 3.523616959686298776e-05
-8.019403587225787779e-04 -8.320358076775128276e-06
-9.310487372217177756e-04 -6.740885148497310865e-05
-1.078133662249948239e-03 -1.472126607609497255e-04
-1.248292948878343325e-03 -2.547203411271445448e-04
-1.448674311224596931e-03 -3.994852668372534527e-04
-1.689549952163572639e-03 -5.947605418913782908e-04
-1.986121771841591489e-03 -8.592050703925636695e-04
-2.361654520817152349e-03 -1.219445887582338347e-03
-2.853083917005011169e-03 -1.713874512782129255e-03
-3.521338512520393472e-03 -2.398057159850383677e-03
-4.470783923858626628e-03 -3.351716011592108593e-03
-5.886430162419538543e-03 -4.685346663160514305e-03
-8.105324031938893059e-03 -6.538133936245337993e-03
-1.175075852026673598e-02 -9.039655431689401846e-03
-1.796830644469384758e-02 -1.215568288326039637e-02
-2.877205787682452637e-02 -1.521301319273460004e-02
-4.728838994074059665e-02 -1.566178674940394908e-02
-7.686928684034152748e-02 -6.452720078203678239e-03
-1.161003600537035690e-01 2.756975128062818386e-02
-1.451792989893321562e-01 1.082223113582400642e-01
-1.088251647063039618e-01 2.394614467167289762e-01
6.042916634649275753e-02 3.495068258288170915e-01
3.217761958313271053e-01 2.838725928724156189e-01
4.519081546503816993e-01 0.000000000000000000e+00
3.071101072810567545e-01 -2.699801667810562966e-01
5.728467859057193023e-02 -3.165736116455640792e-01
-8.972565085062249313e-02 -2.083122237519749453e-01
-1.154667202718163976e-01 -9.332563565031805342e-02
-8.906119573549391155e-02 -2.749167681561149462e-02
-5.760921700608644808e-02 -9.783106305167980909e-04
-3.519901534037828128e-02 6.339154337393935329e-03
-2.160066144717715311e-02 6.649628596209400735e-03
-1.374345276564409128e-02 5.128255921408715785e-03
-9.178617740972781422e-03 3.515019156181589232e-03
-6.434243076103141230e-03 2.241588921476140271e-03
-4.703630540770983859e-03 1.327593220151642318e-03
-3.554519970059216022e-03 6.955895274461978669e-04
-2.752606105060847498e-03 2.652273597341742390e-04
-2.167101885239940216e-03 -2.578178654618408939e-05
-1.722196030875047801e-03 -2.216618763586812113e-04
-1.372163436409494942e-03 -3.529454907823608399e-04
-1.088380722703111017e-03 -4.406385966431829171e-04
-8.523532055010954456e-04 -4.992914698423295532e-04
-6.518308799385381025e-04 -5.390797383416738586e-04
-4.785540415172639776e-04 -5.671736221058381157e-04
-3.268869488191309303e-04 -5.886363480259094354e-04
-1.929545901834736621e-04 -6.070213942096476870e-04
-7.407672012206152341e-05 -6.247792437431803729e-04
3.161404908984082052e-05 -6.435429832664840612e-04
1.254351746947339875e-04 -6.643351652016399669e-04
2.083371749872623996e-04 -6.877220294932649127e-04
2.810311819905975052e-04 -7.139310596292066345e-04
3.440773895421467277e-04 -7.429418939439243110e-04
3.979455239154315181e-04 -7.745571536376079976e-04
4.430552629091009356e-04 -8.084576800886393230e-04
4.798023877894745616e-04 -8.442453804040747547e-04
5.085748764913585775e-04 -8.814761873183212968e-04
5.297620061505885301e-04 -9.196850400605216871e-04
5.437587347370445145e-04 -9.584044780725118565e-04
5.509669956745017871e-04 -9.971781443181061168e-04
5.517950666252183613e-04 -1.035570266608231999e-03
5.466558406005142751e-04 -1.073171997179827794e-03
5.359645568770489161e-04 -1.109605339645537876e-03
5.201363697378630834e-04 -1.144525247727823684e-03
4.995839830222157697e-04 -1.177620373206578371e-03
4.747155064318476950e-04 -1.208612839216042113e-03
4.459325928560468736e-04 -1.237257345191150907e-03
4.136288885057605338e-04 -1.263339832757832785e-03
3.781887924570479583e-04 -1.286675898111369707e-03
3.399864981589837570e-04 -1.307109090311666657e-03
2.993852770799653568e-04 -1.324509206422399112e-03
2.567369631826270024e-04 -1.338770655050145831e-03
2.123815790375616986e-04 -1.349810949786544017e-03
1.666470557283288175e-04 -1.357569378110425658e-03
1.198489790331375279e-04 -1.362005873572940664e-03
7.229029824171851306e-05 -1.363100101445008762e-03
2.426092951746079219e-05 -1.360850773388765826e-03
-2.396284066961420177e-05 -1.355275175719918620e-03
-7.211923956059617833e-05 -1.346408889325470147e-03
-1.199623064016735519e-04 -1.334305650542507923e-03
-1.672637405338743078e-04 -1.319037260769900799e-03
-2.138154599316449461e-04 -1.300693382296883938e-03
-2.594330520161795524e-04 -1.279380949287664635e-03
-3.039602442657840151e-04 -1.255222760346137029e-03
-3.472744092234382397e-04 -1.228354567027139729e-03
-3.892927493925180506e-04 -1.198919703974520501e-03
-4.299780927115877242e-04 -1.167060173706549074e-03
-4.693421111789634762e-04 -1.132903493842907965e-03
-5.074427587286017404e-04 -1.096546241173038897e-03
-5.443732563645254340e-04 -1.058038016274631459e-03
-5.802433283881136116e-04 -1.017371582635725026e-03
-6.151579046121012292e-04 -9.744831562782443066e-04
-6.491997378753227351e-04 -9.292617396465341437e-04
-6.824191479933214548e-04 -8.815627503251496824e-04
-7.148301571016921815e-04 -8.312215102028475697e-04
-7.464105932067153885e-04 -7.780644825086611418e-04
-7.771040065206527570e-04 -7.219180092050379860e-04
-8.068220907637229343e-04 -6.626151104779636619e-04
-8.354470007285808367e-04 -6.000010472000635907e-04
-8.628333613954552528e-04 -5.339382221310503933e-04
-8.888099658728570171e-04 -4.643108294361487833e-04
-9.131812383937104767e-04 -3.910295289538609498e-04
-9.357285658122575442e-04 -3.140363201481791936e-04
-9.562116034989482944e-04 -2.333097293260131687e-04
-9.743696575452765775e-04 -1.488703721235228625e-04
-9.899232388238372003e-04 -6.078692412499002960e-05
-1.002575876868980545e-03 3.081749703310579427e-05
-1.012016282125451170e-03 1.257585579810558481e-04
-1.017920933206119434e-03 2.237835882574349734e-04
-1.019957171842003673e-03 3.245641831339008982e-04
-1.017786879008646811e-03 4.276886287812239895e-04
-1.011070804667373512e-03 5.326542837533335736e-04
-9.994736168776883253e-04 6.388600848272126291e-04
-9.826697306741236700e-04 7.455993907082920013e-04
-9.603499622141326887e-04 8.520534248239947442e-04
-9.322290459444582209e-04 9.572856275632975458e-04
-8.980540295860579055e-04 1.060237293604626620e-03
-8.576135392344449819e-04 1.159724925714124060e-03
-8.107478788423308404e-04 1.254439807504275457e-03
-7.573598905444571712e-04 1.342950362782553437e-03
-6.974264602382633125e-04 1.423707938359950256e-03
-6.310105013513339200e-04 1.495056706745623428e-03
-5.582731918466919338e-04 1.555248445042605593e-03
-4.794861722930837135e-04 1.602462982376487259e-03
-3.950433406350341010e-04 1.634835128930675011e-03
-3.054718021133334118e-04 1.650488891637089117e-03
-2.114414476820297229e-04 1.647579728008162795e-03
-1.137725564806290951e-04 1.624345490774710280e-03
-1.344073843438870278e-05 1.579166544973816411e-03
8.842153491015798282e-05 1.510635292535746250e-03
1.905276120603816665e-04 1.417634992004471054e-03
2.914443830243987343e-04 1.299427300839564765e-03
3.896058573591323730e-04 1.155747379255313940e-03
4.833333572587163868e-04 9.869046607778413343e-04
5.708629699569453802e-04 7.938865115212859896e-04
6.503807159759645955e-04 5.784609622099586707e-04
7.200656218513629223e-04 3.432735166672206762e-04
7.781405268074299006e-04 9.193174068390319261e-05
8.229299988959497009e-04 -1.709300370021797676e-04
8.529241892715736960e-04 -4.396149535753793129e-04
8.668468244554681981e-04 -7.073670832900918158e-04
8.637248512848936643e-04 -9.664254884107468819e-04
8.429565440566032198e-04 -1.208140779670836048e-03
8.043742174111388494e-04 -1.423166046345263796e-03
7.482971384828564568e-04 -1.601733002790516232e-03
6.755698899784236353e-04 -1.734021931649930032e-03
5.875814190333957616e-04 -1.810630139573028404e-03
4.862604309141108951e-04 -1.823137852459670843e-03
3.740437715274414453e-04 -1.764762470427361576e-03
2.538160797655740529e-04 -1.631081703601894133e-03
1.288213274266182540e-04 -1.420793324473800532e-03
2.549861303718253293e-06 -1.136464410171620200e-03
-1.213919323750972039e-04 -7.852067380099778809e-04
-2.394185077650622594e-04 -3.791987795577598402e-04
-3.480942883334250796e-04 6.403931819535735250e-05
-4.442380749184758398e-04 5.217197321236772449e-04
-5.249841173036133698e-04 9.663078677977956620e-04
-5.877784122676082447e-04 1.366551899324927166e-03
-6.302597235084197178e-04 1.688887471320426074e-03
-6.508609524823362339e-04 1.902221536607499050e-03
-6.482058735335574510e-04 1.980172659767691964e-03
