6.091820009094039284e-03 3.190767212422614824e-03
5.710144264151877785e-03 2.984829332261955404e-03
4.716377414205786753e-03 2.442070917680811727e-03
3.259689686203517695e-03 1.646724901540059204e-03
1.524438424387390602e-03 7.033403096568795632e-04
-2.933247368467124696e-04 -2.771286865497028513e-04
-2.011028636236872856e-03 -1.191968691720984592e-03
-3.475382968422467168e-03 -1.955995110816861199e-03
-4.572927591666030474e-03 -2.507643696121811608e-03
-5.235042354218240324e-03 -2.811711130819858576e-03
-5.437956413026349967e-03 -2.859086553469971075e-03
-5.198707484431868212e-03 -2.664069577852727719e-03
-4.568194839558470735e-03 -2.259988367121369864e-03
-3.622498212655558998e-03 -1.693845071791066394e-03
-2.453541700529747547e-03 -1.020652942782972715e-03
-1.160009004579259971e-03 -2.980165640290549753e-04
1.607983238729646081e-04 4.186317646482741526e-04
1.419693470122349119e-03 1.079870345392667077e-03
2.540674431016380283e-03 1.645066275729814348e-03
3.464262627669028368e-03 2.084073524062340921e-03
4.149188289600228181e-03 2.377920884088369734e-03
4.572607796534121014e-03 2.518623368027571308e-03
4.729106214345315216e-03 2.508288964402798082e-03
4.628771702538529362e-03 2.357708968373586639e-03
4.294633319509803121e-03 2.084618460500827029e-03
3.759736732554328897e-03 1.711798514317896484e-03
3.064100112219643023e-03 1.265167783100837199e-03
2.251751120236973342e-03 7.719822181633477888e-04
1.368000537722425256e-03 2.592311118560472775e-04
4.570628151088517214e-04 -2.477119956981448795e-04
-4.399083305354646979e-04 -7.261519258619491407e-04
-1.286338181723131703e-03 -1.156839391348063332e-03
-2.051302839960077260e-03 -1.524453396568286505e-03
-2.710178382251550878e-03 -1.817822396499965860e-03
-3.244908667591655041e-03 -2.029917647159847419e-03
-3.643944577873246739e-03 -2.157657780415923182e-03
-3.901913648234999876e-03 -2.201565877086235617e-03
-4.019080799985460216e-03 -2.165319844649175006e-03
-4.000659162828091447e-03 -2.055234382010202518e-03
-3.856025661060799754e-03 -1.879708846677972641e-03
-3.597889963147338742e-03 -1.648670474917406700e-03
-3.241458272637285590e-03 -1.373037105307671132e-03
-2.803625868260639295e-03 -1.064218193975648499e-03
-2.302224757102913199e-03 -7.336677712098486079e-04
-1.755345644853713999e-03 -3.924982785439797874e-04
-1.180746902611701623e-03 -5.116007534140766446e-05
-5.953574796429431191e-04 2.808121135175309542e-04
-1.487585779687050419e-05 5.949873989094065386e-04
5.465368135207880878e-04 8.841653881694459295e-04
1.076474349270577745e-03 1.142446736686160078e-03
1.564421151009177035e-03 1.365254103605394436e-03
2.001814590789238041e-03 1.549310638247147331e-03
2.382043843132874202e-03 1.692583344331503739e-03
2.700395233817274102e-03 1.794198571980295046e-03
2.953954123375221019e-03 1.854336544399345747e-03
3.141472953623762610e-03 1.874111302728802015e-03
3.263214443725994708e-03 1.855441806897082128e-03
3.320778105042605614e-03 1.800919212289346476e-03
3.316917317505810228e-03 1.713674593100835471e-03
3.255353229778174678e-03 1.597250636712984565e-03
3.140590756025089716e-03 1.455480115095838557e-03
2.977740978849288938e-03 1.292373268032295883e-03
2.772353357256746725e-03 1.112015621917565675e-03
2.530260299080931349e-03 9.184772249528487835e-04
2.257435901188087606e-03 7.157338085318135220e-04
1.959869994585176738e-03 5.075999859564954463e-04
1.643458057397213052e-03 2.976742712197882152e-04
1.313907075221411357e-03 8.929543842665292434e-05
9.766570316139826149e-04 -1.144904588213406993e-04
6.368173955598915078e-04 -3.109532352426859969e-04
2.991177305949771514e-04 -4.976928143590540320e-04
-3.212862604820337833e-05 -6.726455439037852188e-04
-3.530489844871527276e-04 -8.340835902411968504e-04
-6.602250626316780169e-04 -9.806084089453762608e-04
-9.506973524665286420e-04 -1.111139258746403347e-03
-1.221961351519814049e-03 -1.224897678337050991e-03
-1.471956884222232285e-03 -1.321388784683645481e-03
-1.699051681831232567e-03 -1.400380181558237092e-03
-1.902020317637331511e-03 -1.461879191473191382e-03
-2.080019511048435566e-03 -1.506109045976214639e-03
-2.232560723921089927e-03 -1.533484590722432013e-03
-2.359480878630746022e-03 -1.544587984826069913e-03
-2.460911932643662908e-03 -1.540144800162340268e-03
-2.537249951061531280e-03 -1.521000856676100283e-03
-2.589124228554330782e-03 -1.488100065129468021e-03
-2.617366926594996354e-03 -1.442463489594569045e-03
-2.622983611968049324e-03 -1.385169788646280122e-03
-2.607125008781666867e-03 -1.317337146720102669e-03
-2.571060209056557667e-03 -1.240106765397345047e-03
-2.516151526551282935e-03 -1.154627948286117249e-03
-2.443831124807573606e-03 -1.062044782395370115e-03
-2.355579503276217148e-03 -9.634843931234400713e-04
-2.252905884568912401e-03 -8.600467288058246621e-04
-2.137330511008278880e-03 -7.527958137878704289e-04
-2.010368829310086539e-03 -6.427523957904851450e-04
-1.873517518002056504e-03 -5.308879034975790131e-04
-1.728242292580677410e-03 -4.181196234079519961e-04
-1.575967407992156068e-03 -3.053070006715962381e-04
-1.418066766303633557e-03 -1.932489665095773719e-04
-1.255856529012757501e-03 -8.268219454525874666e-05
-1.090589127848476479e-03 2.571981035419390604e-05
-9.234485647859895681e-04 1.313468845984337957e-04
-7.555468909562893833e-04 2.336517300987429402e-04
-5.879217548279719752e-04 3.321488762423183334e-04
-4.215349121827423654e-04 4.264131607768434969e-04
-2.572715937041095808e-04 5.160778055025690364e-04
-9.594063022229408965e-05 6.008321571348787136e-04
6.172475942701089466e-05 6.804191580593085126e-04
2.150656075390631810e-04 7.546326060296575360e-04
3.634953475106174250e-04 8.233142562695339259e-04
5.064975525060547547e-04 8.863508139819494935e-04
6.436233346201109852e-04 9.436708600181454264e-04
7.744884702840339804e-04 9.952417474402975965e-04
8.987703117164774075e-04 1.041066501969500901e-03
1.016204538422651234e-03 1.081180754865639993e-03
1.126581797172870880e-03 1.115649732641789491e-03
1.229744273568327342e-03 1.144565324190369377e-03
1.325582233255767845e-03 1.168043242395880831e-03
1.414030566112306703e-03 1.186220294099355962e-03
1.495065362320958024e-03 1.199251769390813566e-03
1.568700545109033345e-03 1.207308958605689004e-03
1.634984581191920028e-03 1.210576803084164373e-03
1.693997286462446683e-03 1.209251683669491624e-03
1.745846741334787077e-03 1.203539349156480635e-03
1.790666327259938986e-03 1.193652985290622002e-03
1.828611893424015493e-03 1.179811423562514934e-03
1.859859060260421601e-03 1.162237487905485103e-03
1.884600664436967415e-03 1.141156476394666495e-03
1.903044348130272442e-03 1.116794774246540741e-03
1.915410293827609148e-03 1.089378593737785504e-03
1.921929104556680760e-03 1.059132836179275082e-03
1.922839828227268424e-03 1.026280070564090019e-03
1.918388123756067064e-03 9.910396233583089638e-04
1.908824565859490062e-03 9.536267735196880336e-04
1.894403084601560582e-03 9.142520468668852108e-04
1.875379535314241220e-03 8.731206037180243729e-04
1.852010393959860465e-03 8.304317138435652777e-04
1.824551572719591147e-03 7.863783127474033990e-04
1.793257350299271285e-03 7.411466334352492758e-04
1.758379411279007614e-03 6.949159079817728273e-04
1.720165988700206186e-03 6.478581333102901782e-04
1.678861104098653551e-03 6.001378958845878051e-04
1.634703899102814923e-03 5.519122501382275111e-04
1.587928052931236386e-03 5.033306457530540776e-04
1.538761279999232602e-03 4.545348991050867510e-04
1.487424902138249731e-03 4.056592044605058719e-04
1.434133490097648858e-03 3.568301806937717777e-04
1.379094568987098953e-03 3.081669496759866303e-04
1.322508382733258731e-03 2.597812425603084801e-04
1.264567712668503065e-03 2.117775305552413033e-04
1.205457745664718829e-03 1.642531769848015440e-04
1.145355987428762264e-03 1.172986076397993177e-04
1.084432216790273858e-03 7.099749667529951921e-05
1.022848477007926027e-03 2.542696551509332882e-05
9.607591004285763112e-04 -1.934220757571219898e-05
8.983107630117278392e-04 -6.324536936085778513e-05
8.356425653768696088e-04 -1.062237669325452106e-04
7.728861373684310556e-04 -1.482243181459627222e-04
7.101657633065837534e-04 -1.891993788521542674e-04
6.475985252015676631e-04 -2.291065083506586581e-04
5.852944615427826004e-04 -2.679082343006014056e-04
5.233567393551218257e-04 -3.055718183592762648e-04
4.618818374222422593e-04 -3.420690234078424714e-04
4.009597387818395722e-04 -3.773758834803095244e-04
3.406741307269542298e-04 -4.114724769602492570e-04
2.811026106626580610e-04 -4.443427038977932112e-04
2.223168963937767690e-04 -4.759740680015141353e-04
1.643830395137818015e-04 -5.063574637288633913e-04
1.073616406394592242e-04 -5.354869690306371475e-04
5.130806550201577566e-05 -5.633596439924532613e-04
-3.727339211145582008e-06 -5.899753357228773023e-04
-5.769903097404204765e-05 -6.153364896871663233e-04
-1.105660584172161987e-04 -6.394479676302190253e-04
-1.622918507699487481e-04 -6.623168722878775960e-04
-2.128440104303586816e-04 -6.839523788665362748e-04
-2.621941091268378734e-04 -7.043655733601479705e-04
-3.103174880948158165e-04 -7.235692977704233060e-04
-3.571930628321690537e-04 -7.415780020905553835e-04
-4.028031324680755431e-04 -7.584076030215239957e-04
-4.471331942638829236e-04 -7.740753494641554669e-04
-4.901717633734132759e-04 -7.885996944509763955e-04
-5.319101979694178988e-04 -8.020001735696073416e-04
-5.723425300372214598e-04 -8.142972897279077485e-04
-6.114653018340480452e-04 -8.255124039883013961e-04
-6.492774078177139226e-04 -8.356676324534657993e-04
-6.857799428162723952e-04 -8.447857489649397873e-04
-7.209760554957302071e-04 -8.528900934170553696e-04
-7.548708077674869468e-04 -8.600044854647959005e-04
-7.874710401385159745e-04 -8.661531436617912706e-04
-8.187852421697313591e-04 -8.713606094618397795e-04
-8.488234289917995093e-04 -8.756516763688374254e-04
-8.775970230722183237e-04 -8.790513234297132926e-04
-9.051187414186376420e-04 -8.815846534848346397e-04
-9.314024881636886284e-04 -8.832768358862642900e-04
-9.564632519684344598e-04 -8.841530524781877464e-04
-9.803170089513711920e-04 -8.842384488632669490e-04
-1.002980629889235276e-03 -8.835580882195267355e-04
-1.024471792792318878e-03 -8.821369092474114649e-04
-1.044808899514740623e-03 -8.799996876609616093e-04
-1.064010997442106556e-03 -8.771710000763032703e-04
-1.082097704720276672e-03 -8.736751923060558176e-04
-1.099089140207337636e-03 -8.695363489584231019e-04
-1.115005857508662244e-03 -8.647782672589429155e-04
-1.129868782543082218e-03 -8.594244325650412034e-04
-1.143699154510491181e-03 -8.534979964873561087e-04
-1.156518471121291110e-03 -8.470217573524008387e-04
-1.168348437505468311e-03 -8.400181430534388793e-04
-1.179210916756726069e-03 -8.325091956186217185e-04
-1.189127885861352048e-03 -8.245165576503996714e-04
-1.198121392530170169e-03 -8.160614611032136409e-04
-1.206213516366745186e-03 -8.071647170423538499e-04
-1.213426332078086688e-03 -7.978467074379329456e-04
-1.219781875494515286e-03 -7.881273782379599529e-04
-1.225302112148662047e-03 -7.780262337046948322e-04
-1.230008907781904217e-03 -7.675623323921581306e-04
-1.233924001767584301e-03 -7.567542838293876174e-04
-1.237068982044278384e-03 -7.456202467847792507e-04
-1.239465262575825157e-03 -7.341779279154940366e-04
-1.241134062258066615e-03 -7.224445818934102301e-04
-1.242096385918195663e-03 -7.104370126103106515e-04
-1.242373007411662822e-03 -6.981715740547028964e-04
-1.241984453132800176e-03 -6.856641731212958363e-04
-1.240950988221118864e-03 -6.729302723976170186e-04
-1.239292604275667609e-03 -6.599848939372624998e-04
-1.237029007279314904e-03 -6.468426233350893940e-04
-1.234179607686512834e-03 -6.335176140574351076e-04
-1.230763511943328611e-03 -6.200235931349593705e-04
-1.226799514009447407e-03 -6.063738661656720673e-04
-1.222306089558146966e-03 -5.925813231450518517e-04
-1.217301389436710587e-03 -5.786584452895503650e-04
-1.211803235294254145e-03 -5.646173106611982687e-04
-1.205829115752062291e-03 -5.504696012903847156e-04
-1.199396183212779509e-03 -5.362266101009053416e-04
-1.192521251511109237e-03 -5.218992478813427698e-04
-1.185220794088520484e-03 -5.074980506731219471e-04
-1.177510943570208180e-03 -4.930331871018688635e-04
-1.169407490982729428e-03 -4.785144657274700234e-04
-1.160925885879548905e-03 -4.639513427887529393e-04
-1.152081237470027044e-03 -4.493529298309006199e-04
-1.142888315468743466e-03 -4.347280012542100087e-04
-1.133361552009241749e-03 -4.200850018161266224e-04
-1.123515043341927547e-03 -4.054320549545423853e-04
-1.113362552994136495e-03 -3.907769697988660641e-04
-1.102917513464179078e-03 -3.761272489131531360e-04
-1.092193030527314384e-03 -3.614900960825574478e-04
-1.081201885253883386e-03 -3.468724242708916077e-04
-1.069956539027795001e-03 -3.322808620642842253e-04
-1.058469136413737327e-03 -3.177217618569131981e-04
-1.046751509635394277e-03 -3.032012070527502295e-04
-1.034815182554270872e-03 -2.887250192093624378e-04
-1.022671375494734435e-03 -2.742987652439406654e-04
-1.010331009375894755e-03 -2.599277642380110574e-04
-9.978047105890838070e-04 -2.456170947333487188e-04
-9.851028157429127415e-04 -2.313716012390692914e-04
-9.722353763214177172e-04 -2.171959010508897137e-04
-9.592121641370358626e-04 -2.030943906562538369e-04
-9.460426757167688001e-04 -1.890712523760549701e-04
-9.327361377155574725e-04 -1.751304601727463289e-04
-9.193015119461351962e-04 -1.612757865580125732e-04
-9.057474999641973619e-04 -1.475108078592677111e-04
-8.920825489278588847e-04 -1.338389102930533396e-04
-8.783148562550762220e-04 -1.202632959269386175e-04
-8.644523745662462209e-04 -1.067869878391275451e-04
-8.505028169115370559e-04 -9.341283579159979445e-05
-8.364736616249019048e-04 -8.014352130272133553e-05
-8.223721574325215883e-04 -6.698156260056078483e-05
-8.082053281770294880e-04 -5.392931998520562788e-05
-7.939799775071899879e-04 -4.098900011958723881e-05
-7.797026937024764941e-04 -2.816266075833658792e-05
-7.653798543857892817e-04 -1.545221518960707358e-05
-7.510176307065682261e-04 -2.859436553996641019e-06
-7.366219919383326003e-04 9.614038234861694426e-06
-7.221987097570911661e-04 2.196670460187543413e-05
-7.077533619517824412e-04 3.419718666179406537e-05
-6.932913365135784638e-04 4.630423353497249749e-05
-6.788178352752173355e-04 5.828671619872766076e-05
-6.643378774386838638e-04 7.014362426769959547e-05
-6.498563024484628470e-04 8.187406324281881450e-05
-6.353777729185965421e-04 9.347725160439347442e-05
-6.209067770756432608e-04 1.049525183513019930e-04
-6.064476310915983348e-04 1.162993011135621908e-04
-5.920044797933656606e-04 1.275171438383298432e-04
-5.775812980560301318e-04 1.386056948509967874e-04
-5.631818907881248502e-04 1.495647053155481603e-04
-5.488098919747550538e-04 1.603940274451784095e-04
-5.344687627972047068e-04 1.710936134983580010e-04
-5.201617876943211149e-04 1.816635137450961458e-04
-5.058920692625528065e-04 1.921038751035103540e-04
-4.916625208451984828e-04 2.024149379083099265e-04
-4.774758562405855868e-04 2.125970330334166572e-04
-4.633345751219684742e-04 2.226505756261925359e-04
-4.492409456258626634e-04 2.325760549294924500e-04
-4.351969818506634343e-04 2.423740186236598591e-04
-4.212044174907830481e-04 2.520450463927267947e-04
-4.072646784545386526e-04 2.615897085234525333e-04
-3.933788603154105999e-04 2.710085040748748224e-04
-3.795477258039219991e-04 2.803017729949304872e-04
-3.657717401162863778e-04 2.894695917332851904e-04
-3.520511633248712404e-04 2.985116753116610314e-04
-3.383861943025117790e-04 3.074273260070937530e-04
-3.247771271590213743e-04 3.162154601497751700e-04
-3.112244680301631014e-04 3.248747019116298459e-04
-2.977289879508843834e-04 3.334035031482038931e-04
-2.842917196003883840e-04 3.418002502367411188e-04
-2.709139246549849170e-04 3.500633395881349685e-04
-2.575970508334456143e-04 3.581912247132102247e-04
-2.443426919495949928e-04 3.661824411055719349e-04
-2.311525528456909780e-04 3.740356162452541456e-04
-2.180284231183108896e-04 3.817494728889471510e-04
-2.049721555671381258e-04 3.893228263815198516e-04
-1.919856515348189745e-04 3.967545800611758260e-04
-1.790708485367702857e-04 4.040437203994275920e-04
-1.662297126950024575e-04 4.111893100252947799e-04
-1.534642319361040233e-04 4.181904825380744180e-04
-1.407764130833353959e-04 4.250464370354771937e-04
-1.281682783014096512e-04 4.317564322913404647e-04
-1.156418641905305913e-04 4.383197826967707880e-04
-1.031992212625282908e-04 4.447358533789745583e-04
-9.084241368715654749e-05 4.510040562993762603e-04
-7.857352022700908926e-05 4.571238462147350374e-04
-6.639463570636987061e-05 4.630947177887608781e-04
-5.430787266342190561e-05 4.689162021183813792e-04
-4.231536265272150968e-05 4.745878642833880235e-04
-3.041925905416170218e-05 4.801093000834343863e-04
-1.862173941328187443e-05 4.854801342281878031e-04
-6.925008225684557055e-06 4.907000181905973044e-04
4.668700268342082299e-06 4.957686277979540855e-04
1.615711849501866239e-05 5.006856621089439061e-04
2.753794295810838336e-05 5.054508411774720315e-04
3.880883043744259202e-05 5.100639047695590227e-04
4.996739419145805779e-05 5.145246112272662108e-04
6.101120019306164764e-05 5.188327358836339722e-04
7.193776323142342779e-05 5.229880706139353273e-04
8.274454282602687768e-05 5.269904227176541419e-04
9.342893850541392751e-05 5.308396136959542613e-04
1.039882858699584368e-04 5.345354794211169998e-04
1.144198514106678152e-04 5.380778690593707777e-04
1.247208281466352100e-04 5.414666446398361905e-04
1.348883299621756924e-04 5.447016812698847726e-04
1.449193865796857426e-04 5.477828666466613575e-04
1.548109385263411600e-04 5.507101013825169014e-04
1.645598305957371216e-04 5.534832989554918856e-04
1.741628067697308590e-04 5.561023857794467409e-04
1.836165036153068178e-04 5.585673024440318893e-04
1.929174437258453971e-04 5.608780035858264117e-04
2.020620294921915709e-04 5.630344586115736474e-04
2.110465357618457479e-04 5.650366532335164213e-04
2.198671028439205008e-04 5.668845901628707506e-04
2.285197285239748421e-04 5.685782905315022069e-04
2.370002609418104102e-04 5.701177952821510908e-04
2.453043898162138216e-04 5.715031666027294488e-04
2.534276377976326581e-04 5.727344903702494879e-04
2.613653523135937200e-04 5.738118776239399099e-04
2.691126949368432674e-04 5.747354678059254452e-04
2.766646334434300124e-04 5.755054305859997167e-04
2.840159300957710012e-04 5.761219685069224154e-04
2.911611314116659588e-04 5.765853210143542145e-04
2.980945581151656239e-04 5.768957668500422457e-04
3.048102922969852038e-04 5.770536288115131734e-04
3.113021660258095914e-04 5.770592768426889563e-04
3.175637487960992177e-04 5.769131328237587977e-04
3.235883340556507419e-04 5.766156753893799964e-04
3.293689259587937661e-04 5.761674447599381219e-04
3.348982246553006874e-04 5.755690482954008320e-04
3.401686115430717296e-04 5.748211662631649019e-04
3.451721333126036130e-04 5.739245583448003693e-04
3.499004864279323785e-04 5.728800699727923211e-04
3.543449993217453976e-04 5.716886398168517271e-04
3.584966151772070583e-04 5.703513069217027625e-04
3.623458730961775782e-04 5.688692193026698325e-04
3.658828889288969540e-04 5.672436419995503538e-04
3.690973349782634234e-04 5.654759661541520870e-04
3.719784194416399714e-04 5.635677181476581553e-04
3.745148641117702557e-04 5.615205697030612331e-04
3.766948815309350087e-04 5.593363480077142387e-04
3.785061512962281747e-04 5.570170460623008208e-04
3.799357953348306283e-04 5.545648339184202236e-04
3.809703521810442082e-04 5.519820695386038400e-04
3.815957495640476390e-04 5.492713099709544420e-04
3.817972767645625115e-04 5.464353230400162409e-04
3.815595550630767837e-04 5.434770986071454533e-04
3.808665075644087922e-04 5.403998590411316326e-04
3.797013273815845989e-04 5.372070701054570789e-04
3.780464442252361233e-04 5.339024509493044265e-04
3.758834894654501917e-04 5.304899823057997264e-04
3.731932607149860207e-04 5.269739141752858430e-04
3.699556833415965150e-04 5.233587709495546563e-04
3.661497701503058544e-04 5.196493550874922446e-04
3.617535803774696930e-04 5.158507460973033943e-04
3.567441743164214167e-04 5.119682967106652756e-04
3.510975678688966302e-04 5.080076241254785022e-04
3.447886821136914373e-04 5.039745949672668835e-04
3.377912897695075885e-04 4.998753035244318191e-04
3.300779579327051821e-04 4.957160401246941440e-04
3.216199870940519346e-04 4.915032491819007129e-04
3.123873437416651395e-04 4.872434743669335345e-04
3.023485853548352675e-04 4.829432881299431908e-04
2.914707793213370092e-04 4.786092030688122653e-04
2.797194111668031835e-04 4.742475601140103635e-04
2.670582819527194491e-04 4.698643898499435187e-04
2.534493918125115723e-04 4.654652429185960759e-04
2.388528064404429982e-04 4.610549820578449510e-04
2.232265006426983390e-04 4.566375319805119140e-04
2.065261771489643964e-04 4.522155724004071897e-04
1.887050567924781943e-04 4.477901722698566849e-04
1.697136284614955920e-04 4.433603486466446055e-04
1.494993526067222894e-04 4.389225329025798214e-04
1.280063015623357113e-04 4.344699432517145190e-04
1.051747412599939307e-04 4.299918291411206810e-04
8.094061453843873991e-05 4.254725672462896348e-04
5.523492380248687969e-05 4.208905936423002923e-04
2.798298410088578716e-05 4.162171256695570932e-04
-8.964813547596942479e-07 4.114146430180686703e-04
-3.149245009002123218e-05 4.064350830843264950e-04
-6.390294130539575707e-05 4.012176875190987717e-04
-9.823665278167428199e-05 3.956864388328259997e-04
-1.346149630720641774e-04 3.897470061486068183e-04
-1.731743758956366718e-04 3.832830821065304466e-04
-2.140695203295792820e-04 3.761520011229337089e-04
-2.574768306094437189e-04 3.681794701047158428e-04
-3.035990730399185599e-04 3.591532092758959512e-04
-3.526709436765075654e-04 3.488152538337307138e-04
-4.049659862543978348e-04 3.368525624411074747e-04
-4.608052034099031826e-04 3.228855588141140917e-04
-5.205678247238771815e-04 3.064539680035055741e-04
-5.847048379786948073e-04 2.869992975893079809e-04
-6.537561486421591484e-04 2.638429465921228001e-04
-7.283725097280105854e-04 2.361586782708419282e-04
-8.093438398765057107e-04 2.029377074983780105e-04
-8.976361498383115135e-04 1.629441100396743030e-04
-9.944403927827673295e-04 1.146574525260544400e-04
-1.101237930198649797e-03 5.619836718741321249e-05
-1.219889503488193888e-03 -1.476853152776360766e-05
-1.352758130979766008e-03 -1.011620698184898751e-04
-1.502881498206651246e-03 -2.066526410933509179e-04
-1.674217720093490458e-03 -3.358843697294048051e-04
-1.872001336507631095e-03 -4.947690317585038593e-04
-2.103267088445637343e-03 -6.908734328891395163e-04
-2.377631911223308022e-03 -9.339250287382484892e-04
-2.708479291589088993e-03 -1.236460034121379106e-03
-3.114774670950273480e-03 -1.614624290851417870e-03
-3.623877832509172017e-03 -2.089096108335398300e-03
-4.275932502863967130e-03 -2.685992338367890891e-03
-5.130740511801056350e-03 -3.437372413939236357e-03
-6.278499174231452068e-03 -4.380417519523733226e-03
-7.856373872166522859e-03 -5.553245573277634621e-03
-1.007340362061074843e-02 -6.983101013802779471e-03
-1.324600282647061915e-02 -8.658476349269153549e-03
-1.784344055703905932e-02 -1.046945256245493568e-02
-2.453269811792407190e-02 -1.208956688470347839e-02
-3.418618069217754102e-02 -1.276059957734783368e-02
-4.776019455874500746e-02 -1.094268860106981101e-02
-6.585733584486792858e-02 -3.846339168175096079e-03
-8.768373796150742694e-02 1.294743414620280753e-02
-1.091650205297323151e-01 4.515082029958198545e-02
-1.205880055854693100e-01 9.751446972954251613e-02
-1.057425212725717767e-01 1.684439016489926444e-01
-4.659262469552484520e-02 2.424975128292363724e-01
6.335798861078120736e-02 2.872031412381472748e-01
2.024672951260494680e-01 2.646219155032502601e-01
3.191813369909474174e-01 1.591413694438995885e-01
3.593663492858287789e-01 0.000000000000000000e+00
3.057887545199321488e-01 -1.504753741356949226e-01
1.903446424471372522e-01 -2.386510388136428018e-01
6.681405599609739621e-02 -2.511643231104910834e-01
-2.518833506919183896e-02 -2.105599929242715218e-01
-7.418177130545139386e-02 -1.499599374859827139e-01
-8.859321602211947533e-02 -9.342057706549880547e-02
-8.287964462204770733e-02 -5.119857338261489532e-02
-6.894133487526371562e-02 -2.395959499978518245e-02
-5.382537176317821886e-02 -8.299523051210302982e-03
-4.066801660879001273e-02 -2.458039885742911712e-04
-3.032353783785306581e-02 3.334253638920125704e-03
-2.260722065900655497e-02 4.511000839186348269e-03
-1.699819675181678952e-02 4.512368152237416358e-03
-1.295882360339956421e-02 4.011024330832813588e-03
-1.004555257207549041e-02 3.350222688149628782e-03
-7.926262199769884553e-03 2.691326446337672512e-03
-6.364054884669215553e-03 2.100930508039498910e-03
-5.193977726989941132e-03 1.599050996583694989e-03
-4.302293073600960832e-03 1.184496222472574811e-03
-3.610636872037531128e-03 8.476365617839367803e-04
-3.064737327155196700e-03 5.765078317396868639e-04
-2.626663954459022669e-03 3.595131450284312115e-04
-2.269595689843314536e-03 1.864532678943640800e-04
-1.974313833157904322e-03 4.877605218111863341e-05
-1.726851575602751394e-03 -6.051086037539967020e-05
-1.516911710395334916e-03 -1.470490736286211115e-04
-1.336793803787809931e-03 -2.153618798010912064e-04
-1.180659876853906243e-03 -2.690688074757766925e-04
-1.044026223810523048e-03 -3.110685352604739755e-04
-9.234076746342215376e-04 -3.436882666809472700e-04
-8.160653320576534420e-04 -3.688031060737830165e-04
-7.198254693400185644e-04 -3.879300558822958958e-04
-6.329477478292167610e-04 -4.023016370878127173e-04
-5.540280420656780100e-04 -4.129233007640107462e-04
-4.819259127169940159e-04 -4.206183106436799319e-04
-4.157097051952716440e-04 -4.260627829222451567e-04
-3.546144997243725087e-04 -4.298132448784314154e-04
-2.980095810365823044e-04 -4.323283867050479188e-04
-2.453728943703524035e-04 -4.339863025803809187e-04
-1.962708752702734850e-04 -4.350983089971509734e-04
-1.503423436761458694e-04 -4.359200774795197217e-04
-1.072855096224253283e-04 -4.366606537553650120e-04
-6.684747601364885946e-05 -4.374898652406544589e-04
-2.881564269614642548e-05 -4.385444134019554846e-04
6.989321953554524999e-06 -4.399329580179905962e-04
4.071925923257977992e-05 -4.417403607561190245e-04
7.250331646437553168e-05 -4.440312787482930614e-04
1.024518923608853927e-04 -4.468531971305944399e-04
1.306599259041650899e-04 -4.502390284118967605e-04
1.572096095508339667e-04 -4.542093366805573630e-04
1.821726566831882721e-04 -4.587742456742003932e-04
2.056121720185509971e-04 -4.639350891550898413e-04
2.275842120336332946e-04 -4.696858327517598156e-04
2.481390723778940195e-04 -4.760143058196300635e-04
2.673223535862476424e-04 -4.829032732051391432e-04
2.851758392364115184e-04 -4.903313586529120484e-04
3.017382213472133618e-04 -4.982738435953410752e-04
3.170456894833313883e-04 -5.067033601123477685e-04
3.311324183072638684e-04 -5.155904904858908504e-04
3.440309572580285929e-04 -5.249042816529926776e-04
3.557725517316668857e-04 -5.346126865989328297e-04
3.663873947658682971e-04 -5.446829472592796964e-04
3.759048315389701520e-04 -5.550819149437083823e-04
3.843535205108007864e-04 -5.657763264567168418e-04
3.917615578513500936e-04 -5.767330362383689228e-04
3.981565726731699402e-04 -5.879192111919854559e-04
4.035657998642960429e-04 -5.993024908831049054e-04
4.080161358521331230e-04 -6.108511208836069810e-04
4.115341744183568943e-04 -6.225340624277208700e-04
4.141462354032251266e-04 -6.343210781935335442e-04
4.158783804938205922e-04 -6.461827994595800533e-04
4.167564230626678032e-04 -6.580907789022026741e-04
4.168059305863698084e-04 -6.700175267257278862e-04
4.160522252656094228e-04 -6.819365362033763620e-04
4.145203803629536263e-04 -6.938222999507904143e-04
4.122352143046688995e-04 -7.056503155987511747e-04
4.092212849847317539e-04 -7.173970855575651992e-04
4.055028799613479506e-04 -7.290401101413564568e-04
4.011040110556866401e-04 -7.405578744870012359e-04
3.960484046947695307e-04 -7.519298330530476901e-04
3.903594966083541646e-04 -7.631363894023298049e-04
3.840604233578317345e-04 -7.741588735853370410e-04
3.771740182134214708e-04 -7.849795181802163941e-04
3.697228045260843787e-04 -7.955814313686687157e-04
3.617289938323299254e-04 -8.059485692486979998e-04
3.532144827144468886e-04 -8.160657083490783278e-04
3.442008500925460707e-04 -8.259184165510051988e-04
3.347093576392094630e-04 -8.354930246776740531e-04
3.247609500295236921e-04 -8.447765980114289950e-04
3.143762553515041559e-04 -8.537569078821234322e-04
3.035755875101553728e-04 -8.624224036654685142e-04
2.923789502852678322e-04 -8.707621865074474752e-04
2.808060403218119510e-04 -8.787659827551647833e-04
2.688762517527587006e-04 -8.864241186264825746e-04
2.566086810973088896e-04 -8.937274954464538047e-04
2.440221340988308241e-04 -9.006675677328911502e-04
2.311351317257147970e-04 -9.072363205291575361e-04
2.179659165387573018e-04 -9.134262490491502863e-04
2.045324600893121884e-04 -9.192303393120072495e-04
1.908524701133019466e-04 -9.246420495956616040e-04
1.769433992232356226e-04 -9.296552948169793575e-04
1.628224517131427688e-04 -9.342644311194496813e-04
1.485065922850243203e-04 -9.384642418487671063e-04
1.340125532216760200e-04 -9.422499254122706147e-04
1.193568427429733745e-04 -9.456170851646832987e-04
1.045557523307247272e-04 -9.485617196568657842e-04
8.962536442770911629e-05 -9.510802164465811254e-04
7.458155868608485868e-05 -9.531693457925599720e-04
5.944001886099020302e-05 -9.548262566186924236e-04
4.421623880889857111e-05 -9.560484752831801408e-04
2.892552670301080757e-05 -9.568339044916521815e-04
1.358300935459235900e-05 -9.571808254029389980e-04
-1.796365368445006563e-06 -9.570879009424743990e-04
-1.719782673001841967e-05 -9.565541820231681074e-04
-3.260678222654663080e-05 -9.555791158092452435e-04
-4.800881953022687575e-05 -9.541625558157874280e-04
-6.338971169033964879e-05 -9.523047740236110018e-04
-7.873542485609352727e-05 -9.500064761663814823e-04
-9.403212962427043428e-05 -9.472688196179173976e-04
-1.092662160239081331e-04 -9.440934333761929120e-04
-1.244243146523392723e-04 -9.404824399905137213e-04
-1.394933228223254858e-04 -9.364384814984979145e-04
-1.544604382570833288e-04 -9.319647462490751990e-04
-1.693132017767720859e-04 -9.270649976894636095e-04
-1.840395503824698961e-04 -9.217436045191337943e-04
-1.986278831930087386e-04 -9.160055703277241845e-04
-2.130671433808358482e-04 -9.098565621135926628e-04
-2.273469172650205731e-04 -9.033029317581503775e-04
-2.414575567809094524e-04 -8.963517304191096196e-04
-2.553903254969432882e-04 -8.890107055039148110e-04
-2.691375715892867205e-04 -8.812882727810022500e-04
-2.826929290392877982e-04 -8.731934508999217564e-04
-2.960515413329270810e-04 -8.647357413881918801e-04
-3.092102959026130429e-04 -8.559249344589229874e-04
-3.221680447808581761e-04 -8.467708182338179934e-04
-3.349257737570720010e-04 -8.372827844900774565e-04
-3.474866628503806899e-04 -8.274693298502332293e-04
-3.598559814810916744e-04 -8.173374955878053971e-04
-3.720407763697024359e-04 -8.068923207145757993e-04
-3.840493609877634667e-04 -7.961364091720014250e-04
-3.958906750241304295e-04 -7.850697001917918095e-04
-4.075736196244829032e-04 -7.736894776467755780e-04
-4.191064780005681993e-04 -7.619905892395787209e-04
-4.304964831633815298e-04 -7.499657985280180211e-04
-4.417495499514488165e-04 -7.376061901809161797e-04
-4.528701442427064488e-04 -7.249015635485606991e-04
-4.638612537712941629e-04 -7.118407785487820176e-04
-4.747244217842628883e-04 -6.984120426820921617e-04
-4.854598160171170931e-04 -6.846031402357633140e-04
-4.960663114856796738e-04 -6.704016114630971090e-04
-5.065415755828873426e-04 -6.557948925832638278e-04
-5.168821507125884347e-04 -6.407704244707963272e-04
-5.270835262742481608e-04 -6.253157401986237339e-04
-5.371402049974749113e-04 -6.094185345470547579e-04
-5.470457591402053598e-04 -5.930667251662107746e-04
-5.567928790033595384e-04 -5.762485025378898985e-04
-5.663734144017947870e-04 -5.589523786756204126e-04
-5.757784092756359400e-04 -5.411672292973067865e-04
-5.849981339020016678e-04 -5.228823385646040990e-04
-5.940221075182973648e-04 -5.040874387227936224e-04
-6.028391222192918493e-04 -4.847727545915618834e-04
-6.114372634675298507e-04 -4.649290470804752539e-04
-6.198039240495806018e-04 -4.445476559726144411e-04
-6.279258228160298182e-04 -4.236205508993805702e-04
-6.357890157957313618e-04 -4.021403836813353962e-04
-6.433789178882539078e-04 -3.801005235632750603e-04
-6.506803002029544524e-04 -3.574951364119857027e-04
-6.576773214837642635e-04 -3.343192103828876200e-04
-6.643535187573272561e-04 -3.105686496277910123e-04
-6.706918532626227275e-04 -2.862403163606655259e-04
-6.766746899801524872e-04 -2.613320955402675624e-04
-6.822838453889242287e-04 -2.358429759162374126e-04
-6.875005817189785030e-04 -2.097731075132021567e-04
-6.923056385808029753e-04 -1.831238874875301226e-04
-6.966792582648909885e-04 -1.558980262752524991e-04
-7.006011841609549552e-04 -1.280996296282550318e-04
-7.040507262451392318e-04 -9.973430122016369807e-05
-7.070067505862477099e-04 -7.080920144400792418e-05
-7.094477370358758927e-04 -4.133314721122081231e-05
-7.113517968925743215e-04 -1.131670719953470306e-05
-7.126967254892898132e-04 1.922770075776493665e-05
-7.134600286949402664e-04 5.028573809357932177e-05
-7.136189760024028769e-04 8.184101351952201373e-05
-7.131506588709316235e-04 1.138750024014374912e-04
-7.120320253438278688e-04 1.463669422795676198e-04
-7.102399460053437094e-04 1.792937270748833382e-04
-7.077512849987896036e-04 2.126297963017330351e-04
-7.045429521964098867e-04 2.463470479168295259e-04
-7.005919899410018676e-04 2.804147152627745618e-04
-6.958756422830789231e-04 3.147992613100743199e-04
-6.903714469051367656e-04 3.494642824779135783e-04
-6.840573175784003855e-04 3.843703963748891094e-04
-6.769116432943429089e-04 4.194751488263926613e-04
-6.689133884133436269e-04 4.547329042814847715e-04
-6.600422049187695686e-04 4.900947540557305630e-04
-6.502785392514514456e-04 5.255084214976657063e-04
-6.396037684266117108e-04 5.609181726819506466e-04
-6.280003185427022842e-04 5.962647365122347677e-04
-6.154517978143463118e-04 6.314852270810336534e-04
-6.019431417888270646e-04 6.665130801677110993e-04
-5.874607657701761548e-04 7.012779889008854831e-04
-5.719927033931958022e-04 7.357058577922736447e-04
-5.555287987465987133e-04 7.697187600632807245e-04
-5.380608531390915260e-04 8.032349308685337317e-04
-5.195828057441347026e-04 8.361687372840172390e-04
-5.000909113307685713e-04 8.684307037219806498e-04
-4.795839317493009839e-04 8.999275252975100442e-04
-4.580633263609556571e-04 9.305621207338368945e-04
-4.355334503478943309e-04 9.602336990342110563e-04
-4.120017523056324505e-04 9.888378527141946164e-04
-3.874789769065412493e-04 1.016266670696806297e-03
-3.619793820719217469e-04 1.042408882451947762e-03
-3.355209409160461536e-04 1.067150043280631466e-03
-3.081255564772375759e-04 1.090372735709421162e-03
-2.798192635073415424e-04 1.111956822786588309e-03
-2.506324379536850719e-04 1.131779715961877967e-03
-2.206000061089260773e-04 1.149716706254349987e-03
-1.897616395831338383e-04 1.165641329199264449e-03
-1.581619483635613257e-04 1.179425772378610076e-03
-1.258506701352348975e-04 1.190941332416604274e-03
-9.288283992137547507e-05 1.200058924803920667e-03
-5.931895109867219452e-05 1.206649637129576054e-03
-2.522510682646361257e-05 1.210585347448399612e-03
9.326855318800958937e-06 1.211739393893197445e-03
4.425925813816801099e-05 1.209987306081795151e-03
7.948849921511885047e-05 1.205207584449111743e-03
1.149249927680250950e-04 1.197282557417404369e-03
1.504731416185039593e-04 1.186099292504341849e-03
1.860313487157872793e-04 1.171550567677047665e-03
2.214920568066726467e-04 1.153535911183664782e-03
2.567418341868060033e-04 1.131962701882488790e-03
2.916615039231732886e-04 1.106747331938213834e-03
3.261263240229147153e-04 1.077816428550577507e-03
3.600062186257265806e-04 1.045108131176830353e-03
3.931660648464998836e-04 1.008573426524797490e-03
4.254660418908902744e-04 9.681775281784332516e-04
4.567620457526378320e-04 9.239013063166412985e-04
4.869061708676569950e-04 8.757427499464290593e-04
5.157472663534497063e-04 8.237184626276723666e-04
5.431315655423134747e-04 7.678651754538989762e-04
5.689033963515371462e-04 7.082412744083906204e-04
5.929059716439405610e-04 6.449283201001190617e-04
6.149822664611026687e-04 5.780325569764789605e-04
6.349759769340508793e-04 5.076863852244627119e-04
6.527325687487741486e-04 4.340497874306540921e-04
6.681004115923808682e-04 3.573116832950532103e-04
6.809320000379466206e-04 2.776911961527785307e-04
6.910852573264477218e-04 1.954388039170187376e-04
6.984249223991393892e-04 1.108373517944662482e-04
7.028240139410631528e-04 2.420289896779372930e-05
7.041653647221674840e-04 -6.411463471285913781e-05
7.023432207117855661e-04 -1.537310461390293333e-04
6.972648981352534085e-04 -2.442276900145651437e-04
6.888524799360046724e-04 -3.351516150149970496e-04
6.770445495332766492e-04 -4.260160318055773590e-04
6.617979375434013050e-04 -5.163011539868849181e-04
6.430894712352221848e-04 -6.054554420423729436e-04
6.209177019283055373e-04 -6.928972976738788630e-04
5.953045937366351114e-04 -7.780172406696713545e-04
5.662971436736579343e-04 -8.601806095123259131e-04
5.339689149968509727e-04 -9.387308190171569705e-04
4.984214454487532727e-04 -1.012993210592184976e-03
4.597855067787849962e-04 -1.082279523531417013e-03
4.182221798071616677e-04 -1.145893016682853274e-03
3.739237090602879330e-04 -1.203134257854358326e-03
3.271141045184070982e-04 -1.253307596517613245e-03
2.780494473514668447e-04 -1.295728327956090133e-03
2.270178662650326187e-04 -1.329730541123438914e-03
1.743391446312192450e-04 -1.354675641205944523e-03
1.203639177546252928e-04 -1.369961516313695626e-03
6.547242844280023923e-05 -1.375032307604976203e-03
1.007280145865884630e-05 -1.369388727943256483e-03
-4.540119202808845251e-05 -1.352598851289233111e-03
-1.004929068543784689e-04 -1.324309280676706779e-03
-1.547261584149229935e-04 -1.284256578367721233e-03
-2.076091320263721320e-04 -1.232278820747955122e-03
-2.586388766208937671e-04 -1.168327115976304986e-03
-3.073063794447792826e-04 -1.092476899373045649e-03
-3.531022120316929251e-04 -1.004938794337876650e-03
-3.955227205856489152e-04 -9.060688013708621379e-04
-4.340767242948515622e-04 -7.963775541738648059e-04
-4.682926679159138015e-04 -6.765383571480079652e-04
-4.977261596363398303e-04 -5.473936949780642148e-04
-5.219678072635081274e-04 -4.099598879843655594e-04
-5.406512504852908864e-04 -2.654295495738732491e-04
-5.534612638321768007e-04 -1.151714911204231506e-04
-5.601417901133062729e-04 3.927228216026078592e-05
-5.605037454894945276e-04 1.961928415021432846e-04
-5.544324186450499351e-04 3.537242148966023882e-04
-5.418942717088259158e-04 5.098571984855171466e-04
-5.229429383311928921e-04 6.624573852507187810e-04
-4.977242035144226065e-04 8.092876518489413662e-04
-4.664797429383528773e-04 9.480352797940411929e-04
-4.295494000804748157e-04 1.076343808099981467e-03
-3.873717839599029778e-04 1.191849618806854532e-03
-3.404829817668533851e-04 1.292223142689669004e-03
-2.895132007987031631e-04 1.375214439371218698e-03
-2.351811815770666388e-04 1.438702754369091752e-03
-1.782862627600101954e-04 1.480749487177422056e-03
-1.196980255268768412e-04 1.499653820315585955e-03
-6.034350152320938371e-05 1.494010060598041385e-03
-1.191997510214723964e-06 1.462765536996816357e-03
5.676233509252666658e-05 1.405277685733363454e-03
1.125199704173785592e-04 1.321368741748603359e-03
1.650972129162004125e-04 1.211376252570711860e-03
2.135487333233638749e-04 1.076197445015790585e-03
2.569909352740155873e-04 9.173253161260056660e-04
2.946255539436316525e-04 7.368742020319759937e-04
3.257627994129200862e-04 5.375925118493000716e-04
3.498432764940533112e-04 3.228603148144458426e-04
3.664578514601917868e-04 9.666954928843448562e-05
3.753645955285283393e-04 -1.364151990918416736e-04
3.765019234823157972e-04 -3.713171162977717829e-04
3.699970704903393160e-04 -6.025301301856182462e-04
3.561691152070892413e-04 -8.242252429201283931e-04
3.355258690253438568e-04 -1.030380350418345827e-03
3.087541131120739662e-04 -1.214932843779606897e-03
2.767028793077085493e-04 -1.371953318836692699e-03
2.403597366842460427e-04 -1.495837619795999107e-03
2.008203606077480809e-04 -1.581513234964397868e-03
1.592520181413649557e-04 -1.624654775375794502e-03
1.168519907702609282e-04 -1.621901943333378671e-03
7.480235805402762287e-05 -1.571072092259088136e-03
3.422296252991307176e-05 -1.471358259345667205e-03
-3.875256483250951074e-06 -1.323502501622462590e-03
-3.863406518954815971e-05 -1.129933575190522014e-03
-6.938616373102250365e-05 -8.948575718367918815e-04
-9.568504046090044787e-05 -6.242901819692524929e-04
-1.173237223154934841e-04 -3.260199034902986183e-04
-1.343399509968996126e-04 -9.492894573914019592e-06
-1.470057830522514242e-04 3.143875805167184738e-04
-1.558002944212092745e-04 6.335508265114741470e-04
-1.613649282367390957e-04 9.351363349637510040e-04
-1.644419106558322433e-04 1.205950186044308335e-03
-1.657964272760786232e-04 1.432972793447899636e-03
-1.661182087963461364e-04 1.603805180161787646e-03
-1.660267413919163911e-04 1.708478368350064896e-03
-1.659258486843875587e-04 1.739556521571241233e-03
