1.297353296064622475e-03 -1.828228601202988102e-03
1.294312878697099611e-03 -1.823599921183367183e-03
1.286095645223668668e-03 -1.812062125761723869e-03
1.272679177826126738e-03 -1.793586079401006611e-03
1.254110627906302160e-03 -1.768238043580759112e-03
1.230715485693866917e-03 -1.736460858421678142e-03
1.202743146804443209e-03 -1.698589572163231422e-03
1.170423204476803408e-03 -1.654929695953656979e-03
1.133980937864686013e-03 -1.605778872571827273e-03
1.093643134669813758e-03 -1.551435123660571897e-03
1.049640450414455854e-03 -1.492200289370324961e-03
1.002208235799268441e-03 -1.428381343347134196e-03
9.515865947263764694e-04 -1.360290641591827953e-03
8.980200235095179249e-04 -1.288245591049305781e-03
8.417568108049582574e-04 -1.212567986226592912e-03
7.830482981624058451e-04 -1.133583151561079515e-03
7.221480606284689727e-04 -1.051618971112205231e-03
6.593110448101632739e-04 -9.670048566255116679e-04
5.947926891021622885e-04 -8.800706874394639096e-04
5.288480430829608668e-04 -7.911457450786631975e-04
4.617308982160618983e-04 -7.005576586795013308e-04
3.936929387780329693e-04 -6.086313729930725117e-04
3.249829197256839312e-04 -5.156881477046758961e-04
2.558458766440162096e-04 -4.220445946903868327e-04
1.865223717619013204e-04 -3.280117582875514710e-04
1.172477791292806618e-04 -2.338942424771689932e-04
4.825161135161810873e-05 -1.399893879648357988e-04
-2.024311028587611681e-05 -4.658650142282684108e-05
-8.802044094988345990e-05 4.603386145215347154e-05
-1.548720516956380764e-04 1.376005579171543809e-04
-2.205977226041059755e-04 2.278524644771545325e-04
-2.850057893224608669e-04 3.165390271517968287e-04
-3.479135429846276256e-04 4.034207557038602576e-04
-4.091475837300402206e-04 4.882696621078184930e-04
-4.685441282596904578e-04 5.708696438012393149e-04
-5.259492720664213144e-04 6.510168124952557837e-04
-5.812192071506666353e-04 7.285197695250957266e-04
-6.342203961958790652e-04 8.031998289123087930e-04
-6.848297043225248619e-04 8.748911894794781513e-04
-7.329344896656032849e-04 9.434410575028621135e-04
-7.784326541353460589e-04 1.008709721521252678e-03
-8.212326558225974821e-04 1.070570581036759793e-03
-8.612534845980769193e-04 1.128910130942841752e-03
-8.984246025280752737e-04 1.183627903598845951e-03
-9.326858507935969697e-04 1.234636370542965995e-03
-9.639873248545437895e-04 1.281860805897977592e-03
-9.922892196408783332e-04 1.325239113569092039e-03
-1.017561646584858297e-03 1.364721620369063575e-03
-1.039784424331000002e-03 1.400270837230157498e-03
-1.058946844973870016e-03 1.431861190677626017e-03
-1.075047417679995823e-03 1.459478726745368476e-03
-1.088093591546913062e-03 1.483120789509853208e-03
-1.098101459540199928e-03 1.502795676402922083e-03
-1.105095445334778334e-03 1.518522272447593580e-03
-1.109107974862654812e-03 1.530329665532701843e-03
-1.110179134337809740e-03 1.538256744804897876e-03
-1.108356316496153082e-03 1.542351784218717707e-03
-1.103693856747230227e-03 1.542672013238627349e-03
-1.096252660890230813e-03 1.539283176634828523e-03
-1.086099825998213496e-03 1.532259085259820262e-03
-1.073308256022278279e-03 1.521681159631664212e-03
-1.057956273611870227e-03 1.507637968087265122e-03
-1.040127229589638165e-03 1.490224761202114641e-03
-1.019909111458253484e-03 1.469543004103012222e-03
-9.973941522543770463e-04 1.445699908229555524e-03
-9.726784410009407756e-04 1.418807964026275919e-03
-9.458615359430224811e-04 1.388984475972586223e-03
-9.170460816866274345e-04 1.356351101281543696e-03
-8.863374312932453206e-04 1.321033393523129117e-03
-8.538432743143352073e-04 1.283160352348505827e-03
-8.196732716837802201e-04 1.242863980416437138e-03
-7.839386983195199138e-04 1.200278848546624394e-03
-7.467520942179711480e-04 1.155541670046668704e-03
-7.082269247592524151e-04 1.108790885085254993e-03
-6.684772508775738186e-04 1.060166255910302687e-03
-6.276174096844386275e-04 1.009808473634631358e-03
-5.857617060730720441e-04 9.578587772437609053e-04
-5.430241157704952110e-04 9.044585854091591022e-04
-4.995180002410627143e-04 8.497491416182116359e-04
-4.553558337919358921e-04 7.938711730708196412e-04
-4.106489431741013225e-04 7.369645637270036626e-04
-3.655072599153837533e-04 6.791680418236998446e-04
-3.200390855731366198e-04 6.206188821229627556e-04
-2.743508700450315451e-04 5.614526230962629989e-04
-2.285470030266779538e-04 5.018027991923391289e-04
-1.827296186589385499e-04 4.418006882824692728e-04
-1.369984133661167184e-04 3.815750743281868802e-04
-9.145047684664637058e-05 3.212520252712381796e-04
-4.618013613694753512e-05 2.609546860966461667e-04
-1.278812632741585411e-06 2.008030869773072416e-04
4.316510808103216551e-05 1.409139663695224600e-04
8.706639377170879881e-05 8.140060889200799433e-05
1.303430706808352576e-04 2.237269778643344743e-05
1.729165164651009199e-04 -3.606381827732196941e-05
2.147115412193084357e-04 -9.380684431849417798e-05
2.556564568647648711e-04 -1.507582443761077513e-04
2.956831352085879591e-04 -2.068239333706430581e-04
3.347270549998252734e-04 -2.619139558404712915e-04
3.727273383233414535e-04 -3.159425519139873770e-04
4.096267766862617035e-04 -3.688282108971426042e-04
4.453718471661667687e-04 -4.204937128733432289e-04
4.799127190003070823e-04 -4.708661587257073427e-04
5.132032510052626350e-04 -5.198769890061543785e-04
5.452009802226016801e-04 -5.674619920832642880e-04
5.758671021924671425e-04 -6.135613020095941885e-04
6.051664432636929755e-04 -6.581193865604944215e-04
6.330674253479474716e-04 -7.010850258944950446e-04
6.595420235290039897e-04 -7.424112822919472004e-04
6.845657169397302826e-04 -7.820554614326665236e-04
7.081174333159928657e-04 -8.199790656707044200e-04
7.301794876360441370e-04 -8.561477397647647728e-04
7.507375152496265124e-04 -8.905312095197722615e-04
7.697803998970013288e-04 -9.231032137923437337e-04
7.873001970135719068e-04 -9.538414303092223679e-04
8.032920527092353522e-04 -9.827273957416489489e-04
8.177541188034478372e-04 -1.009746420470536594e-03
8.306874642910397344e-04 -1.034887498472350812e-03
8.420959836043520001e-04 -1.058143212746357094e-03
8.519863020286777815e-04 -1.079509636694849601e-03
8.603676786191067748e-04 -1.098986231859922684e-03
8.672519069550725483e-04 -1.116575742407710905e-03
8.726532140596754026e-04 -1.132284086740735366e-03
8.765881578004451049e-04 -1.146120246610426996e-03
8.790755230763129448e-04 -1.158096154088091630e-03
8.801362170846802058e-04 -1.168226576740742911e-03
8.797931639493610564e-04 -1.176529001345363867e-03
8.780711989809738584e-04 -1.183023516464831032e-03
8.749969628272562467e-04 -1.187732694194637692e-03
8.705987957599535792e-04 -1.190681471376068678e-03
8.649066323322811842e-04 -1.191897030559829545e-03
8.579518966290613884e-04 -1.191408680990169340e-03
8.497673983203866271e-04 -1.189247739867519728e-03
8.403872297160060395e-04 -1.185447414133304752e-03
8.298466640081027029e-04 -1.180042683008561454e-03
8.181820548760797892e-04 -1.173070181505261357e-03
8.054307376169055890e-04 -1.164568085115561457e-03
7.916309319529821068e-04 -1.154575995872460584e-03
7.768216466577263033e-04 -1.143134829962413543e-03
7.610425861284881612e-04 -1.130286707058630056e-03
7.443340590257163138e-04 -1.116074841531017499e-03
7.267368890869387987e-04 -1.100543435678364530e-03
7.082923282127304458e-04 -1.083737575114472086e-03
6.890419719139113768e-04 -1.065703126431434859e-03
6.690276771981227633e-04 -1.046486637250700893e-03
6.482914829648577263e-04 -1.026135238761727254e-03
6.268755329693929479e-04 -1.004696550838973194e-03
6.048220014061360351e-04 -9.822185898158103216e-04
5.821730211559248422e-04 -9.587496789874554040e-04
5.589706147316106637e-04 -9.343383619027517423e-04
5.352566279485241382e-04 -9.090333184962126481e-04
5.110726663405754924e-04 -8.828832841047459107e-04
4.864600343352988468e-04 -8.559369714036048652e-04
4.614596771923878873e-04 -8.282429952883279666e-04
4.361121257067421091e-04 -7.998498007217120717e-04
4.104574436695481799e-04 -7.708055935593614415e-04
3.845351780746928262e-04 -7.411582743577027968e-04
3.583843120540147927e-04 -7.109553751633154381e-04
3.320432205181033086e-04 -6.802439992776064884e-04
3.055496284759063653e-04 -6.490707639813698840e-04
2.789405720009696839e-04 -6.174817462015758096e-04
2.522523618086973786e-04 -5.855224310964479229e-04
2.255205494049800021e-04 -5.532376635292298676e-04
1.987798957628172220e-04 -5.206716023978143594e-04
1.720643424803369888e-04 -4.878676777824196629e-04
1.454069853706871959e-04 -4.548685508689771523e-04
1.188400504315195364e-04 -4.217160766040315345e-04
9.239487213922757333e-05 -3.884512690320167144e-04
6.610187401160839038e-05 -3.551142692631534563e-04
3.999055137899213482e-05 -3.217443160181589624e-04
1.408945630372521261e-05 -2.883797186916706948e-04
-1.157381541447917613e-05 -2.550578328757065476e-04
-3.697263520974393295e-05 -2.218150382831466619e-04
-6.208135076371759545e-05 -1.886867190066277575e-04
-8.687529312709153968e-05 -1.557072460476377138e-04
-1.113307820144240348e-04 -1.229099620521474580e-04
-1.354251293386787359e-04 -9.032716818469217030e-05
-1.591366410541210168e-04 -5.799011307175927726e-05
-1.824446173735372518e-04 -2.592898374730563476e-05
-2.053293514264628258e-04 5.827101468782591850e-06
-2.277721264276830475e-04 3.725009823021988118e-05
-2.497552114213617510e-04 6.831303963189042897e-05
-2.712618556668468565e-04 9.899003795226062323e-05
-2.922762817333329028e-04 1.292562847438664085e-04
-3.127836773690519253e-04 1.590880493410406582e-04
-3.327701862081623610e-04 1.884626758521809413e-04
-3.522228973805795844e-04 2.173585787071742647e-04
-3.711298340868426611e-04 2.457552368271521894e-04
-3.894799412002134453e-04 2.736331864839989928e-04
-4.072630719575453845e-04 3.009740129176711868e-04
-4.244699737977330068e-04 3.277603407750994562e-04
-4.410922734061288163e-04 3.539758234361971290e-04
-4.571224610242907564e-04 3.796051312924125787e-04
-4.725538740779434478e-04 4.046339390375024874e-04
-4.873806801797564165e-04 4.290489120329841989e-04
-5.015978595601098319e-04 4.528376918104355859e-04
-5.152011869767139131e-04 4.759888807663461381e-04
-5.281872131539720695e-04 4.984920261089703566e-04
-5.405532458012232743e-04 5.203376031132724878e-04
-5.522973302561213745e-04 5.415169977373338571e-04
-5.634182298002495676e-04 5.620224886551894667e-04
-5.739154056900075580e-04 5.818472287560107984e-04
-5.837889969462125564e-04 6.009852261611538845e-04
-5.930397999435164415e-04 6.194313248075655406e-04
-6.016692478388467645e-04 6.371811846439420736e-04
-6.096793898774114035e-04 6.542312614862713475e-04
-6.170728706126405502e-04 6.705787865764594726e-04
-6.238529090744766555e-04 6.862217458855864646e-04
-6.300232779204005150e-04 7.011588592041144430e-04
-6.355882826005138184e-04 7.153895590577531933e-04
-6.405527405673877572e-04 7.289139694867660191e-04
-6.449219605594236826e-04 7.417328847250633309e-04
-6.487017219856713434e-04 7.538477478141133482e-04
-6.518982544379597812e-04 7.652606291849266273e-04
-6.545182173548075300e-04 7.759742052392451083e-04
-6.565686798607699550e-04 7.859917369607272424e-04
-6.580571008033225897e-04 7.953170485853991879e-04
-6.589913090073336571e-04 8.039545063581212932e-04
-6.593794837670644698e-04 8.119089974010850830e-04
-6.592301355933490644e-04 8.191859087192999468e-04
-6.585520872331011334e-04 8.257911063663253429e-04
-6.573544549767023314e-04 8.317309147924368228e-04
-6.556466302676404500e-04 8.370120963952305988e-04
-6.534382616275942642e-04 8.416418312920938239e-04
-6.507392369097370587e-04 8.456276973333578867e-04
-6.475596658908914973e-04 8.489776503731866208e-04
-6.439098632128055066e-04 8.517000048129742861e-04
-6.398003316817660845e-04 8.538034144325735292e-04
-6.352417459346848278e-04 8.552968535226057470e-04
-6.302449364787349097e-04 8.561895983308857438e-04
-6.248208741110541529e-04 8.564912088338827185e-04
-6.189806547237471004e-04 8.562115108437933246e-04
-6.127354844991425142e-04 8.553605784602046460e-04
-6.060966654988792900e-04 8.539487168756310044e-04
-5.990755816498399659e-04 8.519864455420330610e-04
-5.916836851294286336e-04 8.494844817052249301e-04
-5.839324831519010885e-04 8.464537243127401517e-04
-5.758335251564086895e-04 8.429052383006238299e-04
-5.673983903973327247e-04 8.388502392632182130e-04
-5.586386759367418815e-04 8.343000785093845992e-04
-5.495659850377681644e-04 8.292662285083404489e-04
-5.401919159576776307e-04 8.237602687268442579e-04
-5.305280511388364923e-04 8.177938718594574951e-04
-5.205859467952183477e-04 8.113787904528520136e-04
-5.103771228913248385e-04 8.045268439241979545e-04
-4.999130535105394740e-04 7.972499059735152667e-04
-4.892051576090765495e-04 7.895598923891793781e-04
-4.782647901512336141e-04 7.814687492450756020e-04
-4.671032336220418135e-04 7.729884414878346321e-04
-4.557316899123319259e-04 7.641309419118604831e-04
-4.441612725710450990e-04 7.549082205194441661e-04
-4.324029994195221550e-04 7.453322342626974824e-04
-4.204677855221799067e-04 7.354149171642005876e-04
-4.083664365078433934e-04 7.251681708123012540e-04
-3.961096422353941097e-04 7.146038552268513212e-04
-3.837079707979694151e-04 7.037337800914442469e-04
-3.711718628588583663e-04 6.925696963468094000e-04
-3.585116263125339505e-04 6.811232881406276271e-04
-3.457374312643126594e-04 6.694061651286852422e-04
-3.328593053216076969e-04 6.574298551215930660e-04
-3.198871291900736596e-04 6.452057970718777253e-04
-3.068306325669451287e-04 6.327453343948221494e-04
-2.936993903250048697e-04 6.200597086177815935e-04
-2.805028189800661833e-04 6.071600533515760130e-04
-2.672501734344035211e-04 5.940573885776284559e-04
-2.539505439886710235e-04 5.807626152442651145e-04
-2.406128536153501099e-04 5.672865101657159495e-04
-2.272458554863350348e-04 5.536397212175358639e-04
-2.138581307473200188e-04 5.398327628212364797e-04
-2.004580865314302797e-04 5.258760117118799378e-04
-1.870539542051996226e-04 5.117797029812489167e-04
-1.736537878394785639e-04 4.975539263905895361e-04
-1.602654628974813707e-04 4.832086229448156849e-04
-1.468966751338158616e-04 4.687535817225463568e-04
-1.335549396968676303e-04 4.541984369547118379e-04
-1.202475904268084534e-04 4.395526653439481312e-04
-1.069817793433822529e-04 4.248255836191867636e-04
-9.376447631604879665e-05 4.100263463181031765e-04
-8.060246890919940438e-05 3.951639437901689799e-04
-6.750236239636121609e-05 3.802472004141364110e-04
-5.447057993653259223e-05 3.652847730230106824e-04
-4.151336290592627805e-05 3.502851495299331248e-04
-2.863677137832204545e-05 3.352566477475320749e-04
-1.584668474863398509e-05 3.202074143956133972e-04
-3.148802492846769063e-06 3.051454242899057198e-04
9.451354942270970153e-06 2.900784797049972248e-04
2.194844512484721971e-05 2.750142099060447144e-04
3.433730250546282469e-05 2.599600708423649041e-04
4.661293717202895273e-05 2.449233449972179405e-04
5.877053349770680819e-05 2.299111413876370462e-04
7.080544868780438300e-05 2.149303957076757776e-04
8.271321123078945734e-05 1.999878706099844899e-04
9.448951925859910036e-05 1.850901561195962596e-04
1.061302388215044988e-04 1.702436701745605298e-04
1.176314020825729514e-04 1.554546592874638347e-04
1.289892054364762152e-04 1.407291993230071832e-04
1.402000075581215474e-04 1.260731963852743456e-04
1.512603273851377019e-04 1.114923878100621219e-04
1.621668420385030435e-04 9.699234325779655848e-05
1.729163846862379788e-04 8.257846590112579246e-05
1.835059423543082600e-04 6.825599370262115412e-05
1.939326536889510177e-04 5.403000077765653353e-05
2.041938066743181923e-04 3.990539883800520268e-05
2.142868363093359662e-04 2.588693871166519169e-05
2.242093222474099976e-04 1.197921193448558779e-05
2.339589864028082146e-04 -1.813347590534023900e-06
2.435336905276500215e-04 -1.548646187149399316e-05
2.529314337621080136e-04 -2.903600704617951493e-05
2.621503501612414220e-04 -4.245801154479018121e-05
2.711887062024114967e-04 -5.574865420224305956e-05
2.800448982759359113e-04 -6.890426232298033028e-05
2.887174501613217598e-04 -8.192130970112577830e-05
2.972050104921265205e-04 -9.479641459971693569e-05
3.055063502129993190e-04 -1.075263376933449671e-04
3.136203600308706992e-04 -1.201079799773682228e-04
3.215460478626519123e-04 -1.325383806457595655e-04
3.292825362822028590e-04 -1.448147149416451106e-04
3.368290599687550832e-04 -1.569342919835341242e-04
3.441849631585705690e-04 -1.688945525686655737e-04
3.513496971025002226e-04 -1.806930669582854868e-04
3.583228175318483731e-04 -1.923275326468702447e-04
3.651039821330710278e-04 -2.037957721167864646e-04
3.716929480340635974e-04 -2.150957305815991778e-04
3.780895693037836583e-04 -2.262254737207766188e-04
3.842937944671510984e-04 -2.371831854081847047e-04
3.903056640352762802e-04 -2.479671654352394883e-04
3.961253080545581464e-04 -2.585758272321408979e-04
4.017529436744945700e-04 -2.690076955888491420e-04
4.071888727357023965e-04 -2.792614043766949929e-04
4.124334793806617126e-04 -2.893356942744135067e-04
4.174872276867689302e-04 -2.992294104994838288e-04
4.223506593235634579e-04 -3.089415005450883104e-04
4.270243912350276338e-04 -3.184710119265553047e-04
4.315091133478900524e-04 -3.278170899371939725e-04
4.358055863069806597e-04 -3.369789754157573726e-04
4.399146392381427417e-04 -3.459560025267999694e-04
4.438371675395201663e-04 -3.547475965545840351e-04
4.475741307023862591e-04 -3.633532717125901603e-04
4.511265501615603960e-04 -3.717726289699991617e-04
4.544955071763680330e-04 -3.800053538948658773e-04
4.576821407422948258e-04 -3.880512145164147653e-04
4.606876455343511144e-04 -3.959100592064469511e-04
4.635132698823158552e-04 -4.035818145827724072e-04
4.661603137781151129e-04 -4.110664834317661058e-04
4.686301269155574269e-04 -4.183641426546479765e-04
4.709241067633072398e-04 -4.254749412361216081e-04
4.730436966709956632e-04 -4.323990982369682341e-04
4.749903840080283964e-04 -4.391369008107401471e-04
4.767656983366799664e-04 -4.456887022447456092e-04
4.783712096187208232e-04 -4.520549200279391062e-04
4.798085264549600002e-04 -4.582360339433443324e-04
4.810792943592024111e-04 -4.642325841864405108e-04
4.821851940662028784e-04 -4.700451695129454995e-04
4.831279398728146376e-04 -4.756744454106101279e-04
4.839092780129951440e-04 -4.811211223005505363e-04
4.845309850668977868e-04 -4.863859637655594775e-04
4.849948664031742329e-04 -4.914697848067266792e-04
4.853027546545891544e-04 -4.963734501285059064e-04
4.854565082275609966e-04 -5.010978724519164198e-04
4.854580098437440107e-04 -5.056440108557192902e-04
4.853091651157070345e-04 -5.100128691486673256e-04
4.850119011545987865e-04 -5.142054942671125907e-04
4.845681652104887895e-04 -5.182229747057256770e-04
4.839799233452319206e-04 -5.220664389722708175e-04
4.832491591363932931e-04 -5.257370540763615235e-04
4.823778724135961509e-04 -5.292360240433152847e-04
4.813680780261459587e-04 -5.325645884581327186e-04
4.802218046419284131e-04 -5.357240210402475699e-04
4.789410935751891359e-04 -5.387156282430057355e-04
4.775279976476647266e-04 -5.415407478858967356e-04
4.759845800769554251e-04 -5.442007478125229520e-04
4.743129133962233025e-04 -5.466970245782081352e-04
4.725150784016425034e-04 -5.490310021655206473e-04
4.705931631302228703e-04 -5.512041307276562560e-04
4.685492618654223747e-04 -5.532178853600926930e-04
4.663854741691625264e-04 -5.550737648991988871e-04
4.641039039444622497e-04 -5.567732907491504402e-04
4.617066585240563441e-04 -5.583180057346164796e-04
4.591958477814247846e-04 -5.597094729824495700e-04
4.565735832781992257e-04 -5.609492748279484159e-04
4.538419774252858575e-04 -5.620390117480231987e-04
4.510031426786850067e-04 -5.629803013202504692e-04
4.480591907563382975e-04 -5.637747772102386177e-04
4.450122318779217039e-04 -5.644240881791888877e-04
4.418643740335794282e-04 -5.649298971214735017e-04
4.386177222709474019e-04 -5.652938801255037509e-04
4.352743780094290226e-04 -5.655177255565762727e-04
4.318364383725915943e-04 -5.656031331661787393e-04
4.283059955495954253e-04 -5.655518132284256469e-04
4.246851361693537914e-04 -5.653654856901290304e-04
4.209759407051895537e-04 -5.650458793551753952e-04
4.171804828940107080e-04 -5.645947310827215647e-04
4.133008291745161205e-04 -5.640137850118865856e-04
4.093390381550268730e-04 -5.633047918081495777e-04
4.052971600875468353e-04 -5.624695079309299664e-04
4.011772363737810742e-04 -5.615096949190235501e-04
3.969812990742786611e-04 -5.604271187031793994e-04
3.927113704539800070e-04 -5.592235489317874718e-04
3.883694625294088786e-04 -5.579007583193246059e-04
3.839575766422203391e-04 -5.564605220205875048e-04
3.794777030477021668e-04 -5.549046170076729796e-04
3.749318205122120534e-04 -5.532348214835711587e-04
3.703218959419533386e-04 -5.514529143029920592e-04
3.656498840097703964e-04 -5.495606744145517010e-04
3.609177268095717698e-04 -5.475598803150381845e-04
3.561273535179795119e-04 -5.454523095280935669e-04
3.512806800756073039e-04 -5.432397380941673222e-04
3.463796088769891500e-04 -5.409239400795425425e-04
3.414260284779254556e-04 -5.385066870926193561e-04
3.364218133098401532e-04 -5.359897478250686418e-04
3.313688234165277952e-04 -5.333748876040052484e-04
3.262689041949166403e-04 -5.306638679517504138e-04
3.211238861429565206e-04 -5.278584461645407242e-04
3.159355846368575786e-04 -5.249603749072724243e-04
3.107057997013902735e-04 -5.219714018099390340e-04
3.054363158013633254e-04 -5.188932690886277708e-04
3.001289016404287517e-04 -5.157277131548478966e-04
2.947853099608400257e-04 -5.124764642784015219e-04
2.894072773665767981e-04 -5.091412461831814349e-04
2.839965241545757096e-04 -5.057237757572196615e-04
2.785547541564077634e-04 -5.022257626844936007e-04
2.730836545675342092e-04 -4.986489091143833565e-04
2.675848958128193415e-04 -4.949949093288279591e-04
2.620601313999400229e-04 -4.912654494330756690e-04
2.565109977984341501e-04 -4.874622070524651553e-04
2.509391143372533060e-04 -4.835868509944732277e-04
2.453460830433344892e-04 -4.796410409916410144e-04
2.397334885969285175e-04 -4.756264273279891186e-04
2.341028981683177716e-04 -4.715446505782640144e-04
2.284558613850606044e-04 -4.673973413085435861e-04
2.227939102484320145e-04 -4.631861197219251159e-04
2.171185590150718939e-04 -4.589125954216702612e-04
2.114313041822261084e-04 -4.545783670480381465e-04
2.057336243886431282e-04 -4.501850219420253183e-04
2.000269804399137843e-04 -4.457341358418361369e-04
1.943128151922833655e-04 -4.412272725531934839e-04
1.885925536221749450e-04 -4.366659836014584006e-04
1.828676026766568128e-04 -4.320518078049548458e-04
1.771393514397918588e-04 -4.273862709885823535e-04
1.714091710261564513e-04 -4.226708854847077918e-04
1.656784146810604268e-04 -4.179071497334716835e-04
1.599484178168718198e-04 -4.130965478663476157e-04
1.542204981031264507e-04 -4.082405491423230664e-04
1.484959555172738724e-04 -4.033406075953427155e-04
1.427760726217503591e-04 -3.983981611681044728e-04
1.370621145433484627e-04 -3.934146313345455396e-04
1.313553293537124802e-04 -3.883914224343759745e-04
1.256569482688814723e-04 -3.833299208391936492e-04
1.199681859290035714e-04 -3.782314941463947328e-04
1.142902409729936125e-04 -3.730974905480326101e-04
1.086242963754104421e-04 -3.679292375142106312e-04
1.029715201552528278e-04 -3.627280410641249607e-04
9.733306605147830392e-05 -3.574951844211611681e-04
9.171007459377398922e-05 -3.522319269981355298e-04
8.610367403914242503e-05 -3.469395026877234714e-04
8.051498186156059783e-05 -3.416191186336059601e-04
7.494510644117505552e-05 -3.362719535568227695e-04
6.939514908010762913e-05 -3.308991559269921340e-04
6.386620665237369501e-05 -3.255018422394968542e-04
5.835937471198210684e-05 -3.200810950995408187e-04
5.287575137890142426e-05 -3.146379612953940788e-04
4.741644207529442949e-05 -3.091734501458742864e-04
4.198256537756328056e-05 -3.036885319873434291e-04
3.657526008421735451e-05 -2.981841373578684637e-04
3.119569366234407860e-05 -2.926611571594180702e-04
2.584507216735625914e-05 -2.871204443481458184e-04
2.052465157679361383e-05 -2.815628180105667934e-04
1.523574991673295868e-05 -2.759890706312838381e-04
9.979759616052033002e-06 -2.703999795305395224e-04
4.758157944576035282e-06 -2.647963233077245361e-04
-4.274859876285863527e-07 -2.591789029956199464e-04
-5.575510814137841771e-06 -2.535485670846874553e-04
-1.068417051589898911e-05 -2.479062376091621580e-04
-1.575165068153010586e-05 -2.422529333711572570e-04
-2.077609186361224964e-05 -2.365897870846415160e-04
-2.575561602932688776e-05 -2.309180535756147432e-04
-3.068835286890446738e-05 -2.252391094174053285e-04
-3.557246218441498470e-05 -2.195544454549112445e-04
-4.040615098870223266e-05 -2.138656550235680325e-04
-4.518768507846757370e-05 -2.081744203727666962e-04
-4.991539590594550448e-05 -2.024824991825305742e-04
-5.458768384077188908e-05 -1.967917123714467236e-04
-5.920301883156331153e-05 -1.911039336937078834e-04
-6.375993952987686858e-05 -1.854210811256520527e-04
-6.825705140513769510e-05 -1.797451099684291460e-04
-7.269302450735990362e-05 -1.740780075130712564e-04
-7.706659098297459075e-05 -1.684217889308870690e-04
-8.137654265500208486e-05 -1.627784941320410358e-04
-8.562172865283393765e-05 -1.571501855394154810e-04
-8.980105350782046475e-05 -1.515389464391966249e-04
-9.391347512113740008e-05 -1.459468798824000552e-04
-9.795800327174753722e-05 -1.403761079878301571e-04
-1.019336981420608735e-04 -1.348287716312822034e-04
-1.058396691692471280e-04 -1.293070303241169701e-04
-1.096750741318199278e-04 -1.238130624352803771e-04
-1.134391182844555091e-04 -1.183490654002299514e-04
-1.171310537650662386e-04 -1.129172562600429198e-04
-1.207501791381429258e-04 -1.075198721943307681e-04
-1.242958390859631344e-04 -1.021591712483127263e-04
-1.277674242320044908e-04 -9.683743312246929458e-05
-1.311643711660499280e-04 -9.155696004273893962e-05
-1.344861623506154677e-04 -8.632007768547198781e-05
-1.377323264589518873e-04 -8.112913619773341831e-05
-1.409024385462983838e-04 -7.598651132014028176e-05
-1.439961204373677831e-04 -7.089460538661543332e-05
-1.470130412199880993e-04 -6.585584861279521348e-05
-1.499529177978485344e-04 -6.087270035163938966e-05
-1.528155154744349938e-04 -5.594765034365488995e-05
-1.556006487373007914e-04 -5.108322010784838917e-05
-1.583081820287730119e-04 -4.628196435163829100e-05
-1.609380306127981678e-04 -4.154647244292215038e-05
-1.634901615190152257e-04 -3.687936993598731045e-05
-1.659645945290478446e-04 -3.228332020798073865e-05
-1.683614033626290878e-04 -2.776102611037477470e-05
-1.706807167442739434e-04 -2.331523169589040217e-05
-1.729227197014641373e-04 -1.894872403718943828e-05
-1.750876548722520064e-04 -1.466433509068814181e-05
-1.771758238593339001e-04 -1.046494370600544420e-05
-1.791875886589728076e-04 -6.353477648858736875e-06
-1.811233732516831898e-04 -2.332915751834650385e-06
-1.829836651089664708e-04 1.593709830493005323e-06
-1.847690169331528702e-04 5.423311240982875360e-06
-1.864800482689521932e-04 9.152742452777937817e-06
-1.881174474293137477e-04 1.277879672522446905e-05
-1.896819731720680792e-04 1.629820380861925851e-05
-1.911744567768204790e-04 1.970762720650833476e-05
-1.925958039944920439e-04 2.300366101540634819e-05
-1.939469970289409780e-04 2.618282684330981789e-05
-1.952290966938545805e-04 2.924157036425814279e-05
-1.964432444916080871e-04 3.217625777778704288e-05
-1.975906649754393882e-04 3.498317200711405098e-05
-1.986726678137768778e-04 3.765850875509931211e-05
-1.996906502110015031e-04 4.019837220626553439e-05
-2.006460992416872046e-04 4.259877047740548298e-05
-2.015405942010618605e-04 4.485561075308085773e-05
-2.023758089795677688e-04 4.696469409056141327e-05
-2.031535145777928360e-04 4.892170989687948178e-05
-2.038755813814487159e-04 5.072222995016770566e-05
-2.045439816721399357e-04 5.236170193752271015e-05
-2.051607919617779168e-04 5.383544271316564899e-05
-2.057281954766099891e-04 5.513863073884125575e-05
-2.062484843935330644e-04 5.626629800901772436e-05
-2.067240620468528797e-04 5.721332134801336686e-05
-2.071574450967604694e-04 5.797441307080540920e-05
-2.075512657419745872e-04 5.854411052952102892e-05
-2.079082734437791508e-04 5.891676505693107223e-05
-2.082313367088828543e-04 5.908652968570135685e-05
-2.085234446711363204e-04 5.904734577306745130e-05
-2.087877082779783055e-04 5.879292846194247640e-05
-2.090273613260979781e-04 5.831675048266550293e-05
-2.092457611500779361e-04 5.761202469434868788e-05
-2.094463888270117801e-04 5.667168460421019495e-05
-2.096328488520982460e-04 5.548836288509127420e-05
-2.098088686084813325e-04 5.405436787586121057e-05
-2.099782968035770916e-04 5.236165741455646374e-05
-2.101451015224732773e-04 5.040180966237461522e-05
-2.103133672256110619e-04 4.816599112163040216e-05
-2.104872909829326607e-04 4.564492055906622990e-05
-2.106711775287700076e-04 4.282882944842890350e-05
-2.108694334142005556e-04 3.970741745500355312e-05
-2.110865593252266286e-04 3.626980258864540615e-05
-2.113271412536205400e-04 3.250446575249950093e-05
-2.115958397913003794e-04 2.839918847186856127e-05
-2.118973771639582487e-04 2.394098291523706753e-05
-2.122365224456132255e-04 1.911601343471780012e-05
-2.126180742896902336e-04 1.390950797063551726e-05
-2.130468400332156693e-04 8.305658050016532417e-06
-2.135276124480799391e-04 2.287506794231770652e-06
-2.140651421720959999e-04 -4.163178985606020427e-06
-2.146641062807869767e-04 -1.106605279508617945e-05
-2.153290719080188981e-04 -1.844235274094224697e-05
-2.160644545041130260e-04 -2.631508692668691244e-05
-2.168744705654025999e-04 -3.470924608736433562e-05
-2.177630828482518544e-04 -4.365204527817074739e-05
-2.187339377637210135e-04 -5.317319979291656621e-05
-2.197902946256097788e-04 -6.330524175032782293e-05
-2.209349443434538538e-04 -7.408388221660262970e-05
-2.221701166169464281e-04 -8.554842878654246097e-05
-2.234973744805245164e-04 -9.774226554892720810e-05
-2.249174937978675468e-04 -1.107134070533607128e-04
-2.264303260626523951e-04 -1.245151398659575300e-04
-2.280346429097817598e-04 -1.392067662181593500e-04
-2.297279571282225626e-04 -1.548544680384917303e-04
-2.315063206932854332e-04 -1.715323150328877536e-04
-2.333640937902344871e-04 -1.893234420350075318e-04
-2.352936815485270861e-04 -2.083214309628603688e-04
-2.372852361727333906e-04 -2.286319331943128402e-04
-2.393263166096345519e-04 -2.503745860762550033e-04
-2.414015043700878244e-04 -2.736852793219519812e-04
-2.434919663305288640e-04 -2.987188487132604866e-04
-2.455749641513633790e-04 -3.256522864746121040e-04
-2.476232997558031708e-04 -3.546885858036528494e-04
-2.496046989029273981e-04 -3.860613596278801444e-04
-2.514811296428250261e-04 -4.200404184887302113e-04
-2.532080554666737266e-04 -4.569385310566955209e-04
-2.547336403788542621e-04 -4.971196630448043588e-04
-2.559979218370340027e-04 -5.410090626502084363e-04
-2.569319896847789639e-04 -5.891056721433703992e-04
-2.574572492710696043e-04 -6.419974811592426027e-04
-2.574848701456025884e-04 -7.003806236124032660e-04
-2.569156170783174560e-04 -7.650832643619133889e-04
-2.556403465249920356e-04 -8.370956542573451805e-04
-2.535416440602910790e-04 -9.176081685240995017e-04
-2.504973079378212627e-04 -1.008059738596508992e-03
-2.463868285752661468e-04 -1.110199886630883377e-03
-2.411026222398556526e-04 -1.226168668975715454e-03
-2.345687724309167494e-04 -1.358600315451269662e-03
-2.267715691967461204e-04 -1.510758345678626414e-03
-2.178085905557993569e-04 -1.686712699075234700e-03
-2.079669396450922790e-04 -1.891573060916849815e-03
-1.978473289885515889e-04 -2.131797475285018752e-03
-1.885604633943399871e-04 -2.415601715515382046e-03
-1.820378251322456436e-04 -2.753503042308882987e-03
-1.815239511209505024e-04 -3.159041488180046320e-03
-1.923575847948208462e-04 -3.649731991508212148e-03
-2.232135633513628384e-04 -4.248307951329808978e-03
-2.880806520143340370e-04 -4.984313437295939675e-03
-4.094140363085961923e-04 -5.896069744156571743e-03
-6.231560977391649957e-04 -7.032944796645270759e-03
-9.867051110836830979e-04 -8.457615173442064455e-03
-1.591465846087542282e-03 -1.024748048791172990e-02
-2.582338329323691575e-03 -1.249328652223544167e-02
-4.187241894455363475e-03 -1.529083098787043307e-02
-6.759978906869983442e-03 -1.871753393388780190e-02
-1.083787663965509601e-02 -2.277848370310404588e-02
-1.720805333634797818e-02 -2.729525329696336905e-02
-2.695525964878561775e-02 -3.169621778928044531e-02
-4.141685423135212790e-02 -3.465754383513722225e-02
-6.188038024184224634e-02 -3.356736275861531282e-02
-8.872693901470819766e-02 -2.390967700004328206e-02
-1.196300270853407899e-01 9.912788714716083693e-04
-1.466575048299580963e-01 4.876126270685080671e-02
-1.533126983794919906e-01 1.234600404028203535e-01
-1.152585613296851080e-01 2.164277378780992134e-01
-1.137034468273825927e-02 2.956765786492588921e-01
1.514588668762537060e-01 3.067222010038735958e-01
3.144987344268656004e-01 2.029241757224813092e-01
3.828058607792367285e-01 0.000000000000000000e+00
2.999010288620985731e-01 -2.026956896810923614e-01
1.157883667798879634e-01 -2.919413911308125775e-01
-5.108528854334942748e-02 -2.442276549918629969e-01
-1.249514264338822400e-01 -1.327517601384132773e-01
-1.175327508838089480e-01 -3.878686434954835283e-02
-7.869204630343970552e-02 8.959447338375926828e-03
-4.321996971829096534e-02 2.212246016285169398e-02
-2.105424992949190069e-02 1.991498247160519014e-02
-9.691948286091529516e-03 1.408318368221510297e-02
-4.502718113269601335e-03 9.035832282682544625e-03
-2.269235200533249383e-03 5.587360595454496891e-03
-1.314782415318942882e-03 3.429880313652277062e-03
-8.840639838822893703e-04 2.117231791581651156e-03
-6.639478933959316875e-04 1.317038557492091963e-03
-5.306688618323869046e-04 8.210528872183313126e-04
-4.365289664946736732e-04 5.065802691576350549e-04
-3.632902889959950489e-04 3.024353507459494154e-04
-3.038916369194877808e-04 1.670626150620221407e-04
-2.554464993997732645e-04 7.585707033053244296e-05
-2.165701564046885390e-04 1.405457380959949714e-05
-1.863357947678490642e-04 -2.726834518752657666e-05
-1.638491753409944190e-04 -5.350870068048307280e-05
-1.480767804899379481e-04 -6.793424681692032631e-05
-1.377979129899268467e-04 -7.256480831707475129e-05
-1.316298708006586823e-04 -6.874294190849369272e-05
-1.280978765536956254e-04 -5.750056449150130092e-05
-1.257267247664077461e-04 -3.978162768367828549e-05
-1.231344984328471373e-04 -1.656024278652697081e-05
-1.191129192511166133e-04 1.111537933014856842e-05
-1.126850096045711356e-04 4.212824031054536895e-05
-1.031364257167989541e-04 7.532618222401227736e-05
-9.002169158719964225e-05 1.095677042640672331e-04
-7.314963763429940585e-05 1.437684282482196922e-04
-5.255379389056287747e-05 1.769409621232335918e-04
-2.845378609858446753e-05 2.082243597580500281e-04
-1.212966979310589870e-06 2.369021674586931688e-04
2.870354180335752228e-05 2.624097281884174029e-04
6.076743356162179457e-05 2.843324495827874898e-04
9.442071778830854803e-05 3.023971621541216579e-04
1.291032740855510628e-04 3.164587214019706427e-04
1.642743392376501573e-04 3.264837691078926324e-04
1.994283124603345994e-04 3.325332780173400346e-04
2.341055106308733823e-04 3.347450722962559580e-04
2.678986632259775305e-04 3.333172066267548438e-04
3.004559434190458831e-04 3.284927742570800517e-04
3.314813448281690635e-04 3.205464577471478613e-04
3.607330471602903385e-04 3.097729413210064276e-04
3.880203928329602138e-04 2.964771920110665119e-04
4.131999578858567873e-04 2.809665058860739777e-04
4.361710893662094825e-04 2.635441632246432703e-04
4.568712266451040757e-04 2.445045129084718683e-04
4.752712137476303102e-04 2.241292895554754304e-04
4.913707642338488186e-04 2.026849795921081539e-04
5.051941910392623598e-04 1.804210529000177532e-04
5.167864530820953694e-04 1.575688971508145959e-04
5.262095699860038465e-04 1.343413189975960589e-04
5.335394011016942597e-04 1.109324783429746606e-04
5.388628005010242779e-04 8.751816321828214946e-05
5.422751183850223200e-04 6.425630536244217642e-05
5.438780386095385527e-04 4.128766786220858351e-05
5.437777113518622429e-04 1.873664935722461249e-05
5.420831656030781869e-04 -3.287847461511106666e-06
5.389049627850489403e-04 -2.469151860585484543e-05
5.343540629222147615e-04 -4.539376325218098460e-05
5.285408776729270432e-04 -6.532681124624516579e-05
5.215744796703377555e-04 -8.443489265005872700e-05
5.135619440602565621e-04 -1.026734601947144594e-04
5.046077979500365740e-04 -1.200084745065554200e-04
4.948135562787938421e-04 -1.364157597309370161e-04
4.842773179260893976e-04 -1.518804314137777920e-04
4.730934050566506068e-04 -1.663963989797790624e-04
4.613520201542283808e-04 -1.799659441964354765e-04
4.491389019842488691e-04 -1.925993722170487178e-04
4.365349502669832980e-04 -2.043147319228998473e-04
4.236157976564984854e-04 -2.151375959986597506e-04
4.104512956088809516e-04 -2.251008866478785403e-04
3.971048791230016211e-04 -2.342447256085139094e-04
3.836327696964829436e-04 -2.426162690262485128e-04
3.700829796671886111e-04 -2.502694682659446952e-04
3.564940789078910235e-04 -2.572646650350720373e-04
3.428937182613330447e-04 -2.636678846636204983e-04
3.292969539447667933e-04 -2.695496414779415158e-04
3.157045365142373185e-04 -2.749830352981395940e-04
3.021015004558738853e-04 -2.800409580833849890e-04
2.884565822096947659e-04 -2.847924101930089744e-04
2.747230550239662238e-04 -2.892983072017614866e-04
2.608412961054588832e-04 -2.936075962429962019e-04
2.467427735952483969e-04 -2.977546420535068326e-04
2.323545399948533216e-04 -3.017584416528567084e-04
2.176032264210304675e-04 -3.056234992269605904e-04
2.024179588072046762e-04 -3.093416810876440520e-04
1.867321570924860197e-04 -3.128943469179975602e-04
1.704844891494247574e-04 -3.162542956657836564e-04
1.536193173359648727e-04 -3.193873412388563687e-04
1.360869044474102472e-04 -3.222535056651727584e-04
1.178435551455952817e-04 -3.248078939069006313e-04
9.885179436996172932e-05 -3.270013317962096430e-04
7.908063386175005662e-05 -3.287808430194138587e-04
5.850595280290261263e-05 -3.300900252146002161e-04
3.711100066744854977e-05 -3.308693731083657292e-04
1.488702472217051328e-05 -3.310565851553323746e-04
-8.165979407189193897e-06 -3.305868815710466947e-04
-3.203839943857896781e-05 -3.293933563307698312e-04
-5.671002251025049020e-05 -3.274073835378631353e-04
-8.214894392373614431e-05 -3.245590931094251524e-04
-1.083103740861455762e-04 -3.207779321867229496e-04
-1.351353533662045289e-04 -3.159933258880186463e-04
-1.625493860767461530e-04 -3.101354505690458977e-04
-1.904610080530431547e-04 -3.031361327749296881e-04
-2.187603063354575425e-04 -2.949298838917988725e-04
-2.473174140716275621e-04 -2.854550834800719189e-04
-2.759810103774343304e-04 -2.746553184226657902e-04
-3.045768600783678253e-04 -2.624808861973425538e-04
-3.329064375505671222e-04 -2.488904658725845796e-04
-3.607456871086429755e-04 -2.338529586960388115e-04
-3.878439826421924619e-04 -2.173494939461573954e-04
-4.139233604799595905e-04 -1.993755916298096042e-04
-4.386781116441334626e-04 -1.799434655633516862e-04
-4.617748325559450028e-04 -1.590844429256836352e-04
-4.828530476984636615e-04 -1.368514656800520366e-04
-5.015265316210601844e-04 -1.133216285382243648e-04
-5.173854719506687386e-04 -8.859869348936912819e-05
-5.299996271697597757e-04 -6.281550725109575576e-05
-5.389226479165423050e-04 -3.613623004654022879e-05
-5.436977345962777913e-04 -8.758265956081037577e-06
-5.438648138109841192e-04 1.908623364257783250e-05
-5.389694112123333183e-04 4.712944271844252890e-05
-5.285733909868291312e-04 7.506767767436099497e-05
-5.122677122547244447e-04 1.025621451825800134e-04
-4.896873182123367323e-04 1.292408222451862747e-04
-4.605282246859496750e-04 1.547016800636143445e-04
-4.245668034930696324e-04 1.785174660467956905e-04
-3.816811598088003417e-04 2.002422501461772889e-04
-3.318743793717295748e-04 2.194199213863077668e-04
-2.752992635252354955e-04 2.355947817204359900e-04
-2.122839779519408504e-04 2.483243232518566137e-04
-1.433578087545514372e-04 2.571941913287470937e-04
-6.927594980128885089e-05 2.618352183233591500e-04
8.958062336636671047e-06 2.619422669009398600e-04
9.007398720658819468e-05 2.572944374158418626e-04
1.725226728677722551e-04 2.477759777776216647e-04
2.544724416195842166e-04 2.333969849394209835e-04
3.338168445472127258e-04 2.143127172838225382e-04
4.081968358065169258e-04 1.908400563701676846e-04
4.750405825266501049e-04 1.634693892412956246e-04
5.316241203825287790e-04 1.328699575906058274e-04
5.751558107361556642e-04 9.988657722828110912e-05
6.028869648685556727e-04 6.552562152455922943e-05
6.122499736531591139e-04 3.092834393618720118e-05
6.010237158808741202e-04 -2.669946207662309522e-06
5.675238158545467971e-04 -3.399557798766184372e-05
5.108124071069932185e-04 -6.180666200167675428e-05
4.309184031692979921e-04 -8.497569816296707376e-05
3.290549230269679119e-04 -1.025806853882990638e-04
2.078156295457541519e-04 -1.139984428531137198e-04
7.132664683395219197e-05 -1.189913325345239373e-04
-7.467398733111086577e-05 -1.177761415044240013e-04
-2.228607033523357826e-04 -1.110619833613802796e-04
-3.644799740167388642e-04 -1.000434012009182491e-04
-4.896673186740722102e-04 -8.633669478315237852e-05
-5.878886500049940091e-04 -7.185673371892526817e-05
-6.494702074651778232e-04 -5.863552723279412231e-05
-6.662283509054982809e-04 -4.843264171119248448e-05
