8.802956614645250644e-02 -4.432362574270166944e-02
8.816102053840993436e-02 -3.760378531551970827e-02
1.080771668800587226e-01 -3.716781413169734094e-02
1.548945868387476832e-01 -4.134511258059398592e-02
2.414027486265983569e-01 -4.540918986598978246e-02
3.967256103281003865e-01 -3.571469072089551722e-02
7.395005147492992315e-01 0.000000000000000000e+00
2.619793776893578063e-01 -2.432005419723188011e-01
1.379560511770221709e-01 -1.088967998744307109e-01
8.401633885020197423e-02 -5.606833640832977611e-02
5.313953850358725528e-02 -3.081294666038775221e-02
3.460232805333074424e-02 -1.747788659667688302e-02
2.336411727107398292e-02 -1.006601891703361173e-02
1.653107759016620576e-02 -5.814537815678230519e-03
1.230438272021417215e-02 -3.503599836644385752e-03
9.558435727613442262e-03 -2.416479180905919608e-03
7.785630436238726547e-03 -2.115970792703262410e-03
6.467847614202751685e-03 -2.359310687034874184e-03
5.274958822498662658e-03 -2.905310996027242812e-03
3.999749041814846216e-03 -3.532131179661213843e-03
2.543763508957992171e-03 -4.020107325658705058e-03
9.268481472681653005e-04 -4.161984441981293227e-03
-7.185376945922822322e-04 -3.801553634959950988e-03
-2.175502820654343257e-03 -2.877820233208304782e-03
-3.192716707146672772e-03 -1.458994605568537505e-03
-3.549919782174545090e-03 2.492362881775434707e-04
-3.130679424865937064e-03 1.929953484195324120e-03
-1.978637385946043024e-03 3.219994432004194464e-03
-3.175295093414973527e-04 3.801064303106438651e-03
1.478970441152766251e-03 3.495147281022739031e-03
2.968081906626990080e-03 2.334744459755064890e-03
3.752582874426552834e-03 5.804917515381874046e-04
3.598053296461003678e-03 -1.327790197807495126e-03
2.515567101685373032e-03 -2.880959102559409526e-03
7.782530637021953376e-04 -3.643623145483702690e-03
-1.141101144417012037e-03 -3.388437577351914760e-03
-2.699604481264946277e-03 -2.176759566398376016e-03
-3.444983513930039137e-03 -3.546634867626991200e-04
-3.157609838472698847e-03 1.541104996274846864e-03
-1.926206127513381550e-03 2.942563497491496819e-03
-1.286525318982715627e-04 3.426760946825830462e-03
1.680361121410230835e-03 2.851683845881273702e-03
2.941550894887167214e-03 1.405398734669686175e-03
3.268276489753119216e-03 -4.505357821650828195e-04
2.570478860993301133e-03 -2.127224799141846923e-03
1.083506261282268313e-03 -3.097331019161606806e-03
-7.087061434965117928e-04 -3.064622280735368465e-03
-2.231254907686934519e-03 -2.057914448435861025e-03
-3.004617947755852756e-03 -4.183108723573235018e-04
-2.798109369932428887e-03 1.315507355060172717e-03
-1.700202703090144749e-03 2.585062274584388597e-03
-8.375312838179541119e-05 2.993403156704559868e-03
1.520578973612646528e-03 2.430193110141721895e-03
2.599263572480073857e-03 1.100639490967789905e-03
2.820837340585171261e-03 -5.488732708323798126e-04
2.137381443657451752e-03 -1.981321261046497216e-03
7.915231528486000191e-04 -2.744422625014706924e-03
-7.701789686873899022e-04 -2.613131831443933975e-03
-2.046231144089740491e-03 -1.654331751912270282e-03
-2.641409641798376107e-03 -1.957897517716523949e-04
-2.388171634759827730e-03 1.286918603986776568e-03
-1.391297607490677877e-03 2.326073900928454785e-03
1.505904019004941467e-05 2.608818620154581928e-03
1.380477568396291802e-03 2.069443938249296636e-03
2.282861911538863232e-03 9.004512204879956206e-04
2.457969688087238182e-03 -5.172597218115940589e-04
1.874467426932777429e-03 -1.739488361328586164e-03
7.340845785270092580e-04 -2.397739178750989998e-03
-5.994002908207122799e-04 -2.308730497958742973e-03
-1.717065304282668981e-03 -1.522464444297028270e-03
-2.289874315630515116e-03 -2.974430537397758584e-04
-2.163799688113243139e-03 9.856773710173363356e-04
-1.398209216558365942e-03 1.942849673755942929e-03
-2.391783049016234729e-04 2.300709930048575221e-03
9.608606300139047734e-04 1.972458849152577097e-03
1.850642783127919066e-03 1.075318376881568725e-03
2.181965906393138616e-03 -1.123398317703956385e-04
1.876796636122082546e-03 -1.238440964433418917e-03
1.042242315459503219e-03 -1.981568561164565295e-03
-6.797822677736845508e-05 -2.141430547496947674e-03
-1.131655552229961920e-03 -1.690476874069542874e-03
-1.851593753415009969e-03 -7.742461650439079295e-04
-2.037489045744433815e-03 3.368101612809568470e-04
-1.654089560976973938e-03 1.327910963239401724e-03
-8.242316641219880110e-04 1.928837767683071712e-03
2.115652128180527699e-04 1.986240126430091017e-03
1.165532920912399663e-03 1.500524681593675205e-03
1.782410770606778589e-03 6.192686216804217355e-04
1.906588129442971175e-03 -4.086878338838062161e-04
1.519412202973347264e-03 -1.304039764044319458e-03
7.384027391275088540e-04 -1.832532197516024367e-03
-2.193500371764247996e-04 -1.864988738972942449e-03
-1.098095133992241451e-03 -1.406929019413937811e-03
-1.671502727686916641e-03 -5.916694632672220722e-04
-1.799953172461360917e-03 3.593768659947704780e-04
-1.462900631435603508e-03 1.197261412863210011e-03
-7.593629730774956134e-04 1.710343129653377247e-03
1.219316325332143189e-04 1.776704062670954624e-03
9.536605622945981990e-04 1.391523716881484492e-03
1.528403264203374249e-03 6.637994026824580894e-04
1.709586401133611705e-03 -2.152370504651702500e-04
1.462647764210236187e-03 -1.022766602570638608e-03
8.597268519980125071e-04 -1.560661435586586194e-03
5.802388295465597367e-05 -1.703309747004053739e-03
-7.416419752570943980e-04 -1.425717042790169801e-03
-1.345109354549241460e-03 -8.059904832248199940e-04
-1.611475001783879918e-03 -2.795208609164261007e-06
-1.485033839827071137e-03 7.856581506272743848e-04
-1.005621118256614516e-03 1.370463382402940626e-03
-2.958753638339229187e-04 1.616745810855084627e-03
4.705561630925210004e-04 1.473867306058418642e-03
1.111582805227766691e-03 9.846237209647223931e-04
1.479608341887006647e-03 2.721683296446386667e-04
1.494846942332518636e-03 -4.913635951629295512e-04
1.161706415383791796e-03 -1.126498095493625026e-03
5.651508438416023286e-04 -1.488296550377592739e-03
-1.513274595273365213e-04 -1.498813020651679900e-03
-8.203783543044519590e-04 -1.163057306134033164e-03
-1.289735981881411217e-03 -5.654411295145912947e-04
-1.456447162955366251e-03 1.517637828274913782e-04
-1.288829864091843667e-03 8.224248622655720795e-04
-8.316600459296828165e-04 1.294888864398847971e-03
-1.940096275320505530e-04 1.465886375149740494e-03
4.769553331304150073e-04 1.302545917790729054e-03
1.029912972520295863e-03 8.479857225795295154e-04
1.343272866974622040e-03 2.097608785532938873e-04
1.351509805642777187e-03 -4.657342239572694878e-04
1.058360235498900272e-03 -1.026810845218856672e-03
5.343658289345091118e-04 -1.350329618221470700e-03
-1.002440060587178697e-04 -1.368370896382334941e-03
-7.031679428621674492e-04 -1.082060800365527032e-03
-1.141821757751751215e-03 -5.598590421179266670e-04
-1.322251593642533550e-03 7.891705579122029355e-05
-1.208943844859900005e-03 6.913628714362985003e-04
-8.314439271145774527e-04 1.142838997320297931e-03
-2.766551749815160388e-04 1.336356280011421300e-03
3.311898845157566621e-04 1.233149685493699138e-03
8.582814575276273474e-04 8.601522740262799527e-04
1.190542932262634874e-03 3.030088431192753061e-04
1.258132040979046025e-03 -3.135776902194785192e-04
1.049929100770702339e-03 -8.536742960046955937e-04
6.150613396998758390e-04 -1.199947370826699462e-03
5.135138091037884454e-05 -1.278997833777475697e-03
-5.166113260274030365e-04 -1.076782018315340433e-03
-9.648913165495037877e-04 -6.409194928239542741e-04
-1.197127529738520281e-03 -6.956208790059538103e-05
-1.165149475834442901e-03 5.105986456929660199e-04
-8.789122123239744054e-04 9.722951638671063811e-04
-4.037192896049610806e-04 1.215491570742740146e-03
1.545411246851550872e-04 1.189000033826863355e-03
6.728463449518888324e-04 9.012602152524439893e-04
1.038027451831660805e-03 4.180155351698129672e-04
1.171417531870656359e-03 -1.525258646368765625e-04
1.045819013368437132e-03 -6.837434343182587689e-04
6.911346949069172062e-04 -1.058576278134072072e-03
1.874770488995593904e-04 -1.195280224241009829e-03
-3.527059025700401149e-04 -1.065325853417186958e-03
-8.095582991532421528e-04 -6.995122893152816998e-04
-1.082325313503936653e-03 -1.809502639246424562e-04
-1.111614337742108070e-03 3.735492931818523688e-04
-8.924936187487387228e-04 8.395839362667371821e-04
-4.755085525187109337e-04 1.112991175377260481e-03
4.465337889707314816e-05 1.133210665684849421e-03
5.503846763775741826e-04 8.969331264424739358e-04
9.275857876825225907e-04 4.589142819790723526e-04
1.091413411518102859e-03 -8.032414126605424585e-05
1.005553603290752383e-03 -5.972393772891683916e-04
6.906107906634239776e-04 -9.734006396471294505e-04
2.196021178078856823e-04 -1.122661850308368913e-03
-2.985601426164488843e-04 -1.011149355630715880e-03
-7.439672888895675421e-04 -6.653817824011636507e-04
-1.013385207032604929e-03 -1.664836437039268432e-04
-1.044350077885908539e-03 3.683736590464806561e-04
-8.300437051896105171e-04 8.131834689042054861e-04
-4.213273517478933312e-04 1.062742005536169380e-03
8.476893322950957853e-05 1.057776826655816137e-03
5.676413522470235640e-04 7.995269555700290848e-04
9.116541255864671388e-04 3.500857732327424085e-04
1.033945080069255569e-03 -1.818826578307052640e-04
9.048066481101442980e-04 -6.669420368479930935e-04
5.555491831016608033e-04 -9.862120966851962902e-04
7.163213717583812013e-05 -1.060714466444965696e-03
-4.276299032452235784e-04 -8.714706312269819826e-04
-8.181426701325049356e-04 -4.651263266451548858e-04
-1.001918903667646434e-03 5.670892881580147881e-05
-9.321111643764532113e-04 5.622096061478281488e-04
-6.257153354240831437e-04 9.223399041557072200e-04
-1.603414193912438895e-04 1.043967081847479994e-03
3.446341093491536679e-04 8.945806712208220508e-04
7.581974132602904140e-04 5.119326844116970114e-04
9.716699299591211947e-04 -4.446521901606903602e-06
9.277636728973385040e-04 -5.182801198235130686e-04
6.368648775512607231e-04 -8.920976710998751143e-04
1.757254654116392431e-04 -1.024193548647349405e-03
-3.317699989963586059e-04 -8.770611899001949045e-04
-7.472623616643184500e-04 -4.892027719865136648e-04
-9.556129266636828514e-04 3.363320991729542772e-05
-8.974311798218136561e-04 5.462392951991359817e-04
-5.871343162155460505e-04 9.038094536412414259e-04
-1.108042524810506116e-04 1.003129865122922041e-03
3.964725441175133967e-04 8.133764564268141902e-04
7.882297601368608905e-04 3.871204717065424993e-04
9.489992221572855812e-04 -1.526408237023877399e-04
8.292339614012511108e-04 -6.468009330043269015e-04
4.620365019402698716e-04 -9.466630596674567794e-04
-4.426467236425501962e-05 -9.592672627783206717e-04
-5.367114472301416379e-04 -6.776343264523491863e-04
-8.633456537058605560e-04 -1.857684361748900166e-04
-9.205366692087254459e-04 3.645554464462111852e-04
-6.872400623735957495e-04 7.995013659010312499e-04
-2.345504814567784526e-04 9.780834261451385250e-04
2.939704816952785600e-04 8.390633910943037788e-04
7.265317236132171844e-04 4.239906772855952946e-04
9.188273198107856999e-04 -1.327314853177018249e-04
8.033395892739318700e-04 -6.454977246512914229e-04
4.151518551892735055e-04 -9.387403568886379737e-04
-1.160862747215751594e-04 -9.079348746296126565e-04
-6.074728444855444958e-04 -5.590512798400312181e-04
-8.851342445031121870e-04 -1.102534454353411487e-05
-8.466863105790551269e-04 5.421905383170669323e-04
-5.013034739525445635e-04 8.990315841925923101e-04
2.887132189010504694e-05 9.244188367929401543e-04
5.492660823200064659e-04 6.033117820996045187e-04
8.631259781130846270e-04 5.186916756066590486e-05
8.467739079346238516e-04 -5.212634585524915506e-04
5.010272767158347341e-04 -8.922115728702219219e-04
-4.332107591566609499e-05 -9.100072245272923781e-04
-5.717117414264503202e-04 -5.609539126251950275e-04
-8.690039318742518370e-04 1.900856404968560533e-05
-8.082538408828686405e-04 5.932958326314710174e-04
-4.083151091652686450e-04 9.194036366894343081e-04
1.668419003723819679e-04 8.525682316844992222e-04
6.716629247121423153e-04 4.139473874663926966e-04
8.827642441433566477e-04 -2.099297531940100118e-04
6.999572691879866462e-04 -7.421926076920851547e-04
1.983633340598385596e-04 -9.373739812624255069e-04
-3.968010935534927635e-04 -6.973680822606546361e-04
-8.078278678341798465e-04 -1.261492477584101027e-04
-8.343650994286352452e-04 5.087618432399360372e-04
-4.552425667992161394e-04 8.978954665288886626e-04
1.507980354988837824e-04 8.416597726367193878e-04
6.835735545294158036e-04 3.581499098269257022e-04
8.683011426728259527e-04 -3.131091328015853754e-04
6.006213022981028585e-04 -8.236889216898352854e-04
1.236849243341395878e-05 -8.962394708432925867e-04
-5.854589122589309034e-04 -4.803224315716854388e-04
-8.633154791012095756e-04 2.051848158371768062e-04
-6.573217035152884415e-04 7.789037726150056708e-04
-7.368925885364150286e-05 9.067573467404024552e-04
5.560838590157118292e-04 5.018401864233493388e-04
8.581859885129666018e-04 -2.069864128202067433e-04
6.408990108090855103e-04 -7.940861688273424595e-04
2.549122212653947612e-05 -8.896485217829527186e-04
-6.095362812916440979e-04 -4.192920999492968145e-04
-8.553116170558999580e-04 3.270257097268399003e-04
-5.398152154408096363e-04 8.619823635186599046e-04
1.400960384867206820e-04 8.172689757614308654e-04
7.280687480547185474e-04 2.071030398123998900e-04
8.098681155805888742e-04 -5.540807799762321280e-04
3.129962990934165475e-04 -9.216201600691938502e-04
-4.156675369956377248e-04 -6.129022288620830606e-04
-8.386614542543123193e-04 1.599090958850987601e-04
-6.245415225688938062e-04 8.160060412537322892e-04
7.800914340229934442e-05 8.354634432253320265e-04
7.229538043249049938e-04 1.828620846808315457e-04
7.827130475874386406e-04 -6.257932444405351182e-04
1.901675716523910432e-04 -9.146886236818520212e-04
-5.685604780067549102e-04 -4.183851797216244233e-04
-8.361078037012872671e-04 4.510137231390396427e-04
-3.585738887721363964e-04 9.213426635475159944e-04
4.500700988856609500e-04 5.451140881276947837e-04
8.428892237209365109e-04 -3.499546222730349435e-04
4.303827553784310162e-04 -9.143387168774860839e-04
-4.075044983906714454e-04 -5.769584026335521781e-04
-8.412623150774274292e-04 3.499309606980131448e-04
-4.110258648300787283e-04 9.210629197713919147e-04
4.562522028579553499e-04 5.143580697871444037e-04
8.355432549026858792e-04 -4.591114895098469392e-04
2.900909479093227673e-04 -9.266916128242622510e-04
-5.892095869750386050e-04 -3.322560943207167219e-04
-7.867117262842275799e-04 6.601768568444099346e-04
-4.355122242888011415e-05 8.625840929394955163e-04
7.580762819345282380e-04 -5.261852330398245298e-06
6.092579846646630501e-04 -8.748887750611416669e-04
-3.289661207996370383e-04 -6.070669632294109106e-04
-8.362265268701408582e-04 4.799130771207668557e-04
-2.059613413157695950e-04 9.146673541610206900e-04
7.168458736722352776e-04 5.575314422176620916e-05
6.136849678061809818e-04 -8.929563923269663583e-04
-3.975542308063029933e-04 -5.130779367597162587e-04
-8.107236070665864089e-04 6.607864943922810326e-04
3.991121745554780870e-05 7.999777861492815252e-04
8.312941144932704416e-04 -3.619991663940320178e-04
2.546478496016568119e-04 -9.292386380671318821e-04
-7.574211352385415950e-04 9.875552380342732142e-05
-4.519233342159799946e-04 9.618029332039905281e-04
6.670628589714323441e-04 7.878676006302689475e-05
5.580216071221032583e-04 -9.607753468400496034e-04
-6.133205596088392919e-04 -1.530458712942578620e-04
-5.882354142827306200e-04 9.671384138463663379e-04
6.232397639221193969e-04 1.150354307303079059e-04
5.447774722394727650e-04 -9.881379337829470592e-04
-6.992022140758609927e-04 4.893036370873481551e-05
-4.061559583570054110e-04 9.858996554704016306e-04
8.097372825481810761e-04 -3.480135697161527704e-04
1.337653294540546854e-04 -8.644498564371390793e-04
-8.659258039671099277e-04 7.395024842673139209e-04
2.857847779101202446e-04 4.826019602650099606e-04
7.058240923611791128e-04 -1.038870625523840739e-03
-7.397242701390971615e-04 2.306346801901856033e-04
-1.680018510320977724e-04 8.682747410167474629e-04
8.756299915742887709e-04 -9.855344053944857085e-04
-6.233330590697431324e-04 7.178218848353064762e-05
-2.522069501883909587e-04 9.171816995221150235e-04
8.971519056548921209e-04 -1.135489472984442787e-03
-8.200433883670316853e-04 5.117347939711582592e-04
1.719019836922180337e-04 4.405113078698316090e-04
5.734270500783042934e-04 -1.170218660460667056e-03
-1.041417661795986929e-03 1.435180015264738134e-03
1.133686051128927766e-03 -1.302954164231957942e-03
-9.583562756471506643e-04 9.750143095738942559e-04
6.805648258150498453e-04 -6.295541057947538679e-04
-4.212902988234905831e-04 3.596519887854999868e-04
2.322384248734352976e-04 -1.846773089660215029e-04
-1.155993645561491866e-04 8.616636979412106647e-05
5.246719681514490163e-05 -3.682110015231955530e-05
-2.187114832855349843e-05 1.449806028720942443e-05
8.420756480263559822e-06 -5.285042573901671196e-06
-3.007625281719141481e-06 1.790437631588301935e-06
1.000374927877816013e-06 -5.655419859183753242e-07
-3.105914369027894717e-07 1.669341883204048483e-07
9.042682158492810987e-08 -4.620670220722562031e-08
-2.457209949517503585e-08 1.196392269461676380e-08
6.397888464933661983e-09 -2.950209079114557258e-09
-1.455525540719157259e-09 6.495870628665903401e-10
4.158229830019440181e-10 -1.674210057758648158e-10
-9.879213580594362949e-12 9.041162956416707700e-12
7.699240646111585529e-11 -2.549783748216171892e-11
5.593664125731061029e-11 -1.774187168290267715e-11
5.652690291410282506e-11 -1.808118945609432799e-11
5.322028002294975602e-11 -1.700109253649580966e-11
5.073681327853710230e-11 -1.619390658346935533e-11
4.825090046296650460e-11 -1.541433742115619232e-11
4.590916711122221750e-11 -1.465394839999759970e-11
4.362683818128350635e-11 -1.393946578835319456e-11
4.151905585164000696e-11 -1.326488420304610060e-11
3.946137588664081468e-11 -1.258383891314692229e-11
3.750498746162489407e-11 -1.196604236934492393e-11
3.564864599706525496e-11 -1.138133595870443384e-11
3.386763386626350595e-11 -1.080779621337952714e-11
3.222926130248232205e-11 -1.030221176233226267e-11
3.058871775699419907e-11 -9.744674299215844468e-12
2.904269493048815730e-11 -9.291890236415144991e-12
2.757991401438371003e-11 -8.811437917921434501e-12
2.619605511355716849e-11 -8.365738587894576711e-12
2.487802916985462266e-11 -7.952067533744815553e-12
2.360586840338270276e-11 -7.541199197887453174e-12
2.236798992706003985e-11 -7.146738512059188514e-12
2.123429837992519611e-11 -6.796102827314491043e-12
2.014568830976767360e-11 -6.446512355434357618e-12
1.912101218692499878e-11 -6.105737301382312759e-12
1.811581927031994036e-11 -5.775923897179351391e-12
1.718671700191924237e-11 -5.478976322547136898e-12
1.628789869323008058e-11 -5.204694835551177093e-12
1.543615044610014358e-11 -4.919489192728126004e-12
1.460468488666540255e-11 -4.661374827266335450e-12
1.384724902372876904e-11 -4.413834083984282389e-12
1.310660101060296233e-11 -4.180055074712288011e-12
1.245455989843473854e-11 -3.979721527567976155e-12
1.175075109580190695e-11 -3.760053338295678103e-12
1.112375924746225817e-11 -3.560015114982508380e-12
1.052657549939331996e-11 -3.374260331409485705e-12
9.974130232303122052e-12 -3.198643338901255770e-12
9.445514404928606161e-12 -3.033042502748074131e-12
8.962693565378854384e-12 -2.883460852323955853e-12
8.457601977120193317e-12 -2.717482098401518550e-12
7.976702376280716196e-12 -2.578335550301783148e-12
7.569650394860403323e-12 -2.437143241057578712e-12
7.138763066245756055e-12 -2.291822480443110194e-12
6.746544673299404630e-12 -2.154353729903490455e-12
6.359670039357481042e-12 -2.034288570630874205e-12
6.006939487747020805e-12 -1.925857399798451212e-12
5.644929770830300602e-12 -1.797174951461451372e-12
5.304293721258179775e-12 -1.689825438230881594e-12
4.993073821513544422e-12 -1.604585459837987121e-12
4.816407368046870597e-12 -1.547596059952816391e-12
4.520243666787465964e-12 -1.444647378578867408e-12
4.272118965251097687e-12 -1.353350104576976264e-12
4.056833012096042949e-12 -1.268690542828701774e-12
3.730273534914713679e-12 -1.191265326398912624e-12
3.546536836508330144e-12 -1.140617699183566602e-12
3.372701579116493457e-12 -1.075282256491130952e-12
3.266739803089588410e-12 -9.994238036825347485e-13
3.042630916795631369e-12 -9.680768121616330750e-13
2.785034573394072980e-12 -9.343650243889521716e-13
2.697613690318248737e-12 -8.542281723885261250e-13
2.527866646727622501e-12 -7.709451790455719543e-13
2.017477069198490347e-12 -6.678033610282840955e-13
2.915256848805115996e-11 -9.304141193212319735e-12
-2.792661737451462372e-09 9.281182347390720715e-10
