-1.950089229741597136e-05 -4.084361962766244877e-04
-1.926770744747792203e-05 -4.086890178164201632e-04
-1.889027834070994744e-05 -4.083404289206365675e-04
-1.838042000444148750e-05 -4.073402755448795698e-04
-1.778548922528903008e-05 -4.055615591533881167e-04
-1.714942073237613504e-05 -4.029895924747426881e-04
-1.649229877161150986e-05 -3.996355732442147019e-04
-1.582559625230262973e-05 -3.955190870031768989e-04
-1.515673041918833057e-05 -3.906632797826187545e-04
-1.449088597273839247e-05 -3.850931573795325635e-04
-1.383187784239414683e-05 -3.788348797644704603e-04
-1.318260859247152338e-05 -3.719154235280043401e-04
-1.254533221762581108e-05 -3.643623943651927021e-04
-1.192181673358768879e-05 -3.562039048881948428e-04
-1.131345006954445013e-05 -3.474684822386578885e-04
-1.072131239503491419e-05 -3.381849898269716345e-04
-1.014622765889930812e-05 -3.283825560920790158e-04
-9.588801757583274420e-06 -3.180905070538168336e-04
-9.049451820303217953e-06 -3.073383012431215840e-04
-8.528429422410035684e-06 -2.961554664582377984e-04
-8.025839541143746212e-06 -2.845715382031067660e-04
-7.541656454622647934e-06 -2.726159998501607052e-04
-7.075737396568498438e-06 -2.603182246473831037e-04
-6.627834526870975582e-06 -2.477074197124829271e-04
-6.197605610556967769e-06 -2.348125721533658511e-04
-5.784623684027651817e-06 -2.216623974387492489e-04
-5.388385909238472353e-06 -2.082852901233680403e-04
-5.008321761709185567e-06 -1.947092770113431940e-04
-4.643800659257600792e-06 -1.809619728202864215e-04
-4.294139110626939791e-06 -1.670705383907514804e-04
-3.958607442935421035e-06 -1.530616414690084081e-04
-3.636436152142772791e-06 -1.389614200752613596e-04
-3.326821909914251600e-06 -1.247954484565021041e-04
-3.028933252337835540e-06 -1.105887056116323344e-04
-2.741915970036414023e-06 -9.636554636553789851e-05
-2.464898214845612879e-06 -8.214967496027540379e-05
-2.196995335122451329e-06 -6.796412112330908403e-05
-1.937314449320208385e-06 -5.383121856590291851e-05
-1.684958765838249416e-06 -3.977258585890537266e-05
-1.439031655923596107e-06 -2.580910962738572464e-05
-1.198640485546951677e-06 -1.196093000143239846e-05
-9.629002116651010144e-07 1.752571743331644156e-06
-7.309367479388846288e-07 1.531278342510768633e-05
-5.018901047235456116e-07 2.870187014764984858e-05
-2.749173081234417162e-07 4.190278051963958173e-05
-4.919510290814776163e-08 5.489925097783585555e-05
1.760775558481344050e-07 6.767580829163081656e-05
4.016772174119880877e-07 8.021777032822078885e-05
6.283538512545852600e-07 9.251124515802548135e-05
8.568289588129519502e-07 1.045431285796307531e-04
1.087793875715113392e-06 1.163011001444427838e-04
1.321908258953385653e-06 1.277736177611094362e-04
1.559798753196512392e-06 1.389499109582499690e-04
1.802057830361058588e-06 1.498199728841673347e-04
2.049242796467937028e-06 1.603745511214698782e-04
2.301874959604071122e-06 1.706051373926681489e-04
2.560438952818005055e-06 1.805039562325445250e-04
2.825382205604839774e-06 1.900639527011990446e-04
3.097114557628370264e-06 1.992787792097369887e-04
3.376008008244100271e-06 2.081427815296814387e-04
3.662396595415804565e-06 2.166509840552908203e-04
3.956576397575247374e-06 2.247990743859292200e-04
4.258805651996984941e-06 2.325833872938493812e-04
4.569304983248873947e-06 2.400008881406537461e-04
4.888257735394483527e-06 2.470491558035947427e-04
5.215810401614901062e-06 2.537263651713495558e-04
5.552073145052886254e-06 2.600312692662774382e-04
5.897120404694371085e-06 2.659631810479261369e-04
6.250991580286477031e-06 2.715219549507533929e-04
6.613691790300910955e-06 2.767079682067044317e-04
6.985192697209951230e-06 2.815221020011498014e-04
7.365433394333612861e-06 2.859657225084742769e-04
7.754321348732112984e-06 2.900406618511556221e-04
8.151733394760293420e-06 2.937491990245189749e-04
8.557516773072369206e-06 2.970940408271374321e-04
8.971490209948692940e-06 3.000783028341129930e-04
9.393445032069839998e-06 3.027054904490774105e-04
9.823146312026588670e-06 3.049794800686530518e-04
1.026033403995032963e-05 3.069045003906052411e-04
1.070472431690912881e-05 3.084851138952324906e-04
1.115601056586073677e-05 3.097261985276999986e-04
1.161386475613560102e-05 3.106329296070955417e-04
1.207793863762330475e-05 3.112107619859717398e-04
1.254786498097911946e-05 3.114654124824306177e-04
1.302325882037615591e-05 3.114028426050421744e-04
1.350371869551344738e-05 3.110292415893167956e-04
1.398882788977771734e-05 3.103510097627148849e-04
1.447815566158288967e-05 3.093747422534954931e-04
1.497125846615118101e-05 3.081072130573547004e-04
1.546768116512178758e-05 3.065553594742066626e-04
1.596695822159610763e-05 3.047262669261339291e-04
1.646861487833662375e-05 3.026271541660898075e-04
1.697216831704037558e-05 3.002653588856317966e-04
1.747712879674484412e-05 2.976483237288110855e-04
1.798300076960149182e-05 2.947835827180302548e-04
1.848928397238023313e-05 2.916787480966706787e-04
1.899547449225123577e-05 2.883414975919763672e-04
1.950106580543865538e-05 2.847795621009909482e-04
2.000554978763898091e-05 2.810007138011433011e-04
2.050841769506508722e-05 2.770127546860461695e-04
2.100916111521780100e-05 2.728235055265157221e-04
2.150727288653318692e-05 2.684407952557918810e-04
2.200224798622805284e-05 2.638724507772222550e-04
2.249358438576134930e-05 2.591262871917410769e-04
2.298078387343837481e-05 2.542100984422504930e-04
2.346335284374037269e-05 2.491316483710083419e-04
2.394080305314839121e-05 2.438986621856187992e-04
2.441265234227211206e-05 2.385188183286359831e-04
2.487842532415596213e-05 2.329997407454693947e-04
2.533765403877535620e-05 2.273489915446626935e-04
2.578987857381050494e-05 2.215740640441997292e-04
2.623464765176733275e-05 2.156823761971707993e-04
2.667151918373849770e-05 2.096812643896727802e-04
2.710006079002114047e-05 2.035779776035231774e-04
2.751985028796330804e-05 1.973796719363789015e-04
2.793047614738982537e-05 1.910934054711176545e-04
2.833153791410882830e-05 1.847261334863681650e-04
2.872264660192006501e-05 1.782847039998296127e-04
2.910342505374874497e-05 1.717758536360407479e-04
2.947350827238623633e-05 1.652062038099322728e-04
2.983254372154147928e-05 1.585822572172909445e-04
3.018019159777310753e-05 1.519103946233526050e-04
3.051612507404345877e-05 1.451968719407135304e-04
3.084003051554471775e-05 1.384478175875068491e-04
3.115160766860364174e-05 1.316692301168548003e-04
3.145056982328950438e-05 1.248669761088181296e-04
3.173664395062223201e-05 1.180467883155514417e-04
3.200957081506562284e-05 1.112142640510078209e-04
3.226910506317406122e-05 1.043748638162551526e-04
3.251501528911918967e-05 9.753391015124025223e-05
3.274708407798020430e-05 9.069658670468709876e-05
3.296510802755641013e-05 8.386793751328625696e-05
3.316889774957345694e-05 7.705286648130348971e-05
3.335827785105902955e-05 7.025613705269380545e-05
3.353308689671628232e-05 6.348237206682977871e-05
3.369317735315636894e-05 5.673605378970725347e-05
3.383841551573812646e-05 5.002152411287652642e-05
3.396868141888749302e-05 4.334298491175624362e-05
3.408386873061270696e-05 3.670449855563664754e-05
3.418388463211579866e-05 3.010998856176156651e-05
3.426864968320407641e-05 2.356324038578927826e-05
3.433809767428029397e-05 1.706790234165021596e-05
3.439217546572199502e-05 1.062748664335683914e-05
3.443084281533197752e-05 4.245370561725015609e-06
3.445407219463652568e-05 -2.075202310605449161e-06
3.446184859476639033e-05 -8.331120692549953764e-06
3.445416932254041027e-05 -1.451940415294551840e-05
3.443104378756141603e-05 -2.063720156014684767e-05
3.439249328087530603e-05 -2.668178944898492389e-05
3.433855074594363761e-05 -3.265057031077991202e-05
3.426926054253836320e-05 -3.854107081231005193e-05
3.418467820412836528e-05 -4.435093994968824729e-05
3.408487018941393541e-05 -5.007794714182540671e-05
3.396991362863990512e-05 -5.571998026889570530e-05
3.383989606511333704e-05 -6.127504366125088289e-05
3.369491519259527098e-05 -6.674125604326928605e-05
3.353507858906797556e-05 -7.211684843652520400e-05
3.336050344737345649e-05 -7.740016202733532606e-05
3.317131630316721606e-05 -8.258964600279978814e-05
3.296765276078186737e-05 -8.768385535922113613e-05
3.274965721733749874e-05 -9.268144868710475270e-05
3.251748258558195630e-05 -9.758118593673130274e-05
3.227129001589846603e-05 -1.023819261675924558e-04
3.201124861785135863e-05 -1.070826252852149791e-04
3.173753518166584099e-05 -1.116823337689953444e-04
3.145033389998530310e-05 -1.161801943940721173e-04
3.114983609024037244e-05 -1.205754399502006498e-04
3.083623991803976122e-05 -1.248673909605404401e-04
3.050975012183510874e-05 -1.290554534030646490e-04
3.017057773912726104e-05 -1.331391164372942957e-04
2.981893983452482536e-05 -1.371179501388761549e-04
2.945505922992270906e-05 -1.409916032441120039e-04
2.907916423713627823e-05 -1.447598009066197256e-04
2.869148839300878141e-05 -1.484223424685673085e-04
2.829227019734688745e-05 -1.519790992482313540e-04
2.788175285399087903e-05 -1.554300123453713827e-04
2.746018401495649579e-05 -1.587750904666823193e-04
2.702781552803413227e-05 -1.620144077726337584e-04
2.658490318790215532e-05 -1.651481017473917061e-04
2.613170649096601786e-05 -1.681763710928671799e-04
2.566848839400341016e-05 -1.710994736485481674e-04
2.519551507673769249e-05 -1.739177243380236112e-04
2.471305570852756561e-05 -1.766314931436270455e-04
2.422138221919386368e-05 -1.792412031099561683e-04
2.372076907409348894e-05 -1.817473283772078920e-04
2.321149305354632325e-05 -1.841503922452744863e-04
2.269383303667861344e-05 -1.864509652692923180e-04
2.216806978967658957e-05 -1.886496633873214102e-04
2.163448575862504544e-05 -1.907471460808213303e-04
2.109336486677952332e-05 -1.927441145684969791e-04
2.054499231661161061e-05 -1.946413100336782909e-04
1.998965439625415263e-05 -1.964395118860579764e-04
1.942763829069609074e-05 -1.981395360579615373e-04
1.885923189758675558e-05 -1.997422333351485521e-04
1.828472364762412643e-05 -2.012484877228159998e-04
1.770440232965820785e-05 -2.026592148468341157e-04
1.711855692024931175e-05 -2.039753603900792002e-04
1.652747641805449508e-05 -2.051978985641985873e-04
1.593144968248691611e-05 -2.063278306167705325e-04
1.533076527718485390e-05 -2.073661833738898368e-04
1.472571131791180277e-05 -2.083140078176975779e-04
1.411657532469634953e-05 -2.091723776995491090e-04
1.350364407866284287e-05 -2.099423881878994852e-04
1.288720348314610479e-05 -2.106251545510301059e-04
1.226753842892655402e-05 -2.112218108747131759e-04
1.164493266406426100e-05 -2.117335088138712178e-04
1.101966866765310865e-05 -2.121614163787485005e-04
1.039202752771017127e-05 -2.125067167544914806e-04
9.762288823390523178e-06 -2.127706071544867999e-04
9.130730510766519521e-06 -2.129542977067409946e-04
8.497628812816810471e-06 -2.130590103731014740e-04
7.863258113108183631e-06 -2.130859779007318914e-04
7.227890853462551599e-06 -2.130364428056100211e-04
6.591797435030584928e-06 -2.129116563874338351e-04
5.955246123068420659e-06 -2.127128777757599746e-04
5.318502955246873481e-06 -2.124413730065121872e-04
4.681831653436981919e-06 -2.120984141286647658e-04
4.045493538680977769e-06 -2.116852783407496494e-04
3.409747449579976383e-06 -2.112032471562506290e-04
2.774849663746742066e-06 -2.106536055976980103e-04
2.141053822581664426e-06 -2.100376414186700443e-04
1.508610858740553755e-06 -2.093566443533330390e-04
8.777689267075321526e-07 -2.086119053933710194e-04
2.487733360196451308e-07 -2.078047160908905145e-04
-3.781335123792211434e-07 -2.069363678872161185e-04
-1.002712187442086826e-06 -2.060081514671881675e-04
-1.624726286779244627e-06 -2.050213561381750496e-04
-2.243942492791219619e-06 -2.039772692332356835e-04
-2.860130626166597692e-06 -2.028771755377285204e-04
-3.473063697552922530e-06 -2.017223567391506346e-04
-4.082517956252226720e-06 -2.005140908989197371e-04
-4.688272937522878573e-06 -1.992536519468569986e-04
-5.290111507280514331e-06 -1.979423091961978571e-04
-5.887819904644277797e-06 -1.965813268792933886e-04
-6.481187782764387761e-06 -1.951719637038911348e-04
-7.070008247687490927e-06 -1.937154724282688797e-04
-7.654077894930941489e-06 -1.922130994556434525e-04
-8.233196845092572756e-06 -1.906660844465551702e-04
-8.807168776325857343e-06 -1.890756599491617265e-04
-9.375800956240680766e-06 -1.874430510466798506e-04
-9.938904271824781995e-06 -1.857694750210485272e-04
-1.049629325700233631e-05 -1.840561410326251003e-04
-1.104778611938974237e-05 -1.823042498149725766e-04
-1.159320476477899941e-05 -1.805149933846071305e-04
-1.213237481984384674e-05 -1.786895547648538430e-04
-1.266512565335752230e-05 -1.768291077226094349e-04
-1.319129039579325759e-05 -1.749348165182709812e-04
-1.371070595662504581e-05 -1.730078356683636422e-04
-1.422321303994709042e-05 -1.710493097188079683e-04
-1.472865615863820344e-05 -1.690603730299015213e-04
-1.522688364574092060e-05 -1.670421495712171511e-04
-1.571774766315015362e-05 -1.649957527266102922e-04
-1.620110420915140895e-05 -1.629222851084561545e-04
-1.667681312273272765e-05 -1.608228383791053691e-04
-1.714473808481389280e-05 -1.586984930812134235e-04
-1.760474661673715741e-05 -1.565503184752048231e-04
-1.805671007559718244e-05 -1.543793723830673415e-04
-1.850050364405746465e-05 -1.521867010372495279e-04
-1.893600632002041063e-05 -1.499733389360405247e-04
-1.936310089652967429e-05 -1.477403087004510167e-04
-1.978167394024800169e-05 -1.454886209389468399e-04
-2.019161576271457070e-05 -1.432192741116548819e-04
-2.059282038506857256e-05 -1.409332543988394380e-04
-2.098518549345998130e-05 -1.386315355696046507e-04
-2.136861239018584931e-05 -1.363150788519842938e-04
-2.174300593292554946e-05 -1.339848328040275590e-04
-2.210827446205496360e-05 -1.316417331827622736e-04
-2.246432971700394751e-05 -1.292867028123049036e-04
-2.281108674060080193e-05 -1.269206514502548629e-04
-2.314846376516611090e-05 -1.245444756519099004e-04
-2.347638208045527388e-05 -1.221590586315578003e-04
-2.379476588467061793e-05 -1.197652701187856724e-04
-2.410354210949505337e-05 -1.173639662129685149e-04
-2.440264022106983791e-05 -1.149559892300820718e-04
-2.469199198971934583e-05 -1.125421675502060576e-04
-2.497153122512580365e-05 -1.101233154601566024e-04
-2.524119347643408013e-05 -1.077002329894064295e-04
-2.550091568822377618e-05 -1.052737057465981450e-04
-2.575063580203388773e-05 -1.028445047580351399e-04
-2.599029230387172367e-05 -1.004133863052505672e-04
-2.621982371595593241e-05 -9.798109177177687340e-05
-2.643916800576862135e-05 -9.554834749718193619e-05
-2.664826191937480268e-05 -9.311586464699468744e-05
-2.684704021979394186e-05 -9.068433911417611288e-05
-2.703543482701695059e-05 -8.825445145209014693e-05
-2.721337384120815799e-05 -8.582686685808362046e-05
-2.738078045183835424e-05 -8.340223522633686127e-05
-2.753757169090162676e-05 -8.098119129150454414e-05
-2.768365705380961412e-05 -7.856435488586191028e-05
-2.781893696683439797e-05 -7.615233135410138241e-05
-2.794330109319124588e-05 -7.374571215156339372e-05
-2.805662647784308602e-05 -7.134507570684871052e-05
-2.815877556284337180e-05 -6.895098856022080643e-05
-2.824959407734972224e-05 -6.656400688629732698e-05
-2.832890885651274111e-05 -6.418467843315254617e-05
-2.839652566509651111e-05 -6.181354499819448161e-05
-2.845222709910845096e-05 -5.945114546512568016e-05
-2.849577071347815597e-05 -5.709801946723427652e-05
-2.852688754426899322e-05 -5.475471171882267545e-05
-2.854528117702704736e-05 -5.242177699061422835e-05
-2.855062761981727181e-05 -5.009978564038811616e-05
-2.854257613704812952e-05 -4.778932954646785211e-05
-2.852075123798039383e-05 -4.549102826993461983e-05
-2.848475591571109249e-05 -4.320553507138229964e-05
-2.843417613022555305e-05 -4.093354250925767364e-05
-2.836858644755249696e-05 -3.867578722370151423e-05
-2.828755659459182266e-05 -3.643305366517796855e-05
-2.819065858596390755e-05 -3.420617651142888370e-05
-2.807747406804762406e-05 -3.199604170117103662e-05
-2.794760155008416437e-05 -2.980358614060789490e-05
-2.780066313405172741e-05 -2.762979621032230255e-05
-2.763631059920324895e-05 -2.547570529091546920e-05
-2.745423058652665064e-05 -2.334239063838383768e-05
-2.725414897070041329e-05 -2.123096975878873536e-05
-2.703583432911620604e-05 -1.914259658260137137e-05
-2.679910067134385577e-05 -1.707845764453233832e-05
-2.654380947969397499e-05 -1.503976837087034395e-05
-2.626987119142297272e-05 -1.302776957186109016e-05
-2.597724624869415379e-05 -1.104372418558430513e-05
-2.566594580985319916e-05 -9.088914328245823162e-06
-2.533603220692908536e-05 -7.164638612704174772e-06
-2.498761926682275408e-05 -5.272209761411569331e-06
-2.462087246383276869e-05 -3.412952478202102022e-06
-2.423600907503250035e-05 -1.588201520129772543e-06
-2.383329823749551470e-05 2.006999897404756767e-07
-2.341306103397321198e-05 1.952402125110472702e-06
-2.297567062172960892e-05 3.665549539541826772e-06
-2.252155229092896985e-05 5.338782758269438591e-06
-2.205118366031901835e-05 6.970739360393700567e-06
-2.156509485469453120e-05 8.560055082515748948e-06
-2.106386867762544894e-05 1.010536488288298964e-05
-2.054814090593064133e-05 1.160530395342551031e-05
-2.001860048382437420e-05 1.305850868950802841e-05
-1.947598985847565539e-05 1.446361767492546253e-05
-1.892110522751315924e-05 1.581927260422085244e-05
-1.835479687065927950e-05 1.712411926409184514e-05
-1.777796940872318897e-05 1.837680850925579656e-05
-1.719158207394511973e-05 1.957599723567343491e-05
-1.659664893583280259e-05 2.072034934794362098e-05
-1.599423908386162193e-05 2.180853678527676590e-05
-1.538547679213291472e-05 2.283924055455003709e-05
-1.477154155022811455e-05 2.381115175298648197e-05
-1.415366803792574655e-05 2.472297265406175250e-05
-1.353314600744165886e-05 2.557341774849356379e-05
-1.291132004271742083e-05 2.636121487805564677e-05
-1.228958914240440385e-05 2.708510623970014172e-05
-1.166940616682580392e-05 2.774384951916762610e-05
-1.105227712994973102e-05 2.833621894619594558e-05
-1.043976020901412126e-05 2.886100632840279845e-05
-9.833464575200626413e-06 2.931702202316153067e-05
-9.235048878712601354e-06 2.970309584333015281e-05
-8.646219588293352731e-06 3.001807792140616041e-05
-8.068728871323398605e-06 3.026083946687522965e-05
-7.504372100172325999e-06 3.043027331306021803e-05
-6.954985098138579093e-06 3.052529431840407000e-05
-6.422440710438154252e-06 3.054483967974275368e-05
-5.908645108379310037e-06 3.048786883468729202e-05
-5.415533399430504280e-06 3.035336309210034052e-05
-4.945064713308511099e-06 3.014032501392351247e-05
-4.499216601704753040e-06 2.984777733614199562e-05
-4.079978781199382988e-06 2.947476131412224412e-05
-3.689346000652736699e-06 2.902033458952034907e-05
-3.329310132849870879e-06 2.848356835025653842e-05
-3.001851388894881265e-06 2.786354380178416201e-05
-2.708928344831814227e-06 2.715934759364902916e-05
-2.452467030777069154e-06 2.637006647935286567e-05
-2.234348792274538100e-06 2.549478059841777313e-05
-2.056396690009965317e-06 2.453255561848892617e-05
-1.920360675578711582e-06 2.348243319954084122e-05
-1.827901124734980815e-06 2.234341993141105473e-05
-1.780570663424506164e-06 2.111447426431487757e-05
-1.779794115853255492e-06 1.979449106090927222e-05
-1.826846498881548195e-06 1.838228407524669845e-05
-1.922828620784782474e-06 1.687656532082816010e-05
-2.068640509460481276e-06 1.527592137581022076e-05
-2.264952045434458362e-06 1.357878609180863351e-05
-2.512170260318000274e-06 1.178340937519810188e-05
-2.810404095540200713e-06 9.887821346159766237e-06
-3.159424910317324086e-06 7.889791425752832677e-06
-3.558622952192815556e-06 5.786781880843608960e-06
-4.006959457885703096e-06 3.575894571461446435e-06
-4.502913584991436663e-06 1.253810779426571505e-06
-5.044423065458757766e-06 -1.183277406502672926e-06
-5.628818860145522399e-06 -3.739745057880720535e-06
-6.252751478028602653e-06 -6.420622714398252030e-06
-6.912109068961074638e-06 -9.231696329822033383e-06
-7.601924856600009731e-06 -1.217962129646092017e-05
-8.316272633249187395e-06 -1.527205115194377026e-05
-9.048148061682428599e-06 -1.851778478689049468e-05
-9.789334479865485401e-06 -2.192693322590293353e-05
-1.053024746446691993e-05 -2.551110921560016315e-05
-1.125975718486733704e-05 -2.928364447874739145e-05
-1.196498240141876018e-05 -3.325983801830798041e-05
-1.263105078460920754e-05 -3.745723995745480953e-05
-1.324081869530009454e-05 -4.189597953128590115e-05
-1.377454161094262227e-05 -4.659914300736084852e-05
-1.420948512766041043e-05 -5.159321137690625229e-05
-1.451946256523594114e-05 -5.690857052310921557e-05
-1.467428344257457222e-05 -6.258010942604212126e-05
-1.463909292563023890e-05 -6.864792154906925489e-05
-1.437357614150787044e-05 -7.515813629976566450e-05
-1.383099585198747323e-05 -8.216390964021138697e-05
-1.295702643169906185e-05 -8.972661010992647541e-05
-1.168833119180308859e-05 -9.791725182011969282e-05
-9.950825280720436983e-06 -1.068182356321307434e-04
-7.657540403320692686e-06 -1.165254818218822375e-04
-4.706001150059549449e-06 -1.271510618637664589e-04
-9.749807207627145535e-07 -1.388264736630939787e-04
3.679516623437862606e-06 -1.517067467879339962e-04
9.429246190577700526e-06 -1.659756337901465404e-04
1.647994386561843798e-05 -1.818522289025806802e-04
2.507909526080276055e-05 -1.995994776821131142e-04
3.552566058156765973e-05 -2.195352124370356052e-04
4.818227385523247074e-05 -2.420465847641643028e-04
6.349055926878111088e-05 -2.676091183978879890e-04
8.199037372316517300e-05 -2.968120727059238317e-04
1.043439624522480804e-04 -3.303925138768154936e-04
1.313662032221816524e-04 -3.692814954359823366e-04
1.640622941159269822e-04 -4.146671964073036349e-04
2.036743240894800945e-04 -4.680819992624899936e-04
2.517380150190964751e-04 -5.315235912109741653e-04
3.101502960549586824e-04 -6.076247066715168444e-04
3.812467205142640986e-04 -6.998927968504279002e-04
4.678841963291273344e-04 -8.130505921076929031e-04
5.735172861002239744e-04 -9.535225040636687846e-04
7.022425652696393135e-04 -1.130131770898360486e-03
8.587597453059163301e-04 -1.355100855981825059e-03
1.048151346276433079e-03 -1.645484230522583019e-03
1.275299136696095986e-03 -2.025207460576809552e-03
1.543609457279523532e-03 -2.527932400914133584e-03
1.852471219165896434e-03 -3.200993193927524714e-03
2.192461258082955763e-03 -4.110597691129020889e-03
2.536668900050915911e-03 -5.348243298490374699e-03
2.825572351313866172e-03 -7.037612761586239767e-03
2.941694120989874709e-03 -9.339641939808176682e-03
2.669123709177876821e-03 -1.245023074975089294e-02
1.633005248823829903e-03 -1.657912676478194916e-02
-7.821144429389042911e-04 -2.188881006074851546e-02
-5.523288853916286101e-03 -2.835909707058975257e-02
-1.392715754094612894e-02 -3.553183925574306123e-02
-2.764495475170967997e-02 -4.209706820315222559e-02
-4.825152719710636834e-02 -4.534322522337898981e-02
-7.628774467378023061e-02 -4.066433047775249582e-02
-1.095570864436674341e-01 -2.163193181827781711e-02
-1.409280124977191351e-01 1.849669557507828757e-02
-1.568633737055040167e-01 8.295612418797239374e-02
-1.391097215917713181e-01 1.655560213485743615e-01
-7.209394789638577661e-02 2.455751055994938314e-01
4.449060018075308431e-02 2.893589632669276157e-01
1.849469999386038344e-01 2.637562257278911471e-01
3.005177722577400123e-01 1.581764954905375831e-01
3.419404745380687505e-01 0.000000000000000000e+00
2.899816568939512229e-01 -1.537282070875923834e-01
1.695139354677923371e-01 -2.477264737876911371e-01
3.349153838782799320e-02 -2.597008177511772042e-01
-6.983004783639620849e-02 -2.069490724988881369e-01
-1.198137595123880544e-01 -1.273398568287187338e-01
-1.234811197609845951e-01 -5.447101535280822471e-02
-1.008685846375503570e-01 -4.848514312449923522e-03
-7.071470884358257991e-02 2.062393864579934247e-02
-4.410563666082612660e-02 2.879961662076412077e-02
-2.490856544431564040e-02 2.753903656000923975e-02
-1.278551519047828842e-02 2.256535705051842047e-02
-5.875690105763569163e-03 1.704855346105408828e-02
-2.278749341008463707e-03 1.232323766141565739e-02
-5.790093116773395486e-04 8.717352897223158009e-03
1.225138026097254097e-04 6.126568083493027367e-03
3.402702601451788292e-04 4.321564977733337830e-03
3.462513338375496205e-04 3.079644843629185478e-03
2.744185149407350863e-04 2.225462035235681660e-03
1.857458646296852227e-04 1.633384697254082257e-03
1.049389857668857530e-04 1.217631472200240983e-03
3.979476462656751878e-05 9.210072616834847226e-04
-9.136025246751824496e-06 7.057176654911549328e-04
-4.397339094449096656e-05 5.467702272239562556e-04
-6.747514751629803240e-05 4.275166874954412365e-04
-8.221967926822319197e-05 3.367342949741930123e-04
-9.034198521746455784e-05 2.667419228698008965e-04
-9.350465250435692011e-05 2.121887849597628613e-04
-9.295664623762354951e-05 1.692734210457937202e-04
-8.961545276498021325e-05 1.352366615480714545e-04
-8.414660398793159920e-05 1.080295574494265226e-04
-7.703168114413221502e-05 8.609401971398567195e-05
-6.862315539468734891e-05 6.821684641946291919e-05
-5.918705244386695847e-05 5.343217894657541179e-05
-4.893519195068226230e-05 4.095629485659520023e-05
-3.804877776439916857e-05 3.014415093081016566e-05
-2.669493604930192469e-05 2.046056763751263413e-05
-1.503750938122778035e-05 1.146123452087581716e-05
-3.243269685140105999e-06 2.780138057056905954e-06
8.515459795218360850e-06 -5.878936565853789861e-06
2.006091189936588492e-05 -1.474848984090959131e-05
3.121195144215393400e-05 -2.400210391867470933e-05
4.178746437711041242e-05 -3.375872067808809976e-05
5.161048996342514707e-05 -4.408686335150967267e-05
6.051264456590202867e-05 -5.500906053797820975e-05
6.833845587706264364e-05 -6.650659008294689109e-05
7.494932851185295093e-05 -7.852454743418989377e-05
8.022694619927772989e-05 -9.097717549381029991e-05
8.407597776840413555e-05 -1.037533510755246299e-04
8.642602835561565510e-05 -1.167221116055579776e-04
8.723281510352514311e-05 -1.297381016070544321e-04
8.647859427258251330e-05 -1.426468254487591391e-04
8.417189362875961806e-05 -1.552896091831723819e-04
8.034661783957528359e-05 -1.675081940333985567e-04
7.506060898084736081e-05 -1.791489043695592071e-04
6.839375065032990680e-05 -1.900663457941234439e-04
6.044569552005972632e-05 -2.001266164873678971e-04
5.133330354464007105e-05 -2.092100180105700431e-04
4.118785553956586518e-05 -2.172132699184459203e-04
3.015211461686937957e-05 -2.240512352118336392e-04
1.837728787231686936e-05 -2.296581753969049425e-04
6.019938327884529790e-06 -2.339885454286037272e-04
-6.761113691771183853e-06 -2.370173458869244464e-04
-1.980785999870942108e-05 -2.387400443183828203e-04
-3.296611379012519955e-05 -2.391720719972618102e-04
-4.608841911701119407e-05 -2.383478971161342010e-04
-5.903682131142292631e-05 -2.363196703390361226e-04
-7.168544523013927145e-05 -2.331554367637208387e-04
-8.392281385081090846e-05 -2.289369082373921731e-04
-9.565381947298737958e-05 -2.237567970644804209e-04
-1.068012376554655342e-04 -2.177157364467322085e-04
-1.173066579314940128e-04 -2.109188439539511734e-04
-1.271306968645220987e-04 -2.034720383964525546e-04
-1.362523766262863740e-04 -1.954782818392144161e-04
-1.446676064901250103e-04 -1.870339859716834449e-04
-1.523867915298260454e-04 -1.782258637986842281e-04
-1.594317133588875031e-04 -1.691285111836234771e-04
-1.658319477378001499e-04 -1.598029345667494950e-04
-1.716211638344896241e-04 -1.502961242509207084e-04
-1.768336567520581383e-04 -1.406416127878666708e-04
-1.815013972783770344e-04 -1.308608272977887098e-04
-1.856517636142939235e-04 -1.209649668708270159e-04
-1.893059884213337310e-04 -1.109571244207554927e-04
-1.924782554037788511e-04 -1.008344259241627779e-04
-1.951753213270451728e-04 -9.059002935912676812e-05
-1.973965257576124055e-04 -8.021490239459481367e-05
-1.991340643102878431e-04 -6.969935551588082466e-05
-2.003734271051690766e-04 -5.903434363454859572e-05
-2.010939351622575890e-04 -4.821257015220813206e-05
-2.012693325115791571e-04 -3.722943252236650662e-05
-2.008684129206362028e-04 -2.608384807851190452e-05
-1.998556744402434841e-04 -1.477899299380744662e-05
-1.981920051377909114e-04 -3.322980576536592876e-06
-1.958354101987270883e-04 8.270501707369695365e-06
-1.927417940946638214e-04 1.998158369005289907e-05
-1.888658141751562239e-04 3.178362612234352414e-05
-1.841618227364919046e-04 4.364265431261017632e-05
-1.785849153299260816e-04 5.551681602845008899e-05
-1.720921021521606097e-04 6.735587130136304421e-05
-1.646436184678199419e-04 7.910072678496433550e-05
-1.562043882975437063e-04 9.068303176063566501e-05
-1.467456527627855210e-04 1.020248570857082302e-04
-1.362467711750759694e-04 1.130384831006191171e-04
-1.246971979139376821e-04 1.236263271149130633e-04
-1.120986322158155029e-04 1.336810456588457326e-04
-9.846733004185989429e-05 1.430858513420661421e-04
-8.383655720267011401e-05 1.517150885023437390e-04
-6.825915102197523772e-05 1.594351156271422542e-04
-5.181014299184696719e-05 1.661055455851634692e-04
-3.458937756516102457e-05 1.715808967323713353e-04
-1.672404164115057118e-05 1.757127080010611130e-04
1.629003924559930530e-06 1.783521691682700796e-04
2.028122588823262298e-05 1.793533124008819259e-04
3.901091711166739868e-05 1.785768024871955159e-04
5.756238652357532172e-05 1.758943497523278009e-04
7.564606647865336605e-05 1.711937507047954585e-04
9.293979372715588600e-05 1.643845360983599356e-04
1.090915472890715681e-04 1.554041732483160752e-04
1.237239468143436780e-04 1.442247286133601909e-04
1.364408245814166174e-04 1.308598472575494534e-04
1.468361776470650151e-04 1.153718479576456592e-04
1.545057774027434557e-04 9.787866700274090877e-05
1.590616541793149399e-04 7.856031179322778551e-05
1.601495759216639840e-04 5.766440980854202285e-05
1.574694929399658976e-04 3.551036361255973658e-05
1.507987158471938067e-04 1.249155397639542790e-05
1.400173225970891629e-04 -1.092502134705375106e-05
1.251349468287414396e-04 -3.420231668939963457e-05
1.063176821342024002e-04 -5.674065507117606399e-05
8.391335094097556065e-05 -7.788958093436055240e-05
5.847284919093755811e-05 -9.696462626353694861e-05
3.076472029358052356e-05 -1.132692838061536431e-04
1.779585375250935913e-06 -1.261222164940099713e-04
-2.727936272329100628e-05 -1.348893829521934096e-04
-5.502380269403465187e-05 -1.390203301550486253e-04
-7.992952887080317622e-05 -1.380874124387733817e-04
-1.004107133847686393e-04 -1.318261718416737654e-04
-1.149210644096012077e-04 -1.201746043164428666e-04
-1.220815406626365540e-04 -1.033085999904188737e-04
-1.208310286539366138e-04 -8.167055269113967651e-05
-1.105920208616907396e-04 -5.598805257989490576e-05
-9.143791992443832753e-05 -2.727975809586499452e-05
-6.424245180580824631e-05 3.153989809720976640e-06
-3.078549613057440565e-05 3.375750633891657759e-05
6.215247087197696258e-06 6.276367718849594794e-05
4.317814738979723827e-05 8.825389465748878211e-05
7.585375002266935820e-05 1.082214122260185445e-04
9.986221608979499735e-05 1.208441916119569703e-04
1.112533434930633658e-04 1.245605859936192022e-04
