-8.276066542648057023e-03 -1.964478496649479239e-02
3.174011130506564776e-02 -1.349309686555778473e-02
1.057930001299054595e-01 -1.233718746877099717e-02
2.830634849066362979e-01 5.507854475068782452e-03
8.883246244665194968e-01 0.000000000000000000e+00
2.788236488021823001e-01 3.528949422157897503e-02
9.734722712542363821e-02 3.108303351411220369e-02
3.345509441778821841e-02 3.016846963112621016e-02
1.545631756873843028e-02 3.283472061193670050e-02
1.960383745565318775e-02 3.318950414800779514e-02
3.218127292120886301e-02 2.312894252545349971e-02
3.903698433921813649e-02 9.086637721526652500e-04
2.860447163867733261e-02 -2.447656498415974602e-02
1.127907267605943523e-03 -3.614557954662003109e-02
-2.686622318017475516e-02 -2.250424252904850708e-02
-3.308903163305268458e-02 8.590716442241672079e-03
-1.071917234232033431e-02 3.143512733620668076e-02
2.057769534998581812e-02 2.471307354614253604e-02
3.056108567222604738e-02 -5.304092455237247039e-03
9.427721767191993979e-03 -2.810256255335067885e-02
-1.996152650086756991e-02 -2.020875590379172734e-02
-2.592115512987307885e-02 8.635376075090479137e-03
-3.202684722809327929e-03 2.591302499584695329e-02
2.132974520423886605e-02 1.322024729146126405e-02
2.010681637977258795e-02 -1.323490499429152631e-02
-3.654855105601085424e-03 -2.264146979612074659e-02
-2.134537461690753576e-02 -5.648621483471794220e-03
-1.337094780558477358e-02 1.636492943348456103e-02
9.134532674025091711e-03 1.801677990034903504e-02
1.948634067923715740e-02 -8.553069469949547976e-04
7.038714079978676194e-03 -1.722560799444909294e-02
-1.229982004617222527e-02 -1.295486893281303648e-02
-1.639266397440508269e-02 5.403147966862473402e-03
-2.036467698738226705e-03 1.632558373426128487e-02
1.343381734697558783e-02 8.495158931492424043e-03
1.312442035050752354e-02 -7.945448605302366310e-03
-1.268763703440757909e-03 -1.457474234020252057e-02
-1.322519731735689180e-02 -5.195912374293427428e-03
-1.037429534145562979e-02 8.941605132618777110e-03
3.062379485131266812e-03 1.272513214797081800e-02
1.237747686022779361e-02 3.145401520682701742e-03
8.445869762062123420e-03 -8.936770025548511354e-03
-3.693927416147903525e-03 -1.117886886696017358e-02
-1.132464664053445778e-02 -2.166235087029290320e-03
-7.322349367457127792e-03 8.346158147903430177e-03
3.512903334337347683e-03 1.004803666464369576e-02
1.026558075912607781e-02 2.005957862013919499e-03
6.851790555142822300e-03 -7.403486249206220685e-03
-2.763671818949292158e-03 -9.263396484704809405e-03
-9.213213327831988597e-03 -2.421241220911907882e-03
-6.817179120756034980e-03 6.207783010241274546e-03
1.618443621220030069e-03 8.669699367537506834e-03
8.097198058443881574e-03 3.196929074184048057e-03
6.995087251684387400e-03 -4.788861636971689963e-03
-2.058225329453584537e-04 -8.084225875086583496e-03
-6.819179874905010284e-03 -4.131612112210972937e-03
-7.162116037602993257e-03 3.170116327401642856e-03
-1.337211179286344059e-03 7.340135907568801597e-03
5.314878629245368795e-03 5.027892007216575379e-03
7.121821788272095569e-03 -1.410020898346331245e-03
2.852471667878575881e-03 -6.319679045343555221e-03
-3.581932452163994092e-03 -5.696831804297197710e-03
-6.722950838007993833e-03 -3.784504409189059972e-04
-4.158739201447001280e-03 4.982721135558558154e-03
1.701427407497244212e-03 5.982315521932057671e-03
5.894061028208060805e-03 2.037176478300981638e-03
5.085912974522817202e-03 -3.379589929436158362e-03
1.775882791859204838e-04 -5.792608709327957787e-03
-4.658004260821010933e-03 -3.394897751467510633e-03
-5.511242548918041627e-03 1.642537133861452425e-03
-1.869245661557700396e-03 5.126117156790179277e-03
3.133130768269108517e-03 4.313020435964824012e-03
5.398467882502432785e-03 4.846794939509201094e-05
3.204994608589785410e-03 -4.074550436810314182e-03
-1.500017167155798074e-03 -4.725590669663003868e-03
-4.807621263403499302e-03 -1.514804011474993285e-03
-4.078096556149892436e-03 2.799717112506747152e-03
-4.453016744436315288e-05 4.658656069768523159e-03
3.881552948306913817e-03 2.627687524071389228e-03
4.473382643940752856e-03 -1.489420800850694768e-03
1.340970876471067521e-03 -4.220129711444060329e-03
-2.803804269690938437e-03 -3.337365170592041051e-03
-4.462447814615955015e-03 3.103292979929268055e-04
-2.299234739441565964e-03 3.566929098539302952e-03
1.754118888996143450e-03 3.675340630828429888e-03
4.177905226332686954e-03 6.258296652504445222e-04
2.908283739624336825e-03 -2.863262479777374178e-03
-8.708915401755971172e-04 -3.731732122726442481e-03
-3.772326218628930389e-03 -1.271669140344487779e-03
-3.216546389324833905e-03 2.247193975044976810e-03
2.390145051776200718e-04 3.620478832285166024e-03
3.384371631411545612e-03 1.630742437077720500e-03
3.300116917712154607e-03 -1.814072876156112412e-03
1.032002912659827016e-04 -3.444408653747417677e-03
-3.114595595831686891e-03 -1.729398721019314612e-03
-3.224345382506797059e-03 1.616654213044625265e-03
-1.411207521602726549e-04 3.267722415518057710e-03
3.014491092728710346e-03 1.585990635208482831e-03
3.011260737031945869e-03 -1.671154518222263494e-03
-1.359869206897847691e-04 -3.093989990764764181e-03
-3.072527182089940592e-03 -1.188152338162105134e-03
-2.611719291304085214e-03 1.953211530489834188e-03
7.365680660820079747e-04 2.845012940675126396e-03
3.185087710485786164e-03 4.937760535691899065e-04
1.895967957327153236e-03 -2.363820285766394472e-03
-1.617909498735565707e-03 -2.345039446264692885e-03
-3.103212053535458342e-03 5.151263173968383862e-04
-6.992754176005513229e-04 2.656203891754394062e-03
2.556102236170224203e-03 1.354865845562624928e-03
2.406726886078227809e-03 -1.680354006162728970e-03
-9.801739767038263051e-04 -2.373644427984768993e-03
-2.955881282585490211e-03 2.271862518021360976e-04
-6.918915660126972490e-04 2.428904541490074093e-03
2.551099684702540140e-03 1.017830431252903563e-03
1.891645912733220559e-03 -1.880213413580774599e-03
-1.703724683861134598e-03 -1.771631265790114384e-03
-2.507849540667567503e-03 1.165800009855200246e-03
8.617301506174602404e-04 2.079221930323213452e-03
2.704432543662033464e-03 -5.838771194234653730e-04
-2.768899045693691682e-04 -2.119322939220912288e-03
-2.707080898173739106e-03 2.672213464196651926e-04
4.642330634973309677e-05 2.051315750507414631e-03
2.669077725547446944e-03 -2.496438169406482895e-04
-2.058377395004407561e-04 -1.937661514970969757e-03
-2.602133179964599176e-03 5.261193193852275974e-04
7.790261405340832227e-04 1.710508995942637295e-03
2.322666701644327415e-03 -1.041118097559731942e-03
-1.703577188488800045e-03 -1.171080739499023773e-03
-1.431410846237992154e-03 1.562883131986340631e-03
2.546922610371904570e-03 1.205023822498378812e-04
-4.246397717696907825e-04 -1.508373370941859829e-03
-2.148614274381250872e-03 1.150527663179445317e-03
2.491144944842183483e-03 2.299211051764665586e-04
-6.289782467765877520e-04 -1.233129631919905201e-03
-1.663310442229741851e-03 1.291749250726625681e-03
2.936963129216474226e-03 -7.522022861696576242e-04
-2.943253637759496097e-03 1.759613162871932453e-04
2.216343439730116428e-03 1.477893476487088156e-04
-1.363877651912086047e-03 -2.253935938593434299e-04
7.134081043451560075e-04 1.781007831425571435e-04
-3.244436384307124817e-04 -1.057458821118939171e-04
1.301765968960464737e-04 5.172584431947538185e-05
-4.654687197240718675e-05 -2.168709002865919417e-05
1.494577559134951987e-05 7.964659208922404053e-06
-4.331035294296575072e-06 -2.596699033408656384e-06
1.139847826255930510e-06 7.587817950387064101e-07
-2.714592210908123644e-07 -1.998052540467683184e-07
6.033161348371781792e-08 4.785386188236300739e-08
-1.106269836361030092e-08 -1.028515794462556504e-08
2.909371848124815491e-09 2.144719474027449272e-09
3.151537450869321092e-10 -2.946584740934718016e-10
6.794202319632490855e-10 1.345997280003956287e-10
5.637383654834198753e-10 5.694250450766600692e-11
5.249965221258727380e-10 6.221737604363158345e-11
4.797831840602222117e-10 5.557166208274925971e-11
4.392073390344064450e-10 5.102443688297678542e-11
4.016413976451402034e-10 4.662093035560442526e-11
3.670949542249555667e-10 4.259558496671910315e-11
3.352487131167240048e-10 3.891670302738015940e-11
3.059463348603544108e-10 3.552355819333547317e-11
2.790402405830900922e-10 3.236023168080083416e-11
2.542896651188988011e-10 2.951870981692835163e-11
2.316092827297888854e-10 2.686220584793691798e-11
2.107268137672535689e-10 2.444721525000713140e-11
1.916585728461421416e-10 2.221491037639442145e-11
1.741564485882252079e-10 2.018755285302068707e-11
1.581641585376408081e-10 1.833158788548763823e-11
1.435382062293491513e-10 1.664118211688290249e-11
1.301424146225437417e-10 1.508711171324709687e-11
1.179107579600556756e-10 1.365859207946169939e-11
1.067966419647551225e-10 1.234552617051702804e-11
9.667460332701889055e-11 1.112360494532680558e-11
8.734396277255233029e-11 1.007372417488840413e-11
7.895845704775046041e-11 9.145755192783951848e-12
7.128167560994863970e-11 8.254219818848677273e-12
6.437707079695232140e-11 7.429127415552458414e-12
5.799683526430084810e-11 6.714867465782996035e-12
5.225408292047846709e-11 6.018830344010665400e-12
4.711320379908369774e-11 5.479358564772597315e-12
4.236271924019305715e-11 4.993907821093015163e-12
3.795968842302673569e-11 4.425403015617453723e-12
3.421470433136165028e-11 4.043683804848702696e-12
3.079761403442316518e-11 3.595608851805876648e-12
2.757199045495372800e-11 3.240699693304153830e-12
2.475936063203692441e-11 2.916129216718984596e-12
2.210136703848608438e-11 2.511652262220227766e-12
1.982214456734409487e-11 2.236691131086939074e-12
1.771572224596799742e-11 2.037542850693553633e-12
1.579471727841882917e-11 1.948409108912107392e-12
1.410584530710643732e-11 1.573654301934694191e-12
1.255930165065139075e-11 1.449542791401531750e-12
1.124253750883935466e-11 1.309232823016725915e-12
1.008095423187407747e-11 1.271723479951271455e-12
8.965606057548351806e-12 1.105085584922254560e-12
8.082623726222638655e-12 8.190532105876241229e-13
7.050515917522165085e-12 8.537577912664244692e-13
6.225370689920942933e-12 7.382678787598309596e-13
5.331617888001810903e-12 5.517969644712465194e-13
3.382491989269212987e-11 4.005682781100756647e-12
-1.132024043207774518e-08 -9.903019100847800276e-10
