-2.207355358142061574e-02 2.761067028187867006e-02
-1.487105606018074636e-02 1.877484164369896957e-02
5.654690000186277619e-03 -6.356344308643986120e-03
2.000305960024992280e-02 -2.457857135006697238e-02
1.677908931207203885e-02 -2.180034862471485341e-02
3.829054573826793186e-04 -2.372172390550530367e-03
-1.537130075211477591e-02 1.767252845151587662e-02
-1.915816427698630725e-02 2.422880772876854008e-02
-9.584801117023429573e-03 1.430759222120232994e-02
5.726979150102545074e-03 -4.112331557706665024e-03
1.663774012727512949e-02 -1.902537201071235334e-02
1.708493937103057470e-02 -2.218102916898594817e-02
7.840701336015660008e-03 -1.301232296723044829e-02
-5.146323658154916374e-03 2.457063937730043137e-03
-1.480523480668689829e-02 1.587089153811494305e-02
-1.669192337475128296e-02 2.102407028311447865e-02
-1.065611873640314768e-02 1.636390813099811159e-02
-1.571269628839367001e-04 4.857475402785174125e-03
9.879946785837947359e-03 -8.061356273901009936e-03
1.538014745108694237e-02 -1.712761785224891503e-02
1.460455054329074312e-02 -1.925985735403700980e-02
8.417689406332123231e-03 -1.432874847148205531e-02
-4.711118831082415593e-04 -4.698113783118935440e-03
-8.769766147801557471e-03 6.003202972953038466e-03
-1.380768514304601957e-02 1.427751753060276137e-02
-1.429227417924968518e-02 1.782808398188226104e-02
-1.047982899753654301e-02 1.604569427722239358e-02
-3.845163551942037614e-03 9.903511291121769311e-03
3.535543705883290987e-03 1.428814119397701400e-03
9.646821676283725069e-03 -7.004030890963051231e-03
1.304969519305718487e-02 -1.333043018373046215e-02
1.314924154467951752e-02 -1.624630338576799060e-02
1.020282881278449828e-02 -1.538934057216777285e-02
5.125625877286267909e-03 -1.126929192816631710e-02
-8.157185136318312931e-04 -5.019776890783887724e-03
-6.327531949273223350e-03 1.934196337800554461e-03
-1.035764764735303857e-02 8.204431982016563429e-03
-1.226457034407162777e-02 1.269815032119856607e-02
-1.187526425837330188e-02 1.477208876334079601e-02
-9.444755372046654759e-03 1.427619752605850494e-02
-5.546366992226548810e-03 1.150316132434844700e-02
-9.271940675891277624e-04 7.072976621289462501e-03
3.638813813434396520e-03 1.785952837914245740e-03
7.475243954802112713e-03 -3.525331199935328313e-03
1.008994555038777649e-02 -8.121826747974928914e-03
1.121864684844523473e-02 -1.144739012035451628e-02
1.082802225457372980e-02 -1.317647037559824090e-02
9.086245647565740352e-03 -1.322219902475879096e-02
6.311881523801812777e-03 -1.171206981453983519e-02
2.912449914576294586e-03 -8.941124997085537346e-03
-6.772514174266898099e-04 -5.313204732577180532e-03
-4.049298430125769857e-03 -1.279873452363081187e-03
-6.864248956811701795e-03 2.715310995209234326e-03
-8.877883929881076261e-03 6.281931034638486670e-03
-9.953054698646008475e-03 9.114426395146816434e-03
-1.005832683745047640e-02 1.100972319073435790e-02
-9.256196686104990051e-03 1.187178494893044271e-02
-7.684154593808532191e-03 1.170524119281765758e-02
-5.531881409634367870e-03 1.060087581018876596e-02
-3.017522813589632643e-03 8.715937357415038528e-03
-3.654231452916948276e-04 6.252068583759412719e-03
2.212963987945471174e-03 3.433253115491760078e-03
4.533940847647917327e-03 4.856468633675388165e-04
6.451765322356847743e-03 -2.379412436311493899e-03
7.864244564011651020e-03 -4.978475451695366441e-03
8.714156495345716513e-03 -7.164872337916617512e-03
8.987180548600573818e-03 -8.833554948526483458e-03
8.707149952218922601e-03 -9.922305953663109607e-03
7.929471158978520021e-03 -1.040991494758799346e-02
6.733513971862288561e-03 -1.031201554003123404e-02
5.214681382573070102e-03 -9.675296576655941644e-03
3.476742119997996462e-03 -8.570762641832272224e-03
1.624869301478355874e-03 -7.086641330875477485e-03
-2.403105022820837991e-04 -5.321433305801613611e-03
-2.027481806651543986e-03 -3.377489273667149284e-03
-3.658153323246889251e-03 -1.355386315812415806e-03
-5.068944648350007069e-03 6.507278452417584536e-04
-6.212739633912829455e-03 2.556744958452473321e-03
-7.058846519764606919e-03 4.291158219771475969e-03
-7.592332848037410507e-03 5.796632051743595866e-03
-7.812714938624518504e-03 7.030677791103540249e-03
-7.732180463824673070e-03 7.965560632641057598e-03
-7.373511627964270121e-03 8.587577480589100518e-03
-6.767858634731818181e-03 8.895848995929926672e-03
-5.952491162294090352e-03 8.900764441366946708e-03
-4.968631687247970601e-03 8.622207153919567851e-03
-3.859450473454018125e-03 8.087673640616112325e-03
-2.668279199316578830e-03 7.330382136915118869e-03
-1.437079464592440434e-03 6.387448419343006931e-03
-2.051843699125692911e-04 5.298188843799932386e-03
9.916837133468235990e-04 4.102593814321384494e-03
2.122128112615565779e-03 2.839999740839815445e-03
3.159543626081587515e-03 1.547974360338789544e-03
4.082357613922490969e-03 2.614192344594411048e-04
4.874075010799189950e-03 -9.881156852825515383e-04
5.523157928210386917e-03 -2.172917405604475691e-03
6.022770925064663966e-03 -3.269412120165390411e-03
6.370422129451656576e-03 -4.258304597732696754e-03
6.567528521205756933e-03 -5.124576881157387118e-03
6.618931126080198138e-03 -5.857369124370038864e-03
6.532382881553674449e-03 -6.449765110587340165e-03
6.318028723392087390e-03 -6.898503971952324454e-03
5.987894182791914099e-03 -7.203638068643608214e-03
5.555395609018908519e-03 -7.368155058834773355e-03
5.034882141822006468e-03 -7.397580048369597344e-03
4.441216819263376324e-03 -7.299571472975270418e-03
3.789401764164991668e-03 -7.083522134395308333e-03
3.094250267354721907e-03 -6.760174659980820733e-03
2.370106784204086513e-03 -6.341258638328219066e-03
1.630614374333509350e-03 -5.839154839239192075e-03
8.885279258620360854e-04 -5.266590277631301442e-03
1.555705911176797642e-04 -4.636366439705218688e-03
-5.576698074393015127e-04 -3.961121756560115510e-03
-1.241808094524907494e-03 -3.253128380705382679e-03
-1.888696742535709606e-03 -2.524122482936769305e-03
-2.491432626245136499e-03 -1.785166626444047167e-03
-3.044339586240459895e-03 -1.046542274355398558e-03
-3.542930738069825433e-03 -3.176701284165994428e-04
-3.983854268865862948e-03 3.929442392802493661e-04
-4.364826211166949847e-03 1.077742129899542101e-03
-4.684553392938942823e-03 1.730123548554535207e-03
-4.942649448621678349e-03 2.344441805347320575e-03
-5.139546451164207601e-03 2.915983485624095220e-03
-5.276404399856186520e-03 3.440936259837483469e-03
-5.355020481415804189e-03 3.916346843975997832e-03
-5.377739718570371044e-03 4.340071239807122977e-03
-5.347368335825312784e-03 4.710719189598468366e-03
-5.267090909274124190e-03 5.027594578959968322e-03
-5.140392128553427156e-03 5.290633320705683679e-03
-4.970983784372107195e-03 5.500340054871477417e-03
-4.762737405968200423e-03 5.657724811861244291e-03
-4.519622807230436190e-03 5.764240606189527730e-03
-4.245652658929009379e-03 5.821722761844846418e-03
-3.944833083924472426e-03 5.832330618055067348e-03
-3.621120173650878207e-03 5.798492124317135288e-03
-3.278382242713884405e-03 5.722851709908451621e-03
-2.920367575100193264e-03 5.608221702223329871e-03
-2.550677366402859768e-03 5.457537471894496721e-03
-2.172743531249384311e-03 5.273816399124675765e-03
-1.789811021027079693e-03 5.060120684315268062e-03
-1.404924282921182245e-03 4.819523966448904448e-03
-1.020917485934696653e-03 4.555081663274133420e-03
-6.404081407160046834e-04 4.269804907289785276e-03
-2.657937472131089406e-04 3.966637920559226357e-03
1.007488839834374530e-04 3.648438647042738774e-03
4.572619755767097331e-04 3.317962444372957089e-03
8.020031136807095114e-04 2.977848625180693192e-03
1.133439865052629112e-03 2.630609631798704398e-03
1.450242961282728572e-03 2.278622625583730764e-03
1.751278307839047865e-03 1.924123273505761031e-03
2.035598053755105843e-03 1.569201518404805514e-03
2.302430935882535373e-03 1.215799125889451904e-03
2.551172090123904421e-03 8.657088088369563686e-04
2.781372501255592426e-03 5.205747401908758162e-04
2.992728243350796166e-03 1.818942751911102325e-04
3.185069643754306814e-03 -1.489792844463575926e-04
3.358350486226834367e-03 -4.708330404180171690e-04
3.512637352261544464e-03 -7.825901054939422494e-04
3.648099184659514809e-03 -1.083304601477512105e-03
3.764997143302493965e-03 -1.372156167698761805e-03
3.863674810577673226e-03 -1.648444089331474720e-03
3.944548792570026080e-03 -1.911581143754329058e-03
4.008099751515606032e-03 -2.161087252939372042e-03
4.054863896068512490e-03 -2.396583019249557550e-03
4.085424948036191911e-03 -2.617783213806969787e-03
4.100406596477298993e-03 -2.824490276977765623e-03
4.100465444617695278e-03 -3.016587882938510760e-03
4.086284449028171339e-03 -3.194034612416626201e-03
4.058566846341053226e-03 -3.356857771419528499e-03
4.018030558715648959e-03 -3.505147386832819373e-03
3.965403066120578787e-03 -3.639050404817297749e-03
3.901416730857639164e-03 -3.758765112044549269e-03
3.826804557690069528e-03 -3.864535795898770172e-03
3.742296371104967493e-03 -3.956647655400666666e-03
3.648615390302028128e-03 -4.035421970647413981e-03
3.546475181411990352e-03 -4.101211536123953831e-03
3.436576965900174727e-03 -4.154396359604291961e-03
3.319607264144650190e-03 -4.195379626721311081e-03
3.196235852635009433e-03 -4.224583928387167127e-03
3.067114013740061731e-03 -4.242447747318255774e-03
2.932873057519461753e-03 -4.249422197726298103e-03
2.794123094886194741e-03 -4.245968011417313413e-03
2.651452042549117330e-03 -4.232552762294888339e-03
2.505424840974827122e-03 -4.209648320802946569e-03
2.356582866638962711e-03 -4.177728528551217027e-03
2.205443521379069766e-03 -4.137267084037650131e-03
2.052499981997956205e-03 -4.088735628507499109e-03
1.898221094779162232e-03 -4.032602022447063020e-03
1.743051399538899596e-03 -3.969328801867023568e-03
1.587411269415653359e-03 -3.899371804381566130e-03
1.431697153472765750e-03 -3.823178954393987011e-03
1.276281909641185496e-03 -3.741189197816845169e-03
1.121515216403658676e-03 -3.653831575842219574e-03
9.677240534570208125e-04 -3.561524428822695175e-03
8.152132405074422657e-04 -3.464674720393278069e-03
6.642660260264853823e-04 -3.363677473065966855e-03
5.151447172185207252e-04 -3.258915306733097070e-03
3.680913439660970024e-04 -3.150758071648939850e-03
2.233283494943287821e-04 -3.039562568127384106e-03
8.105930185169378435e-05 -2.925672345489413809e-03
-5.853037978340383269e-05 -2.809417572937799017e-03
-1.952726888858206445e-04 -2.691114975974062944e-03
-3.290162901933988337e-04 -2.571067831803281432e-03
-4.596257770683382423e-04 -2.449566017765995082e-03
-5.869809315030414436e-04 -2.326886107374318002e-03
-7.109759897998151100e-04 -2.203291508711844801e-03
-8.315189168564506277e-04 -2.079032640167585797e-03
-9.485306914627639457e-04 -1.954347139143378619e-03
-1.061944604930078031e-03 -1.829460099616588399e-03
-1.171705574472084151e-03 -1.704584334375139646e-03
-1.277769473479387205e-03 -1.579920658657509676e-03
-1.380102479525704973e-03 -1.455658191681304375e-03
-1.478680441268296003e-03 -1.331974673215446372e-03
-1.573488265224784900e-03 -1.209036792155602971e-03
-1.664519322987646549e-03 -1.087000524839358898e-03
-1.751774879466421776e-03 -9.660114805835277440e-04
-1.835263542124693833e-03 -8.462052525490777266e-04
-1.915000732151284947e-03 -7.277077717658809834e-04
-1.991008176714426786e-03 -6.106356628639890644e-04
-2.063313423052283522e-03 -4.950965998294328593e-04
-2.131949373792351408e-03 -3.811896604277423186e-04
-2.196953843453795709e-03 -2.690056781217790567e-04
-2.258369135846888948e-03 -1.586275903486698488e-04
-2.316241641948129336e-03 -5.013078218793487473e-05
-2.370621457885450749e-03 5.641657535673615500e-05
-2.421562022629657630e-03 1.609531931419063604e-04
-2.469119774741360129e-03 2.634243386308358871e-04
-2.513353827780773903e-03 3.637815177484729793e-04
-2.554325663838663378e-03 4.619821645888699270e-04
-2.592098844556767548e-03 5.579893391160026944e-04
-2.626738738990311208e-03 6.517714333940842833e-04
-2.658312267881946574e-03 7.433018864638350938e-04
-2.686887663624020969e-03 8.325589078467714524e-04
-2.712534245378076317e-03 9.195252102571622966e-04
-2.735322208546170017e-03 1.004187751085591860e-03
-2.755322428415386653e-03 1.086537483091504349e-03
-2.772606276832122706e-03 1.166569114084532515e-03
-2.787245451884316251e-03 1.244280875313907029e-03
-2.799311819397308759e-03 1.319674299625151793e-03
-2.808877266321764977e-03 1.392754007237164814e-03
-2.816013564962421053e-03 1.463527501340602987e-03
-2.820792247764002374e-03 1.532004971516005452e-03
-2.823284491937718115e-03 1.598199106003113205e-03
-2.823561013694813552e-03 1.662124912004528171e-03
-2.821691971273180242e-03 1.723799544063582849e-03
-2.817746876529725417e-03 1.783242140379905820e-03
-2.811794514398662827e-03 1.840473666737255055e-03
-2.803902870110438171e-03 1.895516767926969061e-03
-2.794139063288804924e-03 1.948395626249516555e-03
-2.782569288883107901e-03 1.999135827244878476e-03
-2.769258764406245469e-03 2.047764232083628885e-03
-2.754271683059900718e-03 2.094308856591388553e-03
-2.737671172393812882e-03 2.138798756437561375e-03
-2.719519258258424731e-03 2.181263918832933042e-03
-2.699876833481209323e-03 2.221735159627476024e-03
-2.678803631297022470e-03 2.260244026564240619e-03
-2.656358202846543538e-03 2.296822707566830660e-03
-2.632597898662558406e-03 2.331503944577852094e-03
-2.607578854085282685e-03 2.364320952324651046e-03
-2.581355977668192084e-03 2.395307341954392918e-03
-2.553982943126572713e-03 2.424497049257840712e-03
-2.525512184071796156e-03 2.451924267074373325e-03
-2.495994891512396535e-03 2.477623382516975538e-03
-2.465481013790248727e-03 2.501628917685488895e-03
-2.434019258836353332e-03 2.523975474518940117e-03
-2.401657098700323706e-03 2.544697683308956137e-03
-2.368440775824941918e-03 2.563830154686600783e-03
-2.334415311266947821e-03 2.581407434806365798e-03
-2.299624514193653047e-03 2.597463964198609351e-03
-2.264110993586374368e-03 2.612034038859786540e-03
-2.227916170153524441e-03 2.625151775186094615e-03
-2.191080290650127427e-03 2.636851076697714538e-03
-2.153642442222127723e-03 2.647165604077587799e-03
-2.115640568806326054e-03 2.656128747123833941e-03
-2.077111487085101394e-03 2.663773599662170970e-03
-2.038090904434735652e-03 2.670132936191504068e-03
-1.998613436474510393e-03 2.675239190439892417e-03
-1.958712626061444913e-03 2.679124436418239396e-03
-1.918420962036048154e-03 2.681820371367645960e-03
-1.877769899243890558e-03 2.683358299739173856e-03
-1.836789877931213535e-03 2.683769119412944288e-03
-1.795510344161442128e-03 2.683083309769731736e-03
-1.753959769623558707e-03 2.681330920322801473e-03
-1.712165672630616654e-03 2.678541561433716786e-03
-1.670154638762011033e-03 2.674744396376118293e-03
-1.627952341320726025e-03 2.669968134176940820e-03
-1.585583562088618489e-03 2.664241023996745915e-03
-1.543072211145126056e-03 2.657590850073242306e-03
-1.500441348866092626e-03 2.650044928765951137e-03
-1.457713205283980157e-03 2.641630105043807700e-03
-1.414909200743490409e-03 2.632372751180627260e-03
-1.372049965917762409e-03 2.622298765546561376e-03
-1.329155361608002055e-03 2.611433572576308225e-03
-1.286244498685378988e-03 2.599802123025614451e-03
-1.243335757313055292e-03 2.587428895174229571e-03
-1.200446806183841884e-03 2.574337897040715039e-03
-1.157594621306145925e-03 2.560552668022992619e-03
-1.114795504651823173e-03 2.546096282823470235e-03
-1.072065102204968097e-03 2.530991354378803009e-03
-1.029418422082952183e-03 2.515260037619984450e-03
-9.868698516067851180e-04 2.498924034280395820e-03
-9.444331749511989836e-04 2.482004597844191147e-03
-9.021215892032238403e-04 2.464522538400742199e-03
-8.599477210341334530e-04 2.446498228494988197e-03
-8.179236421051928234e-04 2.427951609428726041e-03
-7.760608844059138124e-04 2.408902197032058729e-03
-7.343704554457645755e-04 2.389369088877652328e-03
-6.928628520161052729e-04 2.369370970644154011e-03
-6.515480740886278686e-04 2.348926124052095298e-03
-6.104356375942250222e-04 2.328052434462264935e-03
-5.695345866892794189e-04 2.306767398549131563e-03
-5.288535055301729799e-04 2.285088132876471334e-03
-4.884005286350050733e-04 2.263031382121290756e-03
-4.481833506811473168e-04 2.240613528880232817e-03
-4.082092344220998766e-04 2.217850602505921833e-03
-3.684850183021076524e-04 2.194758289388962225e-03
-3.290171208687747034e-04 2.171351943033428007e-03
-2.898115442711396666e-04 2.147646595419231298e-03
-2.508738739039072284e-04 2.123656967697719940e-03
-2.122092746070609274e-04 2.099397482879977565e-03
-1.738224821562859158e-04 2.074882277444036176e-03
-1.357177870021965000e-04 2.050125213765929735e-03
-9.789900773355243811e-05 2.025139890592719382e-03
-6.036945006860004151e-05 1.999939650054038866e-03
-2.313184358113527686e-05 1.974537574617447975e-03
1.381175451448831662e-05 1.948946461227147415e-03
5.046009902570107908e-05 1.923178741184839412e-03
8.681293558080978648e-05 1.897246277277206622e-03
1.228711264956398462e-04 1.871159914994922771e-03
1.586363818060779413e-04 1.844928746824573557e-03
1.941101879234348123e-04 1.818559669286383233e-03
2.292926903018281226e-04 1.792058108952923525e-03
2.641826526652369181e-04 1.765429147952572286e-03
2.987779772866549924e-04 1.738678064366184269e-03
3.330761417739876986e-04 1.711810422677585881e-03
3.670744548266157716e-04 1.684832017001889519e-03
4.007701930335002085e-04 1.657748791218955058e-03
4.341606728554753877e-04 1.630566770111499053e-03
4.672432880889664181e-04 1.603292006621415740e-03
5.000155289966629101e-04 1.575930542221419149e-03
5.324749907470009442e-04 1.548488378315509987e-03
5.646193762370158627e-04 1.520971454928287401e-03
5.964464949366223272e-04 1.493385635364631635e-03
6.279542601937882938e-04 1.465736695170206808e-03
6.591406847533573228e-04 1.438030314043264564e-03
6.900038757125097908e-04 1.410272070479947357e-03
7.205420288298020580e-04 1.382467438040317848e-03
7.507534228726192452e-04 1.354621783430063741e-03
7.806364130850065473e-04 1.326740365271918696e-03
8.101894253796499117e-04 1.298828334474234902e-03
8.394109498026832957e-04 1.270890734805065099e-03
8.682995343246156968e-04 1.242932504180004148e-03
8.968537785133008904e-04 1.214958476652195068e-03
9.250723269468956456e-04 1.186973385114453586e-03
9.529538633886386681e-04 1.158981863493005514e-03
9.804971037825427685e-04 1.130988450212241057e-03
1.007700790662444199e-03 1.102997591473941098e-03
1.034563685886899639e-03 1.075013644733338429e-03
1.061084565006666135e-03 1.047040882910390365e-03
1.087262210474241632e-03 1.019083498244179042e-03
1.113095405232918111e-03 9.911456065162332039e-04
1.138582926254152116e-03 9.632312519676338716e-04
1.163723537718435504e-03 9.353444114858710471e-04
1.188515984624720313e-03 9.074890001818309345e-04
1.212958986013376508e-03 8.796688759139270099e-04
1.237051227890344912e-03 8.518878451000223622e-04
1.260791356236925630e-03 8.241496680726398925e-04
1.284177970246244086e-03 7.964580650139062561e-04
1.307209614671295565e-03 7.688167218787847956e-04
1.329884772601124063e-03 7.412292968434376758e-04
1.352201857818492595e-03 7.136994268190318715e-04
1.374159206677751533e-03 6.862307345833835092e-04
1.395755070652872701e-03 6.588268355581916981e-04
1.416987607235754929e-03 6.314913459322343305e-04
1.437854871961911441e-03 6.042278900101167530e-04
1.458354809298034434e-03 5.770401092380231592e-04
1.478485243700084504e-03 5.499316702034058243e-04
1.498243869891918928e-03 5.229062747462587951e-04
1.517628242997951437e-03 4.959676690291212097e-04
1.536635768438147269e-03 4.691196542942323387e-04
1.555263690801283669e-03 4.423660976919155646e-04
1.573509083603745083e-03 4.157109438830782671e-04
1.591368836784407079e-03 3.891582273865546436e-04
1.608839644987846264e-03 3.627120856293012362e-04
1.625917994818041907e-03 3.363767729162724270e-04
1.642600151341583499e-03 3.101566754377546803e-04
1.658882144704347007e-03 2.840563269549773937e-04
1.674759755296680724e-03 2.580804258393530875e-04
1.690228498328067179e-03 2.322338532824435198e-04
1.705283608085304261e-03 2.065216928033598571e-04
1.719920021013141747e-03 1.809492508889162148e-04
1.734132357800094231e-03 1.555220796667566505e-04
1.747914905038737681e-03 1.302460007977522039e-04
1.761261595947244971e-03 1.051271311969269101e-04
1.774165989227677711e-03 8.017191131167922453e-05
1.786621247653183506e-03 5.538713504158300840e-05
1.798620115750712090e-03 3.077998182949122840e-05
1.810154895224941503e-03 6.358051843952181991e-06
1.821217420129899595e-03 -1.787059611071793340e-05
1.831799029982495060e-03 -4.189740380578313179e-05
1.841890542443281589e-03 -6.571326958205843068e-05
1.851482223326255056e-03 -8.930850035981952875e-05
1.860563756003783204e-03 -1.126727595182338095e-04
1.869124208959945270e-03 -1.357950112163963251e-04
1.877152001663866731e-03 -1.586634591859258504e-04
1.884634868275064093e-03 -1.812654803624672581e-04
1.891559820380523185e-03 -2.035875533119799207e-04
1.897913107554702761e-03 -2.256151798598129976e-04
1.903680175448237144e-03 -2.473328001025977920e-04
1.908845622868506281e-03 -2.687237003412746195e-04
1.913393155968796033e-03 -2.897699120870596843e-04
1.917305541694081742e-03 -3.104521030431539401e-04
1.920564557989566700e-03 -3.307494578375382542e-04
1.923150941785792788e-03 -3.506395473171441089e-04
1.925044337354734963e-03 -3.700981889265907003e-04
1.926223239789867561e-03 -3.890992912427314928e-04
1.926664938094141888e-03 -4.076146853049730789e-04
1.926345457384090118e-03 -4.256139429628587084e-04
1.925239498624240235e-03 -4.430641770578432797e-04
1.923320376372185652e-03 -4.599298220692340632e-04
1.920559957810157644e-03 -4.761723993588255982e-04
1.916928599379856112e-03 -4.917502563162414516e-04
1.912395083426195533e-03 -5.066182858743922129e-04
1.906926555758935377e-03 -5.207276203421880084e-04
1.900488464197541390e-03 -5.340252972342074455e-04
1.893044497351725102e-03 -5.464538949826874825e-04
1.884556528020502010e-03 -5.579511407176022822e-04
1.874984558747112059e-03 -5.684494842686762172e-04
1.864286670748901455e-03 -5.778756326177659445e-04
1.852418981001526313e-03 -5.861500503052717928e-04
1.839335600395617656e-03 -5.931864171638533698e-04
1.824988604391709901e-03 -5.988910486299443055e-04
1.809328007486482592e-03 -6.031622676138199621e-04
1.792301749831532636e-03 -6.058897411111215537e-04
1.773855689874006408e-03 -6.069537665273432546e-04
1.753933603032239432e-03 -6.062245134295333061e-04
1.732477187561833531e-03 -6.035612305894679473e-04
1.709426071805398651e-03 -5.988114147411890747e-04
1.684717819384001910e-03 -5.918099488525993546e-04
1.658287912184722764e-03 -5.823782217917898357e-04
1.630069711195967401e-03 -5.703232297997444132e-04
1.599994356856522830e-03 -5.554366918327435180e-04
1.567990596216079120e-03 -5.374941917506476010e-04
1.533984471209677136e-03 -5.162543751961381090e-04
1.497898825696606685e-03 -4.914582464589271156e-04
1.459652528723045682e-03 -4.628285792773776742e-04
1.419159302675517161e-03 -4.300695243062071117e-04
1.376326009866353376e-03 -3.928664466366961223e-04
1.331050141534838608e-03 -3.508860727383764262e-04
1.283216266969491870e-03 -3.037770347881874966e-04
1.232691017610123597e-03 -2.511708744470454767e-04
1.179316067490928776e-03 -1.926835513084045525e-04
1.122898465338890246e-03 -1.279176147214948055e-04
1.063197330041418991e-03 -5.646494870312316087e-05
9.999057217855301504e-04 2.208976100194132478e-05
9.326260031980345951e-04 1.081650292139568206e-04
8.608365646835624109e-04 2.021781670078973267e-04
7.838469857589344843e-04 3.045409503646193117e-04
7.007377277818417323e-04 4.156558096317451820e-04
6.102791725674374746e-04 5.359136553535894876e-04
5.108226522550069187e-04 6.656946248917577913e-04
4.001536203996560619e-04 8.053740375210208810e-04
2.752925376060922453e-04 9.553363973191811255e-04
1.322225251716731124e-04 1.116002002360210604e-03
-3.448739402115634338e-05 1.287872778313936973e-03
-2.322118196506448452e-04 1.471607976488618691e-03
-4.710282608021525153e-04 1.668148213421599127e-03
-7.648301794911617144e-04 1.878922287873973458e-03
-1.133000037484219180e-03 2.106205242724526559e-03
-1.602988238975459065e-03 2.353770559006302440e-03
-2.214386169375511925e-03 2.628144479367904972e-03
-3.025493562439437231e-03 2.941137944696439483e-03
-4.124066717584150971e-03 3.315168400536186531e-03
-5.644994114223931062e-03 3.794788352572416035e-03
-7.798969250238454304e-03 4.472214475593891923e-03
-1.091663358457497374e-02 5.544589953870867650e-03
-1.550688061809529783e-02 7.442535788581833636e-03
-2.229716187841179059e-02 1.111308884739283312e-02
-3.211011691845771371e-02 1.860662806581928411e-02
-4.509339537311468638e-02 3.412534320018870138e-02
-5.806866486650251458e-02 6.519898886283624628e-02
-5.810782790512088181e-02 1.212899977037603660e-01
-1.419527167099317658e-02 2.014654780393613231e-01
1.125699030042946053e-01 2.633045519262544598e-01
3.029774587783595763e-01 2.108113913897831926e-01
4.188925014762669985e-01 0.000000000000000000e+00
3.410680677598321719e-01 -2.365385781436708246e-01
1.436424541685858980e-01 -3.365915884404995229e-01
-2.614617940299641258e-02 -2.951048669241992384e-01
-1.094551907394126500e-01 -1.987815222709715945e-01
-1.258246643541608145e-01 -1.119600926809666275e-01
-1.107280170869378993e-01 -5.416081605134991095e-02
-8.741938161271377294e-02 -2.162819922669685646e-02
-6.600903799207746836e-02 -5.397233906126073025e-03
-4.926745729388812972e-02 1.770444239078241937e-03
-3.701320814538079651e-02 4.357623673446926402e-03
-2.826040747845367032e-02 4.810059512393680646e-03
-2.202568698783942056e-02 4.364081338416542742e-03
-1.754304214724224792e-02 3.609297566170831598e-03
-1.426842556651961719e-02 2.809888531011615724e-03
-1.183001883593151095e-02 2.073188594060926000e-03
-9.977042186502266957e-03 1.433998353729765661e-03
-8.540290928067306025e-03 8.954136173342096446e-04
-7.404678742837412717e-03 4.480478450749478194e-04
-6.490949161138638221e-03 7.876767318138106801e-05
-5.743705207068280916e-03 -2.255605190378913091e-04
-5.123603605537191581e-03 -4.766453099005182664e-04
-4.602243347244451728e-03 -6.843874115813907734e-04
-4.158788693503274840e-03 -8.569364846817019822e-04
-3.777713063788196331e-03 -1.000906902453331873e-03
-3.447271658036927481e-03 -1.121630190489871903e-03
-3.158453203252413466e-03 -1.223392244116297068e-03
-2.904250631241702286e-03 -1.309637478010906245e-03
-2.679146253691172107e-03 -1.383137749109571678e-03
-2.478743665841178900e-03 -1.446128703567942705e-03
-2.299500896185344579e-03 -1.500418476804660315e-03
-2.138534693040485771e-03 -1.547473935874590662e-03
-1.993475119872619838e-03 -1.588488937448963171e-03
-1.862356421393177421e-03 -1.624438230689764784e-03
-1.743534104701297037e-03 -1.656120172179975213e-03
-1.635621441673051728e-03 -1.684190686127114882e-03
-1.537440247617792100e-03 -1.709190252602961957e-03
-1.447982465752390216e-03 -1.731565496534678622e-03
-1.366379903486930267e-03 -1.751686437955120865e-03
-1.291880157241019275e-03 -1.769860438544213150e-03
-1.223827406959018165e-03 -1.786343391415993933e-03
-1.161646877890930643e-03 -1.801348804343144315e-03
-1.104832243595090750e-03 -1.815055192266277215e-03
-1.052935332032597015e-03 -1.827612068048153427e-03
-1.005557667362626121e-03 -1.839144873340845844e-03
-9.623434477840928439e-04 -1.849759002246044795e-03
-9.229737220950851159e-04 -1.859543106233387715e-03
-8.871615091833216175e-04 -1.868571832999206799e-03
-8.546476751341936049e-04 -1.876908079590080018e-03
-8.251974758556586496e-04 -1.884604852619617063e-03
-7.985975923494668515e-04 -1.891706825561933862e-03
-7.746536155304735265e-04 -1.898251627125214277e-03
-7.531878713815761588e-04 -1.904270918708433988e-03
-7.340375681335827062e-04 -1.909791286093919915e-03
-7.170531712217694496e-04 -1.914834996353425786e-03
-7.020970042633132777e-04 -1.919420630400193875e-03
-6.890420274059901908e-04 -1.923563604232348062e-03
-6.777707607517056195e-04 -1.927276622141168129e-03
-6.681743477055589013e-04 -1.930570045491997915e-03
-6.601517231528182149e-04 -1.933452211140099545e-03
-6.536088768084374542e-04 -1.935929700177626894e-03
-6.484582038062372718e-04 -1.938007561774948446e-03
-6.446179246333048158e-04 -1.939689504203297903e-03
-6.420115643688412144e-04 -1.940978058809520726e-03
-6.405674896930288378e-04 -1.941874717288127015e-03
-6.402184914200098435e-04 -1.942380046345854733e-03
-6.409014118101153410e-04 -1.942493789463282505e-03
-6.425568055170328150e-04 -1.942214948769795417e-03
-6.451286318840798034e-04 -1.941541859375652858e-03
-6.485639796512329691e-04 -1.940472248931318861e-03
-6.528128122363795107e-04 -1.939003289945922864e-03
-6.578277384572164257e-04 -1.937131646286886126e-03
-6.635638029849548307e-04 -1.934853508753899519e-03
-6.699782939385023374e-04 -1.932164629942613584e-03
-6.770305667636886213e-04 -1.929060351486378434e-03
-6.846818828017879697e-04 -1.925535628258322673e-03
-6.928952596370414798e-04 -1.921585050299814837e-03
-7.016353340521073057e-04 -1.917202860024978328e-03
-7.108682347126332518e-04 -1.912382967878152205e-03
-7.205614651364820530e-04 -1.907118966696959425e-03
-7.306837943857164789e-04 -1.901404143130383398e-03
-7.412051550286848653e-04 -1.895231489867663620e-03
-7.520965497797083617e-04 -1.888593713981079813e-03
-7.633299628289685543e-04 -1.881483248046830889e-03
-7.748782779000500890e-04 -1.873892255616700815e-03
-7.867152007634757279e-04 -1.865812642025703764e-03
-7.988151874478695378e-04 -1.857236060392991779e-03
-8.111533768836711941e-04 -1.848153920194650678e-03
-8.237055262080010976e-04 -1.838557393210381568e-03
-8.364479509325585364e-04 -1.828437423644533547e-03
-8.493574691377143732e-04 -1.817784733842838516e-03
-8.624113471325061103e-04 -1.806589833596824752e-03
-8.755872490621001989e-04 -1.794843029555808064e-03
-8.888631892171581540e-04 -1.782534432783649527e-03
-9.022174862355973298e-04 -1.769653970430787098e-03
-9.156287207912052958e-04 -1.756191396202605491e-03
-9.290756940687926917e-04 -1.742136302049442564e-03
-9.425373892759826696e-04 -1.727478130887585232e-03
-9.559929350741291475e-04 -1.712206191097005161e-03
-9.694215707591465839e-04 -1.696309671040099800e-03
-9.828026132025458831e-04 -1.679777657021150729e-03
-9.961154254307408740e-04 -1.662599151638365557e-03
-1.009339387460210340e-03 -1.644763092687047097e-03
-1.022453869141027368e-03 -1.626258376665133546e-03
-1.035438204047325764e-03 -1.607073883138040440e-03
-1.048271665526024623e-03 -1.587198501044340950e-03
-1.060933445120070592e-03 -1.566621158365314164e-03
-1.073402632894913987e-03 -1.545330855809548369e-03
-1.085658200057055319e-03 -1.523316701865590423e-03
-1.097678984059379708e-03 -1.500567952389309954e-03
-1.109443676954508179e-03 -1.477074054666413202e-03
-1.120930817332948300e-03 -1.452824697898995668e-03
-1.132118785417079564e-03 -1.427809865744608534e-03
-1.142985804428791382e-03 -1.402019899044734284e-03
-1.153509946454782864e-03 -1.375445561859747626e-03
-1.163669146386924706e-03 -1.348078119409098444e-03
-1.173441224729716067e-03 -1.319909421589452337e-03
-1.182803923495611646e-03 -1.290932003037809864e-03
-1.191734956963625379e-03 -1.261139190638403814e-03
-1.200212083927460448e-03 -1.230525229395095475e-03
-1.208213209300135465e-03 -1.199085423295929466e-03
-1.215716525835600905e-03 -1.166816294348973354e-03
-1.222700713988645943e-03 -1.133715759134533213e-03
-1.229145224862779936e-03 -1.099783320019411372e-03
-1.235030682399476144e-03 -1.065020250159282251e-03
-1.240339460929121935e-03 -1.029429740988627769e-03
-1.245056500689378223e-03 -9.930169191526309544e-04
-1.249170419543171873e-03 -9.557885498873270290e-04
-1.252674852547858327e-03 -9.177520873235899598e-04
-1.255569578030878803e-03 -8.789136301229052897e-04
-1.257860343989589819e-03 -8.392747431051504267e-04
-1.259556280958458539e-03 -7.988294845728478085e-04
-1.260665716801469098e-03 -7.575638357248432216e-04
-1.261192951724913460e-03 -7.154577867806465648e-04
-1.261137178345015904e-03 -6.724881715840969228e-04
-1.260492814031341459e-03 -6.286308399337359838e-04
-1.259250303060562058e-03 -5.838619558772444084e-04
-1.257396908394564899e-03 -5.381586975236578177e-04
-1.254917356793562285e-03 -4.914996212730843609e-04
-1.251794331768919929e-03 -4.438648568987392257e-04
-1.248008844357626672e-03 -3.952362227145754417e-04
-1.243540514823018861e-03 -3.455973069577861255e-04
-1.238367790742772893e-03 -2.949335388965259718e-04
-1.232468120213757153e-03 -2.432322605805202335e-04
-1.225818093577351209e-03 -1.904828043838571673e-04
-1.218393563744283366e-03 -1.366765807909338100e-04
-1.210169751360325174e-03 -8.180717348266772302e-05
-1.201121339651728490e-03 -2.587044605079996890e-05
-1.191222563083555721e-03 3.113534145945670367e-05
-1.180447292885073883e-03 8.920940692437374670e-05
-1.168769120309618662e-03 1.483483115926709868e-04
-1.156161439055340429e-03 2.085458135466629012e-04
-1.142597532268808426e-03 2.697927190752683860e-04
-1.128050658164286759e-03 3.320767139734463335e-04
-1.112494138180136283e-03 3.953822023441739717e-04
-1.095901455387575558e-03 4.596901225599818691e-04
-1.078246353145171244e-03 5.249777601893581159e-04
-1.059502937929953899e-03 5.912185658829683223e-04
-1.039645785090323113e-03 6.583819427836819444e-04
-1.018650067271051210e-03 7.264330518148223595e-04
-9.964916620292954899e-04 7.953325890532843886e-04
-9.731472957071772220e-04 8.650365709052741355e-04
-9.485946744917865114e-04 9.354961166087097379e-04
-9.228126275435610208e-04 1.006657212928604214e-03
-8.957812642286200029e-04 1.078460482113899202e-03
-8.674821350105786037e-04 1.150840949024179100e-03
-8.378984007047127983e-04 1.223727803144595942e-03
-8.070150118891878874e-04 1.297044157179975217e-03
-7.748188971966737601e-04 1.370706805413934295e-03
-7.412991604491349406e-04 1.444625985651968626e-03
-7.064472894862142095e-04 1.518705144310829747e-03
-6.702573656623017108e-04 1.592840694664398801e-03
-6.327262916148220385e-04 1.666921792386312842e-03
-5.938540253500418321e-04 1.740830108796755527e-03
-5.536438243283137639e-04 1.814439616539924305e-03
-5.121024914577598612e-04 1.887616384738295639e-03
-4.692406402857709092e-04 1.960218388107297718e-03
-4.250729579774895159e-04 2.032095326457056088e-03
-3.796184822909171334e-04 2.103088466918118671e-03
-3.329008824199491913e-04 2.173030505579520363e-03
-2.849487482265275397e-04 2.241745449938706801e-03
-2.357958768118445265e-04 2.309048530687105114e-03
-1.854815766928667275e-04 2.374746143441599806e-03
-1.340509624716317775e-04 2.438635827757397977e-03
-8.155525691951672233e-05 2.500506276770923884e-03
-2.805208786296352255e-05 2.560137395743995389e-03
2.639420922715904078e-05 2.617300409426002138e-03
8.171229813126775344e-05 2.671758013960526083e-03
1.378235528688228782e-04 2.723264591983281819e-03
1.946417781085584160e-04 2.771566489659191713e-03
2.520729412843749837e-04 2.816402362475972816e-03
3.100149200151241461e-04 2.857503591732512768e-03
3.683572608027189227e-04 2.894594782720776114e-03
4.269809695470907053e-04 2.927394354954827079e-03
4.857583135460304818e-04 2.955615211304834285e-03
5.445526648604786428e-04 2.978965525295845969e-03
6.032183635653780903e-04 2.997149621777610469e-03
6.616006382544115973e-04 3.009868977546318811e-03
7.195355500782759945e-04 3.016823338274449325e-03
7.768499972915384431e-04 3.017711964937897558e-03
8.333617674907212777e-04 3.012235010611815506e-03
8.888796565293360756e-04 3.000095042141442177e-03
9.432036441467421192e-04 2.980998704082683110e-03
9.961251553885224104e-04 2.954658539850049410e-03
1.047427389330955359e-03 2.920794967605976674e-03
1.096885742822938927e-03 2.879138415658859165e-03
1.144268322387729728e-03 2.829431633119753112e-03
1.189336565000111623e-03 2.771432158504884887e-03
1.231845948800978615e-03 2.704914966493934900e-03
1.271546849563096005e-03 2.629675286953038742e-03
1.308185491876272472e-03 2.545531595438156863e-03
1.341505043100133052e-03 2.452328755709497297e-03
1.371246841317381223e-03 2.349941358782103775e-03
1.397151761478482388e-03 2.238277177706274497e-03
1.418961734128438212e-03 2.117280798888083754e-03
1.436421424549330812e-03 1.986937376071577343e-03
1.449280045511762600e-03 1.847276499239831242e-03
1.457293353173686823e-03 1.698376169047541729e-03
1.460225789623215229e-03 1.540366837924830043e-03
1.457852798226740498e-03 1.373435516385333255e-03
1.449963281933445199e-03 1.197829873565210918e-03
1.436362232193329289e-03 1.013862341112136507e-03
1.416873497099280493e-03 8.219141331892099644e-04
1.391342697772096669e-03 6.224391771132443399e-04
1.359640253555800338e-03 4.159678751845845225e-04
1.321664559263458416e-03 2.031106302438323000e-04
1.277345208187291017e-03 -1.543889526802073864e-05
1.226646337942818334e-03 -2.389008857155995569e-04
1.169569965287733070e-03 -4.664069117846061973e-04
1.106159386932804162e-03 -6.969980134250374458e-04
1.036502539341520573e-03 -9.296233707408852300e-04
9.607352833915267128e-04 -1.163139697682324123e-03
8.790445874146229606e-04 -1.396311461414680892e-03
7.916715670727326060e-04 -1.627812011858994438e-03
6.989142812505986808e-04 -1.856225754264883383e-03
6.011302587864203115e-04 -2.080051480716109142e-03
4.987386782209367493e-04 -2.297706980053275568e-03
3.922221251578043269e-04 -2.507535028898146001e-03
2.821278401859356535e-04 -2.707810915308760374e-03
1.690683803746950405e-04 -2.896751584862519453e-03
5.372162018116955840e-05 -3.072526543094257403e-03
-6.317000802036467971e-05 -3.233270595340216689e-03
-1.808011461083743336e-04 -3.377098512287700360e-03
-2.983060671424079256e-04 -3.502121755651163570e-03
-4.147622957194968475e-04 -3.606467244423030780e-03
-5.291953087162211975e-04 -3.688298231771720750e-03
-6.405845069661442268e-04 -3.745837314028133917e-03
-7.478704051215360159e-04 -3.777391521315056830e-03
-8.499632402519134364e-04 -3.781379405153141582e-03
-9.457529337499478127e-04 -3.756360074299847779e-03
-1.034120497463158692e-03 -3.701063958612936956e-03
-1.113950912392903253e-03 -3.614425075067179572e-03
-1.184147429008506648e-03 -3.495614570188919270e-03
-1.243647271454861696e-03 -3.344075106750965011e-03
-1.291438671053097859e-03 -3.159555732899049264e-03
-1.326579109200813362e-03 -2.942146664446270658e-03
-1.348214619648404125e-03 -2.692313442823109342e-03
-1.355599957701540985e-03 -2.410929716420254741e-03
-1.348119376701537421e-03 -2.099307919719085088e-03
-1.325307689227264848e-03 -1.759226984806462743e-03
-1.286871298444882935e-03 -1.392956104529406280e-03
-1.232708726223306428e-03 -1.003273538557990577e-03
-1.162930190227723501e-03 -5.934793644017234780e-04
-1.077875680096467481e-03 -1.674009839760327097e-04
-9.781309761097353728e-04 2.706098129292154771e-04
-8.645409036721890669e-04 7.156893998707161133e-04
-7.382191988794529732e-04 1.162485803868509296e-03
-6.005542713098763630e-04 1.605194228292573322e-03
-4.532100818438856244e-04 2.037605761721974183e-03
-2.981215184756608834e-04 2.453170222836264808e-03
-1.374834142919045864e-04 2.845073977142707506e-03
2.626729147405155746e-05 3.206333284813294923e-03
1.904769495141069588e-04 3.529903493853881434e-03
3.523085500304919257e-04 3.808803939278106610e-03
5.087833840251795598e-04 4.036258141884518057e-03
6.568311695831035007e-04 4.205848208779982764e-03
7.933484936322920868e-04 4.311681889631041077e-03
9.152653092172099557e-04 4.348570101575982387e-03
1.019618769617380372e-03 4.312211934073346270e-03
1.103633396409681470e-03 4.199383491131243422e-03
1.164806229074049010e-03 4.008126099404332732e-03
1.200995148378551040e-03 3.737928612422879073e-03
1.210508130601130284e-03 3.389897748193922405e-03
1.192190865575059201e-03 2.966909617964834031e-03
1.145509594648829593e-03 2.473735042568229233e-03
1.070625801195557343e-03 1.917130600512834734e-03
9.684589908771482937e-04 1.305887084721613555e-03
8.407336001295499794e-04 6.508268462219502252e-04
6.900058403490946096e-04 -3.525813639243257920e-05
5.196665649540887274e-04 -7.377353269676374236e-04
3.339162008009074426e-04 -1.440334524948671049e-03
1.377083642211700189e-04 -2.125429891716948405e-03
-6.334055953462176076e-05 -2.774404468459110325e-03
-2.630777323884531766e-04 -3.368097896617370211e-03
-4.549765587578537360e-04 -3.887334976252004252e-03
-6.323348829353556003e-04 -4.313528977938414777e-03
-7.885059189794852829e-04 -4.629349334159490494e-03
-9.171571353829066414e-04 -4.819438584387512013e-03
-1.012550099588677231e-03 -4.871158441834097519e-03
-1.069831887092805283e-03 -4.775339615420305835e-03
-1.085326367483177307e-03 -4.527004862683647012e-03
-1.056811374640353410e-03 -4.126030024520452658e-03
-9.837659172682638922e-04 -3.577703730945934642e-03
-8.675700821860617921e-04 -2.893143648272657274e-03
-7.116395370581265079e-04 -2.089525835754332990e-03
-5.214767519420890991e-04 -1.190084696893146596e-03
-3.046224221838908183e-04 -2.238445496304338920e-04
-7.049327621904412876e-05 7.749492758431676806e-04
1.699030601374540471e-04 1.767720932221587653e-03
4.043790973811127887e-04 2.712780464681077176e-03
6.200978573279506117e-04 3.566843012117417843e-03
8.041987247683925460e-04 4.286766618230029684e-03
9.444318671696647679e-04 4.831150192996556438e-03
1.030750280584709312e-03 5.166299188120582545e-03
1.055767452056944602e-03 5.266840411949658476e-03
