-1.270450162664621364e-03 5.130035990716224356e-04
-1.266699008948516010e-03 5.112777067603638606e-04
-1.255725734720173660e-03 5.069228125271304673e-04
-1.237573230466039757e-03 4.999592752594098988e-04
-1.212489364007378464e-03 4.904924695090000708e-04
-1.181274558253879708e-03 4.788329488036941394e-04
-1.144520405431274056e-03 4.652021170342451515e-04
-1.102744585068035589e-03 4.497887414062677158e-04
-1.056428492620650316e-03 4.327650713559634500e-04
-1.006031326001725077e-03 4.142930897101575823e-04
-9.519958860783727522e-04 3.945272717860656979e-04
-8.947508783945386755e-04 3.736158567748314673e-04
-8.347115906020439666e-04 3.517014156452963921e-04
-7.722797892108860520e-04 3.289210680951002276e-04
-7.078432525837804893e-04 3.054065227346968196e-04
-6.417751596642846425e-04 2.812840324098218143e-04
-5.744334545785196363e-04 2.566743153170805811e-04
-5.061602539020204671e-04 2.316924705107317793e-04
-4.372813332313044512e-04 2.064479039919015825e-04
-3.681057119633785249e-04 1.810442743091149158e-04
-2.989253444339277379e-04 1.555794622171163702e-04
-2.300149189128554048e-04 1.301455662399214012e-04
-1.616317618088351966e-04 1.048289243020716281e-04
-9.401584185602637799e-05 7.971016054280155388e-05
-2.738986749004644253e-05 5.486425578237152890e-05
3.804053026799185784e-05 3.036063973132502319e-05
1.020865375381589885e-04 6.263302830106473018e-06
1.645758281694210642e-04 -1.736907447984151678e-05
2.253521733543591946e-04 -4.048297725759348226e-05
2.842749982079243549e-04 -6.302989849245872029e-05
3.412188929206043842e-04 -8.496617053397447362e-05
3.960730857010360986e-04 -1.062527874858450725e-04
4.487408842868506023e-04 -1.268552204050362267e-04
4.991390923416032287e-04 -1.467432270161993376e-04
5.471974065853884303e-04 -1.658906575176530621e-04
5.928578000336138121e-04 -1.842752579201405877e-04
6.360738962506768844e-04 -2.018784722262051683e-04
6.768103390711397837e-04 -2.186852446295017524e-04
7.150421618023316672e-04 -2.346838227895022640e-04
7.507541595002021782e-04 -2.498655631184242801e-04
7.839402675096591782e-04 -2.642247389052452275e-04
8.146029490845345866e-04 -2.777583519975676692e-04
8.427525945461679380e-04 -2.904659486638521771e-04
8.684069341043394036e-04 -3.023494401659174288e-04
8.915904661583205423e-04 -3.134129284887913862e-04
9.123339026093135523e-04 -3.236625375975182655e-04
9.306736324498734222e-04 -3.331062505185303506e-04
9.466512046535599002e-04 -3.417537524783451292e-04
9.603128311683289909e-04 -3.496162802743698153e-04
9.717089106155884148e-04 -3.567064779992203203e-04
9.808935731128399973e-04 -3.630382591913151012e-04
9.879242464759592675e-04 -3.686266754427457246e-04
9.928612439097043302e-04 -3.734877914574054564e-04
9.957673731633373028e-04 -3.776385665181316870e-04
9.967075670132780150e-04 -3.810967422926111515e-04
9.957485348330733042e-04 -3.838807368823375014e-04
9.929584349215247411e-04 -3.860095449963848102e-04
9.884065671834426237e-04 -3.875026441127920381e-04
9.821630856919605617e-04 -3.883799064747705740e-04
9.742987306062063542e-04 -3.886615167555354956e-04
9.648845788711904025e-04 -3.883678952145575708e-04
9.539918130901253474e-04 -3.875196261595657268e-04
9.416915079290129028e-04 -3.861373915220841688e-04
9.280544333907371317e-04 -3.842419093494666132e-04
9.131508742793255275e-04 -3.818538770132580006e-04
8.970504651638302367e-04 -3.789939189318338331e-04
8.798220401459929145e-04 -3.756825386051408058e-04
8.615334967341927797e-04 -3.719400747595787019e-04
8.422516731287106725e-04 -3.677866614031436170e-04
8.220422382291102002e-04 -3.632421915933056224e-04
8.009695936841628198e-04 -3.583262847230701646e-04
7.790967873165786407e-04 -3.530582571352945632e-04
7.564854372679490546e-04 -3.474570958789665676e-04
7.331956662254357840e-04 -3.415414354264285305e-04
7.092860451090499032e-04 -3.353295371756935626e-04
6.848135456175626773e-04 -3.288392715675526119e-04
6.598335010507657339e-04 -3.220881026531418430e-04
6.343995748451938073e-04 -3.150930749529894668e-04
6.085637362821285897e-04 -3.078708024551902599e-04
5.823762428496377609e-04 -3.004374596063226965e-04
5.558856287601567818e-04 -2.928087741548260521e-04
5.291386991468214522e-04 -2.850000217124399400e-04
5.021805294863491542e-04 -2.770260219060619120e-04
4.750544698157558882e-04 -2.689011359981761462e-04
4.478021533304575087e-04 -2.606392658591929058e-04
4.204635089751242974e-04 -2.522538541821147144e-04
3.930767776586726616e-04 -2.437578858350285846e-04
3.656785317436364591e-04 -2.351638902525177393e-04
3.383036974805847118e-04 -2.264839447723997787e-04
3.109855800787238297e-04 -2.177296788300527182e-04
2.837558911205859688e-04 -2.089122789271289878e-04
2.566447780468648823e-04 -2.000424942963185233e-04
2.296808554561797534e-04 -1.911306431891623525e-04
2.028912379796409774e-04 -1.821866197179197830e-04
1.763015745068941432e-04 -1.732199011871279426e-04
1.499360835560551233e-04 -1.642395558548187951e-04
1.238175895925694523e-04 -1.552542510668285833e-04
9.796756011839866270e-05 -1.462722617120231720e-04
7.240614336597813079e-05 -1.373014789500100153e-04
4.715220644252002578e-05 -1.283494191658757699e-04
2.222337378305972089e-05 -1.194232331099303912e-04
-2.363934217779949913e-06 -1.105297151836648383e-04
-2.659446251331679280e-05 -1.016753128366480844e-04
-5.045408276155364776e-05 -9.286613604104208049e-05
-7.392975483129594146e-05 -8.410796681304841542e-05
-9.700948854639807148e-05 -7.540626875418278375e-05
-1.196823057500710102e-04 -6.676619658677928942e-05
-1.419382027638633526e-04 -5.819260566023758065e-05
-1.637681133065362808e-04 -4.969006140722320584e-05
-1.851638719319819543e-04 -4.126284873070764801e-05
-2.061181780390651606e-04 -3.291498130436951972e-05
-2.266245604988848038e-04 -2.465021077121697354e-05
-2.466773429402873297e-04 -1.647203582631066559e-05
-2.662716097293185203e-04 -8.383711171047891091e-06
-2.854031726717697233e-04 -3.882563284138375651e-07
-3.040685384646912956e-04 7.511535690568133449e-06
-3.222648769189264740e-04 1.531308987793761253e-05
-3.399899899688671500e-04 2.301404088428360260e-05
-3.572422814831134759e-04 3.061222484480918463e-05
-3.740207278870756732e-04 3.810567138161711890e-05
-3.903248496048054524e-04 4.549259578641419932e-05
-4.061546833235481777e-04 5.277139138698650031e-05
-4.215107550832546514e-04 5.994062210019713351e-05
-4.363940541904390790e-04 6.699901517349149166e-05
-4.508060079542208797e-04 7.394545411661528089e-05
-4.647484572393754476e-04 8.077897182404722518e-05
-4.782236328297749159e-04 8.749874388819813247e-05
-4.912341325947482303e-04 9.410408210346132374e-05
-5.037828994493086894e-04 1.005944281604148843e-04
-5.158732000969810027e-04 1.069693475288853066e-04
-5.275086045433874556e-04 1.132285235282378723e-04
-5.386929663683950398e-04 1.193717515833539900e-04
-5.494304037429103638e-04 1.253989336640511099e-04
-5.597252811769075614e-04 1.313100729059110596e-04
-5.695821919822368663e-04 1.371052684092796887e-04
-5.790059414355327788e-04 1.427847102140068205e-04
-5.880015306252665960e-04 1.483486744467135080e-04
-5.965741409669042712e-04 1.537975186378871990e-04
-6.047291193691963071e-04 1.591316772050843458e-04
-6.124719640346887317e-04 1.643516570988309941e-04
-6.198083108780270013e-04 1.694580336079706980e-04
-6.267439205441984037e-04 1.744514463205665516e-04
-6.332846660104280313e-04 1.793325952369460331e-04
-6.394365207544389822e-04 1.841022370312643606e-04
-6.452055474718444835e-04 1.887611814576719313e-04
-6.505978873257568622e-04 1.933102878973536119e-04
-6.556197497118069302e-04 1.977504620425705269e-04
-6.602774025220269072e-04 2.020826527141948074e-04
-6.645771628917146196e-04 2.063078488091228170e-04
-6.685253884117415722e-04 2.104270763732641139e-04
-6.721284687913997146e-04 2.144413957967626085e-04
-6.753928179555498913e-04 2.183518991277537879e-04
-6.783248665613242226e-04 2.221597075012061789e-04
-6.809310549180587783e-04 2.258659686787605565e-04
-6.832178262961997178e-04 2.294718546960581489e-04
-6.851916206114793415e-04 2.329785596150204521e-04
-6.868588684684549632e-04 2.363872973761289419e-04
-6.882259855509750227e-04 2.396992997483861701e-04
-6.892993673452617277e-04 2.429158143733402622e-04
-6.900853841829874017e-04 2.460381029000331850e-04
-6.905903765906091065e-04 2.490674392070778851e-04
-6.908206509336037608e-04 2.520051077096503592e-04
-6.907824753424077159e-04 2.548524017476556697e-04
-6.904820759095389292e-04 2.576106220527781790e-04
-6.899256331441753045e-04 2.602810752898228352e-04
-6.891192786760430436e-04 2.628650726720193199e-04
-6.880690921956367874e-04 2.653639286455529932e-04
-6.867810986210011459e-04 2.677789596410169162e-04
-6.852612654815062963e-04 2.701114828900400369e-04
-6.835155005080964389e-04 2.723628153032866400e-04
-6.815496494212178007e-04 2.745342724084986964e-04
-6.793694939065375018e-04 2.766271673446197080e-04
-6.769807497707445000e-04 2.786428099113721869e-04
-6.743890652679329417e-04 2.805825056709104499e-04
-6.716000195893031145e-04 2.824475550998922823e-04
-6.686191215073190343e-04 2.842392527888946215e-04
-6.654518081677403664e-04 2.859588866882360205e-04
-6.621034440219508667e-04 2.876077373977959815e-04
-6.585793198921123222e-04 2.891870774982546071e-04
-6.548846521624316968e-04 2.906981709222312710e-04
-6.510245820914317433e-04 2.921422723643706497e-04
-6.470041752370384903e-04 2.935206267267086925e-04
-6.428284209901536728e-04 2.948344685995263727e-04
-6.385022322097616120e-04 2.960850217740633688e-04
-6.340304449553176534e-04 2.972734987875598370e-04
-6.294178183102069847e-04 2.984011004971453326e-04
-6.246690342920932591e-04 2.994690156827353451e-04
-6.197886978450787296e-04 3.004784206765463510e-04
-6.147813369082364516e-04 3.014304790163771747e-04
-6.096514025583076599e-04 3.023263411247867349e-04
-6.044032692204952826e-04 3.031671440104982619e-04
-5.990412349432194198e-04 3.039540109886717210e-04
-5.935695217357002786e-04 3.046880514238331896e-04
-5.879922759627902347e-04 3.053703604918491118e-04
-5.823135687924763278e-04 3.060020189566440771e-04
-5.765373966961323364e-04 3.065840929653590344e-04
-5.706676819963439097e-04 3.071176338583243154e-04
-5.647082734607371561e-04 3.076036779948345258e-04
-5.586629469371377776e-04 3.080432465884684807e-04
-5.525354060299671839e-04 3.084373455585344794e-04
-5.463292828144457108e-04 3.087869653908918688e-04
-5.400481385869177701e-04 3.090930810090771353e-04
-5.336954646484010729e-04 3.093566516547706152e-04
-5.272746831191991133e-04 3.095786207766121042e-04
-5.207891477869213900e-04 3.097599159276964807e-04
-5.142421449807026146e-04 3.099014486687455073e-04
-5.076368944739327507e-04 3.100041144763474098e-04
-5.009765504129090261e-04 3.100687926577279071e-04
-4.942642022731594947e-04 3.100963462718463138e-04
-4.875028758365593739e-04 3.100876220509123137e-04
-4.806955341956505555e-04 3.100434503240871286e-04
-4.738450787793073242e-04 3.099646449463115553e-04
-4.669543504034291475e-04 3.098520032294443819e-04
-4.600261303416855680e-04 3.097063058694826069e-04
-4.530631414228425348e-04 3.095283168792021806e-04
-4.460680491481330855e-04 3.093187835192543009e-04
-4.390434628349186835e-04 3.090784362261922782e-04
-4.319919367827329874e-04 3.088079885407023391e-04
-4.249159714659257086e-04 3.085081370360417291e-04
-4.178180147523793617e-04 3.081795612434743347e-04
-4.107004631509647997e-04 3.078229235741083807e-04
-4.035656630859757650e-04 3.074388692389205813e-04
-3.964159122063800993e-04 3.070280261651461015e-04
-3.892534607271710360e-04 3.065910049111959541e-04
-3.820805128100523171e-04 3.061283985820991500e-04
-3.748992279814908801e-04 3.056407827395002039e-04
-3.677117225937785987e-04 3.051287153053288542e-04
-3.605200713386280090e-04 3.045927364719382439e-04
-3.533263088071945490e-04 3.040333686092467984e-04
-3.461324311117697358e-04 3.034511161734314896e-04
-3.389403975699707911e-04 3.028464656166817196e-04
-3.317521324576060181e-04 3.022198853054635964e-04
-3.245695268434264447e-04 3.015718254436310260e-04
-3.173944405046217427e-04 3.009027180090539867e-04
-3.102287039413787243e-04 3.002129767047873651e-04
-3.030741204959290090e-04 2.995029969262313387e-04
-2.959324685911973100e-04 2.987731557733888242e-04
-2.888055040969370415e-04 2.980238120806323566e-04
-2.816949628457461976e-04 2.972553065006671986e-04
-2.746025633048540808e-04 2.964679616518867762e-04
-2.675300094262935487e-04 2.956620823392927489e-04
-2.604789937028069652e-04 2.948379558624635586e-04
-2.534512004351623603e-04 2.939958524527085397e-04
-2.464483092459637120e-04 2.931360258550846682e-04
-2.394719988556649260e-04 2.922587140939527988e-04
-2.325239511473237673e-04 2.913641404632670052e-04
-2.256058555516943828e-04 2.904525148032292511e-04
-2.187194137739047379e-04 2.895240351360219553e-04
-2.118663448666362594e-04 2.885788897057562264e-04
-2.050483907004398479e-04 2.876172595753750776e-04
-1.982673217964689113e-04 2.866393218594816034e-04
-1.915249435505383111e-04 2.856452537490818664e-04
-1.848231027781645892e-04 2.846352375088501401e-04
-1.781636945481619933e-04 2.836094666391898961e-04
-1.715486691783443471e-04 2.825681534228237303e-04
-1.649800391888010310e-04 2.815115381253616221e-04
-1.584598859826642228e-04 2.804399001261538463e-04
-1.519903658187096208e-04 2.793535712141528350e-04
-1.455737145892486105e-04 2.782529512893111502e-04
-1.392122506512464435e-04 2.771385266334452013e-04
-1.329083748733399391e-04 2.760108906150462115e-04
-1.266645669227451504e-04 2.748707665548350996e-04
-1.204833766474457135e-04 2.737190320083945916e-04
-1.143674096929830821e-04 2.725567433078870537e-04
-1.083193066285868919e-04 2.713851585983927377e-04
-1.023417155909369850e-04 2.702057572717883865e-04
-9.643725930459718840e-05 2.690202535159861132e-04
-9.060849819800788287e-05 2.678306020536528513e-04
-8.485789231305348828e-05 2.666389946637420815e-04
-7.918776497132915980e-05 2.654478474606705219e-04
-7.360027114464376559e-05 2.642597799949922385e-04
-6.809737270620146794e-05 2.630775882919195890e-04
-6.268082161276109182e-05 2.619042144316680921e-04
-5.735215116001317922e-05 2.607427154294623137e-04
-5.211267433989230787e-05 2.595962335741240851e-04
-4.696348795608388182e-05 2.584679697996074450e-04
-4.190548093768867367e-05 2.573611609784344175e-04
-3.693934531585023459e-05 2.562790613423191811e-04
-3.206558867846183783e-05 2.552249279717739346e-04
-2.728454709260783463e-05 2.542020099240684876e-04
-2.259639783998312369e-05 2.532135404670930257e-04
-1.800117151640215105e-05 2.522627319650077617e-04
-1.349876323356429607e-05 2.513527728153386754e-04
-9.088942818621668419e-06 2.504868260943468052e-04
-4.771363905842260342e-06 2.496680294859272994e-04
-5.455720484211809378e-07 2.488994962328148933e-04
3.588988202608457695e-06 2.481843168628254550e-04
7.632967120531905105e-06 2.475255614457891784e-04
1.158710444186460878e-05 2.469262823227866364e-04
1.545222482103219338e-05 2.463895171637737352e-04
1.922923392081752218e-05 2.459182922489555308e-04
2.291911511954866811e-05 2.455156259314748607e-04
2.652292682473425019e-05 2.451845322703247285e-04
3.004180025322762576e-05 2.449280247339799435e-04
3.347693768772202745e-05 2.447491200356343702e-04
3.682961112986552681e-05 2.446508420319690093e-04
4.010116138203705490e-05 2.446362256763617198e-04
4.329299743150855355e-05 2.447083210760054119e-04
4.640659622289232183e-05 2.448701975841455019e-04
4.944350270580837113e-05 2.451249480099813817e-04
5.240533022585413213e-05 2.454756928657571627e-04
5.529376115392973460e-05 2.459255847357999015e-04
5.811054787720395653e-05 2.464778127454337166e-04
6.085751397791789474e-05 2.471356071014879489e-04
6.353655577295494331e-05 2.479022437939826001e-04
6.614964407445077547e-05 2.487810494082548333e-04
6.869882627823604363e-05 2.497754060970173279e-04
7.118622870794284892e-05 2.508887566929618169e-04
7.361405931592687551e-05 2.521246100274080371e-04
7.598461060421048683e-05 2.534865463726460521e-04
7.830026292590732968e-05 2.549782231501049453e-04
8.056348811330657674e-05 2.566033808081860331e-04
8.277685344231490113e-05 2.583658489354897060e-04
8.494302598780124241e-05 2.602695526703556993e-04
8.706477739744636216e-05 2.623185193532572772e-04
8.914498900382744140e-05 2.645168854332411172e-04
9.118665747604121161e-05 2.668689037096439766e-04
9.319290090811729757e-05 2.693789509131961344e-04
9.516696537507510288e-05 2.720515355819607675e-04
9.711223210846650850e-05 2.748913064053331613e-04
9.903222517964550202e-05 2.779030607910213313e-04
1.009306199160766942e-04 2.810917540299519442e-04
1.028112518793884017e-04 2.844625088092587518e-04
1.046781266364019429e-04 2.880206252027670498e-04
1.065354303269027016e-04 2.917715911236627366e-04
1.083875410537927695e-04 2.957210933599958781e-04
1.102390411669700059e-04 2.998750291525860640e-04
1.120947305837756067e-04 3.042395183128132814e-04
1.139596411392629073e-04 3.088209160284858808e-04
1.158390521240315043e-04 3.136258262106694805e-04
1.177385070974233140e-04 3.186611156900318043e-04
1.196638319850281356e-04 3.239339289523010318e-04
1.216211547498127836e-04 3.294517037751723901e-04
1.236169265858029346e-04 3.352221875760189908e-04
1.256579448917795317e-04 3.412534546836063789e-04
1.277513781121807567e-04 3.475539244216591323e-04
1.299047926831551399e-04 3.541323801811318054e-04
1.321261821867977815e-04 3.609979894017286231e-04
1.344239988675814451e-04 3.681603245784764809e-04
1.368071879044835241e-04 3.756293853302837852e-04
1.392852245900559225e-04 3.834156216621931461e-04
1.418681545426157559e-04 3.915299582215748392e-04
1.445666374453740712e-04 3.999838198872391780e-04
1.473919944544071939e-04 4.087891585002189775e-04
1.503562597419401230e-04 4.179584808323373374e-04
1.534722365842393246e-04 4.275048780263489929e-04
1.567535581740201150e-04 4.374420561984794812e-04
1.602147539001845436e-04 4.477843685591265848e-04
1.638713213848459044e-04 4.585468488176292455e-04
1.677398049841744530e-04 4.697452460205814393e-04
1.718378812784866435e-04 4.813960607746735798e-04
1.761844522504582122e-04 4.935165829114580849e-04
1.807997468373027906e-04 5.061249304474347514e-04
1.857054316406282269e-04 5.192400897986628860e-04
1.909247319702165658e-04 5.328819573522000337e-04
1.964825638108787286e-04 5.470713819848231066e-04
2.024056779579413707e-04 5.618302087458407418e-04
2.087228178370776266e-04 5.771813231835538818e-04
2.154648917536423740e-04 5.931486962200570225e-04
2.226651616127721660e-04 6.097574294130186489e-04
2.303594491959442430e-04 6.270337998783941363e-04
2.385863623516452936e-04 6.450053048982822218e-04
2.473875426120547972e-04 6.637007050992419378e-04
2.568079367029562580e-04 6.831500660478314734e-04
2.668960943620693471e-04 7.033847970826999059e-04
2.777044948023110857e-04 7.244376865620353895e-04
2.892899054360724463e-04 7.463429322565621939e-04
3.017137754703759587e-04 7.691361655844819066e-04
3.150426683572650640e-04 7.928544678532514290e-04
3.293487371261950760e-04 8.175363764090652673e-04
3.447102469916815811e-04 8.432218785929374537e-04
3.612121500864222639e-04 8.699523905873576043e-04
3.789467173368832125e-04 8.977707174559624703e-04
3.980142343110319226e-04 9.267209907420479896e-04
4.185237670949061681e-04 9.568485788543518731e-04
4.405940053909287416e-04 9.881999643409605360e-04
4.643541909474888790e-04 1.020822582046218736e-03
4.899451397099505168e-04 1.054764609826237386e-03
5.175203687090065147e-04 1.090074703354848877e-03
5.472473362679909376e-04 1.126801663530259357e-03
5.793088080800351276e-04 1.164994024173950093e-03
6.139043623990897642e-04 1.204699545329178780e-03
6.512520462990993792e-04 1.245964594512700800e-03
6.915901996680147174e-04 1.288833394801439233e-03
7.351794610393612862e-04 1.333347116595914482e-03
7.823049739409624346e-04 1.379542783348579240e-03
8.332788111678717099e-04 1.427451959271676786e-03
8.884426364651261832e-04 1.477099177925190370e-03
9.481706227443971978e-04 1.528500067568582801e-03
1.012872647782064265e-03 1.581659117646557009e-03
1.082997790779891261e-03 1.636567023387474696e-03
1.159038146219513749e-03 1.693197534496265191e-03
1.241532975878480074e-03 1.751503720107551671e-03
1.331073219014921325e-03 1.811413547929986104e-03
1.428306369652320752e-03 1.872824658564107908e-03
1.533941736062338938e-03 1.935598193556802059e-03
1.648756079822335510e-03 1.999551515665016349e-03
1.773599624079703549e-03 2.064449629419440931e-03
1.909402413971642704e-03 2.129995080098175467e-03
2.057180979984032758e-03 2.195816073379720443e-03
2.218045238693384155e-03 2.261452513567472136e-03
2.393205529220784628e-03 2.326339616487847935e-03
2.583979636881451793e-03 2.389788692048108384e-03
2.791799599841700806e-03 2.450964637945467206e-03
3.018218020060648051e-03 2.508859614516323246e-03
3.264913507852046804e-03 2.562262295711904662e-03
3.533694759990530562e-03 2.609722015969559092e-03
3.826502626494168464e-03 2.649507040110180532e-03
4.145409326209248055e-03 2.679556098559167376e-03
4.492613719838268321e-03 2.697422243895347595e-03
4.870431254311188146e-03 2.700208005447474018e-03
5.281276816090298316e-03 2.684490736898859954e-03
5.727638239779586984e-03 2.646237048916073083e-03
6.212037673533307366e-03 2.580705180381892561e-03
6.736977270657328043e-03 2.482334286737509707e-03
7.304864840296829837e-03 2.344619750823821128e-03
7.917914035426153185e-03 2.159974015080510894e-03
8.578012451289954501e-03 1.919572924986612944e-03
9.286549548180048075e-03 1.613188430560917206e-03
1.004419464063920943e-02 1.229009733999628096e-03
1.085061329640225718e-02 7.534567438733225358e-04
1.170410838270350209e-02 1.709922187288781276e-04
1.260116976071973434e-02 -5.360576039496038094e-04
1.353591440133050487e-02 -1.387659365730453155e-03
1.449939663411578539e-02 -2.406185198816447601e-03
1.547876679045396241e-02 -3.616452635680183873e-03
1.645625608100536805e-02 -5.045652247292635451e-03
1.740796700646254913e-02 -6.723110015792434224e-03
1.830245312685135906e-02 -8.679814465946938257e-03
1.909908090997948504e-02 -1.094761842062191848e-02
1.974618233791272312e-02 -1.355800074583062530e-02
2.017903186632448789e-02 -1.654024646187454359e-02
2.031772034392616624e-02 -1.991887377922938254e-02
2.006505391664306290e-02 -2.371010846969156052e-02
1.930468561366420477e-02 -2.791718234587227052e-02
1.789979393601612290e-02 -3.252422311395911786e-02
1.569276417358640013e-02 -3.748851799357633824e-02
1.250650530669504892e-02 -4.273099180464971780e-02
8.148247954525711031e-03 -4.812486576724762238e-02
2.416906314910969612e-03 -5.348268787880319786e-02
-4.884673109977321487e-03 -5.854229055295383927e-02
-1.393106279858771952e-02 -6.295277751722887227e-02
-2.484762297072808795e-02 -6.626241687218287213e-02
-3.767448858845025284e-02 -6.791133947216974887e-02
-5.232037750746909577e-02 -6.723320323532631926e-02
-6.850667775336696796e-02 -6.347138499211507634e-02
-8.570443722703376122e-02 -5.581658087965245263e-02
-1.030702066744430823e-01 -4.347351454191769604e-02
-1.193913082276961274e-01 -2.576409760836417470e-02
-1.330568600105312971e-01 -2.271890479615417194e-03
-1.420770894919041738e-01 2.697309963964412624e-02
-1.441785668332098425e-01 6.128057660562767628e-02
-1.370043212549867384e-01 9.908390293952959449e-02
-1.184414843471528894e-01 1.377688244511306725e-01
-8.708053742891852522e-02 1.736156173548030479e-01
-4.277545268274614287e-02 2.019397191470939934e-01
1.277770594436471521e-02 2.175160107853236768e-01
7.558838008745169534e-02 2.153415303101679223e-01
1.392452243559956226e-01 1.917174261289772974e-01
1.953338234303909071e-01 1.455099652474358685e-01
2.345587098247489399e-01 7.930004863057407705e-02
2.485653954006354360e-01 0.000000000000000000e+00
2.321882169437450016e-01 -8.151530825452774076e-02
1.855382623482383919e-01 -1.520621430867473145e-01
1.151292248487553183e-01 -1.990039370130378404e-01
3.329482827669745515e-02 -2.136840121712151597e-01
-4.439670367971372544e-02 -1.943166396899915216e-01
-1.032331974677875852e-01 -1.470840718894124433e-01
-1.336321510500231291e-01 -8.465349458621328205e-02
-1.338990880585045062e-01 -2.235119787169174976e-02
-1.102161651535312620e-01 2.662727154946660166e-02
-7.380766597751760305e-02 5.500087147147385280e-02
-3.658505460549017763e-02 6.263429531276279438e-02
-7.263246279093857512e-03 5.495745534270488758e-02
1.048789624222274883e-02 3.969941512990665666e-02
1.753137492171988679e-02 2.368970244345265999e-02
1.726859459847215894e-02 1.104890822092044304e-02
1.349009668974733567e-02 3.052072589958481665e-03
9.013007297067597914e-03 -9.305200616373937583e-04
5.310046669164658270e-03 -2.267309887462426801e-03
2.797171421734106177e-03 -2.245031046580402059e-03
1.322282817815663425e-03 -1.730426698567659851e-03
5.567338952079109579e-04 -1.170893216064362039e-03
2.029947183520243643e-04 -7.317439684789956529e-04
5.883951502504668196e-05 -4.352463526616045359e-04
9.095878702240693361e-06 -2.516551983470952472e-04
-3.422277394811609381e-06 -1.436590812305419882e-04
-3.778021428476177243e-06 -8.185806567713301777e-05
-1.555163858082819840e-06 -4.685805658812605543e-05
2.320461402866174639e-07 -2.700135084970548384e-05
9.788409694453416705e-07 -1.561736828243417098e-05
7.724476808792241829e-07 -8.947865877813850549e-06
-2.187758615924468172e-07 -4.816368634761326444e-06
-1.895109284684382799e-06 -1.825775440699245401e-06
-4.176224047072926592e-06 1.120051265918819847e-06
-6.835967087181898633e-06 5.085839622123361478e-06
-9.247015380459421390e-06 1.118843405142365566e-05
-1.008337791247104796e-05 2.045285535639581651e-05
-7.101155804192301957e-06 3.338926515731963925e-05
2.803200897096212652e-06 4.931155590456959232e-05
2.304110180836205929e-05 6.557214722095175332e-05
5.618481724018665915e-05 7.706395239714902386e-05
1.023821280824780647e-04 7.642691681727116612e-05
1.578074694071607536e-04 5.527904772060083767e-05
2.138326279107470335e-04 6.442811242445731055e-06
2.575362271855454908e-04 -7.332861343792870887e-05
2.737878949830956088e-04 -1.809865147703981064e-04
2.485680536440740556e-04 -3.061004201678534315e-04
1.726648251919300314e-04 -4.316420075424962349e-04
4.466410127035782017e-05 -5.366385101109376289e-04
-1.276792668458221944e-04 -6.000796786651248563e-04
-3.281102649754805232e-04 -6.050697190860679971e-04
-5.343987933713683323e-04 -5.421764607140155566e-04
-7.220440563914084977e-04 -4.112203440610327125e-04
-8.682472643390526509e-04 -2.212223206228362273e-04
-9.552949164368586699e-04 1.128942980116490701e-05
-9.727622511382262712e-04 2.650714739170072242e-04
-9.183046931900138484e-04 5.173736503904217575e-04
-7.971376244389260851e-04 7.469324319613300511e-04
-6.205348006865622507e-04 9.362945370125014743e-04
-4.037777643843156296e-04 1.073242893871639110e-03
-1.639772875868822518e-04 1.151307025560207014e-03
8.189901822894111224e-05 1.169494004317642253e-03
3.185800879740148485e-04 1.131460470646443841e-03
5.335331706419405625e-04 1.044367538651043729e-03
7.174993204024068859e-04 9.176361343819926155e-04
8.645937696501865537e-04 7.617703041643258260e-04
9.720763846740214723e-04 5.873576453650304532e-04
1.039905564038125707e-03 4.043016791192132614e-04
1.070179101848724211e-03 2.212974883306989765e-04
1.066546044358267524e-03 4.553163442459988561e-05
1.033650231760664369e-03 -1.174302727140979867e-04
9.766439803725124671e-04 -2.636122728081674235e-04
9.007913975210629035e-04 -3.904968616956185014e-04
8.111663806190048389e-04 -4.968329917567496437e-04
7.124403778047763442e-04 -5.824151933229357574e-04
6.087489861068735592e-04 -6.478580020828875359e-04
5.036235700529398829e-04 -6.943824999435042455e-04
3.999734635005202732e-04 -7.236254287107854975e-04
3.001051403311518102e-04 -7.374763483967295818e-04
2.057664602198059169e-04 -7.379445009369524355e-04
1.182061454316538340e-04 -7.270545046086215792e-04
3.824076439119233065e-05 -7.067683441629086551e-04
-3.367652722088112290e-05 -6.789302556919899400e-04
-9.738953607012044858e-05 -6.452307725661227296e-04
-1.529775177390020027e-04 -6.071862353549762953e-04
-2.007001290565415489e-04 -5.661303455367957659e-04
-2.409495447898418329e-04 -5.232147414365069527e-04
-2.742098536042965437e-04 -4.794160272826373907e-04
-3.010234260748355503e-04 -4.355471547025322474e-04
-3.219636974176410876e-04 -3.922714725296903154e-04
-3.376136865258094625e-04 -3.501181547877418800e-04
-3.485494955794536404e-04 -3.094980269951213181e-04
-3.553280490628546603e-04 -2.707191030257861931e-04
-3.584783598390640555e-04 -2.340013521959765502e-04
-3.584956835334552217e-04 -1.994903902734155568e-04
-3.558379855695499236e-04 -1.672699223335421973e-04
-3.509242219863051683e-04 -1.373728655797273857e-04
-3.441340181595420214e-04 -1.097911484722685708e-04
-3.358083839911348901e-04 -8.448423426710664893e-05
-3.262511829308320532e-04 -6.138644592857401259e-05
-3.157311179430964546e-04 -4.041318938605124872e-05
-3.044840496126397823e-04 -2.146618848488658402e-05
-2.927154986442416528e-04 -4.437833358788150797e-06
-2.806032246981692881e-04 1.078524671405345914e-05
-2.682997954808365843e-04 2.431928255628762451e-05
-2.559350878345986930e-04 3.628104462242124376e-05
-2.436186762274087563e-04 4.678601738601490521e-05
-2.314420814387365300e-04 5.594698891727509108e-05
-2.194808629687635662e-04 6.387298959429832585e-05
-2.077965462760584061e-04 7.066852219285001818e-05
-1.964383843572133526e-04 7.643302783461112648e-05
-1.854449522887433532e-04 8.126054615126383979e-05
-1.748455849436388520e-04 8.523953154795174691e-05
-1.646616660374385544e-04 8.845279323937187891e-05
-1.549077738977987359e-04 9.097753133470417371e-05
-1.455926983173369234e-04 9.288544806214687653e-05
-1.367203396422768196e-04 9.424291602376555813e-05
-1.282904965819891858e-04 9.511118531135998456e-05
-1.202995575601365234e-04 9.554662053791121304e-05
-1.127411018465983988e-04 9.560095566920538517e-05
-1.056064230522847641e-04 9.532155836553545295e-05
-9.888498064528461853e-05 9.475169973010937313e-05
-9.256478920925148861e-05 9.393082131208377631e-05
-8.663275265238358036e-05 9.289479950610796035e-05
-8.107494926065936583e-05 9.167619961007499117e-05
-7.587687372740104755e-05 9.030452227102865170e-05
-7.102364158757114396e-05 8.880643825967231698e-05
-6.650016093454362218e-05 8.720601040433585867e-05
-6.229127607189686002e-05 8.552490348857708774e-05
-5.838188572599625200e-05 8.378258135591571038e-05
-5.475704008762489480e-05 8.199649024025970222e-05
-5.140201998667401844e-05 8.018223107808671816e-05
-4.830239957764831209e-05 7.835371785516880862e-05
-4.544409558939392451e-05 7.652332514436870352e-05
-4.281340554490654010e-05 7.470202369764375916e-05
-4.039703548370090423e-05 7.289950613157640937e-05
-3.818211959007695126e-05 7.112430102885187555e-05
-3.615623368728064431e-05 6.938387923286963934e-05
-3.430740167623750730e-05 6.768474960199096413e-05
-3.262409796758134481e-05 6.603254699351407593e-05
-3.109524572623392264e-05 6.443211317332414210e-05
-2.971021208709823472e-05 6.288756910324370681e-05
-2.845880043368271823e-05 6.140238110287995924e-05
-2.733124129432656024e-05 5.997942132933816112e-05
-2.631818125263436249e-05 5.862102174554241913e-05
-2.541067106344037014e-05 5.732902338834937572e-05
-2.460015287255869923e-05 5.610482018776473428e-05
-2.387844679483919457e-05 5.494939895472193177e-05
-2.323773828190189923e-05 5.386337421816916378e-05
-2.267056429132384060e-05 5.284702068870178666e-05
-2.216980101837310869e-05 5.190030136625587191e-05
-2.172865105333204053e-05 5.102289270163186830e-05
-2.134063228045164100e-05 5.021420682209555276e-05
-2.099956685998474338e-05 4.947341193410486097e-05
-2.069957145773865264e-05 4.879944987875180332e-05
-2.043504872650785126e-05 4.819105210394509364e-05
-2.020067967681730967e-05 4.764675356829452713e-05
-1.999141772599333794e-05 4.716490647995100877e-05
-1.980248326449380919e-05 4.674369225977263400e-05
-1.962936044591900029e-05 4.638113375797638338e-05
-1.946779478699569964e-05 4.607510669312943086e-05
-1.931379141103131981e-05 4.582335203453434752e-05
-1.916361470222197088e-05 4.562348807384581127e-05
-1.901378744370565494e-05 4.547302465544239092e-05
-1.886109058244216948e-05 4.536937746750027565e-05
-1.870256206482891228e-05 4.530988410329100675e-05
-1.853549464177597214e-05 4.529182091158912319e-05
-1.835743179023980446e-05 4.531242065890907580e-05
-1.816616198467257802e-05 4.536889032928008523e-05
-1.795971045438564837e-05 4.545842874918908994e-05
-1.773632877948314867e-05 4.557824340785547249e-05
-1.749448218125812949e-05 4.572556564433604429e-05
-1.723283537565234379e-05 4.589766366662446857e-05
-1.695023741128031731e-05 4.609185323572492874e-05
-1.664570543827645225e-05 4.630550629683517013e-05
-1.631840875865170134e-05 4.653605615428196526e-05
-1.596765332081747372e-05 4.678100107305516284e-05
-1.559286694142977315e-05 4.703790559229047792e-05
-1.519358571237031131e-05 4.730440010515628822e-05
-1.476944182372229738e-05 4.757817880002199298e-05
-1.432015242071582787e-05 4.785699689777762227e-05
-1.384551030418468361e-05 4.813866686107989168e-05
-1.334537552783110450e-05 4.842105434251767795e-05
-1.281966861301884121e-05 4.870207362090052264e-05
-1.226836456208716829e-05 4.897968308496301009e-05
-1.169148814201942095e-05 4.925188074179525689e-05
-1.108910997594882061e-05 4.951669979733454643e-05
-1.046134359090411116e-05 4.977220455356421542e-05
-9.808342922227067747e-06 5.001648636148403571e-05
-9.130300553913197503e-06 5.024766002172832019e-05
-8.427446537755897839e-06 5.046386048725569649e-05
-7.700047623831494584e-06 5.066323985571994748e-05
-6.948406918764330494e-06 5.084396470120008900e-05
-6.172863853254351998e-06 5.100421373707913033e-05
-5.373794515809382987e-06 5.114217586744855342e-05
-4.551612184954516253e-06 5.125604847729130540e-05
-3.706768056632580280e-06 5.134403618382041377e-05
-2.839752329882386070e-06 5.140434979371311683e-05
-1.951095330080302583e-06 5.143520569965374651e-05
-1.041368742555658910e-06 5.143482555273522504e-05
-1.111871164201954151e-07 5.140143624131889114e-05
8.387906465755678572e-07 5.133327027500156884e-05
1.807859641671663787e-06 5.122856650337315399e-05
2.795267279575154157e-06 5.108557108476669846e-05
3.800211516994213717e-06 5.090253888778285520e-05
4.821839056485774613e-06 5.067773518230588486e-05
5.859243524636693987e-06 5.040943773124704000e-05
6.911463581587001188e-06 5.009593918418926180e-05
7.977481089640437134e-06 4.973554989313488971e-05
9.056219269305790880e-06 4.932660107601773662e-05
1.014654085131182525e-05 4.886744837375850946e-05
1.124724630800249994e-05 4.835647578017931525e-05
1.235707210550502196e-05 4.779209999399035481e-05
1.347468905118552151e-05 4.717277516871045881e-05
1.459870067439703928e-05 4.649699806822586799e-05
1.572764178036688420e-05 4.576331366710305592e-05
1.685997704221009285e-05 4.497032118185324682e-05
1.799409979705544023e-05 4.411668052594681531e-05
1.912833095308873288e-05 4.320111923415898610e-05
2.026091808940437197e-05 4.222243983204780024e-05
2.139003474692018167e-05 4.117952766407110139e-05
2.251377992270621724e-05 4.007135919042729608e-05
2.363017783537398251e-05 3.889701073388915028e-05
2.473717791255734727e-05 3.765566770278292705e-05
2.583265510121068387e-05 3.634663428006986677e-05
2.691441047454939050e-05 3.496934356563786354e-05
2.798017217972397958e-05 3.352336816872324805e-05
2.902759674385642174e-05 3.200843123395651887e-05
3.005427079514052659e-05 3.042441791239460660e-05
3.105771319346121523e-05 2.877138722228836555e-05
3.203537761041764636e-05 2.704958430590137720e-05
3.298465559618813086e-05 2.525945306570939310e-05
3.390288015428555605e-05 2.340164910872988952e-05
3.478732986702292223e-05 2.147705298630081367e-05
3.563523357796974421e-05 1.948678370003906101e-05
3.644377568031231611e-05 1.743221240246514182e-05
3.721010203278892679e-05 1.531497624730088032e-05
3.793132654598068516e-05 1.313699231973262966e-05
3.860453842960617641e-05 1.090047158534421960e-05
3.922681018016936541e-05 8.607932773104701293e-06
3.979520627471501551e-05 6.262216099157772597e-06
4.030679264013527333e-05 3.866496738734349592e-06
4.075864689404107240e-05 1.424297946744672009e-06
4.114786937498258492e-05 -1.060496308493587275e-06
4.147159497475554925e-05 -3.583629315659244491e-06
4.172700579570791667e-05 -6.140460339778857946e-06
4.191134461727423038e-05 -8.725954240598936146e-06
4.202192917712065838e-05 -1.133467215160302263e-05
4.205616726525229971e-05 -1.396076340222635879e-05
4.201157261371478728e-05 -1.659795886738478856e-05
4.188578156214830227e-05 -1.923956595160757613e-05
4.167657046798910300e-05 -2.187846540856002825e-05
4.138187382508111650e-05 -2.450711023556838571e-05
4.099980305076084976e-05 -2.711752687651333973e-05
4.052866587088320091e-05 -2.970131898427156550e-05
3.996698624734829839e-05 -3.224967399443816427e-05
3.931352476618122781e-05 -3.475337279511287190e-05
3.856729938790481968e-05 -3.720280276078040329e-05
3.772760647279237563e-05 -3.958797444038871600e-05
3.679404194181394106e-05 -4.189854219228822261e-05
3.576652245577915631e-05 -4.412382906165971454e-05
3.464530646440022125e-05 -4.625285619259968502e-05
3.343101496054247444e-05 -4.827437707686323593e-05
3.212465176237698495e-05 -5.017691692721352759e-05
3.072762313819672872e-05 -5.194881744957031896e-05
2.924175656000643924e-05 -5.357828729225562611e-05
2.766931836833816104e-05 -5.505345841384089330e-05
2.601303010984197750e-05 -5.636244860399036737e-05
2.427608329760952177e-05 -5.749343034951090301e-05
2.246215233292276123e-05 -5.843470621707851971e-05
2.057540530876349576e-05 -5.917479086515784023e-05
1.862051241746847730e-05 -5.970249976309931103e-05
1.660265166781548223e-05 -6.000704462328687366e-05
1.452751160972114554e-05 -6.007813550034204927e-05
1.240129077135941540e-05 -5.990608941988593677e-05
1.023069350659130279e-05 -5.948194532323238757e-05
8.022921955252197286e-06 -5.879758501243224130e-05
5.785663831088016167e-06 -5.784585967693906417e-05
3.527075763767321997e-06 -5.662072145586919075e-05
1.255761932242121281e-06 -5.511735937034876749e-05
-1.019252235080605540e-06 -5.333233880932720266e-05
-3.288551502988388127e-06 -5.126374360731112328e-05
-5.542367580371392819e-06 -4.891131958032814299e-05
-7.770621301748037517e-06 -4.627661821836502533e-05
-9.962970317064134742e-06 -4.336313904654710144e-05
-1.210886230677770804e-05 -4.017646897806074129e-05
-1.419759367199695507e-05 -3.672441677414230019e-05
-1.621837358452807878e-05 -3.301714053135503891e-05
-1.816039319593488614e-05 -2.906726591018625634e-05
-2.001289972279179106e-05 -2.488999260514532363e-05
-2.176527502923836582e-05 -2.050318636419123350e-05
-2.340711823438313817e-05 -1.592745366202638700e-05
-2.492833176618406034e-05 -1.118619596133498269e-05
-2.631921017999124297e-05 -6.305640319726399853e-06
-2.757053094768149672e-05 -1.314842975166275352e-06
-2.867364632418347169e-05 3.754337580927386459e-06
-2.962057528456122743e-05 8.867301588368492409e-06
-3.040409442985721937e-05 1.398680664248141183e-05
-3.101782667113876053e-05 1.907310750241050592e-05
-3.145632641139063131e-05 2.408414053200203924e-05
-3.171515988578574682e-05 2.897575605141136025e-05
-3.179097927348901911e-05 3.370200162163796749e-05
-3.168158916533650969e-05 3.821545893026140724e-05
-3.138600397658125845e-05 4.246763649111915393e-05
-3.090449492646659817e-05 4.640941979029736096e-05
-3.023862527339630992e-05 4.999157981334682654e-05
-2.939127260204511431e-05 5.316534003892059483e-05
-2.836663710820823029e-05 5.588300101117266562e-05
-2.717023502266439455e-05 5.809862045723182837e-05
-2.580887655697192923e-05 5.976874563206778165e-05
-2.429062804720774900e-05 6.085319312062044232e-05
-2.262475831092143670e-05 6.131586973075833791e-05
-2.082166961636388615e-05 6.112562635889072016e-05
-1.889281409572942557e-05 6.025713483264291708e-05
-1.685059689606360523e-05 5.869177572717126408e-05
-1.470826785545770212e-05 5.641852306884289915e-05
-1.247980400019007889e-05 5.343480968278336885e-05
-1.017978566677150114e-05 4.974735477402521743e-05
-7.823269548065555468e-06 4.537293319502261151e-05
-5.425662418479682629e-06 4.033906381044022966e-05
-3.002599684789266966e-06 3.468459249562576540e-05
-5.698332208641237910e-07 2.846014367693610364e-05
1.856866870004722902e-06 2.172841304571352698e-05
4.261791871108228211e-06 1.456427324808819475e-05
6.629350881179888219e-06 7.054664105341295942e-06
8.944099808857035338e-06 -7.017606300856351510e-07
1.119073921593346833e-05 -8.595256666257513933e-06
1.335407800885615255e-05 -1.650590706141755241e-05
1.541896086277032797e-05 -2.430485542690929315e-05
1.737015816201291365e-05 -3.185587027080708449e-05
1.919221788640306794e-05 -3.901724953765448560e-05
2.086927860473015354e-05 -4.564406530832292339e-05
2.238483989048820356e-05 -5.159073608484172603e-05
2.372147640162772348e-05 -5.671389521048280735e-05
2.486044858398038195e-05 -6.087548867129965595e-05
2.578103303073331953e-05 -6.394592981442301881e-05
2.645859462792233706e-05 -6.580640331345537285e-05
2.687880764606175298e-05 -6.638648561380165042e-05
2.702723247032536613e-05 -6.563283304931399030e-05
