-6.340312722910990476e-03 -5.221599933456630080e-04
-6.003397789036160788e-03 -4.905232542987375370e-04
-5.184720781725433818e-03 -4.056037814374295614e-04
-3.995945359730865634e-03 -2.807075107839154295e-04
-2.566179378023353535e-03 -1.317233964247040839e-04
-1.029645265385992301e-03 2.480799330624211714e-05
4.927655329448421637e-04 1.740461587495018730e-04
1.899641348972909687e-03 3.038386998222984865e-04
3.112741455068030599e-03 4.052891237069666287e-04
4.078133925508363802e-03 4.729174221977385743e-04
4.765278591903978483e-03 5.044953849481729341e-04
5.164639855273595384e-03 5.006514745836288666e-04
5.284382625115382863e-03 4.643358908194760923e-04
5.146625423020140776e-03 4.002239487743736342e-04
4.783626740439265480e-03 3.141196654848740950e-04
4.234180786936219895e-03 2.124044727491343487e-04
3.540406826130197519e-03 1.015601684909385374e-04
2.745037808145361479e-03 -1.221832205210876023e-05
1.889251168381666244e-03 -1.233155981577755160e-04
1.011037480510364357e-03 -2.268970671764406182e-04
1.440697722452494427e-04 -3.190274995949845703e-04
-6.829843501685869218e-04 -3.967187173607294721e-04
-1.446776431632931532e-03 -4.579197373734036468e-04
-2.129288705535662025e-03 -5.014628272912367542e-04
-2.717613287067872745e-03 -5.269781392278462609e-04
-3.203563182769137048e-03 -5.347882075482084541e-04
-3.583171475278526183e-03 -5.257919022842328510e-04
-3.856126262044436582e-03 -5.013456268696914013e-04
-4.025179998510311150e-03 -4.631477861040120877e-04
-4.095563392229979380e-03 -4.131309256280091876e-04
-4.074426276171713886e-03 -3.533645155155149334e-04
-3.970321155061918780e-03 -2.859701447797866579e-04
-3.792739444173386272e-03 -2.130499150885458316e-04
-3.551705795663726364e-03 -1.366280599254486843e-04
-3.257432266738739812e-03 -5.860524935844468528e-05
-2.920031325886125392e-03 1.927535510349112115e-05
-2.549284700625545179e-03 9.545148385501690293e-05
-2.154463720516479937e-03 1.685559059834804314e-04
-1.744195984325767630e-03 2.374227111119166841e-04
-1.326372771161111672e-03 3.010870761894253868e-04
-9.080915251269806128e-04 3.587797966857200413e-04
-4.956278881592618511e-04 4.099177586477997857e-04
-9.443206620134169706e-05 4.540914055670825216e-04
2.908552673042054284e-04 4.910501222416148708e-04
6.563718449313652109e-04 5.206863245589125368e-04
9.989912606375977305e-04 5.430189150151636113e-04
1.316272300892241736e-03 5.581766427294283447e-04
1.606402952048188379e-03 5.663817961699071533e-04
1.868141421461665726e-03 5.679345581586066555e-04
2.100756085524884548e-03 5.631982664694815685e-04
2.303965896515999291e-03 5.525857493770613494e-04
2.477882443617730485e-03 5.365468432955790333e-04
2.622954571178387397e-03 5.155571483397493760e-04
2.739916207392905593e-03 4.901080362128080927e-04
2.829737846213350831e-03 4.606978921973805749e-04
2.893581951014364585e-03 4.278245480639321710e-04
2.932762406621967650e-03 3.919788443365991928e-04
2.948708032949891918e-03 3.536392475395086325e-04
2.942930084973600490e-03 3.132674398451263525e-04
2.916993596563056870e-03 2.713047941052036758e-04
2.872492376532020768e-03 2.281696458110336282e-04
2.811027431156702151e-03 1.842552744586705565e-04
2.734188565730316135e-03 1.399285095004026893e-04
2.643538906072558526e-03 9.552888009141911885e-05
2.540602077304326013e-03 5.136823278619850712e-05
2.426851779831761067e-03 7.730746864734617391e-06
2.303703509897131723e-03 -3.512671716157265631e-05
2.172508182989182912e-03 -7.697399434553585124e-05
2.034547431809924020e-03 -1.176067699413451892e-04
1.891030365535171284e-03 -1.568455586603398517e-04
1.743091593091813290e-03 -1.945345498084080074e-04
1.591790329539297588e-03 -2.305403543827655357e-04
1.438110420999320297e-03 -2.647506853714521485e-04
1.282961139542613573e-03 -2.970729980461133150e-04
1.127178614846662463e-03 -3.274331130001437141e-04
9.715277840297687579e-04 -3.557738409940743311e-04
8.167047547921861290e-04 -3.820536254020820465e-04
6.633394897634437622e-04 -4.062452151183119551e-04
5.119987317087137469e-04 -4.283343782058407186e-04
3.631891000270928184e-04 -4.483186643068165457e-04
2.173602987459129828e-04 -4.662062218669773064e-04
7.490838505824767911e-05 -4.820146745341798242e-04
-6.382094463036283192e-05 -4.957700596359371171e-04
-1.985290871139497575e-04 -5.075058304179934842e-04
-3.289613129569237868e-04 -5.172619226862738276e-04
-4.549036193948455178e-04 -5.250838856487889802e-04
-5.761796748901032352e-04 -5.310220760441015974e-04
-6.926478704563343016e-04 -5.351309140846912749e-04
-8.041984891871782875e-04 -5.374681992960036753e-04
-9.107510022879116221e-04 -5.380944839831050324e-04
-1.012251497214508751e-03 -5.370725018128969918e-04
-1.108670241226049737e-03 -5.344666488047672241e-04
-1.199999381760839942e-03 -5.303425139258454010e-04
-1.286250783388237593e-03 -5.247664563939465846e-04
-1.367453999841123117e-03 -5.178052268182314942e-04
-1.443654378487710301e-03 -5.095256292704678034e-04
-1.514911293776772302e-03 -4.999942214715132451e-04
-1.581296505505777909e-03 -4.892770503505145408e-04
-1.642892637252305141e-03 -4.774394202595177994e-04
-1.699791769912880821e-03 -4.645456913127101123e-04
-1.752094145061904376e-03 -4.506591054327145976e-04
-1.799906972643646602e-03 -4.358416376870894024e-04
-1.843343337462503579e-03 -4.201538707641412802e-04
-1.882521198912251751e-03 -4.036548905543833107e-04
-1.917562478493822298e-03 -3.864022007714803782e-04
-1.948592229549615720e-03 -3.684516549329167100e-04
-1.975737884174242915e-03 -3.498574039234986742e-04
-1.999128571923676576e-03 -3.306718575017431614e-04
-2.018894505582798093e-03 -3.109456585068191403e-04
-2.035166429164532182e-03 -2.907276681618603227e-04
-2.048075123559187083e-03 -2.700649614414796880e-04
-2.057750965704607110e-03 -2.490028313433576652e-04
-2.064323537004990241e-03 -2.275848007905988384e-04
-2.067921277114945482e-03 -2.058526417184499378e-04
-2.068671179883105598e-03 -1.838463998963293629e-04
-2.066698527157748936e-03 -1.616044252098604653e-04
-2.062126658396066896e-03 -1.391634065167897220e-04
-2.055076772087991062e-03 -1.165584103117229707e-04
-2.045667756797830278e-03 -9.382292297313164949e-05
-2.034016048707813426e-03 -7.098889586846439219e-05
-2.020235514349120153e-03 -4.808679274902270383e-05
-2.004437354967383150e-03 -2.514563989365744753e-05
-1.986730030984713413e-03 -2.193077067275247746e-06
-1.967219205522089450e-03 2.074458878325311298e-05
-1.946007703695919709e-03 4.364232947370340603e-05
-1.923195487715991664e-03 6.647633983603538910e-05
-1.898879645252583154e-03 8.922398101650472115e-05
-1.873154390457280579e-03 1.118637228871736467e-04
-1.846111076247516219e-03 1.343750852441207358e-04
-1.817838216873717558e-03 1.567385786099935929e-04
-1.788421520461139572e-03 1.789356432194177992e-04
-1.757943929967806847e-03 2.009485877183165604e-04
-1.726485672854773893e-03 2.227605258033752474e-04
-1.694124318643953648e-03 2.443553122008275012e-04
-1.660934844432714269e-03 2.657174764515966587e-04
-1.626989708179112266e-03 2.868321547572127896e-04
-1.592358930105200856e-03 3.076850195460104596e-04
-1.557110182765676079e-03 3.282622063121505866e-04
-1.521308890516069601e-03 3.485502371913191998e-04
-1.485018339318946914e-03 3.685359406107947865e-04
-1.448299799258719435e-03 3.882063667476642367e-04
-1.411212661311660177e-03 4.075486978147731774e-04
-1.373814591711644637e-03 4.265501529776830254e-04
-1.336161708336613962e-03 4.451978868111069565e-04
-1.298308784264060132e-03 4.634788814629107155e-04
-1.260309486215314143e-03 4.813798324642158200e-04
-1.222216657899531872e-03 4.988870292424014107e-04
-1.184082661973373399e-03 5.159862331824842429e-04
-1.145959799137844654e-03 5.326625591578578638e-04
-1.107900829657737897e-03 5.489003721955270634e-04
-1.069959631098901538e-03 5.646832216901458016e-04
-1.032192036291101987e-03 5.799938546000561962e-04
-9.946569045464418845e-04 5.948143834719895554e-04
-9.574174776121320389e-04 6.091267462151171317e-04
-9.205430337827154611e-04 6.229136937696608646e-04
-8.841107180918634416e-04 6.361606794696156439e-04
-8.482070822421071323e-04 6.488591231046573300e-04
-8.129282451415106945e-04 6.610112934251216339e-04
-7.783770658353780748e-04 6.726359763056004781e-04
-7.446566196357644720e-04 6.837723195230280705e-04
-7.118621722198213665e-04 6.944790798781811259e-04
-6.800755330527348021e-04 7.048296449916619921e-04
-6.493634257444812511e-04 7.149060020560929962e-04
-6.197786457458718959e-04 7.247941119377167589e-04
-5.913622261230282954e-04 7.345811870443450659e-04
-5.641455769623405885e-04 7.443543947399357480e-04
-5.381522402286671117e-04 7.542004143379701930e-04
-5.133992236941934805e-04 7.642054520871862690e-04
-4.898979807114311070e-04 7.744554869655777361e-04
-4.676551163985096264e-04 7.850366277312561050e-04
-4.466728879714080007e-04 7.960355225162927704e-04
-4.269495493505523877e-04 8.075397929307341150e-04
-4.084795754419075068e-04 8.196384823626018216e-04
-3.912537901391487062e-04 8.324225153400145651e-04
-3.752594141121745304e-04 8.459851699213309650e-04
-3.604800423681280941e-04 8.604225666600116753e-04
-3.468955570798793559e-04 8.758341790690449963e-04
-3.344819780692420501e-04 8.923233713729061562e-04
-3.232112500907311707e-04 9.099979689919160657e-04
-3.130509644482502049e-04 9.289708685530891422e-04
-3.039640096551101994e-04 9.493606936844028923e-04
-2.959081442158138244e-04 9.712925036975642457e-04
-2.888354818057295719e-04 9.948985626227848690e-04
-2.826918780367393522e-04 1.020319176661956765e-03
-2.774162037284604271e-04 1.047703608228671944e-03
-2.729394880851146259e-04 1.077211076073366150e-03
-2.691839107901688034e-04 1.109011851170438410e-03
-2.660616186103750553e-04 1.143288458654627849e-03
-2.634733368087685546e-04 1.180236997241630942e-03
-2.613067405603410726e-04 1.220068587758949734e-03
-2.594345442446458882e-04 1.263010963107184890e-03
-2.577122590085083277e-04 1.309310212428957398e-03
-2.559755590213743043e-04 1.359232692183066872e-03
-2.540371848738045592e-04 1.413067116303719315e-03
-2.516832997231059762e-04 1.471126837432906991e-03
-2.486691955383674808e-04 1.533752328246452143e-03
-2.447142274647163759e-04 1.601313869548026724e-03
-2.394958295980378861e-04 1.674214445772201527e-03
-2.326424349260969001e-04 1.752892843081812731e-03
-2.237250877502413486e-04 1.837826932077373486e-03
-2.122474911898190051e-04 1.929537102954457508e-03
-1.976341811864293840e-04 2.028589798702688102e-03
-1.792164534817728035e-04 2.135601060950412244e-03
-1.562155923018749941e-04 2.251239960765876076e-03
-1.277228555388127892e-04 2.376231728427920329e-03
-9.267555616372462855e-05 2.511360314546056977e-03
-4.982844591877285192e-05 2.657470005411548264e-03
2.280561929436262722e-06 2.815465565391112469e-03
6.537148710573903974e-05 2.986310172859374217e-03
1.414715867127439280e-04 3.171020137737733200e-03
2.329745343598369194e-04 3.370655009668432033e-03
3.427114565526128732e-04 3.586301168077981293e-03
4.740361714218306686e-04 3.819046287213199824e-03
6.309273675858891213e-04 4.069941114348582349e-03
8.181108781851701307e-04 4.339943712691252987e-03
1.041205600165321212e-03 4.629839566212024492e-03
1.306896929999020818e-03 4.940128578500590541e-03
1.623141698440071440e-03 5.270866788615829676e-03
1.999408316710748600e-03 5.621446314934251849e-03
2.446954863510169068e-03 5.990291232213252118e-03
2.979145648526122878e-03 6.374439340287392855e-03
3.611802511986116591e-03 6.768969508674148490e-03
4.363579548544035090e-03 7.166220797967608712e-03
5.256336943282129831e-03 7.554732165738093155e-03
6.315468175265906252e-03 7.917809608198407914e-03
7.570100032090736931e-03 8.231600858797228151e-03
9.053029659797373618e-03 8.462527130046419016e-03
1.080017640533697740e-02 8.563889879802168495e-03
1.284919324671747638e-02 8.471446023080404439e-03
1.523668162812142485e-02 8.097743620998437697e-03
1.799315646837477967e-02 7.325064150498658729e-03
2.113448152161133409e-02 5.996986971647950623e-03
2.464790837158027659e-02 3.908983930576910223e-03
2.847009720516012130e-02 7.992511484329507809e-04
3.245363903168170527e-02 -3.657507367625123865e-03
3.631788106764824442e-02 -9.847950413070160822e-03
3.957991002627414545e-02 -1.819973364290283779e-02
4.146376955973458955e-02 -2.912596118917916768e-02
4.079315939922197737e-02 -4.290746000680902006e-02
3.588997953861463447e-02 -5.947385628097737881e-02
2.453597865929484784e-02 -7.803560215494442787e-02
4.117011627201683233e-03 -9.652823381572406269e-02
-2.783662908746938752e-02 -1.108905223611433427e-01
-7.239702677358482441e-02 -1.143710415369311312e-01
-1.269416535330146478e-01 -9.742604345063304860e-02
-1.818131603049872591e-01 -4.937049686102862323e-02
-2.170835370764071515e-01 3.646937300232065693e-02
-2.029853350183282445e-01 1.527784199427403844e-01
-1.105692975911145154e-01 2.657592914383911653e-01
6.161903296309703681e-02 3.114944403966676267e-01
2.531674683641881862e-01 2.229944732414331776e-01
3.403518446043059531e-01 0.000000000000000000e+00
2.243339636088285960e-01 -2.281863756074788974e-01
-2.403777786827339391e-02 -2.726955444586633415e-01
-1.758292727212950879e-01 -1.091735507635242797e-01
-1.226894370936713330e-01 5.374370897151108800e-02
-1.331784046872503888e-02 7.102041472935848032e-02
2.171325042359872892e-02 2.367602660355945521e-02
1.185325001095541286e-02 -3.671253540711745533e-05
2.853410849061144977e-03 -2.372853976873206313e-03
3.634161922752111385e-04 -9.526386112693619596e-04
1.621525833031122344e-05 -2.565249297805981613e-04
6.787958872199128076e-06 -6.381446373742490769e-05
3.909024083298557326e-05 -2.255069176113170008e-05
1.487098368071051785e-04 -6.229901799768246728e-05
4.360068035446908684e-04 -4.300106675401402820e-04
4.147636954030581215e-04 -2.074349777593130148e-03
-3.370461425419850332e-03 -5.350892418885739785e-03
-1.574025965044700132e-02 -1.991933805281383661e-03
-2.211965262679881777e-02 2.427839970992846583e-02
1.344864329376141768e-02 5.447266303474613408e-02
7.512997381859366774e-02 2.917895945182735068e-02
8.637509284520408781e-02 -5.112200890271333814e-02
2.223723751505378432e-02 -1.096333785938667926e-01
-6.120802927838334129e-02 -9.698598994664164863e-02
-1.050419933807459627e-01 -3.441309535101013534e-02
-9.708980545516611438e-02 3.077838030050348422e-02
-5.871060399715038319e-02 6.936316170089115718e-02
-1.554617077289462482e-02 7.773039117896683725e-02
1.730415475158202793e-02 6.585945033943312044e-02
3.578242401445148185e-02 4.554474744652681900e-02
4.210324388721160827e-02 2.502691881430620449e-02
4.045050352026313689e-02 8.358086800143087886e-03
3.465105157365573618e-02 -3.362410569241976177e-03
2.740070327649018686e-02 -1.058623513813185604e-02
2.028654258142854883e-02 -1.433629446497212967e-02
1.407947369332147522e-02 -1.567700911253586127e-02
9.040400765258652105e-03 -1.549337557552650166e-02
5.152734649844125520e-03 -1.443888095542834697e-02
2.272819681620891381e-03 -1.295848624685046191e-02
2.165485860795412359e-04 -1.133529674225067230e-02
-1.196246700687097521e-03 -9.737229767464829558e-03
-2.122536009523698190e-03 -8.255111967520944311e-03
-2.690478960154691485e-03 -6.930764846510423238e-03
-3.000477519451301076e-03 -5.776423400512811432e-03
-3.128969320650440769e-03 -4.787545906653398013e-03
-3.132923694081618700e-03 -3.950934611257999642e-03
-3.054086087208179607e-03 -3.249685456969695144e-03
-2.922600500617094678e-03 -2.666069930545109361e-03
-2.759932138906752951e-03 -2.183109703607252240e-03
-2.581144102209226385e-03 -1.785349839709265540e-03
-2.396629704355716060e-03 -1.459157453134082329e-03
-2.213408966060169403e-03 -1.192751966947645792e-03
-2.036087238869066247e-03 -9.760938665747736706e-04
-1.867557448037919423e-03 -8.007079353360684743e-04
-1.709510658899321845e-03 -6.594849574995563166e-04
-1.562804860817613908e-03 -5.464861091856966155e-04
-1.427729694455934142e-03 -4.567622804148603740e-04
-1.304195261417858244e-03 -3.861935877047552030e-04
-1.191865814911710012e-03 -3.313503302650452963e-04
-1.090253574488069324e-03 -2.893745296298404841e-04
-9.987838048506026637e-04 -2.578801596449830421e-04
-9.168392432480482451e-04 -2.348697928794751463e-04
-8.437897341996177230e-04 -2.186653562401934801e-04
-7.790113037894463160e-04 -2.078508354624083857e-04
-7.218977033140432792e-04 -2.012250201640573529e-04
-6.718666037767631995e-04 -1.977626217231792140e-04
-6.283619801499786732e-04 -1.965823861602738923e-04
-5.908537770178798505e-04 -1.969210614857529521e-04
-5.588356141011632978e-04 -1.981123230654224668e-04
-5.318210684383359744e-04 -1.995699843596314578e-04
-5.093389243387594183e-04 -2.007750419230743477e-04
-4.909277545720684005e-04 -2.012663367192596192e-04
-4.761302707069651552e-04 -2.006348196148386354e-04
-4.644881731937131573e-04 -1.985215571907814752e-04
-4.555387254641661858e-04 -1.946195207700300600e-04
-4.488148629465599291e-04 -1.886785465713407164e-04
-4.438507420046472062e-04 -1.805114192476825843e-04
-4.401931896474934745e-04 -1.699972813285608082e-04
-4.374163323122451461e-04 -1.570784442304288392e-04
-4.351340917872154133e-04 -1.417497147367852606e-04
-4.330063173000606776e-04 -1.240435643163418158e-04
-4.307381389931844292e-04 -1.040159075166840607e-04
-4.280749565061747969e-04 -8.173546910345200873e-05
-4.247958294253782610e-04 -5.727729027255119474e-05
-4.207070769829923912e-04 -3.071960749557827147e-05
-4.156368938766656553e-04 -2.143058753548165475e-06
-4.094311873857851966e-04 2.836863705883217019e-05
-4.019505672960767989e-04 6.072710599811122472e-05
-3.930683319178925289e-04 9.483720904690942177e-05
-3.826692921433758206e-04 1.305946073165900200e-04
-3.706492968119478172e-04 1.678831242442650144e-04
-3.569153546747455942e-04 2.065719763605077539e-04
-3.413862718449744830e-04 2.465129162405636180e-04
-3.239937446830882650e-04 2.875373205951677448e-04
-3.046838625805595342e-04 3.294532521346287186e-04
-2.834189812141293865e-04 3.720425270816212957e-04
-2.601799358092168240e-04 4.150578245962643518e-04
-2.349685590377354600e-04 4.582198900540099306e-04
-2.078104693397962797e-04 5.012148848112391855e-04
-1.787580877348393302e-04 5.436919610259660640e-04
-1.478938317939485132e-04 5.852611499409972329e-04
-1.153334229477791912e-04 6.254916635878731736e-04
-8.122922818722979037e-05 6.639107469071810468e-04
-4.577354130676518276e-05 7.000032154344214275e-04
-9.201683408661877773e-06 7.332118543642681318e-04
2.820521688826451486e-05 7.629388622158807297e-04
6.611793170297820040e-05 7.885485604427832458e-04
1.041575268223249805e-04 8.093715920294860091e-04
1.418946604907216796e-04 8.247108704414960996e-04
1.788500422374373266e-04 8.338495389832135344e-04
2.144963310748069206e-04 8.360612206277412591e-04
2.482617745394444090e-04 8.306228341290357439e-04
2.795359056884872328e-04 8.168302415840522938e-04
3.076776270937085192e-04 7.940169661617612002e-04
3.320259972838875313e-04 7.615761774640914103e-04
3.519140149769058837e-04 7.189860670402502133e-04
3.666856448422876977e-04 6.658386448271874994e-04
3.757162517397358336e-04 6.018718476856254945e-04
3.784364936601512840e-04 5.270046847784693594e-04
3.743595676246581037e-04 4.413749184885394769e-04
3.631114958522479877e-04 3.453785143209811212e-04
3.444638787921340452e-04 2.397097643388828810e-04
3.183682249327135397e-04 1.254006100661160994e-04
2.849905935539647070e-04 3.857254413269843541e-06
2.447448600931132943e-04 -1.231083288129956584e-04
1.983224497602306755e-04 -2.532548952717670514e-04
1.467158986174895363e-04 -3.838998745486072437e-04
9.123312997001890401e-05 -5.119226991758237325e-04
3.349891734692950814e-05 -6.337878974171652332e-04
-2.456029155548550584e-05 -7.455926402639580621e-04
-8.075211966659430344e-05 -8.431435371527750333e-04
-1.326783175207149677e-04 -9.220672760529754477e-04
-1.778222945110042403e-04 -9.779590864438404002e-04
-2.136661898254944587e-04 -1.006571839996656592e-03
-2.378378210051960854e-04 -1.004046752360031238e-03
-2.482853874112269581e-04 -9.671839772194283560e-04
-2.434745467850396973e-04 -8.937477667535167645e-04
-2.225984251307466181e-04 -7.827962406213881483e-04
-1.857863671577914065e-04 -6.350201517914927070e-04
-1.342920262899273691e-04 -4.530684864215846447e-04
-7.063616129297653956e-05 -2.418315753435301653e-04
1.325109694389701688e-06 -8.645167347717297218e-06
7.643898469335662772e-05 2.366274992308320716e-04
1.484346482495792284e-04 4.816827711320212889e-04
2.102725076335973300e-04 7.120792867700286325e-04
2.546903105184226230e-04 9.117899095271566950e-04
2.749830588442244892e-04 1.063962782502344282e-03
2.660999261516595969e-04 1.153433950900403055e-03
2.251465630338127309e-04 1.167464846940756461e-03
