1.056009027149825905e-02 -7.311994624222838829e-03
1.056826164630234391e-02 -7.316509964151259385e-03
1.056348218106721755e-02 -7.312457634135486814e-03
1.054485745651248876e-02 -7.301919122902183687e-03
1.051155598862200946e-02 -7.283523621865862704e-03
1.046444257222691084e-02 -7.257144986214110471e-03
1.040416591329398899e-02 -7.222897798458343538e-03
1.033126123630792072e-02 -7.180961093174043595e-03
1.024619734053914405e-02 -7.131533639401733612e-03
1.014940179453075603e-02 -7.074820222015023446e-03
1.004127568081632227e-02 -7.011027151434348972e-03
9.922202731791647870e-03 -6.940360873968298358e-03
9.792555212246716392e-03 -6.863027670566303716e-03
9.652697804607313081e-03 -6.779233719511966461e-03
9.502990213052829940e-03 -6.689185250393235929e-03
9.343788916645705961e-03 -6.593088687626079761e-03
9.175448340950565634e-03 -6.491150749400543575e-03
8.998321623013404852e-03 -6.383578494951581452e-03
8.812761086586526696e-03 -6.270579323451621473e-03
8.619118507784002611e-03 -6.152360931315955725e-03
8.417745227426892338e-03 -6.029131235316309914e-03
8.208992150338430965e-03 -5.901098268385750710e-03
7.993209660922465445e-03 -5.768470054115958610e-03
7.770747476726271898e-03 -5.631454465012660469e-03
7.541954456276086377e-03 -5.490259068719740773e-03
7.307178373572250502e-03 -5.345090965684974084e-03
7.066765668755614280e-03 -5.196156621110100370e-03
6.821061182351585879e-03 -5.043661693530114912e-03
6.570407878888420705e-03 -4.887810861934785076e-03
6.315146564455418818e-03 -4.728807652997322683e-03
6.055615601847987549e-03 -4.566854269698071567e-03
5.792150626216029802e-03 -4.402151422406339921e-03
5.525084263538718177e-03 -4.234898163274323710e-03
5.254745853822191670e-03 -4.065291724659915798e-03
4.981461180534221649e-03 -3.893527362155515138e-03
4.705552207484866092e-03 -3.719798202676960572e-03
4.427336824156861278e-03 -3.544295098008004748e-03
4.147128600264374590e-03 -3.367206484089444937e-03
3.865236550156823069e-03 -3.188718246285589687e-03
3.581964907573242235e-03 -3.009013590817732030e-03
3.297612911105392199e-03 -2.828272922485000878e-03
3.012474600654102639e-03 -2.646673728768897220e-03
2.726838625085903703e-03 -2.464390470381788104e-03
2.440988061209710749e-03 -2.281594478283334015e-03
2.155200244142058044e-03 -2.098453857161517236e-03
1.869746609085313691e-03 -1.915133395363445177e-03
1.584892544489388761e-03 -1.731794481228856935e-03
1.300897256521173955e-03 -1.548595025761766901e-03
1.018013644765347137e-03 -1.365689391578914051e-03
7.364881890340742960e-04 -1.183228328051229771e-03
4.565608470954318917e-04 -1.001358912514054705e-03
1.784649631708918704e-04 -8.202244974518238052e-04
-9.757281297365799112e-05 -6.399646635547681260e-04
-3.713325965861138857e-04 -4.607151784955777437e-04
-6.426013283403736844e-04 -2.826079613129436766e-04
-9.111728248381882264e-04 -1.057710522608616005e-04
-1.176847819474429683e-03 6.967141203375432860e-05
-1.439433993885778744e-03 2.435992182267586546e-04
-1.698746000259490022e-03 4.158960908837369685e-04
-1.954605474804508095e-03 5.864497022516207414e-04
-2.206841042620195752e-03 7.551516773018170830e-04
-2.455288314252348017e-03 9.218975942054736432e-04
-2.699789874245503863e-03 1.086586980417686334e-03
-2.940195261950779692e-03 1.249123304508346910e-03
-3.176360944892831113e-03 1.409413963910083681e-03
-3.408150284988079558e-03 1.567370268741712265e-03
-3.635433497877591999e-03 1.722907421851553340e-03
-3.858087605693372689e-03 1.875944495254530577e-03
-4.075996383545359668e-03 2.026404403123670608e-03
-4.289050299995926518e-03 2.174213871474977612e-03
-4.497146451811831480e-03 2.319303404704996935e-03
-4.700188493286755302e-03 2.461607249143276093e-03
-4.898086560414402664e-03 2.601063353768093625e-03
-5.090757190173208352e-03 2.737613328227993248e-03
-5.278123235199145766e-03 2.871202398315157982e-03
-5.460113774123433704e-03 3.001779359045218028e-03
-5.636664017834138243e-03 3.129296525478229667e-03
-5.807715211922228650e-03 3.253709681424761264e-03
-5.973214535568294702e-03 3.374978026173099110e-03
-6.133114997111567199e-03 3.493064119365510249e-03
-6.287375326547463977e-03 3.607933824156968165e-03
-6.435959865210361466e-03 3.719556248798839768e-03
-6.578838452858117372e-03 3.827903686755803822e-03
-6.715986312379551224e-03 3.932951555478010446e-03
-6.847383932367454365e-03 4.034678333959595964e-03
-6.973016947768535811e-03 4.133065499195852192e-03
-7.092876018811007134e-03 4.228097461647005451e-03
-7.206956708418260291e-03 4.319761499816274393e-03
-7.315259358308959931e-03 4.408047694054062493e-03
-7.417788963981545441e-03 4.492948859692926303e-03
-7.514555048765731923e-03 4.574460479611571623e-03
-7.605571537114898771e-03 4.652580636318463976e-03
-7.690856627313531237e-03 4.727309943647940021e-03
-7.770432663781610266e-03 4.798651478170482508e-03
-7.844326009129595073e-03 4.866610710397631726e-03
-7.912566916112593121e-03 4.931195435856959228e-03
-7.975189399642663296e-03 4.992415706128091810e-03
-8.032231109002458888e-03 5.050283759911979725e-03
-8.083733200391296503e-03 5.104813954207058566e-03
-8.129740209943966608e-03 5.156022695664328782e-03
-8.170299927345595070e-03 5.203928372192353352e-03
-8.205463270162173528e-03 5.248551284871570514e-03
-8.235284158997059276e-03 5.289913580238907523e-03
-8.259819393589211411e-03 5.328039183004066454e-03
-8.279128529958431487e-03 5.362953729259150627e-03
-8.293273758688199382e-03 5.394684500224905185e-03
-8.302319784444714759e-03 5.423260356588411636e-03
-8.306333706817523727e-03 5.448711673479759987e-03
-8.305384902563207189e-03 5.471070276130798535e-03
-8.299544909335997839e-03 5.490369376263151864e-03
-8.288887310971111699e-03 5.506643509238803337e-03
-8.273487624391440837e-03 5.519928472015194626e-03
-8.253423188202213545e-03 5.530261261935466230e-03
-8.228773053031756060e-03 5.537680016394315279e-03
-8.199617873670787815e-03 5.542223953398530897e-03
-8.166039803063750852e-03 5.543933313057322274e-03
-8.128122388195354112e-03 5.542849300028987632e-03
-8.085950467915927961e-03 5.539014026941513347e-03
-8.039610072742396293e-03 5.532470458813704313e-03
-7.989188326670830509e-03 5.523262358495407975e-03
-7.934773351027865629e-03 5.511434233144370948e-03
-7.876454170391409063e-03 5.497031281751996179e-03
-7.814320620601502079e-03 5.480099343738074023e-03
-7.748463258882362301e-03 5.460684848621879736e-03
-7.678973276092104436e-03 5.438834766781485558e-03
-7.605942411114830631e-03 5.414596561310860458e-03
-7.529462867403721553e-03 5.388018140982329604e-03
-7.449627231684709076e-03 5.359147814316900238e-03
-7.366528394827908874e-03 5.328034244771654056e-03
-7.280259474883729424e-03 5.294726407043690020e-03
-7.190913742288411459e-03 5.259273544493093915e-03
-7.098584547231317349e-03 5.221725127685819361e-03
-7.003365249186181349e-03 5.182130814054383000e-03
-6.905349148598837090e-03 5.140540408676778916e-03
-6.804629420711213669e-03 5.097003826167088858e-03
-6.701299051520120606e-03 5.051571053674893882e-03
-6.595450775863889725e-03 5.004292114991820348e-03
-6.487177017604624576e-03 4.955217035751104809e-03
-6.376569831900175817e-03 4.904395809720529104e-03
-6.263720849551480778e-03 4.851878366178256560e-03
-6.148721223397501240e-03 4.797714538360326603e-03
-6.031661576738343508e-03 4.741954032974648667e-03
-5.912631953765512538e-03 4.684646400767163155e-03
-5.791721771979068886e-03 4.625841008131706573e-03
-5.669019776558566551e-03 4.565587009752034540e-03
-5.544613996661588648e-03 4.503933322259011905e-03
-5.418591703636401261e-03 4.440928598897815258e-03
-5.291039371112769840e-03 4.376621205190868447e-03
-5.162042636927531916e-03 4.311059195571851146e-03
-5.031686266877400011e-03 4.244290290990889759e-03
-4.900054120260267931e-03 4.176361857467903935e-03
-4.767229117169350175e-03 4.107320885582305646e-03
-4.633293207514824034e-03 4.037213970882350643e-03
-4.498327341735990081e-03 3.966087295197949503e-03
-4.362411443170739755e-03 3.893986608841976723e-03
-4.225624382061178574e-03 3.820957213686085579e-03
-4.088043951139983152e-03 3.747043947088350702e-03
-3.949746842780701636e-03 3.672291166661429719e-03
-3.810808627680586924e-03 3.596742735867625943e-03
-3.671303735024776180e-03 3.520442010413247017e-03
-3.531305434105225065e-03 3.443431825432794000e-03
-3.390885817368570129e-03 3.365754483445356545e-03
-3.250115784847534654e-03 3.287451743066024338e-03
-3.109065029946808754e-03 3.208564808453907239e-03
-2.967802026543384965e-03 3.129134319478153129e-03
-2.826394017369111659e-03 3.049200342586623740e-03
-2.684907003641231679e-03 2.968802362359490490e-03
-2.543405735917271884e-03 2.887979273734703894e-03
-2.401953706115380217e-03 2.806769374878564146e-03
-2.260613140681292429e-03 2.725210360688504283e-03
-2.119444994880511583e-03 2.643339316921356971e-03
-1.978508948154145391e-03 2.561192714912019237e-03
-1.837863400520095732e-03 2.478806406876369901e-03
-1.697565470001392461e-03 2.396215621787699170e-03
-1.557670991014075855e-03 2.313454961792655879e-03
-1.418234513703010456e-03 2.230558399160295201e-03
-1.279309304208157971e-03 2.147559273758379954e-03
-1.140947345799651295e-03 2.064490291019587757e-03
-1.003199340858914853e-03 1.981383520392584249e-03
-8.661147136909640425e-04 1.898270394266294604e-03
-7.297416141272558901e-04 1.815181707347727179e-03
-5.941269218827581163e-04 1.732147616475570532e-03
-4.593162516372970234e-04 1.649197640851415587e-03
-3.253539588275364790e-04 1.566360662685127407e-03
-1.922831461094350047e-04 1.483664928233346079e-03
-6.014567045899631929e-05 1.401138049211337819e-03
7.101784910840591627e-05 1.318807004568546895e-03
2.011680232269916690e-04 1.236698142619886654e-03
3.302666833040747928e-04 1.154837183510996250e-03
4.582768721173817580e-04 1.073249222002879266e-03
5.851628338980473677e-04 9.919587305663121225e-04
7.108900039253599748e-04 9.109895627737904207e-04
8.354249976571470832e-04 8.303649569779540142e-04
9.587355994322031491e-04 7.501075402553179870e-04
1.080790750758589937e-03 6.702393326078266884e-04
1.201560538206712658e-03 5.907817514145649769e-04
1.321016180934944922e-03 5.117556161169383062e-04
1.439130017871802832e-03 4.331811531254361439e-04
1.555875494573122440e-03 3.550780009389707887e-04
1.671227149776037448e-03 2.774652154660959885e-04
1.785160601671085829e-03 2.003612755288719906e-04
1.897652533906308159e-03 1.237840885572402553e-04
2.008680681354057911e-03 4.775099644044160114e-05
2.118223815647495099e-03 -2.772121845420576214e-05
2.226261730505395536e-03 -1.026163271134071433e-04
2.332775226875481549e-03 -1.769186475749002542e-04
2.437746097912273958e-03 -2.506130384966587764e-04
2.541157113782378969e-03 -3.236848925971119728e-04
2.642992006336618120e-03 -3.961201299839537445e-04
2.743235453665417850e-03 -4.679051913859600450e-04
2.841873064540462353e-03 -5.390270312814189439e-04
2.938891362762124492e-03 -6.094731109435266338e-04
3.034277771429468636e-03 -6.792313914039146798e-04
3.128020597143838736e-03 -7.482903263449393327e-04
3.220109014161761686e-03 -8.166388549257178487e-04
3.310533048507143666e-03 -8.842663945535813013e-04
3.399283562052692054e-03 -9.511628335981444759e-04
3.486352236593710623e-03 -1.017318524068183726e-03
3.571731557918626961e-03 -1.082724274249717957e-03
3.655414799877136373e-03 -1.147371341307507108e-03
3.737396008475919219e-03 -1.211251423865310900e-03
3.817669986000960664e-03 -1.274356654566663168e-03
3.896232275175100929e-03 -1.336679592618271852e-03
3.973079143368760460e-03 -1.398213216329472278e-03
4.048207566866985491e-03 -1.458950915646691805e-03
4.121615215192091924e-03 -1.518886484683011715e-03
4.193300435512296864e-03 -1.578014114263786563e-03
4.263262237130075426e-03 -1.636328384478005467e-03
4.331500276058679669e-03 -1.693824257248889532e-03
4.398014839692283157e-03 -1.750497068921051756e-03
4.462806831579255694e-03 -1.806342522867284686e-03
4.525877756312015818e-03 -1.861356682132328261e-03
4.587229704532127042e-03 -1.915535962106608252e-03
4.646865338049133848e-03 -1.968877123226521822e-03
4.704787875094158800e-03 -2.021377263720963019e-03
4.761001075710963489e-03 -2.073033812403654065e-03
4.815509227276248971e-03 -2.123844521498417966e-03
4.868317130162076040e-03 -2.173807459522329733e-03
4.919430083553377568e-03 -2.222921004212275158e-03
4.968853871412205921e-03 -2.271183835513921039e-03
5.016594748600196677e-03 -2.318594928620968092e-03
5.062659427154069663e-03 -2.365153547072922600e-03
5.107055062727136087e-03 -2.410859235913736902e-03
5.149789241194037068e-03 -2.455711814913723919e-03
5.190869965426023712e-03 -2.499711371856280090e-03
5.230305642236678099e-03 -2.542858255894270454e-03
5.268105069501118759e-03 -2.585153070972541836e-03
5.304277423446748622e-03 -2.626596669317642248e-03
5.338832246122728054e-03 -2.667190145001446452e-03
5.371779433054699009e-03 -2.706934827585395862e-03
5.403129221074726672e-03 -2.745832275826891843e-03
5.432892176329032902e-03 -2.783884271468811331e-03
5.461079182480869584e-03 -2.821092813106082335e-03
5.487701429087274603e-03 -2.857460110127292736e-03
5.512770400166402789e-03 -2.892988576736211723e-03
5.536297862949518186e-03 -2.927680826054804633e-03
5.558295856819927064e-03 -2.961539664306687795e-03
5.578776682437831640e-03 -2.994568085077851417e-03
5.597752891056641776e-03 -3.026769263665609645e-03
5.615237274019937302e-03 -3.058146551505600171e-03
5.631242852453456627e-03 -3.088703470683584057e-03
5.645782867134705417e-03 -3.118443708528113173e-03
5.658870768560098248e-03 -3.147371112288924622e-03
5.670520207190226855e-03 -3.175489683899314873e-03
5.680745023886167415e-03 -3.202803574820257092e-03
5.689559240533369547e-03 -3.229317080974901909e-03
5.696977050836293278e-03 -3.255034637754694073e-03
5.703012811318959423e-03 -3.279960815124700543e-03
5.707681032491163445e-03 -3.304100312803284062e-03
5.710996370200980415e-03 -3.327457955527012359e-03
5.712973617172792569e-03 -3.350038688402211598e-03
5.713627694720533473e-03 -3.371847572338170645e-03
5.712973644639022380e-03 -3.392889779564728803e-03
5.711026621278656248e-03 -3.413170589231123188e-03
5.707801883786904965e-03 -3.432695383093766709e-03
5.703314788530203065e-03 -3.451469641272787887e-03
5.697580781687135859e-03 -3.469498938105664877e-03
5.690615392008828606e-03 -3.486788938071123597e-03
5.682434223760523227e-03 -3.503345391801667222e-03
5.673052949814853113e-03 -3.519174132173291322e-03
5.662487304924725129e-03 -3.534281070471777080e-03
5.650753079151513147e-03 -3.548672192642097697e-03
5.637866111460907402e-03 -3.562353555614152217e-03
5.623842283479467755e-03 -3.575331283713226258e-03
5.608697513405289797e-03 -3.587611565133364249e-03
5.592447750081852055e-03 -3.599200648504064133e-03
5.575108967219718006e-03 -3.610104839518564306e-03
5.556697157776950557e-03 -3.620330497644548562e-03
5.537228328488002366e-03 -3.629884032907655655e-03
5.516718494539100959e-03 -3.638771902748026785e-03
5.495183674395581752e-03 -3.647000608949925709e-03
5.472639884768063130e-03 -3.654576694638546428e-03
5.449103135723553336e-03 -3.661506741355044330e-03
5.424589425940492572e-03 -3.667797366197866719e-03
5.399114738096058227e-03 -3.673455219031903241e-03
5.372695034394142297e-03 -3.678486979769171952e-03
5.345346252222470292e-03 -3.682899355709054121e-03
5.317084299950656026e-03 -3.686699078960565396e-03
5.287925052844396137e-03 -3.689892903909854256e-03
5.257884349119997663e-03 -3.692487604766586141e-03
5.226977986118150517e-03 -3.694489973167351844e-03
5.195221716599375192e-03 -3.695906815841355081e-03
5.162631245168709110e-03 -3.696744952349100694e-03
5.129222224809514875e-03 -3.697011212862806422e-03
5.095010253540529360e-03 -3.696712436018116145e-03
5.060010871186132984e-03 -3.695855466824834491e-03
5.024239556256753989e-03 -3.694447154624063128e-03
4.987711722942279532e-03 -3.692494351113439696e-03
4.950442718219923849e-03 -3.690003908435923134e-03
4.912447819054500779e-03 -3.686982677292635711e-03
4.873742229715969689e-03 -3.683437505137610035e-03
4.834341079195676738e-03 -3.679375234420918361e-03
4.794259418712708970e-03 -3.674802700858179234e-03
4.753512219336927629e-03 -3.669726731784021291e-03
4.712114369700661463e-03 -3.664154144541518273e-03
4.670080673796393744e-03 -3.658091744910154861e-03
4.627425848876981843e-03 -3.651546325595131457e-03
4.584164523444888076e-03 -3.644524664753768638e-03
4.540311235329691497e-03 -3.637033524570052346e-03
4.495880429854603143e-03 -3.629079649879166872e-03
4.450886458078338534e-03 -3.620669766816975339e-03
4.405343575126065628e-03 -3.611810581521372743e-03
4.359265938617973464e-03 -3.602508778892329899e-03
4.312667607155250618e-03 -3.592771021361828351e-03
4.265562538888441335e-03 -3.582603947714976117e-03
4.217964590171128375e-03 -3.572014171946327060e-03
4.169887514292083472e-03 -3.561008282169683074e-03
4.121344960262434548e-03 -3.549592839529223769e-03
4.072350471692040216e-03 -3.537774377167159524e-03
4.022917485736438037e-03 -3.525559399241184541e-03
3.973059332100800992e-03 -3.512954379924363661e-03
3.922789232117980529e-03 -3.499965762464062654e-03
3.872120297901746402e-03 -3.486599958294144506e-03
3.821065531558352248e-03 -3.472863346135568203e-03
3.769637824459908058e-03 -3.458762271133146958e-03
3.717849956586282475e-03 -3.444303044033374291e-03
3.665714595930001565e-03 -3.429491940376384624e-03
3.613244297958567372e-03 -3.414335199696788732e-03
3.560451505143773666e-03 -3.398839024786552438e-03
3.507348546546067061e-03 -3.383009580936315736e-03
3.453947637464317624e-03 -3.366852995218201725e-03
3.400260879135074635e-03 -3.350375355768698410e-03
3.346300258498084886e-03 -3.333582711105122134e-03
3.292077648029115202e-03 -3.316481069467181169e-03
3.237604805613509759e-03 -3.299076398137369606e-03
3.182893374484664639e-03 -3.281374622795018778e-03
3.127954883230414651e-03 -3.263381626887014615e-03
3.072800745851505654e-03 -3.245103250991687553e-03
3.017442261880156403e-03 -3.226545292205456380e-03
2.961890616558969687e-03 -3.207713503513474462e-03
2.906156881084006986e-03 -3.188613593172462835e-03
2.850252012914698124e-03 -3.169251224128037843e-03
2.794186856146554411e-03 -3.149632013397359476e-03
2.737972141945755472e-03 -3.129761531429488958e-03
2.681618489061796465e-03 -3.109645301530921616e-03
2.625136404408716720e-03 -3.089288799231151676e-03
2.568536283725003297e-03 -3.068697451658343543e-03
2.511828412311164615e-03 -3.047876636907060222e-03
2.455022965851219163e-03 -3.026831683382624587e-03
2.398130011325374285e-03 -3.005567869173489479e-03
2.341159508018578368e-03 -2.984090421369808843e-03
2.284121308632044468e-03 -2.962404515374764645e-03
2.227025160495073493e-03 -2.940515274197151845e-03
2.169880706911278111e-03 -2.918427767748613729e-03
2.112697488621661981e-03 -2.896147012104562969e-03
2.055484945401691611e-03 -2.873677968716145757e-03
1.998252417831824970e-03 -2.851025543655126646e-03
1.941009149208985712e-03 -2.828194586840814678e-03
1.883764287656484147e-03 -2.805189891180088959e-03
1.826526888431504988e-03 -2.782016191750608016e-03
1.769305916448631272e-03 -2.758678164978144512e-03
1.712110249070367390e-03 -2.735180427706959943e-03
1.654948679132542139e-03 -2.711527536420901222e-03
1.597829918309947228e-03 -2.687723986356038014e-03
1.540762600800552962e-03 -2.663774210676822171e-03
1.483755287394762515e-03 -2.639682579673242966e-03
1.426816469945801262e-03 -2.615453400061949502e-03
1.369954576332599316e-03 -2.591090914349061629e-03
1.313177975934144703e-03 -2.566599300284773313e-03
1.256494985683123157e-03 -2.541982670543709022e-03
1.199913876784852555e-03 -2.517245072602311735e-03
1.143442882132435180e-03 -2.492390488986347651e-03
1.087090204528312664e-03 -2.467422837883062776e-03
1.030864025804006760e-03 -2.442345974297799403e-03
9.747725168560726411e-04 -2.417163691936565287e-03
9.188238487479660418e-04 -2.391879725938160679e-03
8.630262048953338001e-04 -2.366497756751570220e-03
8.073877943263059161e-04 -2.341021415499359298e-03
7.519168662208772962e-04 -2.315454290997683191e-03
6.966217253478028957e-04 -2.289799939139155246e-03
6.415107485161157096e-04 -2.264061894950597509e-03
5.865924016890428517e-04 -2.238243687913842213e-03
5.318752571993408309e-04 -2.212348861283553857e-03
4.773680104289755415e-04 -2.186380995969716776e-03
4.230794951368446440e-04 -2.160343739484859530e-03
3.690186956839523226e-04 -2.134240840574977600e-03
3.151947548716504087e-04 -2.108076189490149660e-03
2.616169752730203258e-04 -2.081853863448147011e-03
2.082948119635776810e-04 -2.055578176293834311e-03
1.552378545753084309e-04 -2.029253730223692237e-03
1.024557973062532401e-04 -2.002885466700997982e-03
4.995839651499652152e-05 -1.976478712844179780e-03
-2.244582917065732555e-06 -1.950039219407629851e-03
-5.414343035767060167e-05 -1.923573186513934542e-03
-1.057285568992846368e-04 -1.897087274752866717e-03
-1.569905629257518833e-04 -1.870588600841009610e-03
-2.079203013355598048e-04 -1.844084718509451763e-03
-2.585089321769732653e-04 -1.817583587680916086e-03
-3.087479664607203217e-04 -1.791093535257230144e-03
-3.586292984260048937e-04 -1.764623211137283324e-03
-4.081452263553335142e-04 -1.738181543456701183e-03
-4.572884635731414927e-04 -1.711777695444234148e-03
-5.060521412944490134e-04 -1.685421025871545889e-03
-5.544298053517145164e-04 -1.659121054279755984e-03
-6.024154086905381426e-04 -1.632887431177488646e-03
-6.500033010606399769e-04 -1.606729913375818438e-03
-6.971882171596049211e-04 -1.580658343895940563e-03
-7.439652643100674000e-04 -1.554682636246450212e-03
-7.903299100231975195e-04 -1.528812762057289720e-03
-8.362779702373376997e-04 -1.503058742105046076e-03
-8.818055982801084429e-04 -1.477430639774055627e-03
-9.269092748390582621e-04 -1.451938556657491209e-03
-9.715857988753319506e-04 -1.426592629882310337e-03
-1.015832279824207575e-03 -1.401403030996677731e-03
-1.059646130584751805e-03 -1.376379965823170196e-03
-1.103025061815559931e-03 -1.351533675498395532e-03
-1.145967076941976567e-03 -1.326874438020301476e-03
-1.188470468276800864e-03 -1.302412570711352496e-03
-1.230533813965316173e-03 -1.278158432965241509e-03
-1.272155975620926135e-03 -1.254122429569568811e-03
-1.313336097002849997e-03 -1.230315014349758198e-03
-1.354073602978750389e-03 -1.206746694030083698e-03
-1.394368199470251510e-03 -1.183428032449132397e-03
-1.434219874076438214e-03 -1.160369655053705359e-03
-1.473628897077664370e-03 -1.137582253477840109e-03
-1.512595823057767599e-03 -1.115076590349006226e-03
-1.551121493310461414e-03 -1.092863504387350370e-03
-1.589207038409299211e-03 -1.070953915494368388e-03
-1.626853881636327465e-03 -1.049358830129108484e-03
-1.664063742669782573e-03 -1.028089346844187095e-03
-1.700838641960984677e-03 -1.007156661941794066e-03
-1.737180905433257077e-03 -9.865720753574934790e-04
-1.773093169850065978e-03 -9.663469966782509786e-04
-1.808578388481164693e-03 -9.464929513927509887e-04
-1.843639837444082177e-03 -9.270215873137786517e-04
-1.878281122522777171e-03 -9.079446812289336619e-04
-1.912506186395733065e-03 -8.892741457717178409e-04
-1.946319316584214964e-03 -8.710220365272360390e-04
-1.979725153693384729e-03 -8.532005593505109266e-04
-2.012728700484589257e-03 -8.358220780794187524e-04
-2.045335331275466816e-03 -8.188991223674315029e-04
-2.077550802157063919e-03 -8.024443959753389203e-04
-2.109381261730721747e-03 -7.864707852551279001e-04
-2.140833262516112553e-03 -7.709913680339585112e-04
-2.171913773040888822e-03 -7.560194229812769841e-04
-2.202630190675592629e-03 -7.415684392057382513e-04
-2.232990355184472347e-03 -7.276521263139308507e-04
-2.263002563134762848e-03 -7.142844250274917517e-04
-2.292675583147206833e-03 -7.014795181389285421e-04
-2.322018672080111527e-03 -6.892518421117824244e-04
-2.351041591744728633e-03 -6.776160992007951734e-04
-2.379754627282896617e-03 -6.665872700999231739e-04
-2.408168606125402501e-03 -6.561806272471129966e-04
-2.436294918204285481e-03 -6.464117489193275425e-04
-2.464145537352266033e-03 -6.372965338970176113e-04
-2.491733044081460152e-03 -6.288512169524650402e-04
-2.519070649565899322e-03 -6.210923852635295839e-04
-2.546172221032953417e-03 -6.140369955951836475e-04
-2.573052309065238831e-03 -6.077023924314263340e-04
-2.599726175795889684e-03 -6.021063272784620739e-04
-2.626209825898873605e-03 -5.972669788051197977e-04
-2.652520038570509858e-03 -5.932029744741936427e-04
-2.678674402027966285e-03 -5.899334132055500217e-04
-2.704691350169026107e-03 -5.874778893377182549e-04
-2.730590201247304599e-03 -5.858565183360906793e-04
-2.756391199444193762e-03 -5.850899637668406476e-04
-2.782115559048678379e-03 -5.851994660806267897e-04
-2.807785511717146229e-03 -5.862068730201127221e-04
-2.833424356426083278e-03 -5.881346723377457297e-04
-2.859056513475055454e-03 -5.910060261757068244e-04
-2.884707581536602970e-03 -5.948448079220714467e-04
-2.910404399648303282e-03 -5.996756412631686853e-04
-2.936175112675984064e-03 -6.055239419272865579e-04
-2.962049241611152545e-03 -6.124159625557549884e-04
-2.988057759748576243e-03 -6.203788398009995632e-04
-3.014233173397626829e-03 -6.294406453487839514e-04
-3.040609609640073773e-03 -6.396304399498009552e-04
-3.067222910061716615e-03 -6.509783315541116128e-04
-3.094110731675837715e-03 -6.635155372570762222e-04
-3.121312656108442968e-03 -6.772744498393721939e-04
-3.148870307511418901e-03 -6.922887082928086237e-04
-3.176827479216175112e-03 -7.085932744425292324e-04
-3.205230271421256015e-03 -7.262245140981303092e-04
-3.234127239699507907e-03 -7.452202848313225873e-04
-3.263569556198520853e-03 -7.656200296218881179e-04
-3.293611184558365226e-03 -7.874648774009453903e-04
-3.324309069353111046e-03 -8.107977514274539339e-04
-3.355723342975307569e-03 -8.356634848216595423e-04
-3.387917549886858108e-03 -8.621089453594587854e-04
-3.420958891786744262e-03 -8.901831689083108522e-04
-3.454918494105782296e-03 -9.199375040250176976e-04
-3.489871697855191027e-03 -9.514257660561571944e-04
-3.525898378423314352e-03 -9.847044036536613688e-04
-3.563083295031001241e-03 -1.019832677022246021e-03
-3.601516473154381913e-03 -1.056872850146389634e-03
-3.641293624796402856e-03 -1.095890397671707168e-03
-3.682516609584464765e-03 -1.136954227031828366e-03
-3.725293943685268130e-03 -1.180136915744579807e-03
-3.769741357493776833e-03 -1.225514970113434927e-03
-3.815982414494620799e-03 -1.273169098810059737e-03
-3.864149191690604678e-03 -1.323184509695169786e-03
-3.914383034274462186e-03 -1.375651226541430667e-03
-3.966835389225639719e-03 -1.430664430123171999e-03
-4.021668732505347121e-03 -1.488324821322222760e-03
-4.079057594838392600e-03 -1.548739012814821835e-03
-4.139189705485116222e-03 -1.612019945139656118e-03
-4.202267263673590755e-03 -1.678287331268264434e-03
-4.268508357953324818e-03 -1.747668129119744158e-03
-4.338148548736651608e-03 -1.820297043857271348e-03
-4.411442638842099674e-03 -1.896317060291157494e-03
-4.488666654450143914e-03 -1.975880003586193145e-03
-4.570120069294770007e-03 -2.059147126128629129e-03
-4.656128296205160055e-03 -2.146289725396780847e-03
-4.747045495455268910e-03 -2.237489778407444029e-03
-4.843257730551266300e-03 -2.332940598577645276e-03
-4.945186530686848485e-03 -2.432847502116975303e-03
-5.053292912325756635e-03 -2.537428473744843260e-03
-5.168081926890953463e-03 -2.646914824369189442e-03
-5.290107811563029942e-03 -2.761551815752482167e-03
-5.419979833487647940e-03 -2.881599231761088932e-03
-5.558368922784608437e-03 -3.007331871644966081e-03
-5.706015218650732981e-03 -3.139039920253232710e-03
-5.863736666526531485e-03 -3.277029136327014661e-03
-6.032438821781327225e-03 -3.421620814493360994e-03
-6.213126047663797627e-03 -3.573151414349329258e-03
-6.406914324558091005e-03 -3.731971759009081874e-03
-6.615045907212913252e-03 -3.898445669655738362e-03
-6.838906136655858135e-03 -4.072947851979818665e-03
-7.080042733148656300e-03 -4.255860806636790547e-03
-7.340187962469020902e-03 -4.447570485916545364e-03
-7.621284115334120597e-03 -4.648460327112679917e-03
-7.925512840277594909e-03 -4.858903200868781164e-03
-8.255328902552330761e-03 -5.079250679652413773e-03
-8.613499078925779262e-03 -5.309818868521562832e-03
-9.003146950988501554e-03 -5.550869861044300906e-03
-9.427804488662983040e-03 -5.802587570954679044e-03
-9.891471422464321109e-03 -6.065046389935525861e-03
-1.039868349074050784e-02 -6.338170707176946084e-03
-1.095459074124976485e-02 -6.621682781233829626e-03
-1.156504718139635818e-02 -6.915035665033141335e-03
-1.223671299418889122e-02 -7.217327242484806483e-03
-1.297717058188721517e-02 -7.527190021949040251e-03
-1.379505541261850932e-02 -7.842650180008582314e-03
-1.470020224087535340e-02 -8.160947453098400806e-03
-1.570380655679956897e-02 -8.478305260691551895e-03
-1.681859984991619650e-02 -8.789637665503445205e-03
-1.805903529002021377e-02 -9.088176498308156784e-03
-1.944147745454330445e-02 -9.364997464107988057e-03
-2.098438510713254365e-02 -9.608419489183455883e-03
-2.270846927380184080e-02 -9.803245314205415520e-03
-2.463679910918956453e-02 -9.929805151728235760e-03
-2.679481379372754962e-02 -9.962757500618391396e-03
-2.921017863009695709e-02 -9.869595183194818794e-03
-3.191239537684657790e-02 -9.608798957633619964e-03
-3.493203800689922284e-02 -9.127579502261397651e-03
-3.829943248105245612e-02 -8.359155726937244832e-03
-4.204252948804196310e-02 -7.219537924584518152e-03
-4.618362906512618604e-02 -5.603828995478898900e-03
-5.073450567308165904e-02 -3.382142696748295652e-03
-5.568935322453114761e-02 -3.953834632559119489e-04
-6.101483441164318178e-02 3.548629486646182746e-03
-6.663640653743629905e-02 8.677840230522686910e-03
-7.242006180595388087e-02 1.525603357509775632e-02
-7.814876039381771222e-02 2.357813692055376470e-02
-8.349332295534769854e-02 3.395754952617697359e-02
-8.797861685641343577e-02 4.670107485113264567e-02
-9.094788398290333531e-02 6.206577397589685408e-02
-9.153138997363739759e-02 8.019120512203747886e-02
-8.863061168033153914e-02 1.010009133837372619e-01
-8.093589957395422307e-02 1.240701030574622304e-01
-6.700314070824617274e-02 1.484642123514549050e-01
-4.542086657144146083e-02 1.725679596896718959e-01
-1.509836187480897984e-02 1.939479582022488047e-01
2.431065132693538411e-02 2.093226199666576859e-01
7.187536266811507535e-02 2.147425715634440069e-01
1.248460936500856711e-01 2.060938313133994504e-01
1.783014663883910611e-01 1.799941069313391040e-01
2.252702630761950486e-01 1.350269977713599578e-01
2.576181738059268866e-01 7.304214506226870685e-02
2.678186710495915612e-01 0.000000000000000000e+00
2.513339838787017055e-01 -7.428843930169734544e-02
2.088165846894103617e-01 -1.379754464160300176e-01
1.470095177745772419e-01 -1.803527715816531651e-01
7.746919158418884288e-02 -1.953226039504239453e-01
1.319876709146788896e-02 -1.835484031886598366e-01
-3.547644183585872690e-02 -1.520461760401257412e-01
-6.383664251919093924e-02 -1.112908708754677956e-01
-7.316422441582071112e-02 -7.133472877143173796e-02
-6.878194881684281115e-02 -3.888149644044807535e-02
-5.715442408690866311e-02 -1.641954488820651994e-02
-4.360173940024114625e-02 -3.160489885835334606e-03
-3.134935956515516597e-02 3.289375567703157685e-03
-2.170672869315614512e-02 5.512990540746805571e-03
-1.475146218974505638e-02 5.533320193613510199e-03
-1.000155410510778289e-02 4.642552352893957422e-03
-6.853619852865000875e-03 3.535861727488570205e-03
-4.787543044445135079e-03 2.522729413380271450e-03
-3.422097788411793996e-03 1.702948610418006208e-03
-2.501977530272462072e-03 1.079733497775839466e-03
-1.865060139562747842e-03 6.209174069527492951e-04
-1.411532131671787253e-03 2.874726857066839131e-04
-1.081057604789517580e-03 4.467660432615552790e-05
-8.376789215054913917e-04 -1.347095448683885812e-04
-6.603332373049106748e-04 -2.703952133578481961e-04
-5.369423948226612151e-04 -3.754766628992077158e-04
-4.606153369956460632e-04 -4.575155761417361256e-04
-4.270762368742265342e-04 -5.195914278385698219e-04
-4.328543003639470253e-04 -5.613501571014243826e-04
-4.740346642374041971e-04 -5.800924041144227402e-04
-5.454997230343692095e-04 -5.718932411453340288e-04
-6.406268149308111349e-04 -5.326867324942480796e-04
-7.513903775579499657e-04 -4.592166486552674409e-04
-8.687794889332507361e-04 -3.497583095295217861e-04
-9.834118545682050527e-04 -2.045496689947973808e-04
-1.086216192751905674e-03 -2.591698348416147414e-05
-1.169068335147448092e-03 1.818735284895187879e-04
-1.225296726625310769e-03 4.129731414762182915e-04
-1.250010159681861233e-03 6.604361281645856376e-04
-1.240236624367924145e-03 9.167525011096737831e-04
-1.194890276215986383e-03 1.174359866255875445e-03
-1.114601611049893196e-03 1.426085225267819051e-03
-1.001453737407316004e-03 1.665488212262682165e-03
-8.586675848808850674e-04 1.887095627237612202e-03
-6.902731559158092715e-04 2.086531331466228573e-03
-5.007956047921013334e-04 2.260554905843524011e-03
-2.949758046273797535e-04 2.407027485382422140e-03
-7.753655083822356964e-05 2.524824544636470637e-03
1.470012799373561843e-04 2.613714331360552333e-03
3.744535228097755752e-04 2.674218130872994641e-03
6.010627501500554349e-04 2.707465241654265220e-03
8.235497608799033798e-04 2.715052270412294036e-03
1.039133649959026514e-03 2.698913286547650892e-03
1.245527422441906288e-03 2.661204713456288319e-03
1.440915748653237138e-03 2.604206887830982746e-03
1.623920411310019515e-03 2.530242617852991246e-03
1.793558227312910900e-03 2.441612016092217091e-03
1.949195184984365420e-03 2.340542244709342343e-03
2.090499588144853135e-03 2.229150438230274173e-03
2.217396361910231768e-03 2.109417872238240985e-03
2.330023911332948852e-03 1.983173519426161338e-03
2.428694433667537549e-03 1.852085217727529858e-03
2.513858195827058453e-03 1.717656851053710708e-03
2.586071955073238494e-03 1.581230139014968682e-03
2.645971509934594550e-03 1.443989826446685732e-03
2.694248187093011004e-03 1.306971316984541567e-03
2.731628984877521819e-03 1.171069917355694722e-03
2.758860061953306766e-03 1.037051031066179348e-03
2.776693193486229425e-03 9.055608330450296830e-04
2.785874846566231428e-03 7.771370219813650889e-04
2.787137527648275628e-03 6.522193588645478846e-04
2.781193076834266760e-03 5.311598054430035406e-04
2.768727608849446461e-03 4.142321127128048563e-04
2.750397838083936796e-03 3.016407829919062755e-04
2.726828543022877249e-03 1.935293423320125737e-04
2.698610971467345528e-03 8.998792364575962550e-05
2.666302001900520274e-03 -8.939843048616502585e-06
2.630423903378073525e-03 -1.032506184009290319e-04
2.591464573647144463e-03 -1.929757733802911924e-04
2.549878137087147403e-03 -2.781764110640636348e-04
2.506085809079256627e-03 -3.589389499994255321e-04
2.460476960576577551e-03 -4.353712153160283968e-04
2.413410306458417618e-03 -5.075990004937457403e-04
2.365215176563513315e-03 -5.757630504825488830e-04
2.316192825078606035e-03 -6.400164246147017769e-04
2.266617740690746868e-03 -7.005221998522863846e-04
2.216738935903701108e-03 -7.574514766363455408e-04
2.166781193003305614e-03 -8.109816455434016181e-04
2.116946246165569891e-03 -8.612948912728443434e-04
2.067413892791444656e-03 -9.085768961201313564e-04
2.018343020261276297e-03 -9.530157144344781391e-04
1.969872537586952067e-03 -9.948007964387223755e-04
1.922122215214368095e-03 -1.034122129661273638e-03
1.875193418981509035e-03 -1.071169476927544186e-03
1.829169740881008300e-03 -1.106131688676013350e-03
1.784117522310573693e-03 -1.139196061333520383e-03
1.740086271732695870e-03 -1.170547722504290851e-03
1.697108971645376911e-03 -1.200369014627219533e-03
1.655202285913339594e-03 -1.228838849894178797e-03
1.614366671527799621e-03 -1.256132009263608408e-03
1.574586399450747434e-03 -1.282418347899548592e-03
1.535829512073207895e-03 -1.307861874677061689e-03
1.498047739702566524e-03 -1.332619663378133189e-03
1.461176425771615675e-03 -1.356840556491374899e-03
1.425134519566966700e-03 -1.380663624569507079e-03
1.389824727875459565e-03 -1.404216357500632411e-03
1.355133938322001380e-03 -1.427612587354731019e-03
1.320934051038539451e-03 -1.450950189219204220e-03
1.287083358727299665e-03 -1.474308668326329954e-03
1.253428585326290916e-03 -1.497746826362133122e-03
1.219807612230411602e-03 -1.521300759841559200e-03
1.186052799133494561e-03 -1.544982494771014389e-03
1.151994646135757463e-03 -1.568779491403471480e-03
1.117465439191061552e-03 -1.592655135615654236e-03
1.082302492803523730e-03 -1.616550133696443691e-03
1.046350699743118628e-03 -1.640384557996074416e-03
1.009464257463216176e-03 -1.664060200621372788e-03
9.715076127142906887e-04 -1.687462916718956854e-03
9.323557816193948043e-04 -1.710464714378660041e-03
8.918942441415796292e-04 -1.732925474012663282e-03
8.500186068007566879e-04 -1.754694263018201621e-03
8.066341829271309917e-04 -1.775610281766351085e-03
7.616555970220808321e-04 -1.795503503882506843e-03
7.150064791279109756e-04 -1.814195083739942715e-03
6.666192830304843797e-04 -1.831497600988824101e-03
6.164352462828318318e-04 -1.847215201975089139e-03
5.644044940078794294e-04 -1.861143688897666775e-03
5.104862840234506913e-04 -1.873070597871483558e-03
4.546493868371459784e-04 -1.882775300658017306e-03
3.968725928793898333e-04 -1.890029158670581766e-03
3.371453388711452949e-04 -1.894595754863947611e-03
2.754684456285343575e-04 -1.896231226203745797e-03
2.118549603390540827e-04 -1.894684718468234771e-03
1.463310956505925681e-04 -1.889698984371883904e-03
7.893725973086708307e-05 -1.881011146248975311e-03
9.729168710067388412e-06 -1.868353644416920114e-03
-6.122096529681791532e-05 -1.851455393444980052e-03
-1.338231792764910414e-04 -1.830043169199238118e-03
-2.079684471394813638e-04 -1.803843250222718917e-03
-2.835273215039323070e-04 -1.772583337580994510e-03
-3.603485419334559285e-04 -1.735994778525457678e-03
-4.382576251488530961e-04 -1.693815118747205636e-03
-5.170554543541496699e-04 -1.645791008732061262e-03
-5.965168881402242934e-04 -1.591681488916664271e-03
-6.763894124391883842e-04 -1.531261677394737215e-03
-7.563918626810057621e-04 -1.464326882047794782e-03
-8.362132469677068490e-04 -1.390697156793265204e-03
-9.155117055497715307e-04 -1.310222317422089690e-03
-9.939136462621843068e-04 -1.222787428125801656e-03
-1.071013100345878308e-03 -1.128318763458147946e-03
-1.146371348289052308e-03 -1.026790242407869249e-03
-1.219516870193560355e-03 -9.182303216015716765e-04
-1.289945680654006705e-03 -8.027293228974076694e-04
-1.357122113165711496e-03 -6.804471559899865924e-04
-1.420480123984412153e-03 -5.516213798382636757e-04
-1.479425189954237593e-03 -4.165755267270186387e-04
-1.533336878769564872e-03 -2.757275896652826644e-04
-1.581572173113963541e-03 -1.295985472310778094e-04
-1.623469631968656006e-03 2.117923025716096207e-05
-1.658354472756869364e-03 1.758538831541901987e-04
-1.685544656240586803e-03 3.335465009887235910e-04
-1.704358051972159217e-03 4.932443658651501292e-04
-1.714120755181692971e-03 6.537953138927877226e-04
-1.714176615231560123e-03 8.139035750814901764e-04
-1.703898021344566870e-03 9.721275013803858155e-04
-1.682697971781266710e-03 1.126879642558781692e-03
-1.650043427853824327e-03 1.276429678830554634e-03
-1.605469923613850325e-03 1.418910765696867679e-03
-1.548597364416977144e-03 1.552329887577030398e-03
-1.479146903481019359e-03 1.674582849034217695e-03
-1.396958733429892784e-03 1.783474552072463436e-03
-1.302010570553115750e-03 1.876745209917239600e-03
-1.194436542462292208e-03 1.952103126353338771e-03
-1.074546115655627011e-03 2.007264618386850330e-03
-9.428426192412365722e-04 2.040001571155550426e-03
-8.000408358653209864e-04 2.048196979493790287e-03
-6.470830426758224143e-04 2.029908641233001999e-03
-4.851527968691693709e-04 1.983440913881195922e-03
-3.156856754016083497e-04 1.907424119598940138e-03
-1.403761010967928286e-04 1.800900774612407447e-03
3.882067707429936142e-05 1.663417321150580455e-03
2.196924270141194409e-04 1.495119448039273265e-03
3.997805966363276618e-04 1.296848399361668703e-03
5.763987797171227830e-04 1.070234893579112383e-03
7.466599112529875588e-04 8.177864207119818875e-04
9.075130139190287814e-04 5.429627743053780852e-04
1.055790155179387596e-03 2.502337426987416872e-04
1.188264049639701711e-03 -5.488801997574101199e-05
1.301716449091817624e-03 -3.658467306592509509e-04
1.393017102070601403e-03 -6.750842334126885402e-04
1.459212638232140410e-03 -9.741305147169206959e-04
1.497624247603547391e-03 -1.253752617753681447e-03
1.505952493257463158e-03 -1.504169909735900406e-03
1.482387036689085738e-03 -1.715342210934718819e-03
1.425718491769142199e-03 -1.877334903387643588e-03
1.335449084029879030e-03 -1.980761617412583452e-03
1.211898307767351850e-03 -2.017300281536142138e-03
1.056299374057068649e-03 -1.980272099148621973e-03
8.708819527596515543e-04 -1.865265347281429807e-03
6.589365447412414215e-04 -1.670776868799946600e-03
4.248557746625930488e-04 -1.398834017387577330e-03
1.741479473990320938e-04 -1.055549124196402755e-03
-8.658167665787552727e-05 -6.515481081474268354e-04
-3.496862981125833242e-04 -2.022058694252199483e-04
-6.065739103956059152e-04 2.723846573195107517e-04
-8.478482071797409239e-04 7.477828254280463388e-04
-1.063495275618672872e-03 1.195972182627882225e-03
-1.243105303599228648e-03 1.586559465557180020e-03
-1.376035853193162016e-03 1.888260268024459509e-03
-1.453272589284149499e-03 2.073347178826118100e-03
-1.467145687646276720e-03 2.119371513553322366e-03
