1.919903832245491628e+02 7.041364343273895376e-02
1.905041543884824193e+02 7.075397901120680788e-02
1.890284515997398955e+02 7.110147229329936980e-02
-1.704168437654704178e+02 6.714777876528334188e-02
1.875632519430809566e+02 7.145637176182756400e-02
-1.688505634027170572e+02 6.734655805505375403e-02
1.861085335484182792e+02 7.181893853874603273e-02
-1.672936828223789121e+02 6.754663394275919885e-02
1.846642756321971319e+02 7.218944716070342660e-02
1.832304585405472324e+02 7.256818641246927382e-02
1.818070637940953418e+02 7.295546019428947315e-02
-1.657461552736508565e+02 6.774799688157395749e-02
-1.642079342163316085e+02 6.795063656230120042e-02
1.803940741342591423e+02 7.335158843685687935e-02
-1.626789733237921496e+02 6.815454188798913959e-02
1.789914735706005615e+02 7.375690804693731117e-02
-1.611592264862020443e+02 6.835970094823938525e-02
-1.596486478140356269e+02 6.856610099776526412e-02
1.775992474289131451e+02 7.417177389064912030e-02
1.762173823992236521e+02 7.459655977922248493e-02
-1.581471916418995818e+02 6.877372843054262164e-02
1.748458665827781431e+02 7.503165944745429639e-02
1.734846895366143258e+02 7.547748749769656040e-02
-1.566548125326760044e+02 6.898256875813363331e-02
-1.551714652820581932e+02 6.919260658508147310e-02
-1.536971049234749387e+02 6.940382558820332171e-02
1.721338423137730729e+02 7.593448024701575372e-02
1.707933174964306033e+02 7.640309641267897800e-02
1.694631092181525673e+02 7.688381754474485352e-02
1.681432131699495756e+02 7.737714802925384217e-02
-1.522316867335007657e+02 6.961620849727100102e-02
1.668336265825461169e+02 7.788361446314788494e-02
-1.507751662377438606e+02 6.982973707299279520e-02
1.655343481738920559e+02 7.840376402456963878e-02
1.642453780441553306e+02 7.893816118597347942e-02
-1.493274992173082580e+02 7.004439209240283237e-02
-1.478886417159035034e+02 7.026015333147117570e-02
1.629667174824768949e+02 7.948738108137862191e-02
1.616983685837208498e+02 8.005199380393662745e-02
1.604403333135311129e+02 8.063251800999267360e-02
-1.464585500476637776e+02 7.047699955487997381e-02
1.591926106864209487e+02 8.122926511302171193e-02
-1.450371808057774103e+02 7.069490850717055630e-02
1.579551874618185821e+02 8.184181819792925305e-02
1.567280084146114518e+02 8.246744018120685804e-02
-1.436244908720513820e+02 7.091385690710075296e-02
-1.422204374275343355e+02 7.113382045153775202e-02
1.555108906068495571e+02 8.309688590389670282e-02
1.543033113314212983e+02 8.370554711807066950e-02
1.531039848685205982e+02 8.424041254521469346e-02
1.519102544687335694e+02 8.461317473430463032e-02
-1.408249779643610111e+02 7.135477382225123566e-02
-1.394380702990152656e+02 7.157669070348970930e-02
-1.380596725872481443e+02 7.179954380939629344e-02
1.507176586441309780e+02 8.472107210435649016e-02
-1.366897433409073699e+02 7.202330492589417710e-02
1.495203174035434017e+02 8.450146931534868733e-02
1.483123447249864455e+02 8.397731421814967623e-02
-1.353282414470911874e+02 7.224794496764862239e-02
1.470894436193833883e+02 8.324299232221729627e-02
-1.339751261899655503e+02 7.247343405788325699e-02
-1.326303572758577332e+02 7.269974163384677890e-02
1.458495976812008053e+02 8.240799456762643027e-02
-1.312938948622494593e+02 7.292683658835040494e-02
1.445927213491925727e+02 8.155430050448268797e-02
1.433198924958071245e+02 8.072758371210093931e-02
-1.299656995915190407e+02 7.315468745474824896e-02
1.420326978016051100e+02 7.994693124183774313e-02
-1.286457326305167044e+02 7.338326265050201802e-02
1.407328411567354465e+02 7.921668635758875865e-02
-1.273339557173098484e+02 7.361253079575778846e-02
1.394219584979704507e+02 7.853448410785554556e-02
-1.260303312168630043e+02 7.384246112695636022e-02
1.381015497912447927e+02 7.789554524285721704e-02
-1.247348221877004733e+02 7.407302402511731221e-02
-1.234473924616724219e+02 7.430419164487900296e-02
1.367729662818858856e+02 7.729465571791778455e-02
1.354374199823234335e+02 7.672696030555949120e-02
1.340960000832795345e+02 7.618821164291396386e-02
-1.221680067374628607e+02 7.453593850641011820e-02
-1.208966306819181824e+02 7.476824150030042526e-02
1.327496899285209224e+02 7.567479136781994631e-02
-1.196332310117507944e+02 7.500107754240850633e-02
1.313993822700467433e+02 7.518364768507521112e-02
-1.183777754661683588e+02 7.523441388500837212e-02
1.300458922376650435e+02 7.471221105647805893e-02
-1.171302324203260525e+02 7.546817827475689466e-02
-1.158905695103898239e+02 7.570217908857553024e-02
1.286899681153110180e+02 7.425831235050382728e-02
1.273323002254397807e+02 7.382011155530601720e-02
-1.146587498337737259e+02 7.593591279915054559e-02
-1.134347227673282106e+02 7.616814355238710199e-02
1.259735282530526206e+02 7.339603855987909820e-02
1.246142473073704053e+02 7.298474498556629941e-02
-1.122184040263284004e+02 7.639607936455694581e-02
-1.110096367222656255e+02 7.661395895265468714e-02
-1.098081240158242906e+02 7.681103954308232673e-02
1.232550129693677405e+02 7.258506536895130423e-02
1.218963455248093197e+02 7.219598593480025528e-02
1.205387335409903926e+02 7.181661945395854951e-02
1.191826369118228968e+02 7.144618490855215998e-02
-1.086133294144758565e+02 7.696953023721786469e-02
1.178284894695210738e+02 7.108399098105290526e-02
-1.074243592729496442e+02 7.706396053323114059e-02
-1.062398739917771024e+02 7.706415292059955180e-02
1.164767012404960269e+02 7.072942256610506573e-02
1.151276604070957745e+02 7.038192968739627464e-02
1.137817350244750827e+02 7.004101834490303324e-02
-1.050581009402956312e+02 7.694292084181995894e-02
-1.038770051563335670e+02 7.668611034446780328e-02
-1.026945946188255334e+02 7.629919325526510199e-02
1.124392745321110567e+02 6.970624289896823478e-02
-1.015092447010746639e+02 7.580578513662891704e-02
1.111006110920629908e+02 6.937719971407735331e-02
-1.003199081374175705e+02 7.523922099378800576e-02
1.097660607800046222e+02 6.905352181290173863e-02
-9.912615223201619585e+01 7.463277035985856067e-02
1.084359246504551493e+02 6.873487435313968552e-02
-9.792806020831778824e+01 7.401323051931853192e-02
1.071104896938374793e+02 6.842095080315142852e-02
-9.672607544667188506e+01 7.339894335529449643e-02
-9.552085242749700456e+01 7.280074383807914884e-02
1.057900297000269205e+02 6.811146965687989163e-02
-9.431314374619798002e+01 7.222398964216486528e-02
1.044748060406342063e+02 6.780617164212454639e-02
-9.310372655102759154e+01 7.167052869855469743e-02
-9.189336018101852233e+01 7.114018287224867232e-02
1.031650683803014203e+02 6.750481729738150305e-02
-9.068276477651396306e+01 7.063172555262485497e-02
1.018610553257108222e+02 6.720718489072735613e-02
1.005629950196859141e+02 6.691306860711353222e-02
-8.947261256919715322e+01 7.014347090340010415e-02
9.927110568667234247e+01 6.662227697468611765e-02
-8.826352621577856894e+01 6.967360461857259601e-02
-8.705608071199924325e+01 6.922035638878851205e-02
9.798559613504107801e+01 6.633463148707542667e-02
-8.585080690032849304e+01 6.878208085553277895e-02
9.670666622083166430e+01 6.604996539517034304e-02
9.543450727701899439e+01 6.576812265187929885e-02
-8.464819549581869751e+01 6.835728814859282076e-02
-8.344870108376264284e+01 6.794464804935290703e-02
9.416930251176366085e+01 6.548895697221709944e-02
-8.225274583677752105e+01 6.754298134060493508e-02
9.291122737875652149e+01 6.521233101125513409e-02
-8.106072285576125580e+01 6.715124574172783023e-02
-7.987299911890806925e+01 6.676852031454011405e-02
-7.868991806065800176e+01 6.639399027184290925e-02
9.166044992229919330e+01 6.493811563333361236e-02
9.041713109953435890e+01 6.466618926126951883e-02
8.918142508186392092e+01 6.439643730623567652e-02
-7.751180181783959711e+01 6.602693305844122007e-02
8.795347953743728908e+01 6.412875164872881839e-02
-7.633895318428307064e+01 6.566670601204391278e-02
8.673343589634485795e+01 6.386303018779868057e-02
-7.517165731372992354e+01 6.531273562781927944e-02
-7.401018320707289888e+01 6.496450831852307317e-02
-7.285478501541470564e+01 6.462156250547762548e-02
8.552142959997027560e+01 6.359917643392148934e-02
8.431759033585193208e+01 6.333709914249971429e-02
8.312204225917761846e+01 6.307671199924609617e-02
-7.170570318599008885e+01 6.428348186911393702e-02
8.193490420202812174e+01 6.281793332309193456e-02
-7.056316547383835314e+01 6.394988959227422554e-02
8.075628987127974767e+01 6.256068581797580297e-02
-6.942738783854619555e+01 6.362044344431987131e-02
-6.829857524232492949e+01 6.329483158108385743e-02
7.958630803609209181e+01 6.230489634148923123e-02
7.842506270568613047e+01 6.205049570644246421e-02
-6.717692236307067333e+01 6.297276894348052823e-02
7.727265329822827766e+01 6.179741850128927377e-02
-6.606261423390637333e+01 6.265399416544703559e-02
-6.495582681889821686e+01 6.233826690964228839e-02
7.612917480139810777e+01 6.154560293630335910e-02
-6.385672753313676253e+01 6.202536556460563205e-02
7.499471792529449488e+01 6.129499070695109547e-02
-6.276547571413047422e+01 6.171508525063926220e-02
7.386936924820413708e+01 6.104552687806859973e-02
-6.168222305042001352e+01 6.140723608440279424e-02
7.275321135576999154e+01 6.079715978296058171e-02
-6.060711397245342624e+01 6.110164166731583968e-02
7.164632297403137784e+01 6.054984094063443900e-02
-5.954028601005378363e+01 6.079813776249127361e-02
7.054877909676406489e+01 6.030352499015997902e-02
-5.848187012017779551e+01 6.049657113544820719e-02
6.946065110757891148e+01 6.005816963556218080e-02
-5.743199098817775905e+01 6.019679853345622639e-02
6.838200689713579550e+01 5.981373560889034768e-02
-5.639076730534979731e+01 5.989868578589906817e-02
6.731291097588176342e+01 5.957018664749250125e-02
-5.535831202516264682e+01 5.960210700937313560e-02
6.625342458266260337e+01 5.932748948608301126e-02
-5.433473260028466711e+01 5.930694390189383824e-02
6.520360578955519770e+01 5.908561385942157074e-02
-5.332013120223459879e+01 5.901308511694891568e-02
6.416350960328450981e+01 5.884453252772740839e-02
-5.231460492528368178e+01 5.872042570490370456e-02
6.313318806354033796e+01 5.860422131361649883e-02
-5.131824597602007998e+01 5.842886661566796397e-02
6.211269033854948418e+01 5.836465915631095652e-02
-5.033114184983567441e+01 5.813831425263031594e-02
6.110206281824235219e+01 5.812582819119510580e-02
-4.935337549544637170e+01 5.784868007321754962e-02
6.010134920532986058e+01 5.788771384452695568e-02
-4.838502546844050300e+01 5.755988023121511726e-02
-4.742616607471953216e+01 5.727183525268073061e-02
5.911059060469076343e+01 5.765030495920970416e-02
5.812982561138345261e+01 5.741359394640928315e-02
-4.647686750464552574e+01 5.698446974615975491e-02
-4.553719595857773328e+01 5.669771213981038283e-02
5.715909039768285282e+01 5.717757697317284171e-02
-4.460721376444285369e+01 5.641149444318203920e-02
5.619841879948818786e+01 5.694225419285287026e-02
5.524784240254234646e+01 5.670763002137851200e-02
-4.368697948791793806e+01 5.612575203270402796e-02
-4.277654803572823283e+01 5.584042345536704283e-02
5.430739062877766088e+01 5.647371347735723190e-02
-4.187597075254789303e+01 5.555545025226558270e-02
5.337709082327338450e+01 5.624051859110893586e-02
-4.098529551191429476e+01 5.527077679491327472e-02
5.245696834200673919e+01 5.600806491377740420e-02
-4.010456680155827058e+01 5.498635013996844290e-02
-3.923382580349192494e+01 5.470211989169303235e-02
5.154704664095406486e+01 5.577637812530345657e-02
5.064734736643707436e+01 5.554549078338361784e-02
4.975789044710261777e+01 5.531544326913345744e-02
-3.837311046920553537e+01 5.441803808056577818e-02
4.887869418698386426e+01 5.508628491789104020e-02
-3.752245559023554478e+01 5.413405904842517186e-02
-3.668189286443315922e+01 5.385013934521421658e-02
4.800977535929744278e+01 5.485807545938128915e-02
4.715114929960353862e+01 5.463088680095087857e-02
-3.585145095813422955e+01 5.356623763142181333e-02
-3.503115556451956536e+01 5.328231459224680444e-02
-3.422102945835869292e+01 5.299833285102683450e-02
4.630282999614157546e+01 5.440480528489476802e-02
4.546483017377935454e+01 5.417993452445924590e-02
-3.342109254735406410e+01 5.271425689741889714e-02
-3.263136192027735660e+01 5.243005301292072429e-02
4.463716136580803351e+01 5.395639908412722813e-02
4.381983396422489108e+01 5.373434914789349676e-02
-3.185185189211197354e+01 5.214568920650703571e-02
-3.108257404632117726e+01 5.186113515038380528e-02
4.301285723504760483e+01 5.351396680457291832e-02
4.221623927615412697e+01 5.329547426424450368e-02
-3.032353727446379921e+01 5.157636212240854917e-02
-2.957474781328694036e+01 5.129134295067661053e-02
4.142998688407421071e+01 5.307914523502247489e-02
4.065410527664921148e+01 5.286532118357315652e-02
-2.883620927945688450e+01 5.100605195931826735e-02
3.988859758487185303e+01 5.265443512941864190e-02
3.913346397155425649e+01 5.244704915262842632e-02
-2.810792270206530219e+01 5.072046491872348600e-02
-2.738988655307361597e+01 5.043455899759471950e-02
3.838870012805627141e+01 5.224391730407013795e-02
-2.668209677580507844e+01 5.014831271425983228e-02
3.765429468585813311e+01 5.204609895415442805e-02
-2.598454681164119862e+01 4.986170589391713398e-02
3.693022461267705125e+01 5.185518441443375676e-02
-2.529722762503741151e+01 4.957471962060518156e-02
3.621644651358113975e+01 5.167379060044013234e-02
-2.462012772699461038e+01 4.928733619749157968e-02
3.551287856292637457e+01 5.150679088405000355e-02
-2.395323319710499987e+01 4.899953909998003287e-02
3.481935738479144504e+01 5.136489896051139870e-02
-2.329652770430205422e+01 4.871131293597456835e-02
-2.264999252642848404e+01 4.842264340078971524e-02
-2.201360656875261768e+01 4.813351723497019674e-02
-2.138734638154112844e+01 4.784392218123017376e-02
3.413551214669455902e+01 5.127769797959873255e-02
-2.077118617681088963e+01 4.755384693918698891e-02
-2.016509784439828934e+01 4.726328112081282923e-02
3.346026178797445283e+01 5.136184885871759170e-02
-1.956905096741675010e+01 4.697221520417065727e-02
-1.898301283727783684e+01 4.668064048581462705e-02
-1.840694846835348031e+01 4.638854903108886873e-02
3.278812088630490251e+01 5.260674755668625496e-02
3.215966141207690043e+01 -9.869762857328574779e-02
3.216057627487828796e+01 1.467137502707748786e-01
3.153603892455273083e+01 5.144613475251886420e-02
-1.784082061240880890e+01 4.609593362313774145e-02
-1.728458977294239673e+01 4.580278770967581570e-02
3.089158597860212652e+01 5.074043670451489768e-02
3.079762332018725246e+01 4.911416663034710080e-04
-1.673821421952448318e+01 4.550910534657427037e-02
3.027124638989193173e+01 5.011668616184799391e-02
-1.620165000229245322e+01 4.521488113943325504e-02
-1.567485096667814837e+01 4.492011018226473029e-02
2.972532506847930023e+01 7.793353182826625626e-03
2.964026924816797148e+01 4.427908637163969346e-02
2.904555766017596241e+01 5.157352402098723532e-02
-1.515776876857356648e+01 4.462478798765173726e-02
-1.465035288996589458e+01 4.432891042389859593e-02
2.884952543168202155e+01 -5.277054635425674524e-04
2.845583662640483524e+01 5.000429630092356748e-02
-1.415255065528772249e+01 4.403247363002246728e-02
2.813761118186796040e+01 6.178104114046732362e-04
-1.366430724855210421e+01 4.373547394149265161e-02
-1.318556573148472921e+01 4.343790779779514721e-02
2.787072409108121818e+01 4.977935610871684485e-02
2.750404325208934964e+01 6.485142903371107900e-04
2.729372821016942297e+01 4.969972646815636053e-02
-1.271626706280525276e+01 4.313977164102699574e-02
-1.225635011892532056e+01 4.284106181037158206e-02
2.691949236507905852e+01 6.298777379391844091e-04
2.672495682961119456e+01 4.961761927589392052e-02
2.637069189362273747e+01 6.344428046739771171e-04
-1.180575171626369801e+01 4.254177440932761789e-02
-1.136440663556859576e+01 4.224190516199721745e-02
2.616432008984750013e+01 4.952202595624281140e-02
2.585040059774816967e+01 6.431580763478102463e-04
2.561174321974334589e+01 4.947513185991068985e-02
-1.093224764866628540e+01 4.194144923031955380e-02
-1.050920554830963383e+01 4.164040100018247953e-02
2.535419971693822205e+01 6.371103560024895087e-04
2.506719974194940903e+01 4.951029297660258094e-02
2.487916491188905965e+01 5.989292050022750275e-04
-1.009520918194216144e+01 4.133875378932763689e-02
2.439310510174243163e+01 3.742355859667405027e-01
2.452980432866910832e+01 4.807969463608797317e-02
2.439190337769763772e+01 -1.854171553818389495e-01
-9.690185490933998835e+00 4.103649947282370092e-02
2.442328205765464588e+01 4.617469132399817044e-04
2.404369417139088938e+01 7.185546771533597443e-01
2.399004930909444866e+01 -5.578173683798504090e-01
2.373832221149267596e+01 8.892430785914361424e-01
2.399809427421837427e+01 4.957348662341606871e-02
2.398446929471317546e+01 -6.860669546680307589e-04
-9.294059557249561010e+00 4.073362794570428713e-02
-8.906754661634270320e+00 4.043012633431353892e-02
2.346716297546230834e+01 -5.013681412454999986e-01
2.339855687710581833e+01 8.241853953717783732e-01
2.356093371398383951e+01 1.717672976177654447e-04
2.325860687947639960e+01 6.925683477049542347e-01
2.348751637692856420e+01 5.496548844286400226e-02
2.345811360285625824e+01 5.843784053753198898e-02
2.320737030123726541e+01 -1.394632600835391811e-01
2.313542929937703718e+01 6.425099733823039783e-01
2.307073046440264363e+01 2.420827007368422656e-01
2.309898983788110982e+01 1.050698328321447578e-01
2.284591044181458841e+01 6.766168361330286984e-01
2.275472401113981746e+01 6.825812514515317009e-01
2.315377425302668257e+01 4.677070943097407212e-04
2.296289148073614328e+01 5.306363407739900923e-02
2.294801556938225673e+01 -5.748130955522635921e-02
2.242919121539581440e+01 6.755347630792409852e-01
2.231327685971769625e+01 6.826197172674850489e-01
2.269148949380256397e+01 7.737333889439319823e-02
2.252240550728192048e+01 -5.540084272212335986e-02
2.200211712699901767e+01 6.675662749409060348e-01
2.245674324416322065e+01 4.731897077815623576e-02
2.276073370308862920e+01 5.027841973851004953e-04
2.225147377345161814e+01 6.281391358783959544e-02
2.210342548654676875e+01 -5.251356560717993643e-02
2.195969491461909584e+01 4.606131890242304988e-02
2.238118411210101044e+01 3.166942596324186059e-04
2.201318676903021654e+01 5.838302788843139160e-05
-8.528192356910668792e+00 4.012597791626913019e-02
-8.158292561396617515e+00 3.982116132552084020e-02
-7.796973557563078749e+00 3.951566027876204229e-02
-7.444151045646763443e+00 3.920955793785017851e-02
-7.099729786761264094e+00 3.890368466545717635e-02
-6.763555308282776402e+00 3.860287657927436583e-02
-6.435201094307242187e+00 3.832757613092648702e-02
-6.113339245965444313e+00 3.813652276378261957e-02
-5.794734216093994306e+00 3.812705905774747134e-02
-5.474193373345145552e+00 3.835574345600650109e-02
-5.146687472000692765e+00 3.876331363886738324e-02
-4.809584398530657445e+00 3.923773301878671904e-02
2.188870123522220013e+01 6.752410009298372984e-01
2.182090961077464542e+01 5.593276170080150461e-02
2.158194547322350232e+01 6.569915219058656275e-01
2.168468337106905253e+01 -4.942601989417947511e-02
-4.462599448649214651e+00 3.970486879807293840e-02
2.146871160226165998e+01 6.635014438201053411e-01
2.165835788564292130e+01 4.282337738208467871e-04
2.146920317097730901e+01 4.114406731293655806e-02
2.140002069797073858e+01 5.508517476037544380e-02
2.117083081513418108e+01 6.447123246728011514e-01
2.127231053085464296e+01 -4.386760119007104830e-02
2.105589237270271497e+01 6.485962662490718511e-01
2.131493785293908871e+01 4.107368097773200473e-04
2.100464890097174475e+01 3.280270597658015846e-02
2.076925875310784875e+01 6.316447728030801789e-01
2.097009591112693982e+01 5.992439536307190423e-02
2.086997539730638707e+01 -3.393069030573379191e-02
2.098235821788401978e+01 -2.023668866432035119e-04
2.065064242939861927e+01 6.292805305775914793e-01
2.037670443908125861e+01 6.176850589289981652e-01
2.059890819344331092e+01 4.371248215955579608e-02
2.065974085463442833e+01 3.467115384994856522e-04
2.048977301829206255e+01 -1.784206056762850309e-02
2.048380198955922182e+01 4.721099827460747272e-02
2.024798086056741298e+01 6.052464529467993515e-01
2.021711028744593719e+01 5.715806700069476359e-02
2.034767210768085022e+01 3.694448693216121683e-04
1.999166025115379242e+01 6.061231185994075954e-01
2.010860873424967821e+01 -1.544242351664287978e-02
1.983173678464407175e+01 5.928814161779302205e-01
1.995120421378014797e+01 2.040385344054702899e-01
1.996777743474901712e+01 3.354299316664011849e-02
2.004495460124086037e+01 2.438183269501825875e-04
1.961842870026871921e+01 6.010261848913661664e-01
1.976124426973562720e+01 4.798634345432063047e-02
1.969643138547826666e+01 6.514420311800515895e-02
1.944362919683706181e+01 6.171686895177217469e-01
1.975111436165656542e+01 3.072034020285247620e-04
1.957115869038162970e+01 -3.294478058018669026e-02
1.926145392395720890e+01 5.981380498357145026e-01
1.909207931435769012e+01 6.386758927070547154e-01
1.943845306508983839e+01 2.616272827681781488e-02
1.946658930924827047e+01 3.193291437485467894e-04
1.924168367930148094e+01 -6.063040359824862363e-02
1.891890016987637324e+01 5.942178041389846177e-01
1.876617795755054274e+01 6.502812404736323382e-01
1.918668979435094002e+01 4.023333193530150009e-02
1.919000875921476279e+01 -4.449541409912991571e-04
1.845648104458214789e+01 6.447427657579299920e-01
1.858898636292098061e+01 5.881759708201981240e-01
1.909722425637731646e+01 2.341894251376764810e-02
1.814878444938159774e+01 6.267792207527923543e-01
1.892619402598213085e+01 -9.625516890397249614e-02
1.826963579183370356e+01 5.796204418015691306e-01
1.830468801485580954e+01 -1.008698381448483727e-01
1.861571305551877842e+01 -1.063935977380249115e-01
1.811131537381911727e+01 2.573851860812968392e-02
1.829797157440153299e+01 4.426804542157250499e-02
1.873574239111064088e+01 4.312998032678512506e-02
1.875620338657741826e+01 2.593438429322777322e-02
1.892167903336319412e+01 2.870048602136679211e-04
1.843064223544163482e+01 2.577374498091009047e-02
1.866127451348960520e+01 2.013195742510154611e-04
1.840775419936104385e+01 2.317892374656892423e-04
-4.106604430877373701e+00 4.013878913043794627e-02
-3.742735619147222970e+00 4.053709243437019633e-02
-3.372085780389892928e+00 4.090461425474254537e-02
-2.995601868308375160e+00 4.124676919287730698e-02
-2.614125244509644563e+00 4.156812965097786416e-02
-2.228390073396738114e+00 4.187186068120762883e-02
-1.839080840293655594e+00 4.215987018815017112e-02
-2.586998939251726748e-01 4.313884312250823583e-02
1.389151814011073960e-01 4.331408219332143900e-02
1.795915796965589450e+01 5.695051051760217087e-01
1.816185631082009522e+01 2.543320427723109382e-04
1.799782008867523331e+01 -9.188202975978433662e-02
1.784190080534526146e+01 6.074357908471373912e-01
1.765706444475564396e+01 5.589463543146562241e-01
1.787140093252143203e+01 4.386161182879554088e-02
1.792239207379469690e+01 9.455214895480847440e-05
1.780053454972417271e+01 2.568257608294652328e-02
1.754012323292587539e+01 5.902145050604137300e-01
1.769581959592065701e+01 -8.553483100346342960e-02
1.768994923865592739e+01 2.405434907956372761e-04
1.736333733444591942e+01 5.485015781446263006e-01
1.724572218347807251e+01 5.749968209586719947e-01
1.739939762088408770e+01 -8.024323659492112182e-02
1.750161817825173927e+01 2.714092605874397421e-02
1.745190244114075284e+01 4.322846720205714144e-02
1.746359547865836959e+01 -4.819380752084839102e-05
1.707794920155237151e+01 5.383082312720479656e-01
1.695935888121336177e+01 5.612942781303881246e-01
1.711131254865075135e+01 -7.405303829198511822e-02
1.720878542248149046e+01 2.624174345374460926e-02
1.724346934121349761e+01 2.214361262659055127e-04
1.704397656031217778e+01 4.336191495800592599e-02
1.680077599387218612e+01 5.284592151628442203e-01
1.668118585945193644e+01 5.486694387848539689e-01
1.702929768821732281e+01 -1.762258359723911248e-05
1.692479278477227922e+01 2.596435511098186752e-02
1.683217057917506310e+01 -7.008387395909011774e-02
1.653161045362661596e+01 5.189276763634665945e-01
1.682055120426386097e+01 2.013335397235713013e-04
1.641107590991672893e+01 5.368903961499561506e-01
1.627022346542711517e+01 5.097050178339396220e-01
1.655960395204973068e+01 -6.699517198672248763e-02
1.664241058718553390e+01 3.644715171404201010e-02
1.665076729045158288e+01 3.349722782256392417e-02
1.614882296470129575e+01 5.257817263582762468e-01
1.661753302943030519e+01 3.901317741553811261e-05
1.564691599755303741e+01 5.051400801533740825e-01
1.601636738847456343e+01 5.007685918026214544e-01
1.589417969921925966e+01 5.152232293877961888e-01
1.638370330697177479e+01 2.656348850091433053e-02
1.576980695819996647e+01 4.921151399278751448e-01
1.641952146961171977e+01 1.852668440601268709e-04
1.629482936451481478e+01 -6.228451468079373304e-02
1.625104303905173353e+01 4.265631230949680497e-02
1.562837063483555156e+01 2.658502761321951055e-02
1.622686037601020459e+01 3.781911961929651517e-05
1.566125483031191834e+01 4.186072717533754844e-04
1.612384043932572908e+01 2.601732425754059441e-02
1.603943714988655600e+01 -5.977972562046190291e-02
1.578944392957921572e+01 -5.767186803014139052e-02
1.595977009534245816e+01 -6.772832226613592806e-04
1.579103644908452964e+01 2.176284822107345967e-04
1.603885539843885510e+01 1.715056650753310626e-04
1.567717612908806757e+01 1.610109961320881436e-04
1.587208940611235342e+01 3.917673290371141703e-02
1.586818013963125651e+01 3.157161141258298803e-02
1.588795099842946534e+01 3.259879590561767272e-04
1.585580161640674390e+01 1.042438507036071484e-05
-1.446829199030272628e+00 4.243277050424423824e-02
-1.052261128063008755e+00 4.268944596487371512e-02
-6.559985409391145827e-01 4.292692441318712165e-02
5.360157090428211424e-01 4.343325102258011050e-02
1.553027279305390707e+01 4.837177618403073476e-01
1.540672128703262800e+01 4.954310726768300088e-01
1.529752795889580952e+01 4.755699948431735269e-01
1.554694726588506803e+01 -5.336202910910702035e-02
1.558109533408853764e+01 9.605143631089761410e-05
1.549208732720502368e+01 4.153776714540153431e-02
1.550301977046411039e+01 -9.356304241241171591e-06
1.517328453300674873e+01 4.860914251177521628e-01
1.539359857332050652e+01 -1.891692424317979564e-03
1.507133331817932920e+01 4.676935546762641671e-01
1.539077544996108138e+01 2.621377439365295270e-02
1.531318777114076646e+01 -5.107079808652088826e-02
1.403132873488984877e+01 4.316611034295682048e-01
1.494642675479561511e+01 4.771820763539763588e-01
1.534190450018762064e+01 2.865676814513428328e-04
1.533322143328808274e+01 1.542963999038192348e-04
1.485148613727124456e+01 4.600549584121489399e-01
1.410035535931727857e+01 4.447006536948429622e-01
1.472592953021218420e+01 4.686259315563665595e-01
1.516120819684065957e+01 2.908533146039093270e-02
1.516746184143888954e+01 7.424301580077059099e-05
1.403064457294327916e+01 -3.892525507247022315e-02
1.463777621158413211e+01 4.526401422475317404e-01
1.422788785274687662e+01 4.384639376350528694e-01
1.430312582721522396e+01 4.524012717640800152e-01
1.451157625198549539e+01 4.603714480893790206e-01
1.512156020601878836e+01 4.023637417555801093e-02
1.508259285389538817e+01 -4.937367623588754389e-02
1.442997992345828706e+01 4.454500777471112061e-01
1.508810908702047193e+01 4.374197802545210217e-04
1.410002188595792383e+01 3.013327553406264236e-02
1.500584648989569558e+01 1.394784105012758838e-04
1.493626961907562212e+01 2.642921510566869844e-02
1.486156816301464900e+01 -4.553490149391534181e-02
1.423176875612699277e+01 -4.015097127288286272e-02
1.484796572703302431e+01 1.068118448047855254e-04
1.476326542383191232e+01 4.354470934035598734e-02
1.464549843633406212e+01 -4.498939703143922664e-02
1.443397405049124238e+01 -4.096358238276764929e-02
1.441019964703442469e+01 4.103213668753470655e-02
1.471641977854980610e+01 2.467767858415050378e-02
1.469400708586181814e+01 1.078108761877907644e-04
1.429999212447338941e+01 2.555128674951937656e-02
1.482878937709206291e+01 4.015230670034159832e-04
1.439671363169863305e+01 2.102125052556655388e-05
1.450673917044829864e+01 2.732143816121581498e-02
1.454352979223373765e+01 1.222982226770890214e-04
1.425319872330409154e+01 1.162586569994158330e-04
1.430843977579773352e+01 3.594516170660836123e-04
1.456790138120354250e+01 3.686402087802589716e-04
9.315770166880428249e-01 4.346128762259994505e-02
1.390303166110717648e+01 4.372399279513708437e-01
1.384010675715107119e+01 4.250746672035126128e-01
1.411301076111582553e+01 7.496464333099562194e-05
1.406431116106819168e+01 3.876690509846204141e-02
1.371097317765876689e+01 4.300276519617801108e-01
1.405209654206235470e+01 3.811099739609035450e-04
1.365405996341683625e+01 4.186487295754829918e-01
1.397613137432579400e+01 1.042997953547607020e-04
1.282171757275906998e+01 3.973568139787960196e-01
1.390484847294990978e+01 2.605705692347056249e-02
1.352393441148355890e+01 4.230348800617385607e-01
1.383979253867225978e+01 -3.562151737019294412e-02
1.347303658416796424e+01 4.124214944230539248e-01
1.384225465294859170e+01 9.966566416495811309e-05
1.334173585662477102e+01 4.162529292335505060e-01
1.295880710471798736e+01 3.946382865542615304e-01
1.299088968312029913e+01 4.033954611042368521e-01
1.329687303399560072e+01 4.063485950337749619e-01
1.379998693602460591e+01 3.658986217753516638e-04
1.316415287117274602e+01 4.097169300255064095e-01
1.312548640796556043e+01 4.004271850165079805e-01
1.372780849929788438e+01 4.494788993015871176e-02
1.283812257691515590e+01 2.552153528537096094e-02
1.370815013688302919e+01 2.359110521770422728e-02
1.371149025108214481e+01 3.476088282802795919e-05
1.365009644023166935e+01 -3.607348491812540497e-02
1.358360033038633041e+01 9.939937161380082238e-05
1.353036296774321023e+01 2.635691052222160352e-02
1.294601560962519571e+01 -3.026589706722482981e-02
1.355276402005179115e+01 3.471639496217370359e-04
1.346845195473765067e+01 -3.149329568925181289e-02
1.345852778231033930e+01 8.166735620781374980e-05
1.298519389774035027e+01 5.961525069529733007e-05
1.302936722877166176e+01 4.735136920612752209e-02
1.337972402439245734e+01 4.592039450134552392e-02
1.328921801503464550e+01 -3.301397504562980645e-02
1.299928868569119444e+01 2.093418502280561949e-02
1.311674885146242708e+01 -2.803238347767390490e-02
1.317521773694930154e+01 2.627195357262117684e-02
1.333631701842478634e+01 6.306688003997263964e-05
1.309962742126501389e+01 7.196843288105563951e-05
1.334646554790020545e+01 2.201426262428588312e-02
1.321667716444972562e+01 9.207704461480457350e-05
1.307447770724025204e+01 3.230355180393847721e-04
1.331084330945154726e+01 3.358680856154491008e-04
1.324254570179246748e+00 4.333721626060367538e-02
1.712128004190035302e+00 4.294068441006837489e-02
1.279678513187114142e+01 3.889081854394133009e-01
1.265602640982224081e+01 3.918895232171994980e-01
1.263971265345046113e+01 3.829424757314072170e-01
1.287309213679674613e+01 8.140193096658838101e-05
1.284382394462943289e+01 3.110958338953039937e-04
1.278368186285670127e+01 -2.547341218998250972e-02
1.249392051114015523e+01 3.886378131370878952e-01
1.248723935001935814e+01 3.750932754823543269e-01
1.189785934665387934e+01 3.781196389130098146e-01
1.276336260166083569e+01 7.745741926383778659e-05
1.233796714952571882e+01 3.868524962856257909e-01
1.190107582393753027e+01 3.442726840840470981e-01
1.233643979596029361e+01 3.660825916205313058e-01
1.267679344868482794e+01 4.430990060853406270e-02
1.204079517169089542e+01 3.811992259861061161e-01
1.218734735614930287e+01 3.843569680304386171e-01
1.266174824364607154e+01 2.539406660185951348e-02
1.204279285068878380e+01 3.509997349116917853e-01
1.218796931966136832e+01 3.581061009135986795e-01
1.265597213884497307e+01 2.839100295121660915e-05
1.261843874821325251e+01 -2.684115744761299965e-02
1.261887978238339336e+01 2.953645372860691509e-04
1.255076554592499072e+01 7.629442730705832002e-05
1.187033012785672526e+01 -1.816771606524018867e-02
1.251787802818962270e+01 2.388557211469676672e-02
1.246723680880925045e+01 -2.415303097946969874e-02
1.190490058702546605e+01 2.250410708513182062e-02
1.192202388962358128e+01 4.555640388450810097e-02
1.244768025719831250e+01 7.548885034246673501e-05
1.231041206700321489e+01 -1.799526636634794785e-02
1.228906938105111912e+01 4.169027264910455527e-02
1.236305374926548417e+01 2.825794214244769023e-02
1.234668316085116224e+01 5.596243064894323380e-05
1.202152852211185596e+01 -1.789733898899099201e-02
1.196210796721767089e+01 5.535145409495631112e-05
1.206700718516575854e+01 2.450559283311520842e-02
1.224773577895351195e+01 4.994249904947336037e-05
1.239964295955936890e+01 2.795411405231355124e-04
1.205548473905719931e+01 6.625632528782102258e-05
1.216507846428670270e+01 -2.392350725015156970e-02
1.221238364310636726e+01 1.983891133286048297e-02
1.215066767655453184e+01 6.972443915466534925e-05
1.197807190151463885e+01 2.446370484031626857e-04
1.218607746554524418e+01 2.600750769104729645e-04
2.092201228489519949e+00 4.204118686570619545e-02
2.459379517763519374e+00 4.014010599018279224e-02
3.054004499471257184e+00 3.481011011523791362e-04
1.175855975937700570e+01 3.746278916468588349e-01
1.176265422425054830e+01 3.381039109827388423e-01
1.162249042213841754e+01 3.711183977720402538e-01
1.162758173613248758e+01 3.322837093343895543e-01
1.099856881096823358e+01 3.061693690563027093e-01
1.148964844652052086e+01 3.678118431371152353e-01
1.187052776588818759e+01 3.943024367830737735e-05
1.110863428932120378e+01 3.586814918639166239e-01
1.136000432195538679e+01 3.644481485511684715e-01
1.123301563627083155e+01 3.612297030036768497e-01
1.149570776769726876e+01 3.266541658678046578e-01
1.174238018063103262e+01 -1.970354671837926813e-02
1.111847584459393090e+01 3.111895991967503217e-01
1.101072513915263507e+01 -7.308410838939891074e-02
1.178433912369886905e+01 1.900494754841147022e-02
1.136688336920432008e+01 3.213325855139148590e-01
1.124118931461270243e+01 3.162458468215780250e-01
1.177549848602418159e+01 2.020779609568360740e-04
1.178055081657986491e+01 6.341070665590169977e-05
1.169221259107779787e+01 6.243521035986403017e-05
1.164750979226244709e+01 2.376937183402564116e-02
1.160878409043290382e+01 -1.271896326431837254e-02
1.160541266648059100e+01 6.102665698170979265e-05
1.112968359201120272e+01 4.518248633031743400e-02
1.111049104161449641e+01 6.038616815459437945e-03
1.111413636090163948e+01 4.019916840159601861e-05
1.152259263800368672e+01 5.169108511445306975e-02
1.157834650229994899e+01 2.030994084276800107e-04
1.152016477369786074e+01 5.671003908262650293e-05
1.146141423546279903e+01 -1.638692016915812427e-02
1.149800622596779398e+01 1.353068262756538208e-02
1.122633430171075375e+01 -9.554343492591979223e-03
1.134988475724357926e+01 -1.873535284651295374e-02
1.143632567165097669e+01 5.498999587735067557e-05
1.125781374745132801e+01 2.020300856037479317e-02
1.127271337372833138e+01 5.729510024648643826e-05
1.119281830427524582e+01 7.012717991979255320e-05
1.135384760703731644e+01 5.626168304132044630e-05
1.138590563479654882e+01 1.397031995305629548e-02
1.138597741426536913e+01 5.726223692434145515e-05
1.119941134060231924e+01 4.753784582818685098e-05
2.804774379366325121e+00 3.650666806352753646e-02
2.960037167980258843e+00 -9.352674533698729364e-04
3.013301849191772241e+00 3.382245981722741435e-05
3.086496394976284474e+00 -3.914275754561155575e-04
3.113044866997331184e+00 3.072602410288478858e-02
3.111581162249960286e+00 -1.888533474005055278e-04
1.098682202105551298e+01 3.572147340561728224e-01
1.086665166427381912e+01 3.584277671123926590e-01
1.088159034773025624e+01 3.010731433217841424e-01
1.075514311664950107e+01 3.744931815051260049e-01
1.106070550286785270e+01 1.853610090812286837e-02
1.067959599195364184e+01 3.602504935460062452e-01
1.076757887313135775e+01 2.948196715494532105e-01
1.103663703051347866e+01 5.853607777373124514e-05
1.101884396051559634e+01 1.268562094670591667e-03
1.044434008379884204e+01 3.279461167584154513e-01
1.055993901437705063e+01 3.335760890251252553e-01
1.099987013910969402e+01 -2.865627826099507308e-03
1.096018185723625571e+01 5.778384843807554553e-05
1.064831565977428873e+01 2.851111435345153877e-01
1.043287163300862552e+01 2.874585097012282708e-01
1.053785419897199027e+01 2.898812863364033654e-01
1.066005568835343453e+01 2.433163271070890865e-01
1.090812940776319984e+01 1.153870430575017030e-02
1.087819431156638572e+01 -5.590174921757970136e-03
1.088479168776836836e+01 1.001853570073801375e-04
1.084075589932081840e+01 -1.321009542507955168e-03
1.076410456524397929e+01 -4.078894458630993869e-02
1.081043100002634283e+01 1.180821334263125049e-04
1.043933592595461413e+01 3.276044403323988274e-02
1.043995597330819436e+01 9.691395515976352357e-04
1.077191686423792127e+01 2.317960685058289769e-02
1.075995427197480936e+01 2.713750375132954989e-04
1.073708862806579134e+01 1.059042482356374436e-04
1.067128783610501053e+01 4.576639860832128898e-02
1.055538544793885869e+01 3.626015870497695248e-02
1.065143124396894159e+01 4.342934795132246295e-04
1.054388757377225794e+01 1.310646061716381301e-03
1.059271764964866058e+01 4.559289393929047077e-05
1.045163421528677894e+01 4.779420094224179908e-05
1.050173383350161593e+01 -8.826895751786240541e-05
1.052180073041876085e+01 4.826644457049516503e-05
1.066874902034672346e+01 7.374398299067918324e-04
1.066444621051830488e+01 4.299540784136151027e-05
3.134392921398472254e+00 -5.382146236536645799e-05
3.155911346839339604e+00 -1.747578091136321062e-05
3.176621468505361090e+00 -9.838383142805459458e-06
3.196814341044027952e+00 -7.859608709951634140e-06
3.216655289315863975e+00 -7.182421009710221373e-06
3.236242012048180516e+00 -6.841360329481940393e-06
3.255634721890041661e+00 -6.518016915881832186e-06
3.274871092590295962e+00 -6.325397974808229618e-06
3.293975392126668122e+00 -5.939239636489033652e-06
3.312962358632387971e+00 -5.554371403470465233e-06
3.331841132666751193e+00 -4.934869732151517959e-06
3.350616635261713494e+00 -4.137407819711877053e-06
3.369290943789850168e+00 -2.687171273244829956e-06
3.387864483881435351e+00 -2.912828719855520405e-07
3.431176510367199839e+00 3.048911553078456280e-02
1.033580159581514302e+01 3.246165341427061923e-01
1.032917473538518038e+01 2.839308667985238621e-01
1.023131073184080009e+01 3.215055460779092655e-01
1.022727261668752874e+01 2.803144064072961017e-01
1.012979462056984481e+01 3.183268381725310459e-01
1.038217362501761087e+01 3.472310006121896031e-05
1.012737563033786259e+01 2.767989648408890613e-01
1.003082436639031982e+01 3.151042383794685486e-01
1.032854983238461344e+01 3.952262946630169527e-02
1.031548954864100409e+01 3.014827518863765973e-02
1.033977321070065258e+01 3.767175574798956798e-04
1.033703263585076648e+01 -1.550904518563527706e-03
1.031342114340803917e+01 -1.867388919331335658e-05
1.002954039861553603e+01 2.733906552321201944e-01
9.934178056083808883e+00 3.120002562026882309e-01
1.023889636218348720e+01 -2.360160912320223309e-03
9.933754733019384275e+00 2.700692709177203721e-01
9.839833233243952648e+00 3.089025130294212329e-01
1.022361501888008917e+01 3.065660459631491808e-02
1.024528399760452402e+01 3.832931683640442819e-05
9.839961341817566876e+00 2.668407357496451193e-01
1.014008922580667438e+01 -3.780593096695919562e-03
1.012117278596137204e+01 3.266148994498421082e-02
1.017769841927430896e+01 4.536436584639156016e-05
1.017906861821460929e+01 1.809770952062417606e-04
1.011066156886324130e+01 4.385670579592737371e-05
1.002196853824152534e+01 3.469448735151339086e-02
1.004290817871813601e+01 -4.762209246307513334e-03
9.946707120770939881e+00 -5.690972598719546902e-03
1.004413350842429153e+01 3.538496197663175375e-05
1.002417881559190960e+01 6.852605073473646766e-05
9.978079369651029040e+00 3.260160641446752523e-05
8.781880896547519910e+00 2.325072022307012598e-01
9.926902201277393090e+00 3.913833544226413830e-02
9.747631372519350634e+00 3.056690262534868530e-01
9.912465334218504509e+00 2.091765973074707617e-05
9.885246695507731829e+00 4.670160290141257831e-02
9.748108138158009695e+00 2.637292846722056883e-01
8.924278522028330940e+00 2.760837234033376442e-01
9.657329030417397320e+00 3.025198612166198342e-01
9.852564493675542323e+00 -1.068729601995983478e-02
9.825767408253456736e+00 3.553869850405700498e-02
9.873319229426643417e+00 1.649459184492986302e-04
9.847278938772001666e+00 3.562419868884257639e-05
9.658193004531300474e+00 2.607310894329553097e-01
9.568904045908084299e+00 2.992741193728059024e-01
9.764385378600573873e+00 -1.135721003978058113e-02
8.999263601047630345e+00 2.787462420030251686e-01
9.782434809224557881e+00 4.479665394172323035e-05
9.570165833430976932e+00 2.578132799581635548e-01
9.002084536096202072e+00 2.394091938085687876e-01
9.482293202435874591e+00 2.963174621492487559e-01
9.735267264276860288e+00 3.784701203135380082e-02
9.014388483119347484e+00 -1.486498162637272039e-02
9.483949398504501360e+00 2.549531407428544116e-01
9.397651829965273151e+00 2.933947733923700785e-01
9.078391512341806191e+00 2.418522083065056671e-01
9.675367991800751355e+00 -1.117575682590250807e-02
9.717925619762041833e+00 4.290291591100200015e-05
9.024243074851344915e+00 1.398118335409821986e-05
9.726219110799396717e+00 1.159912401213521313e-04
9.399489681842300826e+00 2.521661521405232920e-01
9.645549019497394738e+00 3.984406601428636813e-02
9.153917540752532389e+00 2.842963051424589604e-01
9.314864339895709833e+00 2.903852999037330740e-01
9.653737588064226216e+00 4.128894021320401341e-05
9.233598088889541700e+00 2.872673142637818255e-01
9.066594738313863644e+00 4.990216211748346731e-02
9.095890027040281822e+00 -1.381035727201563451e-02
9.156231195347121599e+00 2.443365378442639846e-01
9.316738324717910302e+00 2.494709949026013285e-01
9.086424381741208478e+00 2.736834606810576817e-05
9.235662414715321233e+00 2.468676629765529373e-01
9.558036114049604848e+00 4.194505461126932927e-02
9.587305324809749507e+00 -1.067454185018554616e-02
9.498934063756280466e+00 -1.015986098358467871e-02
9.589838887960160818e+00 3.059345720142650851e-05
9.174964524046293590e+00 -1.551094982675462267e-02
9.526218540481615094e+00 2.719048316589601071e-05
9.477900172049070093e+00 4.751537679547581522e-02
9.450376969453182951e+00 4.555373989883799990e-02
9.412494238088036980e+00 -1.584968602503585358e-02
9.382783839493731293e+00 4.289136255082531130e-02
9.254156961836093487e+00 -1.668416776686657693e-02
9.333687227235490269e+00 -1.750301881997836512e-02
9.583038082946778502e+00 9.963652345339642496e-05
9.220870957481052343e+00 4.623815200504136080e-02
9.462838010589827320e+00 2.289783194568121408e-05
9.211263196181345592e+00 3.951150296726759517e-05
9.301392818761522463e+00 4.470941258783734523e-02
9.399676412234587275e+00 3.974868796728271708e-05
9.443496849281212135e+00 1.116146692070213328e-04
9.273894006433765824e+00 4.220979726286361268e-05
9.336692056099296977e+00 4.441723177968600510e-05
9.307505766159074767e+00 1.018456569510356430e-04
3.406337152216243336e+00 4.458046163568951380e-06
3.424710850783430516e+00 1.002840866469788111e-05
3.442981252320163055e+00 7.817830510590146340e-06
3.461135093260584661e+00 1.793686541451402137e-06
3.479172267205343783e+00 -1.660769374542706417e-06
8.851007509115895289e+00 2.732418825704516219e-01
8.853860665834169197e+00 2.347509889639924352e-01
9.075756742179706293e+00 2.813966037544524124e-01
9.025436720232461241e+00 4.883743846903844388e-02
9.148779650200394187e+00 3.761921026450780443e-05
9.142088748387438457e+00 4.774642231571515211e-02
9.174970380379017243e+00 9.729808722798763930e-05
3.497092519972833102e+00 -3.303175218907808494e-06
3.514892960864924643e+00 -4.065825002944944828e-06
3.532570370134151538e+00 -4.430382961243639172e-06
3.550121776455280376e+00 -4.585670242422876366e-06
3.567544360013612526e+00 -4.655916603537539764e-06
3.584835685821685658e+00 -4.672778278600370757e-06
8.927252402265139608e+00 2.370416766038300760e-01
8.799917342858599056e+00 -2.033751090615290233e-02
8.838432436416059801e+00 5.101197268885523245e-02
8.838190272467818076e+00 4.540144925474680831e-05
8.870413025059908918e+00 -2.134502966852074371e-02
8.911120498695723313e+00 4.979240119599843972e-02
8.940624348009203359e+00 -2.078886235410668318e-02
8.983602844838797452e+00 4.777971193729717292e-02
8.962125502567539925e+00 4.381065969694040139e-05
8.900106941586674481e+00 4.718508745191496185e-05
8.919796165203569771e+00 9.040807997209301342e-05
9.045767126533565516e+00 9.270254255648584403e-05
3.601993888582084136e+00 -4.657700897030977340e-06
3.619017227244553769e+00 -4.488312377001823008e-06
3.635904707381517831e+00 -4.574997886930412739e-06
3.652655508088919145e+00 -4.338519861305272361e-06
3.669269721113146421e+00 -4.333882486192552101e-06
3.685747579321432266e+00 -4.180506390842500187e-06
3.702089945491311873e+00 -4.138165956164970041e-06
3.718298284742396653e+00 -3.907496420332016163e-06
3.734374654617394373e+00 -3.950900946486443807e-06
8.437691148585779288e+00 2.579149034604654722e-01
8.778871608095064616e+00 2.703551574826255077e-01
8.503178967310011771e+00 2.601568627329488570e-01
8.507362626626216340e+00 2.240652159091401086e-01
8.707991257904595273e+00 2.677180746339751782e-01
8.638433310358884398e+00 2.649462713301158900e-01
8.570030342214876029e+00 2.626727751353555296e-01
8.711294541260958368e+00 2.303357801065319954e-01
8.642054935465317556e+00 2.282063592045547040e-01
8.574092068855369675e+00 2.261147679440309866e-01
8.729785679328681880e+00 -1.876550374723712916e-02
8.586381720476410351e+00 4.771913092715715510e-02
8.766967175009092728e+00 5.208893657213982398e-02
8.776365647790315805e+00 4.410806550436080449e-05
8.591420979518812118e+00 2.524765308677970143e-07
8.714624179354601097e+00 4.235806174524320587e-05
8.659596153165335153e+00 -1.633314226955839832e-02
8.696989836233228743e+00 5.318178107682608458e-02
8.629484768878130652e+00 5.453916964702768683e-02
8.652959966860331420e+00 3.160822916382466878e-05
8.796942139055746068e+00 8.793464238960340036e-05
8.677119089751126779e+00 8.195890030206842778e-05
3.820480157197260862e+00 1.149232762500417976e-01
3.750321874378877762e+00 -3.785335776101359949e-06
3.766142699545962369e+00 -4.180966819253490165e-06
3.781841240103332336e+00 -5.286879094506716199e-06
3.797419731084191508e+00 -1.593721458389854581e-05
3.839909733310934215e+00 -8.152750439091790979e-02
3.807227040191443201e+00 4.479816881173634240e-03
3.821029275783164980e+00 2.119450129563123925e-02
3.812859701624323083e+00 3.222618534095327762e-05
3.828256174570515480e+00 1.630820882519603066e-05
3.898792770732087298e+00 1.635490541960614164e-01
3.843513111823031903e+00 4.296079881590113889e-06
3.928228244792437263e+00 -1.072440454804764465e-01
3.858671043442586601e+00 1.640320608166216076e-07
3.873741004983936698e+00 -1.755144872638793361e-06
8.441838464600287750e+00 2.220659730965889866e-01
8.373145157290599272e+00 2.552632391151321567e-01
8.586341903911002049e+00 -1.456517906293752773e-02
8.309726927413167985e+00 2.528374955211121766e-01
8.377495870689124047e+00 2.201236136198413129e-01
8.247321972083973662e+00 2.502355882922149277e-01
8.556564123436364966e+00 5.121278730129787821e-02
8.314295325943055204e+00 2.182435051071836551e-01
8.516722345308396669e+00 -2.060421456074059549e-02
8.529933846596019720e+00 4.406111979002310606e-05
8.252223973076151964e+00 2.163929760839540806e-01
8.491799795812209339e+00 5.397884664838013130e-02
8.560228746609436001e+00 7.279143079397433361e-05
8.453512728593207015e+00 -2.383657058248753874e-02
8.391766048853178006e+00 -2.428556915504743313e-02
8.468504469837551341e+00 5.042165816369077437e-05
8.330228684325508226e+00 -2.319597494668590443e-02
8.426878202837114529e+00 5.497468315377660592e-02
8.407164307667830627e+00 4.921928315847034889e-05
8.362946986488116963e+00 5.574778408957294790e-02
8.345911883482557414e+00 4.539258535642224377e-05
8.446172059579019731e+00 7.509368909686734404e-05
3.918323078202907706e+00 9.722218363210326231e-02
3.931518271654464325e+00 8.630728094964830455e-02
3.902041541267033065e+00 4.708965308506130737e-02
3.928459503060687030e+00 3.953582861220830691e-02
3.888731105662837972e+00 -2.129768237052593337e-06
3.919346004831234520e+00 9.601248751298385481e-05
3.903649184349868850e+00 -2.368408792665404284e-06
7.670888887979604220e+00 4.162685709902085862e-01
7.621054349598635369e+00 2.040650038352529450e-01
8.185568161995091074e+00 2.478053598587346973e-01
8.191214583047631947e+00 2.145822560234050824e-01
8.300143702820692582e+00 5.645458608849091703e-02
8.125048065229410810e+00 2.457597560691211769e-01
8.334858966850656969e+00 6.972994772558305243e-05
8.284750781884271831e+00 3.926130681625172869e-05
8.268765938663216630e+00 -2.103318514963262859e-02
7.723571535146971812e+00 2.255651222084062713e-01
7.826296586961227320e+00 -9.859356150972459210e-02
8.131259543665532163e+00 2.128070818732880620e-01
8.065433141177344112e+00 2.435850598808113887e-01
8.238591536814290350e+00 5.720753915827198749e-02
8.072295330544543290e+00 2.110395781418013539e-01
8.006772709613041883e+00 2.416192118083466955e-01
7.780098352013046004e+00 -4.984770792028147407e-02
8.206881448023889192e+00 -1.752509415427994099e-02
7.779559832747813708e+00 2.304551819781671396e-01
8.014286006672982410e+00 2.093287126264595788e-01
7.949211241267269301e+00 2.393064069822872786e-01
8.223686127568360149e+00 2.684078399277946270e-05
8.179146324141063573e+00 5.817794044523485336e-02
7.892010444400965774e+00 2.369282733147728415e-01
8.162745735851800077e+00 6.122387313074338218e-06
7.957219930750135006e+00 2.076507209913390217e-01
8.141003755560694444e+00 -1.384774016075908908e-02
7.791377004239098625e+00 2.028506194942498730e-01
8.226208486106127538e+00 6.246516413485125126e-05
7.835631284117943629e+00 2.340000168437906536e-01
8.138208286566394278e+00 4.454800635079696203e-02
7.901055524775758343e+00 2.060197744828255739e-01
8.116791793518780551e+00 5.326850027546931737e-02
7.833252295535534593e+00 -4.115998672420129179e-02
8.074829656211520046e+00 -1.823476228843677951e-02
8.058036586188315198e+00 5.643541366223038536e-02
7.845785644816557713e+00 2.044248243124791309e-01
8.101917255846142751e+00 4.096174108291855226e-05
8.014282336973231224e+00 -2.332461805939841856e-02
8.120130593956377041e+00 5.292835799706134938e-05
7.895617007218256767e+00 -3.329026104550797394e-02
7.955235634265662270e+00 -2.785661904815088519e-02
8.000420870248683869e+00 5.719874019046786162e-02
7.833066331465657228e+00 5.829161018454005055e-02
7.943698915871007848e+00 5.762525787535067306e-02
8.041162980937713201e+00 5.455607503692393742e-05
7.887907233601875845e+00 5.795487376297880910e-02
7.859722391093776572e+00 5.953511610172821891e-05
7.980541361295816927e+00 5.592033930528023610e-05
7.920058805254114986e+00 5.663581603650809024e-05
8.016557896926881810e+00 3.256408359831520940e-05
7.915401782981293266e+00 2.052283440019147910e-05
3.960627090230739444e+00 1.046215970926870076e-01
3.937073354620789001e+00 1.048213514474800878e-01
3.947393996356541201e+00 9.931570621614566052e-02
3.918503155374093883e+00 -3.675261542515419368e-06
3.952009866880531241e+00 4.421695599359885820e-02
3.942760689874983626e+00 -1.177279475341314529e-03
3.933303864195344612e+00 -2.128776861723580095e-06
7.668500412891320117e+00 2.180387069315264659e-01
7.737847179521637031e+00 2.013062289578798347e-01
7.779210929521288342e+00 5.887596006624307848e-02
7.799540152168390250e+00 6.553799728387893855e-05
7.816570479504164837e+00 -9.339009900349952285e-06
3.995550005490874135e+00 1.239266799066950503e-01
3.970631317164865060e+00 1.000857381939639912e-01
3.983346470504693926e+00 1.088819190094990480e-01
3.948059677496098541e+00 -2.798640642198470856e-06
3.967575478341658801e+00 -1.029829314472729008e-03
3.991530105471177148e+00 1.025709761750307342e-01
3.985057083432188119e+00 4.954452652200354301e-02
3.962781560606995601e+00 -2.153681949942066102e-06
7.536663714778439882e+00 2.140171626318775056e-01
7.634444220942635084e+00 1.983928929492761728e-01
7.672885856132277915e+00 -1.026644677692075368e-02
7.740057119841766919e+00 -2.983794963681148452e-02
7.679835213033427088e+00 -1.337185134316866886e-04
7.726740975255488308e+00 6.030644906309812203e-02
7.739506228609116967e+00 7.545470987481802576e-05
4.012268967746426718e+00 -6.198357221654876570e-02
4.014678075564626525e+00 1.138334048543768323e-01
3.977479782207170356e+00 -2.911995643015206147e-06
4.015179083256886550e+00 1.037956074202595197e-01
4.040182346756018283e+00 1.143152074069597179e-01
4.010254839312644037e+00 4.249796583171949749e-02
3.993213155635777056e+00 -6.794666715888914759e-04
3.992167344173624510e+00 -2.250576801192272789e-06
4.006852854807590347e+00 -2.590841048825724213e-06
7.685292421240343508e+00 1.997846004852648627e-01
7.529975579867715929e+00 1.958469519112233936e-01
7.579814375655579362e+00 1.978200680699380154e-01
7.589023207576813590e+00 2.066300752505010330e-01
7.611754380056527047e+00 -1.285740034972424582e-02
7.676659253742626809e+00 6.050922061587588746e-02
7.624083987007601593e+00 6.046451915068403599e-02
7.691240324569850628e+00 1.701180389531331202e-02
7.719979715448343605e+00 -9.494384218914581693e-05
7.620155023568163877e+00 4.966134535710108250e-05
7.625948740397299197e+00 -5.823756885718873544e-05
4.039737871871932562e+00 1.044713994981867761e-01
4.064905405762646140e+00 1.149937840257245769e-01
4.019180162689370839e+00 -1.409280044178070658e-03
4.028092492530989333e+00 3.295700548328929502e-02
4.064830607961342324e+00 1.051966282709519557e-01
4.035601441495300534e+00 3.962986121573926213e-02
4.090050775616956180e+00 1.155055897977439044e-01
4.021553128577398439e+00 -1.864005530729155195e-06
4.090207935387176086e+00 1.059722511751071128e-01
4.044678380364596926e+00 -2.146179538292547484e-03
4.036276385884909779e+00 -2.436689626975074852e-06
4.059391863846007809e+00 3.958460384499374457e-02
4.051040614258580419e+00 -2.506009530945843014e-06
4.084507509801627023e+00 4.059651813846346102e-02
4.080737896940672016e+00 -2.645959035332093565e-06
4.070244802206937962e+00 -2.437862109550463594e-03
4.065855042183089907e+00 -3.081058210714868968e-06
7.485248994355639951e+00 2.154904572588935141e-01
7.287424697561011300e+00 2.125071429659557976e-01
7.480195942469316073e+00 1.943265153775953769e-01
7.434517308076705966e+00 2.153643464852881828e-01
7.384628428742527007e+00 2.147050963931534662e-01
7.430941731067916223e+00 1.928985490253024293e-01
7.336168545406620112e+00 2.136627450805734241e-01
7.557237081824035307e+00 -1.360045506102470006e-02
7.571901766628588604e+00 6.136800986140422687e-02
7.382254112441776428e+00 1.915180441829045510e-01
7.560720567984990481e+00 5.992837941118476109e-05
7.453680566551761366e+00 -1.416460964230230671e-02
7.504734975224363502e+00 -1.406432107349619640e-02
7.520482730637565894e+00 6.186884904901565618e-02
7.469936860927853139e+00 6.202320917331269334e-02
7.501517303113541146e+00 6.060741479139784133e-05
7.533709065642370639e+00 -3.553973745999656564e-05
4.115609577996657720e+00 1.160692293904107553e-01
4.115850197566442326e+00 1.067079750240366581e-01
4.167772622183158582e+00 1.174521311732146800e-01
4.141547108838564029e+00 1.167276333552479534e-01
4.096024162957470516e+00 -2.659747589992289465e-03
4.141765278586704291e+00 1.074343573110683042e-01
4.109371761131835221e+00 4.014624658313079020e-02
4.122056411362331474e+00 -2.872858873428492995e-03
4.135197552395100118e+00 4.004465536096059319e-02
4.110761558615786626e+00 -2.838227687429377040e-06
4.095701702047811921e+00 -4.164767237344425592e-06
4.125934870951557087e+00 -3.067992768540405029e-06
7.334176124991700796e+00 1.901791151793224000e-01
7.055948156731007614e+00 2.058700369948461006e-01
7.420246406807708084e+00 6.202363346915601428e-02
7.286652508840367304e+00 1.888424443759363081e-01
7.403527661485870048e+00 -1.426277366665907285e-02
7.240030631331602073e+00 2.114002033821731075e-01
7.056697477495472270e+00 1.825734716129805146e-01
7.442554116228602190e+00 5.834040662883540105e-05
7.443601461363187788e+00 -3.595529818878516405e-05
7.193318319713161380e+00 2.098683342042489408e-01
7.239644141292982837e+00 1.875817073067921892e-01
7.146881669182849173e+00 2.087841612084798959e-01
7.371334306116956725e+00 6.196386601106416980e-02
7.383842609202437401e+00 5.300914800768404407e-05
7.193190746208041553e+00 1.862965814361975669e-01
7.101728000586045475e+00 1.838001206914116059e-01
7.354330944431776373e+00 -1.414898007672003508e-02
7.147211295331684866e+00 1.850289899272547500e-01
7.323135613295839619e+00 6.190616068285528101e-02
7.305616437858402534e+00 -1.356862693773178662e-02
7.325396713457756448e+00 3.430656632784985678e-05
7.275692114985504055e+00 6.185233144022257712e-02
7.256438500869780484e+00 -1.326768010443491082e-02
7.162732259590955941e+00 -1.615183607726170673e-02
7.208489253731918289e+00 -1.519497516578437180e-02
7.355528554452479106e+00 -1.862455757361712247e-05
7.135910908822597598e+00 6.108679638617474372e-02
7.151921643650513083e+00 6.166581742868035396e-05
7.228733163944604634e+00 6.112220299264292667e-02
7.181893358640710545e+00 6.113213394322841721e-02
7.240745168985140978e+00 3.728610845544802488e-02
7.267253338640402127e+00 -3.090111236504968645e-05
7.209498963450288400e+00 1.788956529033627365e-05
7.269391068861326133e+00 1.181071879369445197e-05
7.185123976030124204e+00 2.963702816925468689e-05
4.167948257115299704e+00 1.081439557606150015e-01
4.148311638403626489e+00 -3.063811687591703244e-03
4.161209489867418121e+00 4.004043957484783312e-02
4.141234537568805329e+00 -3.015474897653941270e-06
7.101188294939325907e+00 2.074031591711092137e-01
7.117525078643108571e+00 -1.626417760287591011e-02
7.090437713190450353e+00 6.097390426885720971e-02
7.094690066254272232e+00 6.598697917345686332e-05
4.194343232354732720e+00 1.182524988539846583e-01
4.194397835383346873e+00 1.088531625409998871e-01
4.221100143390897230e+00 1.191000489622312808e-01
4.221107961650396589e+00 1.095603458199368163e-01
4.187553079333306449e+00 4.003619755828577431e-02
4.156679485929220874e+00 -2.717787948662386072e-06
4.174809186895399371e+00 -3.251584792322341055e-03
4.172285253954829187e+00 -3.306238394173988127e-06
6.835841864000511414e+00 1.989636184879135516e-01
6.966742790719143485e+00 2.031056384010669902e-01
7.011100260981363519e+00 2.045699380991011229e-01
6.967932692906318337e+00 1.801981243965906643e-01
7.012097516337600922e+00 1.813756271871934111e-01
7.072496718138435057e+00 -1.609042120066866283e-02
7.045434027082277062e+00 6.082423116484104997e-02
7.037808723455646565e+00 6.473054669214001547e-05
7.102725322001792740e+00 2.095174787291736600e-05
4.248174990332975298e+00 1.199617717690526220e-01
4.248077774066579160e+00 1.102696637505004434e-01
4.214146269151446411e+00 4.008513389091452467e-02
4.201553366685767621e+00 -3.439603315185366366e-03
4.188069247090401959e+00 -2.793376222489870226e-06
4.275466434984043218e+00 1.208504286347287238e-01
4.275302030638790995e+00 1.109869597910864703e-01
4.228553456221007423e+00 -3.630535986070353681e-03
4.204049481357732709e+00 -3.105269584425565802e-06
4.303037847836201912e+00 1.217693971134527486e-01
4.241011358139358478e+00 4.015536943345086179e-02
4.302781720414122546e+00 1.117098744295195040e-01
4.220241534376357073e+00 -2.832730848484600348e-06
4.268135404886104212e+00 4.024967154111733225e-02
6.922772962575840516e+00 2.017108415046017789e-01
6.924169526397093932e+00 1.790330353542357866e-01
6.879109184487070650e+00 2.001808204300009886e-01
7.027794291188341091e+00 -1.589687329339571631e-02
6.880790834238781351e+00 1.778824848409890635e-01
6.896183011114941586e+00 -1.464254799117952095e-02
6.837787049546903084e+00 1.767558382164488018e-01
6.983532096134692502e+00 -1.562322667028990218e-02
6.939658446240962064e+00 -1.521624732317186299e-02
7.000892260527986188e+00 6.067057506167201214e-02
6.981289441029222331e+00 6.430428545986182991e-05
6.956776036205695846e+00 6.050963641458223519e-02
6.913068002485533547e+00 6.033533072327688929e-02
7.022131577180562800e+00 1.722244970047732501e-05
6.925147916639541990e+00 5.838146401279472897e-05
4.330850999565595494e+00 1.226797894864524591e-01
4.415195502708674447e+00 1.146635423670298720e-01
4.330512051522344308e+00 1.124391199610313419e-01
4.255806227637748407e+00 -3.821385996918974948e-03
4.236665843565697642e+00 -2.685657543144993627e-06
4.415914202044538328e+00 1.254811808360553893e-01
4.358933825838660070e+00 1.236239828111534989e-01
4.386720758553755317e+00 1.139138500915087421e-01
4.358491529809857212e+00 1.131721214617933402e-01
4.295519135033030622e+00 4.036200865638888552e-02
4.253339367819744865e+00 -3.345784923628781625e-06
4.283320575629538496e+00 -4.014862977737818778e-03
4.323156460838387005e+00 4.049236310442019121e-02
4.311095520949642435e+00 -4.213133644227155111e-03
4.270281153627919046e+00 -2.740750346389042827e-06
4.287509972791695212e+00 -2.691357937287489720e-06
4.305045107996426701e+00 -2.884908905039292708e-06
6.792780180930630962e+00 1.974989900643287222e-01
6.795141771203812908e+00 1.756291068431855840e-01
6.750274735307127294e+00 1.963808310830387482e-01
6.943288196022344927e+00 1.959012796145603402e-05
6.752826471161045063e+00 1.745188884989790079e-01
6.707987849328215901e+00 1.951634624475253321e-01
6.869781808578435012e+00 6.017402630916964673e-02
6.624648006713800719e+00 1.928343823516182054e-01
6.852994062729759861e+00 -1.370190066632886311e-02
6.666198215398249971e+00 1.940639229203367233e-01
6.627738542175587888e+00 1.712198703659151278e-01
6.710834016883819864e+00 1.734025359955051471e-01
6.669142867884872317e+00 1.723062233436817581e-01
6.869387255018140515e+00 4.107041160461235061e-05
6.809557333648458055e+00 -1.210071900875904841e-02
6.826961656651325150e+00 6.005741391435867604e-02
6.866141910775277246e+00 2.329486016677470911e-05
6.814017426978087322e+00 -1.400203404912797238e-06
6.764204749832436470e+00 -1.094117034798695702e-02
6.784945701794299566e+00 5.973103481752509852e-02
6.720022822462089707e+00 -1.328917886165178856e-02
6.742120941141223511e+00 5.846858223126401299e-02
6.765714074620187368e+00 3.463324752299933029e-02
6.678479447355688770e+00 -1.493461686111125647e-02
6.759195312831770330e+00 -5.512876879806362688e-05
6.699811097914871283e+00 5.854495684885208107e-02
6.790653866161180829e+00 2.664596222257304987e-05
6.704716008952283701e+00 5.853238883831233245e-05
6.716777012914609379e+00 2.156196674625560474e-05
4.387286839838328234e+00 1.245365479136835013e-01
4.351047419723604648e+00 4.063548550960115191e-02
4.367456235158750033e+00 -4.621937095017317372e-03
4.339138637937191234e+00 -4.416074714842403021e-03
4.322905255266157987e+00 -2.696738186181271592e-06
4.379194963845391975e+00 4.079767927487895629e-02
4.341110858088993218e+00 -2.727821651662457941e-06
6.542581466134075541e+00 1.902884094776212953e-01
6.583525999563414111e+00 1.916703286494756409e-01
6.586617289774049588e+00 1.701552034700802851e-01
6.637559932003706642e+00 -1.562020995220928486e-02
6.658113524448157960e+00 5.841510978646811264e-02
6.650642717114888747e+00 7.015778167182215846e-05
4.444819786950997553e+00 1.264181924230532161e-01
4.443914787450904846e+00 1.154190761259401704e-01
4.474023105381310650e+00 1.273492673459366842e-01
4.472878119818949116e+00 1.161803256390647049e-01
4.407596724270251620e+00 4.097739075942663511e-02
4.359680419275512975e+00 -2.613548459816588646e-06
4.436257632489848390e+00 4.117969476194772993e-02
4.424943278483423725e+00 -5.069409897419865398e-03
4.396055273401183960e+00 -4.838861473671365009e-03
4.378634765171543819e+00 -2.587927029762520588e-06
4.417776461292145740e+00 -2.661197379356365345e-06
4.397993461391010328e+00 -2.553956096897434803e-06
6.421030206525693451e+00 1.864726614917941727e-01
6.424710716619135731e+00 1.659797447767412670e-01
6.545764821672459988e+00 1.690883473520616576e-01
6.501807834235922456e+00 1.891852145069185531e-01
6.505165805825163794e+00 1.680472333505869109e-01
6.515872365048464232e+00 -1.564943543708294596e-02
6.461518983245452041e+00 1.876486126363133555e-01
6.556246561633760628e+00 -1.580473729140637745e-02
6.596815068153379258e+00 -1.582864426707947594e-02
6.616748153680316769e+00 5.820227166048124595e-02
6.464826880643075313e+00 1.670068305357442773e-01
6.575669259774207909e+00 5.795133038723499636e-02
6.597041391205957339e+00 7.220772722223851826e-05
6.644486107524099516e+00 1.997988270563411106e-05
5.872071517638210558e+00 3.781134977444207124e-01
4.503600897718359697e+00 1.282581924202407242e-01
4.502079601771852069e+00 1.169510852113784249e-01
4.465173100600757117e+00 4.140039143902280588e-02
4.561172034341606008e+00 1.185056047171254845e-01
4.533536230987481375e+00 1.291630958352778247e-01
4.454136834656371668e+00 -5.322198827836967586e-03
4.564073527806759678e+00 1.300350276134919769e-01
4.483658725541666890e+00 -5.603864695650264023e-03
4.531513656854349925e+00 1.177270815790761455e-01
4.494353606067450713e+00 4.164693879283734579e-02
4.438004143215579234e+00 -2.471780004984882567e-06
4.458696690358395998e+00 -2.424591961869282386e-06
6.381056570062230371e+00 1.850554851869192774e-01
6.534861241407286414e+00 5.768100225051920465e-02
6.340964814343382550e+00 1.837055843804681898e-01
6.301243535925201478e+00 1.823338659124387473e-01
6.543920757790735010e+00 6.977538667082578555e-05
6.384845398328891974e+00 1.649641373720072413e-01
6.573730572781875559e+00 2.109156013179763579e-05
6.305767312898510113e+00 1.629464446891893126e-01
6.345193988419748798e+00 1.639591829713247240e-01
6.475716180730049842e+00 -1.531925339764460270e-02
6.494316722159332755e+00 5.740059369175712356e-02
6.454034214128951064e+00 5.712412321028406681e-02
6.435865158491412608e+00 -1.486321430826648485e-02
6.356667332544807536e+00 -1.243254090845680518e-02
6.491280953335675008e+00 6.465268122843727087e-05
6.396214582178401997e+00 -1.399506168475608998e-02
6.504476934189817428e+00 2.006070707574403924e-05
6.413997857432652161e+00 5.685856175307062860e-02
6.374244612490503670e+00 5.663532353573944716e-02
6.387514412505416850e+00 6.457445037455967660e-05
6.439135831666251697e+00 6.780373014047030215e-05
6.436694144365771919e+00 1.911050564620804884e-05
4.513538806039005813e+00 -5.940533882831155847e-03
4.523813286076435070e+00 4.192926312327852068e-02
4.479874194435280010e+00 -2.481231308911568094e-06
6.261421501021357194e+00 1.811062968536386319e-01
6.266528094288379869e+00 1.619323841663535268e-01
6.336400909204741083e+00 2.126210414002860545e-05
6.334903512401091952e+00 5.648824718213124596e-02
4.662383300493882388e+00 1.686115937120284680e-01
4.543834130302045082e+00 -6.368791087995106376e-03
4.595599208510561695e+00 1.307835980680100429e-01
4.591024850403409907e+00 1.192771392388606716e-01
4.553576448254463394e+00 4.224532643894557404e-02
4.501557057136288620e+00 -2.458482841071024306e-06
5.949545771887741807e+00 -1.811679988977695221e-01
6.143624285908896532e+00 1.774805666135153004e-01
6.149974683999087866e+00 1.589185412761814908e-01
6.182615258719005524e+00 1.787324392916194438e-01
6.188643672593098444e+00 1.599158456654711791e-01
6.221945870011850843e+00 1.799656297338807776e-01
6.227498558960947506e+00 1.609207205934443941e-01
6.316395708260999164e+00 -9.671436767110621821e-03
6.272303302996036223e+00 -7.250506490921119172e-03
6.285915805223878827e+00 -8.809444005041479537e-05
6.370346534404962568e+00 1.900434670698558648e-05
4.629771903188287574e+00 1.315638214719109245e-01
4.621025479358070065e+00 1.199515820733939586e-01
4.523765483135995247e+00 -2.267132899339398777e-06
4.574622587644567417e+00 -6.968490567204314694e-03
4.606056002240770830e+00 -7.893958538350624027e-03
4.583701467915294536e+00 4.258223317712924588e-02
4.651577983196449217e+00 1.201645001972810184e-01
4.546520039815245440e+00 -2.310104691313316524e-06
4.614306107976736016e+00 4.285058813160758096e-02
4.569840454770413452e+00 -2.243600259360834116e-06
6.189965049367941674e+00 -1.181143001169332983e-02
6.229895797624677378e+00 -9.972387705601526084e-03
6.296558683258624889e+00 5.590223670074624673e-02
6.281264687054561868e+00 2.781770669261739160e-02
6.256658383483990171e+00 5.400874718597426655e-02
6.217066913774346837e+00 5.392735930566724956e-02
6.235905988605355610e+00 4.204250602976947350e-05
6.305407006155669514e+00 1.570055797923906171e-05
4.691438488819422936e+00 -4.430077986195861406e-02
4.670157622603604786e+00 1.351021432741737471e-01
4.682714367108867570e+00 1.212356926159881276e-01
4.638429082638707790e+00 -9.478789544793274346e-03
4.739916944298097512e+00 1.373810719820660331e-01
4.651156563236622965e+00 1.026885002520264850e-01
4.706777229493150472e+00 1.365469280617325198e-01
4.593747062741474707e+00 -2.327112479075209515e-06
4.645350627609583505e+00 4.267596479628495143e-02
4.713593560800010351e+00 1.222175803480828049e-01
4.672705513565860613e+00 -1.218434321829378608e-02
4.618259838468826040e+00 -2.513218574186646003e-06
4.676140911982415993e+00 4.193603923160244690e-02
4.643398467151174103e+00 -2.697655720831017158e-06
6.104656219190328414e+00 1.761022177852305248e-01
6.111485019191415624e+00 1.579264650877263698e-01
6.065843606175727487e+00 1.745555823143178364e-01
5.950403422976946466e+00 1.674136504100730838e-01
6.073180699473432753e+00 1.569413011249871925e-01
6.027175592268409154e+00 1.726869182215680643e-01
5.988738639787592355e+00 1.704339334225079827e-01
6.035056602659821579e+00 1.559602784121827679e-01
6.241839052988964021e+00 1.815566392445276672e-05
6.178161293624201633e+00 5.370184864251560664e-02
6.150478178770073079e+00 -1.281797208949067915e-02
6.186378454420582429e+00 7.161300786659991597e-05
5.997113703578579091e+00 1.549768313534899689e-01
6.139549540539802841e+00 5.336129029485651987e-02
6.110963565841161405e+00 -1.341738001813162599e-02
6.031412861177222418e+00 -1.404091449100694500e-02
6.137436164051136345e+00 7.540074091561350586e-05
6.179624746809897928e+00 1.785896882365502975e-05
6.101179604657616551e+00 5.296228243228728871e-02
6.071299006647919327e+00 -1.379783464870665277e-02
6.041251172930737212e+00 8.709440026531450798e-05
6.063048481988580818e+00 5.253590914828151770e-02
6.089057359958495397e+00 7.725755489175145326e-05
6.118727195663301366e+00 1.985124346466776509e-05
4.744684158873471169e+00 1.231019436179764948e-01
4.772273720907645789e+00 1.381998574187083273e-01
4.706466933125836860e+00 4.147739355919019544e-02
4.710434189404315575e+00 -1.270462421474024758e-02
4.669183110657165514e+00 -2.217433202718031622e-06
5.921895385549794000e+00 1.530085749066221190e-01
5.959365180967340692e+00 1.539949314582192696e-01
6.025178148477115414e+00 5.212176509110016953e-02
6.059132313613472931e+00 1.702320437191318092e-05
4.776010901877862480e+00 1.239458808276245605e-01
4.804416947334806842e+00 1.391809883953878946e-01
4.695633675309511368e+00 -2.256555022854958872e-06
4.736979683942747599e+00 4.153512996938982238e-02
4.807570698815220922e+00 1.247896124980644311e-01
4.745252261384065307e+00 -1.070318471633258453e-02
4.836603088631499681e+00 1.401088981292575031e-01
4.868881505707967072e+00 1.410857204936141196e-01
4.839355178674285440e+00 1.256289663728680228e-01
4.722769252765647963e+00 -2.448638326014008288e-06
5.913144770593005362e+00 1.632498790704241809e-01
5.991270161764718161e+00 -1.411871260594398797e-02
5.884940267114475709e+00 1.523031033821311830e-01
5.879501804704806212e+00 1.582265563993739965e-01
5.776232866581703540e+00 1.631028238237243466e-01
5.738797532821065417e+00 1.635182995085624480e-01
5.848994177990163301e+00 1.582526444534957943e-01
5.813549993806005567e+00 1.616874144941739533e-01
5.987582106969627560e+00 5.176806455490057246e-02
5.846682845475827506e+00 1.521535819269043133e-01
5.994030185335274652e+00 9.793046807745074732e-05
5.809407291020999509e+00 1.507398804994094788e-01
5.950967042283055619e+00 -1.408354725104691250e-02
5.950220441431686602e+00 5.159002361453952912e-02
6.000804197011956553e+00 1.953656614149238720e-05
4.767904913250734289e+00 4.181062930619097728e-02
4.778571545679444199e+00 -9.604217306130631224e-03
4.750608627331811107e+00 -3.257852836174840501e-06
4.871369094057588889e+00 1.264637583255899256e-01
4.901342953541802494e+00 1.420762582431483179e-01
4.799196738731641432e+00 4.213698041791389542e-02
4.779170570905566073e+00 -3.533575454302787214e-06
4.811410225556635112e+00 -9.056782115188920235e-03
4.903604289087176049e+00 1.273034850719687305e-01
4.933946344579812404e+00 1.430857227173809865e-01
4.830800367158452069e+00 4.246878340387504752e-02
4.999730851520610031e+00 1.451171368170286469e-01
4.966761000372467372e+00 1.440847760215119289e-01
4.936057157932706829e+00 1.281496890736325833e-01
4.968723154371054385e+00 1.289976318803674471e-01
5.482583022958680274e+00 1.588767790095430010e-01
5.772451000577489388e+00 1.496706299807017970e-01
5.701478638599692950e+00 1.634213816476463577e-01
5.664457819399678407e+00 1.629516011263517639e-01
5.518508395545479672e+00 1.598432428665721716e-01
5.735646344490596960e+00 1.486776021858568775e-01
5.912949624617803046e+00 5.168017659882122306e-02
5.627648430647362865e+00 1.623462875822815066e-01
5.698988998139892459e+00 1.477172487395146672e-01
5.591015423535556472e+00 1.615699384069143318e-01
5.554715375889984763e+00 1.607155548368512654e-01
5.947382695688967935e+00 9.136371242149408445e-05
5.910840211616783968e+00 -1.402101066629206014e-02
5.518070382079702796e+00 1.430764984321625521e-01
5.662485124976162076e+00 1.467723739123563964e-01
5.626143063343596928e+00 1.458369861251355426e-01
5.553930186990311491e+00 1.439921357079254061e-01
5.589955660553783012e+00 1.449108044390412520e-01
5.943733126458686122e+00 1.467459056986327148e-05
5.871349983433252540e+00 -1.414943205750050260e-02
5.901285719715549050e+00 7.428662758764911246e-05
5.875533606773613471e+00 5.197544955275477940e-02
5.833798539161675123e+00 -1.409316859406142645e-02
5.837915804547149534e+00 5.232532806941866954e-02
5.855713310888096323e+00 2.551660147466936762e-05
5.794842721452698520e+00 -1.046551499169080281e-02
5.887886181478753755e+00 1.356544416699199764e-05
5.754909559446948819e+00 -1.067781283248165833e-02
5.716681040098025690e+00 -1.088697438322192880e-02
5.800725913876491724e+00 5.257519655974705192e-02
5.811063020996467543e+00 -5.434198372498326782e-04
5.810736827796244341e+00 1.593656568829929579e-02
5.689711737322688201e+00 5.118864840405252387e-02
5.726574674592533221e+00 5.162787952177805284e-02
5.763655919035941544e+00 5.210570310890123846e-02
5.833257342239386745e+00 6.688275268213623880e-06
5.723203585244974967e+00 6.729041963747446923e-05
5.766958859549045968e+00 2.052458648730258619e-05
5.779801242844142983e+00 9.528657991796247927e-06
4.808475074090134527e+00 -3.044409996881172895e-06
5.032907768948786220e+00 1.461061966416127567e-01
5.001599393238076452e+00 1.298455040250858505e-01
5.066287595004910216e+00 1.471066465383512878e-01
5.411274051264614471e+00 1.568905257856960667e-01
5.446822396398261823e+00 1.579008285850808657e-01
5.482376719427496603e+00 1.421703549528242905e-01
5.727526853522646455e+00 9.326030185969206294e-06
4.862664819503285329e+00 4.278719373624967348e-02
5.034686838353385596e+00 1.306970614046207291e-01
5.099862524245637907e+00 1.481323346535274588e-01
5.067981802569885730e+00 1.315577898245761101e-01
5.133612036600962547e+00 1.491084347259628851e-01
5.101476657896129474e+00 1.324234300808017351e-01
5.167549871619769419e+00 1.501076227277030051e-01
5.201740555262077237e+00 1.510360455524281942e-01
5.236091324468370445e+00 1.519692297101343237e-01
5.270745230509642276e+00 1.529060087198118589e-01
5.305598398247409975e+00 1.538551890508598197e-01
5.340622670109906878e+00 1.548410777732989463e-01
5.375856871627413547e+00 1.558770798544432401e-01
5.446850114949918442e+00 1.412688308143036919e-01
5.604899980656409930e+00 -1.081301064210592883e-02
5.679050791544453247e+00 -1.091710003611035158e-02
5.411499309648871048e+00 1.403704484916930839e-01
5.376322414438356567e+00 1.394774738351470256e-01
5.653069235145502525e+00 5.076112743509195863e-02
4.844353544815769297e+00 -8.681670241205165922e-03
4.834483549549811521e+00 4.683862718490581817e-05
4.852555961032648746e+00 2.058181419542261265e-06
4.877067462578664525e+00 -8.791081276533141073e-03
4.894779177592996078e+00 4.309091474648945458e-02
4.927133693960390914e+00 4.339369775053114608e-02
5.135172294011343119e+00 1.332901971991535539e-01
5.169062450406899600e+00 1.341627005775732906e-01
5.641815992576264094e+00 -1.089272558012863157e-02
5.203146677875531090e+00 1.350428203815140504e-01
5.341322607663230748e+00 1.385936160679519802e-01
5.237418148879703139e+00 1.359269045696353539e-01
5.306502970191527169e+00 1.377084265440029487e-01
5.271869802755085210e+00 1.368175440831294332e-01
5.616634215625074589e+00 5.034856821549987815e-02
5.637623609881519116e+00 7.460469775252187759e-05
5.680104648868620210e+00 7.430219453983482431e-05
5.676399397260852631e+00 3.870819584052833847e-06
4.846250863221922778e+00 -1.088766027946303519e-05
4.838539719614996848e+00 -2.356389935652281036e-06
4.868634177383190931e+00 4.482038182557017257e-05
4.909873088110095374e+00 -8.768451999903795202e-03
4.892198503473281335e+00 3.852219067593129026e-05
4.918914827825238589e+00 5.119072223989311159e-05
4.959718528090041545e+00 4.369699183596802844e-02
4.942817646030775336e+00 -8.824531777337604049e-03
4.947537084964293008e+00 6.098532257433976386e-05
4.975905379857080035e+00 -8.912133142480649708e-03
4.992520589079898485e+00 4.399421523250923727e-02
5.626402263974804363e+00 5.803810497518062805e-06
5.580389994299059353e+00 4.994428871130707909e-02
5.595751463697681061e+00 7.302292604067666976e-05
5.568250471813126268e+00 -1.070319131081659721e-02
5.009153834713840681e+00 -9.021418806759931228e-03
5.544332083387314647e+00 4.955178747026470210e-02
5.531864904058423349e+00 -1.057149319096930759e-02
4.977496816172391370e+00 6.522727691759413831e-05
5.495708811858280640e+00 -1.041481283147263105e-02
5.508459650338709324e+00 4.917184599241937459e-02
5.554484712317764306e+00 7.002752892183337300e-05
5.577523175683731793e+00 5.088156208938885423e-06
5.472763479599677794e+00 4.880027231141446931e-02
5.513820225429063804e+00 6.603806943844484220e-05
5.529737234520161415e+00 2.092605495031080404e-06
4.869385428149456629e+00 -1.807509031071843954e-06
4.901027466326441484e+00 -1.688736703342280162e-06
4.933485977872846817e+00 -9.279329060049861437e-07
5.459784088159295834e+00 -1.023571339777764287e-02
4.966775990120543938e+00 -1.031244040503856125e-06
5.025536288068206403e+00 4.428958865185593508e-02
5.008493426286104722e+00 6.588969420834147933e-05
5.437254186935191136e+00 4.844924046795020395e-02
5.042574266338036182e+00 -9.144782629522838976e-03
5.483031838908666522e+00 3.791423726240944996e-06
5.473755579257581161e+00 6.048923001284120131e-05
5.058765011402812206e+00 4.458902281699294451e-02
5.000917478679659745e+00 -7.162702366430137891e-07
5.424088688915519541e+00 -9.999191679630868232e-03
5.040357621009865063e+00 6.607409221885659275e-05
5.092201897061251259e+00 4.488586800564295376e-02
5.076155718858381682e+00 -9.286437421449890428e-03
5.035926405913206061e+00 -8.692833583492187314e-07
5.434287735778589479e+00 5.330215108930569769e-05
5.437392666583473755e+00 3.706179789357161223e-06
5.401927516140133001e+00 4.811162209902125619e-02
5.388625795202691471e+00 -9.684825836857422973e-03
5.125846633221378568e+00 4.518647516875372305e-02
5.109893359677943003e+00 -9.432945944803860019e-03
5.159695636920412554e+00 4.547716744539782863e-02
5.366795996003602909e+00 4.779646135224793757e-02
5.193755161330838810e+00 4.575742968799437205e-02
5.143765322027910258e+00 -9.587369409300107795e-03
5.353378032047725554e+00 -9.204160092978322383e-03
5.228050289498798797e+00 4.601024977604130373e-02
5.395412152387042859e+00 4.298607998507305374e-05
5.331904737182023624e+00 4.751652104253141495e-02
5.177726065865980942e+00 -9.721422894969283107e-03
5.262743933303588584e+00 4.630668345787036788e-02
5.211692902621360091e+00 -9.718269925287582531e-03
5.318210675367532225e+00 -8.250218240588027066e-03
5.072989095070688847e+00 6.681817115437605490e-05
5.297403552190032450e+00 4.715171172763588797e-02
5.245540720711455052e+00 -9.147119032220759477e-03
5.281209099591344547e+00 -6.832734291866371379e-03
5.357121030722113098e+00 2.381835798139162529e-05
5.174976286832823291e+00 7.007912593957389170e-05
5.210260364932145727e+00 6.668276246659127096e-05
5.319390855046674638e+00 -4.287563589052081377e-05
5.392799969600609700e+00 2.039188295864636297e-06
5.106325886133782355e+00 6.816118198010894707e-05
5.246210524163192446e+00 3.212964922768661569e-05
5.280296725625962750e+00 1.800963907456555602e-02
5.140329133039442056e+00 6.941964460677725146e-05
5.282583741786210929e+00 -4.388475786383490632e-04
5.071819937660619892e+00 -1.327038303974981180e-06
5.349236307342925656e+00 1.669539442560636067e-06
5.108615264025283764e+00 -1.505238580269848373e-06
5.146329730612403175e+00 -1.183408623052793461e-06
5.184977506202857356e+00 3.134524517578831413e-07
5.224575021699682686e+00 1.790618638291946328e-06
5.306689833593113192e+00 3.985798253231748570e-06
5.265138322161898365e+00 5.266292198203453663e-06
