-2.203089923340887140e+02 6.979353439386670743e-02
2.313538371580445414e+02 7.091793862529933989e-02
-2.183801176300922862e+02 7.002018643518989616e-02
2.294631868386375402e+02 7.119459914156646418e-02
-2.164631671794095666e+02 7.024924671366401807e-02
2.275849792254896613e+02 7.147572025774988347e-02
-2.145580831995348490e+02 7.048073443334973431e-02
2.257191649829381390e+02 7.176140135170790135e-02
-2.126648081252010911e+02 7.071466860626887674e-02
2.238656951595489772e+02 7.205174476377683435e-02
-2.107832846101043174e+02 7.095106802180993488e-02
2.220245211903528002e+02 7.234685585346686820e-02
-2.089134555291138327e+02 7.118995121395173264e-02
2.201955948988554326e+02 7.264684306746266307e-02
-2.070552639808076378e+02 7.143133643248598952e-02
2.183788684987750912e+02 7.295181799782871068e-02
-2.052086532905803722e+02 7.167524160171355463e-02
2.165742945951641047e+02 7.326189540971841940e-02
-2.033735670142534104e+02 7.192168428970838190e-02
2.147818261851570867e+02 7.357719327178358082e-02
-2.015499489423762896e+02 7.217068166592256750e-02
2.130014166578700383e+02 7.389783276824696268e-02
-1.997377431052602219e+02 7.242225045277590756e-02
-1.979368937788717346e+02 7.267640689415638677e-02
-1.961473454917359902e+02 7.293316669550099773e-02
-1.943690430330497065e+02 7.319254497620650279e-02
-1.926019314621241847e+02 7.345455622712579458e-02
-1.908459561195088554e+02 7.371921423968223752e-02
-1.891010626400326657e+02 7.398653206041140573e-02
-1.873671969681472547e+02 7.425652193179882454e-02
-1.856443053760329178e+02 7.452919523067086383e-02
-1.839323344850637625e+02 7.480456241293610697e-02
-1.822312312913131223e+02 7.508263295951582428e-02
-1.805409431960100335e+02 7.536341532948734323e-02
2.112330197934512910e+02 7.422393826315634713e-02
2.094765897609929368e+02 7.455563726237919575e-02
2.077320811149858173e+02 7.489306031183345924e-02
2.059994487900361548e+02 7.523634084379525466e-02
2.042786480933846747e+02 7.558561497555053854e-02
2.025696346946724020e+02 7.594102119777865201e-02
2.008723646122420803e+02 7.630269996438646118e-02
1.991867941952457670e+02 7.667079314262696677e-02
1.975128801003424428e+02 7.704544327667665893e-02
1.958505792617405632e+02 7.742679263014495827e-02
1.941998488528077189e+02 7.781498190360278122e-02
1.925606462369667327e+02 7.821014856268897197e-02
1.909329289045387270e+02 7.861242461278826477e-02
1.893166543889654747e+02 7.902193348120126193e-02
1.877117801440254539e+02 7.943878513598548463e-02
1.861182633176689194e+02 7.986306634111345337e-02
1.845360601889749717e+02 8.029481545531515219e-02
-1.788614180421582205e+02 7.564691692596241246e-02
1.829651244673080441e+02 8.073394723350045543e-02
-1.771926041587304326e+02 7.593314407485551865e-02
-1.755344504144534881e+02 7.622210204094609365e-02
1.814054019465762906e+02 8.118002654988099032e-02
1.798568145119675137e+02 8.163163276188749318e-02
-1.738869062837115393e+02 7.651379507916342138e-02
-1.722499219278792566e+02 7.680822655084976192e-02
-1.706234482961961589e+02 7.710539910901099969e-02
1.783192164937979101e+02 8.208476664608393980e-02
1.767922890978729811e+02 8.252943981884412750e-02
1.752753216051011975e+02 8.294387184799284496e-02
-1.690074372503139273e+02 7.740531490311859664e-02
1.737668440294616232e+02 8.328798151937531757e-02
-1.674018417125197971e+02 7.770797547557532770e-02
1.722641846868924347e+02 8.350277066378450352e-02
-1.658066158184070673e+02 7.801338009517141958e-02
-1.642217149859993128e+02 7.832151823791318190e-02
1.707632355607707950e+02 8.352502202461603575e-02
1.692588168520638305e+02 8.331682625216695059e-02
-1.626470956021599079e+02 7.863234338594306261e-02
-1.610827134460604952e+02 7.894569352100894166e-02
1.677457178097471626e+02 8.288920386556265785e-02
1.662198906790966362e+02 8.229728228554036851e-02
-1.595285185431831962e+02 7.926107498316055378e-02
1.646791020062725863e+02 8.161216435317104889e-02
1.631228404249970936e+02 8.089445272763355621e-02
-1.579844410649964175e+02 7.957713482869248345e-02
-1.564503572850319415e+02 7.989051806664392019e-02
1.615518004321440344e+02 8.018375001820265968e-02
-1.549260168667488244e+02 8.019373396081444505e-02
1.599673316967351582e+02 7.950077152469937902e-02
-1.534109079067406469e+02 8.047192759979243659e-02
1.583710422162182567e+02 7.885368538964368512e-02
1.567645701658389044e+02 7.824374189335457641e-02
-1.519040482347427883e+02 8.069954007253098138e-02
-1.504037408596367413e+02 8.083981733414165316e-02
-1.489074181153671361e+02 8.085130158775274967e-02
1.551494744566878126e+02 7.766893094891748339e-02
-1.474117559290634460e+02 8.070222654418826580e-02
-1.459131489911098640e+02 8.038573839460474990e-02
1.535271931470968525e+02 7.712600150103098018e-02
1.518990356730850806e+02 7.661145707316398268e-02
-1.444083934628004613e+02 7.992452327988609773e-02
1.502661898857864173e+02 7.612199364264020385e-02
-1.428952458810193491e+02 7.936098859754650570e-02
-1.413726204371790232e+02 7.874110363474925989e-02
1.486297343662823494e+02 7.565465924822691035e-02
1.469906516384893678e+02 7.520688440708520051e-02
-1.398404435655268401e+02 7.810242294451988365e-02
1.453498404765730072e+02 7.477645818084155405e-02
-1.382993455249074657e+02 7.747000948092200301e-02
-1.367503547888135529e+02 7.685785844252236709e-02
1.437081267068029149e+02 7.436148525941972676e-02
1.420662724340226077e+02 7.396034000735630942e-02
1.404249838304473030e+02 7.357162395977054348e-02
-1.351946719994564035e+02 7.627222876031065912e-02
-1.336335305299311642e+02 7.571473726666977377e-02
1.387849176873388615e+02 7.319412891851882763e-02
-1.320681221644053380e+02 7.518454317790196351e-02
1.371466869315401595e+02 7.282680587481060730e-02
-1.304995636150283076e+02 7.467968101954856885e-02
-1.289288857926475487e+02 7.419779790720031076e-02
1.355108652868910895e+02 7.246873924703245429e-02
-1.273570345463994613e+02 7.373652795960393413e-02
1.338779912331762887e+02 7.211912564001989046e-02
1.322485713871214443e+02 7.177725641878675289e-02
-1.257848765165059035e+02 7.329366334895837110e-02
1.306230834084227297e+02 7.144250334065835317e-02
-1.242132067765413126e+02 7.286721817174610094e-02
1.290019785115279092e+02 7.111430672724138036e-02
-1.226427566474752240e+02 7.245543917931691891e-02
-1.210742009696183175e+02 7.205679224183138276e-02
1.273856836511974819e+02 7.079216564003718015e-02
1.257746034345986885e+02 7.047562978456309302e-02
1.241691218031749457e+02 7.016429262663743949e-02
-1.195081645756931579e+02 7.166993941430666037e-02
-1.179452279260040228e+02 7.129371383981129850e-02
1.225696035215222679e+02 6.985778578344865875e-02
-1.163859319619642605e+02 7.092709587387210912e-02
1.209763954998863369e+02 6.955577408477010837e-02
-1.148307822696827998e+02 7.056919168858538649e-02
1.193898279766514037e+02 6.925795165477330317e-02
1.178102155784986422e+02 6.896403826452258967e-02
-1.132802526503888174e+02 7.021921477522831412e-02
-1.117347881889568839e+02 6.987647014810187407e-02
1.162378582765923483e+02 6.867377652021108836e-02
-1.101948078999289180e+02 6.954034106963939699e-02
1.146730422511348735e+02 6.838692924082749591e-02
-1.086607070191880666e+02 6.921027785406284882e-02
1.131160406762877386e+02 6.810327726085102507e-02
-1.071328589980021349e+02 6.888578849301831009e-02
1.115671144360573237e+02 6.782261757759172616e-02
-1.056116172464907095e+02 6.856643078420809889e-02
1.100265127781521244e+02 6.754476168457020091e-02
-1.040973166657589388e+02 6.825180569641167705e-02
1.084944739135883509e+02 6.726953409153736685e-02
-1.025902750006046631e+02 6.794155177358840447e-02
-1.010907940395621267e+02 6.763534041020810572e-02
1.069712255685559796e+02 6.699677117627786394e-02
1.054569854925405394e+02 6.672631995215835832e-02
-9.959916068439420656e+01 6.733287181014906142e-02
1.039519619286195677e+02 6.645803721154618093e-02
-9.811564790721557472e+01 6.703387157271120667e-02
1.024563540490339193e+02 6.619178861907426548e-02
-9.664051561074258245e+01 6.673808774282936895e-02
1.009703523590518017e+02 6.592744794031817068e-02
-9.517401140442143515e+01 6.644528829057730346e-02
9.949413907394468026e+01 6.566489645180689783e-02
-9.371637130714528041e+01 6.615525893973218940e-02
-9.226782038595270308e+01 6.586780127216836089e-02
9.802788846899028385e+01 6.540402221490648760e-02
9.657176720756693555e+01 6.514471972349610007e-02
-9.082857333812619061e+01 6.558273110915831261e-02
9.512593464727939363e+01 6.488688923075260073e-02
-8.939883502360197554e+01 6.529987706352195775e-02
9.369054312707415022e+01 6.463043652378469561e-02
-8.797880095312217463e+01 6.501907931773164007e-02
9.226573823672920582e+01 6.437527237902426758e-02
-8.656865773712188172e+01 6.474018850723589624e-02
9.085165906977616146e+01 6.412131236732977746e-02
-8.516858349951831997e+01 6.446306477944220570e-02
8.944843846179529123e+01 6.386847641547495347e-02
-8.377874825998949859e+01 6.418757692787656344e-02
8.805620321454651389e+01 6.361668866976620540e-02
-8.239931428798151103e+01 6.391360165903584023e-02
8.667507430749775210e+01 6.336587713591769477e-02
-8.103043643114203576e+01 6.364102291193589334e-02
8.530516709742373394e+01 6.311597353972768498e-02
-7.967226242062241681e+01 6.336973127869970079e-02
-7.832493315537726630e+01 6.309962347086635337e-02
8.394659150700695704e+01 6.286691307491482084e-02
-7.698858296730446682e+01 6.283060185548333676e-02
8.259945220324676995e+01 6.261863430214009707e-02
-7.566333986894744612e+01 6.256257402473833218e-02
8.126384876575129113e+01 6.237107885312204170e-02
-7.434932578508335155e+01 6.229545243328286214e-02
7.993987584732286678e+01 6.212419147766183591e-02
-7.304665676975724864e+01 6.202915404440611374e-02
7.862762332456463810e+01 6.187791972463414086e-02
-7.175544320960219125e+01 6.176360003838846785e-02
7.732717644200072016e+01 6.163221397312663996e-02
-7.047579001478580096e+01 6.149871552910073785e-02
7.603861594795318979e+01 6.138702723857768218e-02
-6.920779679832091347e+01 6.123442932176659248e-02
7.476201822393333885e+01 6.114231512339958485e-02
-6.795155804467935923e+01 6.097067368726311748e-02
7.349745540725341186e+01 6.089803574841072542e-02
-6.670716326843080424e+01 6.070738415708892832e-02
7.224499550747134435e+01 6.065414959256934524e-02
-6.547469716357339564e+01 6.044449934704312216e-02
7.100470251736466309e+01 6.041061958210292709e-02
6.977663651743995388e+01 6.016741085287797414e-02
-6.425423974426485074e+01 6.018196078076568784e-02
-6.304586647735175831e+01 5.991971274645385703e-02
6.856085377667388059e+01 5.992449085390442326e-02
6.735740684661959676e+01 5.968182921602002700e-02
-6.184964840742957648e+01 5.965770215535718540e-02
-6.066565227466642085e+01 5.939587841407776431e-02
6.616634465211026850e+01 5.943939771188495869e-02
6.498771257677881863e+01 5.919717030288101228e-02
-5.949394062602458888e+01 5.913419331606865892e-02
-5.833457192012571824e+01 5.887260092880587659e-02
6.382155254450189119e+01 5.895512299390716360e-02
-5.718760062619645623e+01 5.861105750421057026e-02
6.266790309687937821e+01 5.871323391204357617e-02
6.152679946641582376e+01 5.847148321909057672e-02
-5.605307731741001476e+01 5.834952138694243784e-02
-5.493104875889947891e+01 5.808795293439284607e-02
6.039827364672829901e+01 5.822985314178456828e-02
5.928235445848786611e+01 5.798832790345298527e-02
-5.382155799079465908e+01 5.782631444071860416e-02
-5.272464440646341188e+01 5.756457007051377778e-02
5.817906761251701653e+01 5.774689380243141351e-02
5.708843576945137244e+01 5.750553909125694085e-02
-5.164034382628410214e+01 5.730268579076464724e-02
-5.056868856710429583e+01 5.704062931519838370e-02
-4.950970750767643125e+01 5.677837004618624395e-02
5.601047859646170224e+01 5.726425408441343512e-02
5.494521282121660022e+01 5.702303109441097390e-02
5.389265228239487726e+01 5.678186441780314758e-02
-4.846342615021722366e+01 5.651587902351741521e-02
-4.742986667828201064e+01 5.625312887691688579e-02
5.285280797924530560e+01 5.654075046813228367e-02
5.182568811617969828e+01 5.629968755687272952e-02
-4.640904801122249523e+01 5.599009377613754085e-02
-4.540098585526519770e+01 5.572674939261596655e-02
5.081129814774175912e+01 5.605867618424455884e-02
4.980964081922832065e+01 5.581771878974179507e-02
-4.440569275147925055e+01 5.546307285158139089e-02
-4.342317812078198358e+01 5.519904269759112747e-02
4.882071620689624325e+01 5.557682002567040230e-02
4.784452175464238621e+01 5.533598653611455226e-02
-4.245344830607966458e+01 5.493463885101021460e-02
-4.149650661175288491e+01 5.466984257407998121e-02
4.688105231058793976e+01 5.509522721749578189e-02
-4.055235334059133834e+01 5.440463643137219418e-02
4.593030016052988884e+01 5.485455306833076500e-02
-3.962098582834831717e+01 5.413900425578201114e-02
4.499225506091637072e+01 5.461397739032290699e-02
-3.870239847603370009e+01 5.387293111158918124e-02
4.406690426975578845e+01 5.437351571767078118e-02
-3.779658278006439076e+01 5.360640325942148121e-02
4.315423257647738353e+01 5.413318599649255547e-02
-3.690352736047052673e+01 5.333940812017438915e-02
4.225422233038726461e+01 5.389300854576616062e-02
-3.602321798719075474e+01 5.307193424047761121e-02
-3.515563760468214838e+01 5.280397125485439963e-02
4.136685346861118262e+01 5.365300632426108635e-02
-3.430076635490826931e+01 5.253550985087254016e-02
4.049210354163014358e+01 5.341320481384211755e-02
3.962994773912159729e+01 5.317363243019396918e-02
-3.345858159886685712e+01 5.226654173020433419e-02
-3.262905793677167310e+01 5.199705957149427377e-02
3.878035891416748626e+01 5.293432054518597968e-02
-3.181216722702886912e+01 5.172705698975317568e-02
3.794330760538066016e+01 5.269530369391437624e-02
3.711876205918164828e+01 5.245662001470064589e-02
-3.100787860411583807e+01 5.145652849716496335e-02
3.630668824870017630e+01 5.221831141925693115e-02
-3.021615849552351207e+01 5.118546945997808073e-02
3.550704989134063538e+01 5.198042429065111852e-02
-2.943697063785150547e+01 5.091387605564234170e-02
3.471980846248835917e+01 5.174300984734064163e-02
-2.867027609222191131e+01 5.064174522657949318e-02
3.394492320444429367e+01 5.150612510595684035e-02
-2.791603325913006373e+01 5.036907463454697725e-02
3.318235113049603768e+01 5.126983390399120905e-02
-2.717419789283631815e+01 5.009586261015982339e-02
3.243204701721013805e+01 5.103420834710098442e-02
-2.644472311550834931e+01 4.982210810064326839e-02
3.169396338631126753e+01 5.079933064063318210e-02
-2.572755943113870103e+01 4.954781061925695590e-02
-2.502265473948137853e+01 4.927297018335467793e-02
3.096805046630825231e+01 5.056529630075951021e-02
-2.432995435007449103e+01 4.899758725837194406e-02
3.025425612567356382e+01 5.033221732387405806e-02
-2.364940099651953531e+01 4.872166269544215417e-02
2.955252576602463321e+01 5.010022905821103628e-02
-2.298093485116358181e+01 4.844519765897237901e-02
2.886280215238796387e+01 4.986949802447564195e-02
-2.232449354031625788e+01 4.816819356347581266e-02
2.818502514489741273e+01 4.964023613280912905e-02
-2.168001216017960076e+01 4.789065199158198255e-02
2.751913127760513333e+01 4.941272299189797268e-02
-2.104742329363332232e+01 4.761257461841385263e-02
2.686505308127379621e+01 4.918734242974680954e-02
-2.042665702806614902e+01 4.733396311642504989e-02
2.622271795640079617e+01 4.896465023417364421e-02
-1.981764097445135420e+01 4.705481907421591586e-02
2.559204623168941950e+01 4.874549711518435385e-02
-1.922030028783283484e+01 4.677514387674021334e-02
2.497294760257782542e+01 4.853128510163543657e-02
-1.863455768955184766e+01 4.649493860514013199e-02
2.436531406865415050e+01 4.832452743156812058e-02
-1.806033349142801825e+01 4.621420389918619309e-02
2.376900448097756424e+01 4.813025965370087977e-02
-1.749754562232832455e+01 4.593293980976862617e-02
2.318380562310487036e+01 4.796015224450508180e-02
-1.694610965750586118e+01 4.565114563331434255e-02
2.260931324796577968e+01 4.784769672963962162e-02
-1.640593885154042297e+01 4.536881969540700749e-02
-1.587694417544377679e+01 4.508595909960742137e-02
2.204443509858137062e+01 4.793010594519055145e-02
-1.535903435977290066e+01 4.480255937947686534e-02
-1.485211594453349271e+01 4.451861409365322209e-02
2.148345659090082904e+01 4.948883427477131225e-02
2.099128245399245074e+01 -8.287994137767432101e-02
2.098249135173657010e+01 1.253262079915387905e-01
-1.435609334308895235e+01 4.423411407910230603e-02
2.045256344689017425e+01 4.761121998201467420e-02
-1.387086890917804460e+01 4.394904690598585434e-02
1.992754089857904631e+01 4.595898588571549481e-02
1.971370577165250637e+01 9.330058024538516199e-04
-1.339634307384234191e+01 4.366339434790166701e-02
-1.293241433522754669e+01 4.337713588157017519e-02
1.941639454341277116e+01 4.637146893384973961e-02
-1.247897968110582489e+01 4.309024806030116450e-02
1.892270884189758107e+01 4.494301894825947913e-02
1.863959629600132573e+01 3.458175846804143264e-03
1.841980963465514165e+01 4.528768836269150139e-02
-1.203593186766683587e+01 4.280285522785515218e-02
-1.160315188658873709e+01 4.251588106148321278e-02
-1.118043501923693128e+01 4.223491302931388358e-02
1.794299998178968281e+01 5.224091960834346265e-02
1.786754143162731623e+01 -6.194287556468690281e-03
-1.076724561334610542e+01 4.198221045538636648e-02
1.748713051619556325e+01 4.625991881247275284e-02
1.730454941993018281e+01 -2.520710037410284080e-04
-1.036188700518042438e+01 4.182111986475171850e-02
1.703174653461322663e+01 4.577289676380855155e-02
1.684741136221217417e+01 4.917581740790578264e-05
1.658523118942389729e+01 4.556636389462213887e-02
-9.960423035974605099e+00 4.185377534041902908e-02
-9.556463497257244200e+00 4.214044737481252578e-02
1.644973594156877894e+01 8.582269084451650055e-05
1.614817055607904450e+01 4.559398110451917674e-02
1.609155910239964271e+01 -7.922778080267692778e-05
1.572109642378842231e+01 4.543303221409388665e-02
-9.144049521390021695e+00 4.262162276970014874e-02
-8.719809766188864941e+00 4.318187438334276929e-02
1.576156440044879403e+01 -1.339720148483085982e-05
1.530221747716989356e+01 4.519280064498322480e-02
1.545472986230961610e+01 1.954258699696745805e-04
-8.283579053637305734e+00 4.374487595961969177e-02
1.516610104550938232e+01 1.896783699774295614e-04
1.489152920409216563e+01 4.537350737812296392e-02
1.489288740761451457e+01 6.140751959519242338e-05
1.463319553735167666e+01 1.776653409118266282e-04
-7.836166491509417575e+00 4.428129331306972921e-02
-7.379233732249224076e+00 4.479121336527128183e-02
1.448600326282987361e+01 4.555774422479671321e-02
1.438556016555685524e+01 1.718897446486242501e-04
1.408098043654655918e+01 4.623442374373388369e-02
1.414868802982974216e+01 1.479603460182549418e-04
-6.913838821226256037e+00 4.527761487569606502e-02
1.392176066111123589e+01 1.597308477537204849e-04
1.366943609503127277e+01 4.738692965569044069e-02
1.370392333722802114e+01 1.297177815301054477e-04
-6.441469181938720645e+00 4.575082630692767216e-02
1.349454629463243371e+01 1.442603037719137151e-04
1.324758747514219337e+01 4.896681638250591218e-02
1.329305985201147600e+01 1.244804799319131679e-04
-5.962852738662488328e+00 4.621356450872748239e-02
1.309896227223944187e+01 1.316447592184447470e-04
1.281194190857519999e+01 5.119820304509585529e-02
1.291182016373789310e+01 1.176770281625738406e-04
-5.479243685170887446e+00 4.667531535651378571e-02
1.273123553863690205e+01 1.223668407434492795e-04
1.255684800727489758e+01 1.095423453431329042e-04
1.236435299700294266e+01 5.460548932402045641e-02
1.238834534199808068e+01 1.040024423908275007e-04
1.222539193315071238e+01 1.023661561602932625e-04
1.190739231959539879e+01 2.750973813573728277e-01
1.190463270351492930e+01 -9.148936713069059923e-02
1.194579895124090108e+01 5.588577438774384315e-02
1.206774736977674678e+01 9.050141402045118921e-05
-4.991168938430680768e+00 4.713581948734893445e-02
1.170881690916969475e+01 -2.815579816750442554e-01
1.171290564035003179e+01 5.128106028662343663e-01
1.159594995789521832e+01 6.704857844356000296e-01
1.191516734801476218e+01 8.689262171949958021e-05
1.176733757633400401e+01 8.401011408089084230e-05
1.152403310524822722e+01 1.513454184621325915e-01
1.146748793102541342e+01 5.695032771502390734e-01
1.145200670657983544e+01 6.059292026632571160e-01
-4.499771356017980395e+00 4.760411114703444468e-02
-4.005515781798270503e+00 4.807544030908356136e-02
-3.509547091464466639e+00 4.856016920835624917e-02
-3.012394936398435696e+00 4.904236708901905939e-02
1.162410209745677214e+01 7.843132844027152965e-05
1.142933000124785892e+01 -2.558310031981613775e-01
1.143179396332243059e+01 1.608394750494935785e-02
-2.515369936209480350e+00 4.953608232480678081e-02
1.148523697301307678e+01 7.911287762929815760e-05
1.138394174971134021e+01 2.416842281125541336e-01
1.133787318755869045e+01 5.750093657017434357e-01
1.127558178391225319e+01 6.173992793295275394e-01
1.127863365086462899e+01 2.003088872706887680e-01
1.131216093003999745e+01 3.916027245246280625e-03
1.135054995609471362e+01 7.450655080869357202e-05
1.115839658826907943e+01 5.875888866082140671e-01
1.109451868055669621e+01 6.223471330028109705e-01
1.123642913773500496e+01 -3.547985570020904811e-02
1.120183803959456803e+01 1.685202726671289064e-01
1.121983772144450242e+01 6.530265109211070629e-05
1.095104006110078565e+01 5.802820744622081417e-01
1.089659975236769895e+01 6.205841580522611922e-01
1.106872842190344564e+01 -1.380961510475321903e-02
1.109295327189627223e+01 6.752151160408002926e-05
-2.019240330370615233e+00 4.999390105164322473e-02
1.101191454832095928e+01 1.568915529048160173e-01
-5.550500599334713403e-01 5.076776205874394127e-02
1.075261826789282438e+01 5.703164949435844955e-01
1.092512898129712617e+01 5.179685411601441664e-02
1.096973023476982156e+01 6.876307788684037471e-05
-8.455813697893974079e-02 5.015649452143254583e-02
3.659693242750264308e-01 4.828166192333283036e-02
1.087618268265027233e+01 -1.039163338396659891e-02
1.069986043822058264e+01 6.141794450251994997e-01
1.080685409324213353e+01 1.358590844068311432e-01
1.085001218792916156e+01 6.812983093138100471e-05
1.055585749542055218e+01 5.593495890379147628e-01
1.068910612313051800e+01 -9.905853315158296216e-03
1.050437636425501431e+01 6.063757557599922521e-01
1.073365246337240286e+01 6.116556608755924890e-05
1.060707075002483002e+01 1.411423461756338704e-01
1.062052974959556728e+01 6.174431393275186153e-05
1.036248304514548479e+01 5.473120513343848748e-01
1.031142028409698064e+01 5.978653145057608587e-01
1.050195458059254250e+01 -2.535209474415272331e-03
1.043401843233944604e+01 1.368833779060814881e-01
1.051049296126428345e+01 5.749168390510006171e-05
1.040016667814601270e+01 2.747188747043538548e-02
1.040346973088186999e+01 4.175173678278383180e-05
1.012145909579417946e+01 5.890653503041671790e-01
1.017322880228141990e+01 5.342550867982006624e-01
1.029938507547195670e+01 -5.221032185948506175e-03
1.022829392108084434e+01 1.264393253044465149e-01
1.029926765652028919e+01 1.363664203757436705e-04
9.934448709725602455e+00 5.805505826070294084e-01
9.987680856136753604e+00 5.198172792508299889e-01
1.019788522215264237e+01 5.658517438960818330e-05
1.012441773728888350e+01 -1.565329067932117900e-03
9.749941456378280691e+00 5.733670048792066654e-01
9.803367978647230530e+00 5.048172955616379021e-01
1.004299816062165895e+01 1.469170844810605003e-01
1.009914203701995028e+01 5.304370263804534218e-05
9.517265504868849035e+00 -2.940618848758003168e-01
9.567714958515827206e+00 5.701296906288563227e-01
9.619297765204438022e+00 4.962068991429771647e-01
9.390061053420634352e+00 5.735409247837754965e-01
9.959505396701681335e+00 -6.092435015031018308e-03
9.886847087363701547e+00 1.618408944504217406e-01
1.000294790627181207e+01 4.539132377952381472e-05
9.447080047033685091e+00 4.946526686008583251e-01
9.829107432060869343e+00 -4.408779037575485255e-02
9.909227276493002279e+00 3.791384144605396199e-05
9.662763724162543255e+00 2.625255781737044214e-01
9.699095723764845189e+00 1.615740182342840781e-01
9.817900318303349749e+00 6.604201926956562751e-05
9.492180483742396646e+00 1.449891274443863565e-01
9.326879212404421082e+00 1.340824183109864953e-01
9.608198224691424372e+00 1.485212548155947880e-02
9.719218257980870135e+00 4.882981686865325898e-04
9.728816421000933801e+00 -1.498195198260767250e-04
9.438205403715755892e+00 -2.145013774259282510e-02
9.642151103521147348e+00 7.528395246226949971e-05
9.557526756484893582e+00 3.513901616023346720e-05
9.474978753618486849e+00 3.600215767904669113e-05
-1.525859555243730181e+00 5.042979421188072131e-02
-1.036634336697978664e+00 5.070388875166951387e-02
9.215910551500648751e+00 5.858426731388135522e-01
9.284963579454686311e+00 4.904259863873213776e-01
9.087981914414534401e+00 6.610220574112495306e-01
9.394455786296065369e+00 3.322986881002772873e-05
9.128477193684290114e+00 4.839895583627763509e-01
9.257853378744945516e+00 -3.358878554269440625e-02
9.315890540681829535e+00 3.723785800618969305e-05
9.007249160387662101e+00 5.850047303333048010e-01
9.239213620138896133e+00 2.164808078531170173e-05
9.167245628692528570e+00 1.255108385588100950e-01
9.117017559126637138e+00 -5.951746449473489797e-02
8.976694732877721350e+00 4.765384579345923188e-01
8.847159413791676030e+00 5.558979899125255919e-01
9.164368257784030192e+00 3.332972994671952271e-05
9.090508900516578450e+00 5.693828692771623484e-02
9.091320285522851208e+00 2.344411383837893389e-05
9.013318168848945433e+00 1.266231559046601396e-01
8.829307347461432087e+00 4.685993677091679355e-01
8.698292558554957310e+00 5.387853939430555794e-01
8.962987348269381371e+00 -2.318531669079906474e-02
9.019962098578679033e+00 2.856980839271089229e-05
8.686128692572498977e+00 4.605198108971970128e-01
8.555582474863186349e+00 5.253659016229369483e-01
8.867253275878907104e+00 1.218844736419947700e-01
8.950268801621295012e+00 2.806029268553699615e-05
8.882183924722244939e+00 2.923863671300190961e-05
8.803471302223345063e+00 -2.406438296999628343e-02
8.547084643254059699e+00 4.525093158914139102e-01
8.417866842556080087e+00 5.138578801509190441e-01
8.815663259815805120e+00 2.634506186837763157e-05
8.723138508260820601e+00 1.181312642036187327e-01
8.750639490518505426e+00 2.623907070432887037e-05
8.412107266026016106e+00 4.446497628701847060e-01
8.284782342617498685e+00 5.036125146337322445e-01
8.652832625461138960e+00 -3.100049028565681972e-02
8.687083177354814723e+00 2.638742640532609407e-05
8.156102017882819410e+00 4.941557549241709091e-01
8.281089031379627485e+00 4.369746142459783322e-01
8.580717801451704929e+00 1.142459469308844539e-01
8.624927111925620338e+00 1.950250664979862663e-05
8.031540370655433136e+00 4.852004991357539709e-01
8.558659777615131858e+00 6.512770332284756325e-02
8.531239625354711364e+00 -3.445265984784987023e-02
8.153914124632958504e+00 4.295131218773237669e-01
8.564136469407786834e+00 2.456931123411011710e-05
8.030473511076632320e+00 4.222833633109057683e-01
8.445523612254600465e+00 1.161225940953585778e-01
8.504655495650961683e+00 2.381830857404795419e-05
8.446439320552737939e+00 2.437158904411727616e-05
8.389619334282977903e+00 -2.226469008853778492e-02
8.010832447706807358e+00 -3.171638830057647851e-02
8.314267997155473822e+00 1.143271778875863121e-01
8.039872276349360192e+00 6.932325898532827602e-02
8.062942632679773070e+00 1.105162890027611838e-01
8.186513090525018299e+00 1.129190973457549901e-01
8.389443632875481782e+00 2.014055185924180661e-05
8.121509627375896656e+00 -2.697914484948710570e-02
8.333617635216677755e+00 2.253947276524081669e-05
8.253291834561560236e+00 -2.210002974924808392e-02
8.278923294174251879e+00 2.165904286030892023e-05
8.225303633715231655e+00 1.997372416772155346e-05
8.172725233921871890e+00 2.140451810685844845e-05
8.070489753050701154e+00 2.067112087232681885e-05
8.121135874484474826e+00 1.863846149833459689e-05
7.845654354489768334e-01 4.320083638361968403e-02
7.910808818966126310e+00 4.766487413585238087e-01
7.910659771485001102e+00 4.152867647965656772e-01
7.793725683950219363e+00 4.684915837099254410e-01
8.020745391957692760e+00 1.848777561445561743e-05
7.794358495342446957e+00 4.085145363607216584e-01
7.940300294405739479e+00 1.103057719215179561e-01
7.971857236508672173e+00 1.889296509828235888e-05
7.680211682886696423e+00 4.607174503914421293e-01
7.889695375628758889e+00 -2.150821215471459755e-02
7.923784424177119590e+00 1.812151499274986240e-05
7.876473691307817937e+00 1.554843422392459260e-05
7.681451181954061624e+00 4.019575637065746498e-01
7.823417811587424886e+00 1.099306529225210771e-01
7.570169966125411598e+00 4.532288952946027516e-01
7.829891758798703805e+00 1.824842328949695142e-05
7.769804722858902224e+00 -1.998820476789112816e-02
7.571818231856541459e+00 3.956101880249201508e-01
7.463435837572601095e+00 4.459059378033713439e-01
7.783990536613191402e+00 1.607195851054664889e-05
7.709974394637675310e+00 1.095397764421419395e-01
7.738721293347880170e+00 1.733255508157357670e-05
7.465346601110473657e+00 3.894693706317934878e-01
7.359774968251489469e+00 4.387668493081428034e-01
7.694051317487957675e+00 1.786959755950032300e-05
7.653341937529019923e+00 -2.090378548303432199e-02
7.259076871988856539e+00 4.318578123951716807e-01
7.361930703436389223e+00 3.835311588936412552e-01
7.600818876019880044e+00 1.095074248422776841e-01
7.649930687701701260e+00 1.617966040863001953e-05
6.976769597927916955e+00 3.615877581740192803e-01
7.161278397517605754e+00 4.252337328430448871e-01
7.066385953373732320e+00 4.188083805574291385e-01
7.606320945115337295e+00 1.762691471806135989e-05
7.261469768673206815e+00 3.777845493736549654e-01
7.544391593675137564e+00 -2.982375772353786092e-02
7.531182742059029600e+00 7.216676565495723505e-02
7.563179266703710546e+00 1.584847316159602269e-05
7.492832012018769028e+00 1.042874317270559709e-01
7.163857744951950934e+00 3.722162598375272080e-01
7.068991293027799827e+00 3.668187214203297852e-01
7.520468707059111857e+00 1.461710433432730628e-05
7.478150097141817554e+00 1.072249893183827958e-05
7.448479457960775818e+00 -2.418382757076796563e-02
7.387414567473880034e+00 1.057501250593422676e-01
7.436173270116744227e+00 1.175804194307326000e-05
7.094502086767255911e+00 1.066774800270987866e-01
7.394515710250751717e+00 1.490219854563929762e-05
7.286262673634006148e+00 1.058649548880653407e-01
7.139222723307254270e+00 -1.834510012618251890e-02
7.188238892260120139e+00 1.059912123807322942e-01
7.342629009256285144e+00 -1.916310960875803118e-02
7.353128831382075958e+00 1.128172423075510015e-05
7.239830124225277608e+00 -1.786126183309346208e-02
7.311974000538173257e+00 1.549574932708263191e-05
7.271026140937745907e+00 1.566153369811841854e-05
7.189590634753195708e+00 1.683846513757107202e-05
7.149040927555515346e+00 1.585589576231052797e-05
7.230239858931565067e+00 1.432540088298769009e-05
6.974230616848030806e+00 4.124551458977445129e-01
6.884606116176921198e+00 4.061750440649413707e-01
7.108559828031137506e+00 1.682023449748690377e-05
7.043458421613284060e+00 -2.628094061233237147e-02
6.887101822286482822e+00 3.565226769915746940e-01
7.068118189732788714e+00 1.459598143643697550e-05
7.028017636847437188e+00 7.410135634152194284e-02
6.797372231133135045e+00 4.000589188173220845e-01
7.001658222223857031e+00 9.825989279157347489e-02
7.027692637626681282e+00 1.192352012261855449e-05
6.963268647150543167e+00 -2.422887062432745389e-02
6.799904340212868270e+00 3.516172972976123745e-01
6.712495027754664001e+00 3.941565485156787174e-01
6.987253810529397313e+00 5.194392380072642894e-06
6.715093754698736817e+00 3.468594268954214299e-01
6.908571543301598616e+00 1.011840082288063131e-01
6.946768041033512198e+00 1.136668797707514946e-05
6.629981456254892436e+00 3.885029538763587476e-01
6.906225613642154038e+00 1.281964900458323505e-05
6.872832444313499600e+00 -1.767820731793046107e-02
6.549786115678005061e+00 3.829418185497679983e-01
6.865581096554095097e+00 1.033588422199778093e-05
6.820615409457489342e+00 1.016126864753892356e-01
6.632583670324151193e+00 3.422416435163085358e-01
6.471751674764756324e+00 3.774247847989617988e-01
6.824837006530634298e+00 1.633364252881060110e-05
6.783869107377451968e+00 -1.559475885668732721e-02
6.395767016093136803e+00 3.720151568612293791e-01
6.321639676894363902e+00 3.666793372097438830e-01
6.552292017614986364e+00 3.377561150462873862e-01
6.474137721639259269e+00 3.333988196810032112e-01
6.735275664209739332e+00 1.017244331972043114e-01
6.783956878711511429e+00 1.157745174297938626e-05
6.398048402204354446e+00 3.291752113855425654e-01
6.742929646867241722e+00 1.796265661068134899e-05
6.697324016297224958e+00 -1.476353265928182987e-02
6.652704494368569144e+00 1.020458528392750031e-01
6.701737627930642205e+00 1.519159523635418983e-05
6.660361783219348020e+00 1.925778949721724108e-05
6.575414168306035201e+00 1.020889189047841095e-01
6.388290843239852634e+00 -1.355532365504091667e-02
6.612149185718406486e+00 -1.590365913387453700e-02
6.414789376204740989e+00 9.668381691692466695e-02
6.534362159679140802e+00 -2.354529671980527469e-02
6.618792337675201587e+00 1.837651598950557324e-05
6.492720294354362487e+00 9.482812222789106793e-02
6.535969595615652494e+00 6.857231026489161996e-02
6.465311082406051568e+00 -1.848660182058234347e-02
6.577014324146684743e+00 1.824025310701495598e-05
6.492807821920377087e+00 1.043349369980214470e-05
6.407663254838001698e+00 1.475531242304125798e-05
6.535019016787947166e+00 1.555059902081881666e-05
6.450348843970228785e+00 1.469848649622453668e-05
6.323960240650542630e+00 3.250732555472196084e-01
6.249448965032425640e+00 3.615621101073905330e-01
6.251802418424420082e+00 3.210919482057675300e-01
6.179105276334909469e+00 3.566162043565782036e-01
6.339947802793994391e+00 9.688824730455837531e-02
6.364716793753050439e+00 1.842399708282269888e-05
6.313154496185478415e+00 -1.163116033101586032e-02
6.321534552780504690e+00 1.480463341851059610e-05
6.181515070296265790e+00 3.172200698810712649e-01
6.110611813453030727e+00 3.518211458478118225e-01
6.267177164466722239e+00 9.675920610963600899e-02
6.278090606154981046e+00 2.102096235770472434e-05
6.240222344734488225e+00 -1.057109695609903879e-02
6.043910461507064014e+00 3.471420649426334992e-01
6.113030598136504956e+00 3.134546011230879836e-01
6.234398359065187911e+00 1.604606498561846441e-05
6.196459355504381428e+00 9.659218894467239136e-02
6.046286209609334605e+00 3.097933364001041467e-01
5.978840812920840797e+00 3.424523107281802203e-01
6.190463151143001497e+00 2.292812231330821566e-05
6.169011812817503326e+00 -1.019511717561926226e-02
5.915480141318433915e+00 3.379715096745864455e-01
6.146273477615153524e+00 2.329442025781278339e-05
6.128297963594699915e+00 9.647428446546732483e-02
5.981227899213636512e+00 3.062254793930637708e-01
5.853516260709890062e+00 3.335039120216807818e-01
5.917792471110311148e+00 3.027632876076401525e-01
6.099654119615396830e+00 -1.210277333291411191e-02
5.793173620918594224e+00 3.291971973644167160e-01
6.101845640506889268e+00 2.305434041862637276e-05
6.064029219714776708e+00 9.257412272379397788e-02
5.734184086714702033e+00 3.250384045928979559e-01
5.855939737231682152e+00 2.993885124727546643e-01
6.052038621394995488e+00 6.289069483106300706e-02
6.038749312296504357e+00 -1.445588495185352179e-02
6.057174783833229270e+00 2.457204565775108305e-05
5.992771229218541329e+00 9.122547971229956476e-02
5.795609948588222871e+00 2.961113358298307907e-01
5.976567182047578974e+00 -8.871772020674897549e-03
5.928123572646871509e+00 9.176046320626411734e-02
6.012274864057703283e+00 2.364447328356411983e-05
5.912568906691563875e+00 -6.244712729593929028e-03
1.070559927629311847e+00 8.060838032918939133e-07
1.069569430986158309e+00 -7.110354890439881557e-07
1.067602954893961176e+00 6.490975549135416335e-07
1.066500059214134266e+00 -6.542994829591445898e-07
1.059403646978976044e+00 8.468592433455837063e-08
1.065076165279997156e+00 5.754340182155408497e-07
1.063992983204277154e+00 -4.799151335268609509e-07
1.059565981810409285e+00 3.503885277387768226e-08
1.062994871630598359e+00 4.442989382623278908e-07
1.062039614108222230e+00 -4.497892402612884376e-07
1.059755634898876586e+00 -5.269055947944863614e-07
1.061373294499513120e+00 1.983668808478315209e-07
1.060630575133380438e+00 -2.118116758566849175e-07
1.060225051435203625e+00 3.677928282377685818e-07
5.967148826443343879e+00 2.114204831904054304e-05
5.736757384849473951e+00 2.929151105905097863e-01
5.512412559599228601e+00 3.094362107454446398e-01
5.921820965163467676e+00 2.113200230981749869e-05
5.865282059930946090e+00 9.155960530529896890e-02
5.565874819651669192e+00 3.131836281680919210e-01
5.676737415552759458e+00 3.209693650470387127e-01
5.568609255024393079e+00 2.838212965604957061e-01
5.850715670421201331e+00 -4.785698350267483976e-03
5.876273733534461030e+00 2.478577874343717785e-05
5.569001860748021393e+00 -2.793018065758498016e-03
5.620604578229698056e+00 3.170344569455821881e-01
5.803920225931168630e+00 9.115917319877808733e-02
5.571634059743185929e+00 8.851024702764460905e-02
5.576002797811326239e+00 5.171632984871625538e-02
5.830533654014527833e+00 2.454176885684438588e-05
5.790730213915446178e+00 -3.663971567188359455e-03
5.679338160552029890e+00 2.898064520506792863e-01
5.623301067385090946e+00 2.867736953402955091e-01
5.743969208326762832e+00 9.070728332082804435e-02
5.675805248296282635e+00 -2.089097277420093671e-03
5.732483598347406506e+00 -2.729399759311351183e-03
5.784609843569818999e+00 1.932319482601992179e-05
5.628313307430661716e+00 8.968491872406128551e-02
5.685418650253065032e+00 9.025790741265048156e-02
5.692285904743698666e+00 2.697273176157076682e-05
5.738536332199619672e+00 2.542399768116276540e-05
1.137580919287529246e+00 3.661546302180146428e-02
1.173092009251104573e+00 2.038934560533670753e-04
1.073208840822404087e+00 -8.483645880107378114e-07
1.073931582985792943e+00 9.498161738405941258e-07
1.077701897260422648e+00 1.065903452148393248e-06
1.077425758472664308e+00 -8.527589685840623931e-07
1.081854249340705065e+00 1.183627541069785607e-06
1.082226270544994540e+00 -1.012397293406174599e-06
1.086371890420664510e+00 1.330884520352820141e-06
1.087616304579365645e+00 -1.073860077461220792e-06
1.091237271111989093e+00 1.453279524579446949e-06
1.163235601920838080e+00 -1.543934599983455004e-06
1.093600715927760536e+00 -1.138645989940779646e-06
1.162471945588659183e+00 2.472588776613325752e-06
1.096432885865301854e+00 1.553610961208516951e-06
1.155001408578270938e+00 2.359185635322501746e-06
1.124188644814404059e+00 -5.946045196146828443e-03
1.100183688845869812e+00 -1.170676829372207013e-06
1.101940692039514502e+00 1.734363644167586432e-06
1.152401127241382106e+00 -1.582858535445486980e-06
1.147671955954937095e+00 2.239160677853180780e-06
1.140503038450740414e+00 2.135894174006024519e-06
1.142176578933856490e+00 -1.730362824075985014e-06
1.120152964563104092e+00 2.085726845772450075e-06
1.113819404480210107e+00 1.954180870616119192e-06
1.107742390561920587e+00 1.817974122185626572e-06
1.107368774969711422e+00 -1.236495563355859545e-06
1.126724143017221680e+00 2.010560735564141140e-06
1.115158693728681261e+00 -1.182532617042361129e-06
1.123555406537736667e+00 -1.365631616670835290e-06
1.133513947559147361e+00 2.064112754948137933e-06
1.132561230314817369e+00 -1.668062956371248028e-06
5.599393210310661395e+00 2.532027396325152406e-05
5.645900268090334961e+00 2.612966462851541775e-05
5.620745816566982356e+00 -2.176032535875344585e-03
1.185536221495794962e+00 2.773386060834787216e-06
1.177758737215301776e+00 2.664310927983619962e-06
1.170064222982119650e+00 2.569235080918590809e-06
1.174678606035246320e+00 -1.482314995053887234e-06
5.310854772013750669e+00 2.952670128690341178e-01
5.409264410029215320e+00 3.021716060402363513e-01
5.460233345128215454e+00 3.057657374990244703e-01
5.515213247342845904e+00 2.809405181709057064e-01
5.463076875520071596e+00 2.781355972656867070e-01
5.462757921482754853e+00 8.987171460916006105e-02
5.516127163896967112e+00 8.933097500680982350e-02
5.517941978062242292e+00 -1.313191679360438792e-03
5.552777464396617013e+00 3.037981394399194709e-05
5.506066760319761499e+00 3.225924935718742936e-05
1.214266502397860714e+00 3.419147339707789769e-04
1.209174542934966956e+00 3.058419918242315222e-06
1.193377405179721240e+00 2.862645885828176117e-06
1.201263200291570854e+00 2.954601761544840373e-06
1.186728932879348886e+00 -1.475356580625931228e-06
1.199385288775958847e+00 -1.401693332824825242e-06
5.359476141684209161e+00 2.986950585614317477e-01
5.412162743204977922e+00 2.753977609985138186e-01
5.362428721463801118e+00 2.727287291982734563e-01
5.410711420752803313e+00 9.036608645260922612e-02
5.359977270792403381e+00 9.091027793510354782e-02
5.466980972289597673e+00 -9.374249666804466974e-04
5.459284914410493350e+00 3.250561183363362400e-05
5.417170170854113564e+00 -1.245234128006682955e-03
1.239783355081866656e+00 -1.375635889169272118e-04
5.412450048175156070e+00 3.239442038689821350e-05
5.368391457832493607e+00 -1.845476901378835044e-03
5.365581380291297720e+00 3.289052937612310890e-05
1.217092768874827646e+00 3.058607523285865260e-06
1.232875413752509974e+00 3.211039011351307337e-06
1.224999152184800044e+00 3.147980645511479746e-06
1.212645035664100091e+00 -1.333265088773853320e-06
1.226507478875970891e+00 -1.320396706665726822e-06
1.680375625388840000e+00 5.392628008917918807e-07
1.653480208317896993e+00 3.991087324142503413e-07
1.627217441034880530e+00 2.453899630730858942e-07
1.601576804358033401e+00 1.766170261643164650e-07
1.576548835983951236e+00 -1.001288550062337121e-07
1.552125683537199263e+00 -1.533704721301194753e-07
1.528300568496786305e+00 -2.629369335357295347e-07
1.505067707955833445e+00 -3.772213198319367084e-07
5.313846307914363187e+00 2.701264248397929890e-01
5.263313841172272411e+00 2.919322288328146109e-01
5.266375573037888280e+00 2.675848988431971942e-01
5.127086435544155663e+00 2.824033982597284331e-01
5.216869385435063400e+00 2.887093353942999374e-01
5.171502366125553252e+00 2.854906145867053269e-01
5.219981138287034916e+00 2.651057335665171766e-01
5.174639356159745240e+00 2.626892027662405815e-01
5.310541433297406577e+00 9.148873994871965787e-02
5.320578667213995416e+00 -2.580972247186576283e-03
5.318696154210900140e+00 3.498453969263096055e-05
5.262363761394893480e+00 9.206917112552920335e-02
5.215396428800818995e+00 9.263342140319057172e-02
5.273709235596547806e+00 -3.352174449703459232e-03
5.271813046919976209e+00 3.589891760382931291e-05
5.227794740130685014e+00 -4.109427510090270935e-03
1.248465300344956397e+00 3.310970673121884614e-06
1.240703386941662156e+00 3.325796383884738722e-06
1.257192047080522679e+00 -3.543175348842147088e-05
1.240968105520903864e+00 -1.285713129803036479e-06
1.263721105559364677e+00 3.375077628045421549e-06
1.256143609064447775e+00 3.345984157970957090e-06
1.256025917420221072e+00 -1.191018944025109671e-06
5.083699402010303459e+00 2.793649067919014573e-01
5.130310297636467176e+00 2.603235990549016554e-01
5.041257270032722282e+00 2.764231108667651871e-01
4.999732200611847865e+00 2.735284342769036536e-01
4.959129098976021055e+00 2.707290961903014992e-01
5.086967909115846176e+00 2.580188300143192448e-01
5.044582840497657372e+00 2.557676257611271042e-01
5.003127591205265290e+00 2.535680837471026017e-01
5.224953526325165853e+00 3.494035585853519929e-05
1.707915572885555955e+00 7.653245168949220695e-07
1.736113237985660085e+00 7.834754303006481152e-07
1.764983447942136019e+00 1.034282153639569746e-06
5.169589678965344604e+00 9.317364073067022079e-02
1.794542015907707455e+00 1.062156027395700352e-06
5.182878521195586785e+00 -4.798998778943785841e-03
1.824806542778071750e+00 1.295770076324106807e-06
1.482422682837313044e+00 -4.151955537296123440e-07
5.124917147126984318e+00 9.369751916649705914e-02
1.460362357688586465e+00 1.571274822087282704e-07
5.178138261458982150e+00 3.271750512474124118e-05
1.426644771588864380e+00 1.787611782353504958e-02
1.438883398501988209e+00 3.312690354084388211e-06
5.139094394339685401e+00 -5.328232329790570307e-03
5.081412360562011621e+00 9.414958288981681300e-02
5.096377408558625532e+00 -5.097693240058323409e-03
1.417979191045666942e+00 4.549544404035366962e-06
5.131388849324484802e+00 2.853099670836931103e-05
1.270430455071676068e+00 -1.826245392917789906e-05
1.278506776251627119e+00 3.388634945876947260e-06
1.281420197012720363e+00 -1.204667797195162630e-05
1.271180981180771274e+00 3.407542709601711677e-06
1.271677398150631300e+00 -1.219204059536378444e-06
1.290998225335985516e+00 -9.098328782404049327e-06
1.285682446867622897e+00 3.422696628077350109e-06
1.292692346836750827e+00 3.374624875727438646e-06
1.287919920423103104e+00 -1.067547410529066284e-06
5.052942259171906869e+00 -4.542255786048324771e-03
5.038892675562320456e+00 9.437973502684461613e-02
5.073496473675804808e+00 3.561466273686870326e-02
5.084734412330074171e+00 2.203032255639806894e-05
5.010750148309174534e+00 -5.453738350111819386e-03
5.038187219057154387e+00 3.455989564501409236e-05
1.855795524004597352e+00 1.311967454882313978e-06
1.299597010939901098e+00 -7.459558479365721255e-06
1.299521329014163618e+00 3.401850397305135515e-06
1.307460890667216269e+00 -6.410812138719309144e-06
1.306154605829289661e+00 3.348070558116164112e-06
1.397655413234119237e+00 1.459779881316267655e-06
1.314736023433713763e+00 -5.686464222081716361e-06
1.304750961104009122e+00 -9.749804263070139966e-07
1.312578056618239009e+00 3.318124033231895897e-06
1.327850816430937941e+00 -4.687576323099902031e-06
1.321513357268180089e+00 -5.134615774970252291e-06
1.318777893786154731e+00 3.262564461286215023e-06
1.333785678444525225e+00 -4.300238359092744021e-06
1.324740981999170897e+00 3.215160870910767390e-06
1.344534482479509352e+00 -3.628850482667927666e-06
1.330454598926841259e+00 3.137555269033496430e-06
1.335906881664436385e+00 3.111467978556262497e-06
1.339341878591183921e+00 -3.952458790731946232e-06
1.322168048659606798e+00 -7.867329885438374416e-07
1.341086135727653783e+00 2.950698920689953518e-06
1.349372531462835090e+00 -3.320427805596534778e-06
1.345981595937451036e+00 2.901523836131452892e-06
1.353860959411189224e+00 -3.021963292549733561e-06
1.350583001695892849e+00 2.791305952438679904e-06
1.340168774337711088e+00 -6.933111858257561311e-07
1.354880860756189298e+00 2.637931359261327152e-06
1.358001869818350471e+00 -2.727656408221228066e-06
1.365240587088581536e+00 -2.157537476533062912e-06
1.361795447277786675e+00 -2.442323156707475410e-06
1.362530356088569539e+00 2.385530180541876270e-06
1.365865980619315190e+00 2.200512851746478352e-06
1.368335363715488917e+00 -1.881058745731731260e-06
1.368866551447260660e+00 2.112831620061542291e-06
1.358865911886219857e+00 2.543313805788446921e-06
1.371077436628138857e+00 -1.592841719871445975e-06
1.380201198301052923e+00 -1.434164692672548289e-07
1.371525357985995841e+00 1.816386785286687313e-06
1.373837056483312669e+00 1.700618296566411094e-06
1.373464230261143948e+00 -1.333381033118523343e-06
1.380047502880696220e+00 1.140282723120257524e-06
1.379988500704711685e+00 -8.022110780901370319e-09
1.375493224714051443e+00 -1.064831435494917067e-06
1.379528241385710841e+00 7.422039447767490935e-07
1.375797007489508061e+00 1.477804588321463593e-06
1.379411468278235242e+00 -2.758921459019226043e-07
1.377161991147614728e+00 -7.051835593230724597e-07
1.378468634732659570e+00 -6.030609330722521730e-07
1.378645684612839872e+00 9.479010449629408693e-07
1.358751410620841815e+00 -1.800990688131735318e-07
1.377400883302366097e+00 1.278644668828466792e-06
1.377914179517199633e+00 2.035102805315194317e-07
4.880537847977686639e+00 2.653156838394160610e-01
4.919397854579171891e+00 2.679971540612124947e-01
4.970011833808738011e+00 -6.139461415710584583e-03
4.997221289902231689e+00 9.459315582523096511e-02
4.962574172397345329e+00 2.514188485878526835e-01
4.922893167305897322e+00 2.493185009122647067e-01
1.887529444503922793e+00 1.565894645827715160e-06
2.096906662502350915e+00 3.802318576303351794e-01
2.153699875696031718e+00 -3.004092424832773833e-01
1.920029433414670361e+00 1.721131835920265397e-06
1.953318520987973539e+00 1.807232908448974662e-06
4.842496240143012720e+00 2.627161429946947568e-01
4.884065673550336939e+00 2.472650894395447274e-01
4.805261335377745802e+00 2.601492802591236497e-01
4.956486413497668941e+00 9.481463175199930649e-02
4.991757535055286077e+00 3.880419848558070350e-05
1.987420388909048707e+00 2.329276615524218804e-06
4.930216606835017501e+00 -6.620175032253801904e-03
4.846056488408688523e+00 2.452565240975705108e-01
4.916669759816067575e+00 9.500925258539863472e-02
4.891267982635600475e+00 -6.985021356555577710e-03
4.808848788293180299e+00 2.432923253019042553e-01
4.853128878433096816e+00 -7.274853409853995756e-03
4.877735725317083215e+00 9.516679805106929846e-02
4.945481727760451029e+00 3.963677082350730948e-05
4.899380054547074259e+00 4.046786960750662699e-05
4.472028656991670736e+00 2.373399998304354941e-01
4.768825858442255594e+00 2.576688911953397554e-01
4.839650862479153659e+00 9.528688136542894094e-02
4.853474567457358724e+00 4.073855448104829723e-05
4.772413330515036023e+00 2.413720609657618033e-01
4.733137992929195903e+00 2.551679394272448054e-01
4.815783332297746355e+00 -7.507688862723682632e-03
4.533529821524981962e+00 2.415027681810608673e-01
4.802384558929601255e+00 9.537051802327024819e-02
4.736733508749005672e+00 2.394921613167588781e-01
4.565177309728929878e+00 2.436464980868077723e-01
4.779207682968387161e+00 -7.701629221370714061e-03
4.698147748289762227e+00 2.528400302344337991e-01
4.807782647635884921e+00 3.863647973295670921e-05
4.765908401826949081e+00 9.541970440673233633e-02
4.607584033742138985e+00 -8.182511857439969671e-03
4.743385134192495300e+00 -7.864677913178370200e-03
4.701770326543603495e+00 2.376508594806582275e-01
4.597455609803844823e+00 2.458998406737254450e-01
4.663933982817580315e+00 2.504330036206138255e-01
4.708305674442823552e+00 -8.004605365838805137e-03
4.730196491519166990e+00 9.543600060505877392e-02
4.640368647947215486e+00 -8.203853276184499416e-03
4.673955235922481855e+00 -8.120837715786595468e-03
4.762326264500210016e+00 3.830583963848831458e-05
4.630341691061988563e+00 2.481377020107923548e-01
4.627587090759963218e+00 2.738369838213892900e-05
4.695221868027615209e+00 9.542077539500487537e-02
4.667527276857042828e+00 2.358559536167985637e-01
4.633956544964655144e+00 2.340877390316476458e-01
4.717127923613920970e+00 3.881051106482610868e-05
4.627380459076786856e+00 9.529866803393084729e-02
4.660959305742735204e+00 9.537522628412432868e-02
4.672211150971824267e+00 3.674937493359675298e-05
2.022360850015682665e+00 2.488961801105915583e-06
2.067211240028510311e+00 2.603236922640462386e-02
2.083198945871561403e+00 -3.920786997844098037e-02
3.171842501522270652e+00 8.436898393516356620e-01
4.543254996556016501e+00 -6.989961293697279435e-03
4.575518030169502204e+00 -7.716728933955551741e-03
4.568790248601533044e+00 2.306783987493735422e-01
4.601048227966844983e+00 2.323676814103791399e-01
4.562155403727269132e+00 9.509983299245200472e-02
4.583285667214092918e+00 7.634408255095879152e-06
4.556775721430279980e+00 3.233997938827545826e-02
4.594453913707088333e+00 9.519824747395554121e-02
2.058166653755006070e+00 2.503944121088870413e-06
2.105032570905393197e+00 9.761342838111772280e-02
2.139482179778617432e+00 -6.604928083712573172e-02
2.094865425382849811e+00 1.250381727334136149e-07
3.242356004675372105e+00 -6.915098888808546285e-01
4.442115113666289972e+00 2.352857965178253852e-01
4.502437708240924152e+00 2.394100972257907911e-01
4.537143223706221917e+00 2.290239463396228914e-01
4.475633924664180974e+00 2.258192968481279039e-01
4.506097860630929652e+00 2.274015080584652626e-01
4.450901723360754403e+00 -7.175924893747924818e-03
4.511483649023285913e+00 -7.086394921840480018e-03
4.480736503845764496e+00 -7.265282673048691943e-03
4.539366762659842180e+00 1.981775589316933650e-05
4.469067190666064171e+00 9.474373555976706163e-02
4.449452070272761794e+00 -6.119699660783149968e-05
4.530503959050798279e+00 9.501408829274055057e-02
4.499490802743835616e+00 9.489896407680062373e-02
4.495754864623469516e+00 4.200562131893135110e-05
4.452519291772444987e+00 4.513466601221921635e-05
2.145962664586618995e+00 1.264437464625301488e-01
2.132484511712006370e+00 6.976972493454274281e-07
2.150513017209496169e+00 2.940283434258888530e-04
2.144061655124308796e+00 5.865790796631000642e-02
2.144516521976065793e+00 6.082049620929056571e-02
2.150110414160670391e+00 1.082271672221472997e-01
2.159043971652333305e+00 8.814053222264116305e-02
2.193707453716058797e+00 -4.274562133724525703e-02
2.164533699571986602e+00 4.156038588564788948e-04
2.164848493985428224e+00 4.703454452270918601e-02
2.162803173933352419e+00 1.086682017674131528e-01
2.163837075357912365e+00 1.108492800430421338e-01
2.177904369491477254e+00 -2.605585721406473943e-04
2.176160512953360104e+00 1.092779460442176859e-01
2.186982768621629880e+00 5.076322123125773939e-02
2.171056115232393058e+00 3.360397336979788969e-06
4.355662751607646932e+00 2.295523918145759568e-01
4.445740365337147004e+00 2.242595737260693611e-01
4.412727334566319826e+00 2.333803855187369936e-01
4.359192930345579420e+00 2.197601434039863355e-01
4.383885269202041357e+00 2.314193047623612498e-01
4.416368071464904510e+00 2.227259589717331401e-01
4.387533726559554204e+00 2.212292268398586559e-01
4.439204220935948797e+00 9.455875940206949493e-02
4.409879809519170024e+00 9.434948480598659426e-02
4.378545374121212141e+00 -1.253523950012926276e-03
4.440664265697360946e+00 -4.499983212265507948e-04
4.392283985395267543e+00 -7.155052348220773684e-03
4.420706737366033146e+00 -7.058215407305863144e-03
4.427491023095292633e+00 -3.382559885063966712e-04
4.384859081823897498e+00 1.091823793809833200e-04
4.409683170192812085e+00 4.534687881320142571e-05
2.192003158923884421e+00 -3.923640963247793426e-04
2.191195882346907098e+00 1.128881898844880105e-01
2.177402658771526500e+00 1.119812602864663498e-01
2.192706949348903311e+00 5.928619961347526834e-02
2.206199256711433243e+00 -6.030334577513307617e-04
2.189771220888457659e+00 1.100319015562964825e-01
2.219113599308326190e+00 -1.284604036937271338e-03
2.204967157742638850e+00 1.138621204701395911e-01
2.211852995922552800e+00 4.860914309413662954e-02
2.217156235731667646e+00 6.319951441490149861e-03
2.203610001058134316e+00 1.107677884429373455e-01
2.209855702584790027e+00 7.503453654551019147e-02
2.233155339688012386e+00 -8.431025392618674529e-04
2.218813895646293055e+00 1.149269080564854772e-01
2.210607804859181069e+00 8.166596370678924058e-06
4.247068855814289279e+00 2.223327712554882540e-01
4.327744840119241765e+00 2.277033652069141711e-01
4.331340018235104949e+00 2.183094217608128884e-01
4.300441443229188643e+00 2.258488382811673634e-01
4.273551322191758928e+00 2.241612277230831118e-01
4.303959216607980309e+00 2.168890861450056551e-01
4.277005870330048865e+00 2.154905293941977995e-01
4.381075316221176408e+00 9.411942301038965508e-02
4.335000794817730707e+00 -7.034640912477451227e-03
4.362613204891961693e+00 -6.901180827689326613e-03
4.367260978105788283e+00 4.530147821905936912e-05
4.352772674088693172e+00 9.387208560679002889e-02
4.324954510521679119e+00 9.361084555310293653e-02
4.325269173665756028e+00 4.432343025446483021e-05
4.330150849396411594e+00 -1.801593956521053920e-04
2.217556270186044287e+00 1.115786529223713047e-01
2.228872697017353577e+00 5.468018169913449467e-02
2.247349482618518746e+00 -9.039493490544663491e-04
2.232666544411685994e+00 1.159380294793419114e-01
2.261453478114620719e+00 -9.875288899329657481e-04
2.231629712250788433e+00 1.123858860324299380e-01
2.240857753261584318e+00 5.412576995046615436e-02
2.246625533141087594e+00 1.168065617095643965e-01
2.275641438845068532e+00 -1.152118550257284118e-03
2.245832087991441295e+00 1.131677286497648066e-01
2.251163562482184410e+00 9.116544054026646613e-06
2.256255408878920399e+00 5.396095544581534786e-02
2.260786315772405075e+00 1.175664472687095730e-01
4.250505864264048306e+00 2.141185020562592911e-01
4.221093531456510561e+00 2.206444386544492986e-01
4.224406941298133766e+00 2.127666208991937369e-01
4.170212106882758007e+00 2.173478046877709291e-01
4.195401113761423773e+00 2.189455635269191847e-01
4.307438450290322685e+00 -7.108810638096294682e-03
4.297607983716963176e+00 9.333654178462783002e-02
4.280598597014747320e+00 -7.074830590068259713e-03
4.198704025662196138e+00 2.114309558790280485e-01
4.173378330445252971e+00 2.101252713895966906e-01
4.283724104376966935e+00 4.438834470793903464e-05
4.230347402322392369e+00 -6.530978811218654534e-03
4.270719591925443481e+00 9.304689740015362198e-02
4.254355759061305697e+00 -6.981777524896595581e-03
4.244272987035922817e+00 9.273509442846146478e-02
4.267069431469003860e+00 -6.064264507054129434e-05
4.242640313581233613e+00 4.256626311121389266e-05
4.218246229491897203e+00 9.239479059257815763e-02
2.289940238597782951e+00 -1.282350071023245688e-03
2.304413294344385577e+00 -1.410605281011788597e-03
2.270252809228666901e+00 5.412920433363184458e-02
2.319058651379643621e+00 -1.546022672916850475e-03
2.260189107361290528e+00 1.139297174149930536e-01
2.410986568707447208e+00 -2.140654786425302131e-03
2.379588192314550987e+00 -1.975805889416083934e-03
2.333895397642571812e+00 -1.672035618164816962e-03
2.284998962689761548e+00 5.421643376868912761e-02
2.275163190985566075e+00 1.183149953283928468e-01
2.292766648364414905e+00 1.059517781051747231e-05
2.348931815531322354e+00 -1.784773487363122864e-03
2.274696563085589318e+00 1.146840913905582543e-01
2.289725649184402023e+00 1.190629518027007117e-01
2.299864988058777815e+00 5.424045596875181480e-02
2.289357195484418739e+00 1.154354194678336026e-01
2.304459059770219032e+00 1.198278081198352607e-01
2.304165438523944509e+00 1.161880417780631336e-01
4.145325529251936203e+00 2.156616108335356330e-01
4.148425339973505821e+00 2.088359229992878541e-01
4.120824001270227299e+00 2.141020667843312464e-01
4.123806348976843950e+00 2.075627255812640404e-01
4.096632539526632755e+00 2.124684753468637777e-01
2.314806118262023205e+00 5.437007613024904401e-02
4.099529681447755536e+00 2.063056270609292253e-01
4.215816153012906575e+00 -4.281727258328786243e-03
4.072818717641333741e+00 2.109895835269017250e-01
4.192614146694013222e+00 9.202765715989590090e-02
4.149070565873291372e+00 -6.303018647287481936e-03
4.173876422489429139e+00 -6.255326542677090186e-03
4.198171478440203330e+00 -5.598266774039030100e-03
4.075554605441621625e+00 2.050683071226397092e-01
4.167354608670175153e+00 9.163962540853423655e-02
4.202033909032205194e+00 3.963142357149016589e-05
4.142453886238231853e+00 9.123977732804776364e-02
4.198831935494070855e+00 -2.847774060915200583e-04
4.161916720834176076e+00 3.692184107916936584e-05
2.364164732195512375e+00 -1.886348725992459223e-03
2.319341980396675940e+00 1.206091261573939560e-01
2.335450977559741848e+00 1.041761157498199733e-05
2.319120062451450526e+00 1.169462791767114929e-01
2.329907088482772171e+00 5.450963902158703633e-02
2.395199560460584465e+00 -2.061665981314935413e-03
2.334380607230543969e+00 1.214086873730757798e-01
2.345139783961237345e+00 5.467167429434008352e-02
2.379244538778189977e+00 8.272875082874150762e-06
2.334214865264596650e+00 1.177093961144845963e-01
2.349552538614776864e+00 1.222272975992111793e-01
2.376004330312867285e+00 5.505652503214571863e-02
2.360509662357533234e+00 5.485922831102628405e-02
2.349452700865807930e+00 1.184784650032879028e-01
2.380316543583126609e+00 1.239040055067728158e-01
2.364866968294011773e+00 1.230552479887051659e-01
2.364827819903606354e+00 1.192560116534273768e-01
3.935813997098632555e+00 2.023392764585588421e-01
4.124254434449957429e+00 -6.135239735002676574e-03
4.099781506792556485e+00 -6.230941384395916396e-03
4.117897646986564020e+00 9.082770831465966643e-02
4.126755397250331470e+00 -1.988117959765970711e-04
4.049265761522159224e+00 2.094266291832589943e-01
4.051891406674481999e+00 2.038400021428746489e-01
4.122304694517330503e+00 2.990905570281416479e-05
4.075587865492692252e+00 -6.201530115393492741e-03
4.093667503706081234e+00 9.040589664647533108e-02
3.957994566624429833e+00 2.036889095343321632e-01
3.959955152074401408e+00 1.990796044780134555e-01
4.026042805819806780e+00 2.079651633387657184e-01
4.028509390163733883e+00 2.026351691461580062e-01
4.083206862698626871e+00 1.404371742803091587e-05
4.003103536585815192e+00 2.065104207221289123e-01
4.069736662465742505e+00 8.998437210327521474e-02
4.028002440197188783e+00 -6.137371820985981427e-03
4.051594340576038178e+00 -6.059194873314845305e-03
3.980423511810841308e+00 2.050654630977692405e-01
3.982554687072693778e+00 2.002515170521813881e-01
4.005402710421965828e+00 2.014376836669904414e-01
4.044672443510113347e+00 -3.612681430165449342e-05
4.046085458642857624e+00 8.959668419328595257e-02
4.031414547875363574e+00 2.877204549804645434e-02
4.052722086940446999e+00 -1.802432581266091871e-04
2.459343645176580218e+00 -2.364141664255373088e-03
2.426944159413978674e+00 -2.214141917110324081e-03
2.391630179016935198e+00 5.527029191575854455e-02
2.395902697400806858e+00 1.247610194824411572e-01
2.380339934329058771e+00 1.200388866457170467e-01
3.981312915862347257e+00 -5.856316899412055549e-03
4.004583585272727397e+00 -5.997380051474488806e-03
4.022742208031314881e+00 8.928246185825071402e-02
4.006716319688810479e+00 1.589337911553628864e-05
2.443065253432188833e+00 -2.289318354198611669e-03
2.395988408056309638e+00 1.208290787487625029e-01
2.407383036899156892e+00 5.549359396679250794e-02
2.475772804765369983e+00 -2.439514914952002015e-03
2.424179385324037206e+00 1.008707419745058241e-05
2.427474308199090824e+00 1.265120040593644413e-01
2.411616468846951467e+00 1.256328286212672618e-01
2.411771375631772241e+00 1.216270729785111498e-01
2.423258443480641677e+00 5.573056674425985041e-02
3.892135448915747364e+00 1.997634397559673591e-01
3.913866006338717618e+00 2.010406101884619490e-01
3.937588776601631757e+00 1.979141199941132911e-01
3.958194152476238514e+00 -5.941947514363656209e-03
3.915446374692132636e+00 1.967581917281699677e-01
3.999751434946535511e+00 8.900868737767099470e-02
3.977084211418943749e+00 8.872000938653140656e-02
3.969225458414665564e+00 4.491967576234437854e-05
2.492350036827643667e+00 -2.518956478570072606e-03
2.509068909261304992e+00 -2.602390183857430147e-03
2.525922724482932313e+00 -2.688390203824707250e-03
2.427684793226960291e+00 1.224319727127947122e-01
2.470291122114828486e+00 1.206686976571474498e-05
2.439259902776514721e+00 5.597613770847208875e-02
2.443452691214156314e+00 1.274098604643005561e-01
2.443732209567633706e+00 1.232426007754590103e-01
2.475812358328303819e+00 1.292268692476833958e-01
2.455383755142726887e+00 5.623310191270568248e-02
2.459564004596267228e+00 1.283131060164395820e-01
2.471630201726933596e+00 5.650069172476229751e-02
3.893514115801085751e+00 1.956165641554647450e-01
3.977509324163540860e+00 -9.685888788838030461e-05
3.954683375003519963e+00 8.841175733774671308e-02
3.870571104875736079e+00 1.985576373795451544e-01
3.935346451228409759e+00 -5.992249284566637454e-03
3.912652610535273912e+00 -6.089472733722224758e-03
2.459908825891084394e+00 1.240614248408740128e-01
3.871787333583496249e+00 1.944881379601595961e-01
3.849239459171515332e+00 1.973890545230645721e-01
3.889995865715141665e+00 -6.356599045687450454e-03
2.487996906402204722e+00 5.677775978624275549e-02
3.850245849883499716e+00 1.933699486640278464e-01
3.932305307842322240e+00 4.861780810345977800e-05
3.932515783196626202e+00 8.809990065226450118e-02
3.828006888173711708e+00 1.962312143545258958e-01
3.828878408264300148e+00 1.922769879695818140e-01
3.910561848773526972e+00 8.779330928343971607e-02
2.542913177985713258e+00 -2.780153631001478550e-03
2.517610647564610282e+00 1.392225529092616521e-05
2.594643124206483353e+00 -3.084427724257773375e-03
2.560033206661917138e+00 -2.878335466563319758e-03
2.577274830069874234e+00 -2.977771152077967123e-03
2.476214023074179593e+00 1.248866674335502719e-01
2.504484485327956644e+00 5.706581709953747333e-02
2.566170152914173386e+00 1.634812144338262276e-05
2.492181214847618786e+00 1.301505966302848039e-01
2.492645459835957311e+00 1.257178187075348452e-01
2.521091957473413192e+00 5.736507895539375707e-02
2.508683730979454296e+00 1.310848740543852642e-01
2.537817239311991546e+00 5.767473261838981791e-02
2.554660895045848701e+00 5.799597002377386568e-02
2.509201950214125176e+00 1.265552005888033182e-01
2.558928351370752363e+00 1.339345499535853912e-01
3.642668154949168624e+00 1.875451601484160458e-01
2.525305553045210427e+00 1.320254360634544599e-01
2.542055996434245735e+00 1.329762703474291485e-01
2.525884090730081688e+00 1.273995144859366435e-01
3.901948698107412294e+00 -1.554234927483879222e-05
3.807000759044017357e+00 1.951902812076208860e-01
3.888804131970519773e+00 8.748952389240879923e-02
3.867388736932805049e+00 -6.900084463273561779e-03
3.895960727412491220e+00 4.851060259117875948e-05
3.807676768894683761e+00 1.912021660705452986e-01
3.867223238734728064e+00 8.717633392199072850e-02
3.844571578283891622e+00 -8.698131368822983878e-03
3.724049327027630696e+00 1.911510701038399429e-01
3.786065303443351571e+00 1.941099742245228910e-01
3.786612638795744612e+00 1.901526484041652920e-01
3.827302124179370768e+00 -1.284898153088588450e-02
3.744645569432174970e+00 1.921649638418929940e-01
3.860195863290863727e+00 4.769486629501023547e-05
3.765251116336838066e+00 1.930759910434429183e-01
2.542685483307580263e+00 1.282502791893814498e-01
3.845786597438365817e+00 8.683613450935365186e-02
3.744883879561355045e+00 1.880847384203017947e-01
3.785148673218419191e+00 -5.555256631174923694e-03
3.765697459895505972e+00 1.891103803887581591e-01
3.808706685356541666e+00 -6.967442268054550684e-03
3.824447187826839123e+00 8.646931169403615502e-02
3.816588860549128270e+00 2.020503565521912862e-02
3.803175443612935691e+00 8.611568707236903764e-02
3.826347887913275958e+00 3.569341950652478576e-05
3.825015808385369365e+00 4.710556774466285746e-05
2.612130468322430676e+00 -3.200115915004379894e-03
2.629727608895409574e+00 -3.310691476640020142e-03
2.571620186831050425e+00 5.832749468825263600e-02
2.559608592778836123e+00 1.291047018167617855e-01
2.575922775301884737e+00 1.348950112612552488e-01
2.576648967458507133e+00 1.299681599531132270e-01
3.662892398127161275e+00 1.884462515123309923e-01
3.662695223724598215e+00 1.840803094290518194e-01
3.724195154122088791e+00 1.870807686127858582e-01
3.703587267186558840e+00 1.902404295574986193e-01
3.703600872489289486e+00 1.860752248754139471e-01
3.781998159566414497e+00 8.580906325763379416e-02
3.790425010157803420e+00 4.591483272575464495e-05
2.647442668376807973e+00 -3.431348502578804392e-03
2.665264665907052244e+00 -3.562966602243564356e-03
2.683190063184132779e+00 -3.681151178837518707e-03
2.616002079947935322e+00 2.018581116578437419e-05
2.588695541107188802e+00 5.867070485190849921e-02
2.605884259238984146e+00 5.902396555900234210e-02
2.593036526042867607e+00 1.358671352702895130e-01
2.627611411719728896e+00 1.378229332065678825e-01
2.593804715428743801e+00 1.308332174536604720e-01
2.610261533368084308e+00 1.368418561044735526e-01
3.683198335749239050e+00 1.893356221553662011e-01
3.683104927799597306e+00 1.850775532655064559e-01
2.623185628070214825e+00 5.938717580451556566e-02
2.611075480983847452e+00 1.317082795305119514e-01
3.762972435075896183e+00 -5.496753977391161984e-03
3.741326790113691292e+00 -5.605887924276477773e-03
3.720070545392148986e+00 -5.720701860644445379e-03
3.760950937476365663e+00 8.553419176980157912e-02
3.699008335553417126e+00 -5.822516410779568150e-03
3.740038433293899622e+00 8.526176159731344018e-02
3.719248632957517842e+00 8.497478892788158655e-02
3.751389106510615967e+00 -1.909339832579249395e-05
3.756430098126305683e+00 4.407219573551479267e-05
2.701223084967173893e+00 -3.811719047948304920e-03
2.667139650563378872e+00 2.535560560278501548e-05
2.755900026621783461e+00 -4.213115519734085546e-03
2.737577229272106116e+00 -4.077115309104180699e-03
2.719348764265051788e+00 -3.953536563732144848e-03
2.640597382480639244e+00 5.976061836804325011e-02
2.628454854499153281e+00 1.325843984651675633e-01
2.719613135212509913e+00 2.826932749646428704e-05
2.645065680182121959e+00 1.388076051356474938e-01
2.658118270450892329e+00 6.014350742943428557e-02
2.645946251863022791e+00 1.334674719382329400e-01
2.662634412801775152e+00 1.397992753345598249e-01
3.642366674892958844e+00 1.830899211208460997e-01
2.675745214618825862e+00 6.053464237966783845e-02
3.622474582906022533e+00 1.866906278717301026e-01
3.723034589793608795e+00 4.219158043515319826e-05
2.663542250742912731e+00 1.343562193743114141e-01
3.622117642450157771e+00 1.820966410490221510e-01
3.562272075179876207e+00 1.840754955032840590e-01
3.698569795308454200e+00 8.466763197247231809e-02
3.602360306258157507e+00 1.858003749261646076e-01
3.678078626645258531e+00 -5.893326950233666005e-03
3.582289562074382872e+00 1.849812043745535095e-01
3.601939054986708744e+00 1.811071761462627050e-01
2.680306592019903622e+00 1.407897795418686093e-01
3.581821598245063853e+00 1.801153333827598124e-01
3.677991275377217928e+00 8.433901630986435916e-02
3.690240815381967909e+00 4.048354212236212322e-05
2.698091051847984367e+00 1.417864253164311250e-01
3.657303607361828135e+00 -6.021473681109789505e-03
3.677091301328144546e+00 -1.151499211490730766e-05
3.636643448884783414e+00 -6.103211955718279569e-03
2.699043943301299819e+00 1.361453394499800296e-01
2.693476539244511248e+00 6.093454738840636126e-02
3.657505525080189557e+00 8.398977284025720136e-02
2.681242767660869220e+00 1.352485573248036754e-01
3.616077642889459209e+00 -6.169701551429968185e-03
2.711310282735431620e+00 6.134300144642703539e-02
3.637104785071244351e+00 8.362123789822815956e-02
3.626469454123474101e+00 3.463936527199912177e-05
3.658051822658212604e+00 3.771103012983896389e-05
2.774304175112501269e+00 -4.357865104364382416e-03
2.715973278284758763e+00 1.427883016926274617e-01
2.716944906420478034e+00 1.370472870513174402e-01
3.542274791098617204e+00 1.832290737094162403e-01
3.561769244476995944e+00 1.791321008821106786e-01
3.616783150114034839e+00 8.323521467365142812e-02
2.792806788272453655e+00 -4.484496352154584281e-03
2.811392950321927486e+00 -4.621974690187768964e-03
2.773447119327806298e+00 2.867306145418547153e-05
2.733947654774508962e+00 1.437779619791594576e-01
2.729242744209187332e+00 6.175791741129187107e-02
2.734940936356928809e+00 1.379544745943332429e-01
3.502445589305244855e+00 1.814891202981683271e-01
3.522344199404669585e+00 1.823976253815058068e-01
3.595579677241917071e+00 -6.236995924686247229e-03
3.541771578816725441e+00 1.781418224600904709e-01
3.575177465422078260e+00 -6.283163227793827667e-03
3.521817149463206675e+00 1.771575507801601834e-01
3.596533939727333706e+00 8.283281167591903527e-02
3.603734289395255974e+00 2.471168439709266638e-05
3.595493494873950535e+00 2.899293246640286548e-05
2.830050594067472058e+00 -4.765179630265453138e-03
2.848799409800569116e+00 -4.890609163162632465e-03
2.747271121030021579e+00 6.217939378876029960e-02
2.867622794913993634e+00 -5.024594915709016708e-03
2.828667801218124556e+00 2.928735140476838134e-05
2.752041497780264745e+00 1.447975836638385472e-01
2.886509962713973199e+00 -5.164151676232531414e-03
2.765394434587062911e+00 6.260846626652238900e-02
2.753027521347704898e+00 1.388633103137796032e-01
2.770201665581332851e+00 1.457806360660909850e-01
2.806827974262469549e+00 1.477975771767192359e-01
2.788473691594416159e+00 1.467997267899456837e-01
2.771209594821200550e+00 1.397790118811644000e-01
3.501920800607929873e+00 1.761788764122266537e-01
3.554827300166471638e+00 -6.300824891812432070e-03
3.576349623478935147e+00 8.241481273556179599e-02
2.905478459944130787e+00 -5.283123092343459080e-03
3.482551059849313457e+00 1.806588423320027170e-01
3.462720651728506738e+00 1.797972175629958813e-01
3.482061542894228534e+00 1.751920410621866930e-01
3.534495675421254202e+00 -6.277218048673463037e-03
2.789472287863172362e+00 1.406956642207770058e-01
3.556223569965498932e+00 8.198428751437263073e-02
2.783607756605861905e+00 6.304302472666951929e-02
3.442905400691949058e+00 1.789206580292767301e-01
3.462238777821740943e+00 1.742134444850051145e-01
3.565125917870796801e+00 1.876809280747207241e-05
2.924515661721304838e+00 -5.409808813281483282e-03
2.885300317295801609e+00 3.073622383727432996e-05
2.801908626726210993e+00 6.348333999190414190e-02
2.807823718619211650e+00 1.416185406501970223e-01
2.943611981349856688e+00 -5.542281857686993073e-03
2.825256489148081140e+00 1.488005351042251401e-01
3.001312051054992214e+00 -5.891396236419474408e-03
2.962778815982804126e+00 -5.652182889353684833e-03
2.982013410464814829e+00 -5.769039842395698447e-03
2.826254034194784825e+00 1.425429766541554955e-01
2.943366030582871495e+00 3.246503616818760757e-05
2.820294730142654416e+00 6.392923276506849717e-02
3.536147766275331783e+00 8.154545114632230640e-02
2.843783365123508489e+00 1.498058672392213186e-01
3.442458018497756456e+00 1.732369938975891754e-01
3.514082620948802749e+00 -6.291248820535502544e-03
3.304897963788390847e+00 1.727869325212126883e-01
3.535364822430430376e+00 -1.151921327429591122e-05
3.423119370051976418e+00 1.780515362726690920e-01
3.516117289879805430e+00 8.110728725944030271e-02
3.531496514185170632e+00 2.672104300155475753e-05
3.324552397163168305e+00 1.736809846520750711e-01
2.844762225653955312e+00 1.434725418577664779e-01
2.838761656236967745e+00 6.438012600260795137e-02
3.422710713670903182e+00 1.722567646252912976e-01
3.493723157617413477e+00 -6.589451386077524626e-03
2.862378239121800227e+00 1.508088302322771468e-01
3.363902570818255278e+00 1.754422728838062329e-01
3.403347854247320114e+00 1.771994402704883675e-01
3.506289079374987239e+00 -7.749156341315182001e-05
2.899792111407956785e+00 1.528099345805156994e-01
2.881057923602014181e+00 1.518040170625033769e-01
3.502193758195723206e+00 1.947189561831398283e-02
3.473737883071387866e+00 -6.832292022436774886e-03
3.496137540168650304e+00 8.067779508315577053e-02
2.863345876594473260e+00 1.444023463738317303e-01
3.383621540496769775e+00 1.763175892254560950e-01
2.900723374889899731e+00 1.462760153348698910e-01
3.433803097294419793e+00 -6.917016778909574649e-03
3.402989550204998270e+00 1.712795068287237821e-01
2.882001200057846990e+00 1.453403772935949745e-01
3.453777272351350902e+00 -6.896482537907092786e-03
2.857307440048932889e+00 6.483588299280826361e-02
3.383300627799514348e+00 1.703053844217222446e-01
3.476219181034555739e+00 8.025109690303985910e-02
2.875928062543513075e+00 6.529618353098480543e-02
3.456357032072471469e+00 7.981309650422697965e-02
3.460497878560219398e+00 3.298003726161587737e-05
3.477807162137216856e+00 2.578738907702909461e-05
3.449855004058269170e+00 4.577460423251374723e-05
3.020680739881074661e+00 -5.994200245707329358e-03
3.040147714760366604e+00 -6.107789783356328342e-03
3.002883653944124820e+00 3.253095864872261464e-05
2.937493850144778929e+00 1.547966647918533334e-01
2.918614007826685786e+00 1.538053252636025492e-01
2.894620435761236621e+00 6.576062572349510027e-02
2.919512573432427871e+00 1.472171675553430314e-01
3.344215336003916406e+00 1.745585291814490403e-01
3.413833855771552628e+00 -6.927834273169304787e-03
3.363638843434339609e+00 1.693296690204710853e-01
3.344001859922386632e+00 1.683564105579537507e-01
3.436539263642044872e+00 7.936057988581463052e-02
2.913381395923611894e+00 6.622882404939957335e-02
3.059761505679813087e+00 -6.243431844645741177e-03
3.079762476379363179e+00 -6.504613104193635725e-03
2.932207747505131579e+00 6.670121111436433381e-02
3.334174994210668874e+00 -6.929081665353994252e-03
3.393884063570677512e+00 -6.935816932090881938e-03
3.354055290558702218e+00 -6.934809548910565551e-03
3.422534615023214322e+00 4.685857796686000406e-05
2.938364129041342920e+00 1.481600384253052294e-01
3.013616098588650871e+00 1.587451821420656772e-01
2.994492295502265478e+00 1.577672379662194979e-01
2.956438613728822329e+00 1.557925758354541390e-01
2.975436446583517913e+00 1.567791478210988354e-01
3.416757150396082743e+00 7.889613830776097403e-02
3.246102712622395359e+00 1.700907526700153327e-01
3.265675105962924096e+00 1.709875275135444850e-01
3.324391345212134752e+00 1.673842514887348143e-01
3.285288761032961080e+00 1.718831232036287793e-01
3.063872568603554836e+00 2.940026776548952260e-05
2.951096688298907367e+00 6.717745803794727966e-02
2.957273916974400674e+00 1.491066634270468982e-01
3.304804256934325224e+00 1.664103472059951239e-01
2.976240586437148394e+00 1.500540740054309985e-01
3.397006604555143472e+00 7.842311296776759144e-02
3.357592841806113615e+00 7.746124922696058512e-02
3.285240877089302014e+00 1.654410732154668051e-01
3.373959243461679858e+00 -6.937048031826395164e-03
3.395836597370130772e+00 4.547468359206709935e-05
3.390822615234755144e+00 3.419582347294043787e-05
3.377285840244117487e+00 7.794453881821133967e-02
3.099511769520479465e+00 -9.812734119173526989e-03
2.970044144381529527e+00 6.765666416463768373e-02
3.101549765999420227e+00 3.134655076023158769e-03
3.265703260493513227e+00 1.644698971661141540e-01
2.989047383518544709e+00 6.813947409579038106e-02
2.995260070849310896e+00 1.510039677447538586e-01
3.008103312230778315e+00 6.862587217340809786e-02
3.246187751996131965e+00 1.635004208712192431e-01
3.014330458533222679e+00 1.519570350262106073e-01
3.226551890299521830e+00 1.691658982190009097e-01
3.032763156982731800e+00 1.597287458520142422e-01
3.207033619368112820e+00 1.682552775787615196e-01
3.051975224454376967e+00 1.606933158433505870e-01
3.071228271607183480e+00 1.616631503255843427e-01
3.187523185002090198e+00 1.673341385216456645e-01
3.090521384113242398e+00 1.626289546383831996e-01
3.148620993627571529e+00 1.654735582723310394e-01
3.129224566308775213e+00 1.645255688082713497e-01
3.109846907421137008e+00 1.635751582494364975e-01
3.168065631739949595e+00 1.663970934125383605e-01
3.033447472154714220e+00 1.529107285649274339e-01
3.052610062365129107e+00 1.538664273574898156e-01
3.226698103768150805e+00 1.625317072946018127e-01
3.071814473332197259e+00 1.548246605070428827e-01
3.207232154129376678e+00 1.615653347378955274e-01
3.110339962760301447e+00 1.567440574754882798e-01
3.129655806602007484e+00 1.577060963971913254e-01
3.187796686506551236e+00 1.605981364828777402e-01
3.027208020055590421e+00 6.911489950637181301e-02
3.337927235493607370e+00 7.697462491499791615e-02
3.369761109836764135e+00 4.387695961245329288e-05
3.318288025447763800e+00 7.648520536971389894e-02
3.046358207978316912e+00 6.960654441344264753e-02
3.091057996549560372e+00 1.557831945274968932e-01
3.149005086064237791e+00 1.586687331531276557e-01
3.115704580473440011e+00 -7.164301929725284263e-03
3.168385165956817406e+00 1.596331326017477181e-01
3.314324991383379437e+00 -6.917827131369189489e-03
3.344313830218994088e+00 4.219800198761821839e-05
3.294490262115477908e+00 -6.897847168856786546e-03
3.065550093130135600e+00 7.009866351705902610e-02
3.274677282000966638e+00 -6.875693221986287421e-03
3.298674774924095665e+00 7.599389857796196024e-02
3.084781928087664049e+00 7.058881237102666850e-02
3.136248782541645408e+00 -6.655029873306381877e-03
3.322530726170031645e+00 3.357156120005754278e-05
3.156123980182693689e+00 -6.665481224768206661e-03
3.215369429837412696e+00 -6.770959734982362303e-03
3.235123385867620271e+00 -6.810992508822517194e-03
3.254891716725818895e+00 -6.853012892294373277e-03
3.175894462135893548e+00 -6.685482197800547179e-03
3.195626226447535245e+00 -6.733407837200996310e-03
3.319505134900278875e+00 4.063609032551167310e-05
3.295352253475267723e+00 3.929191632722767852e-05
3.104054255225145109e+00 7.107437798575409749e-02
3.124320058663515365e+00 -2.308700161838091658e-05
3.271881341598236848e+00 3.758819442715465356e-05
3.279086794501988145e+00 7.550019470196193960e-02
3.259524920760914490e+00 7.500571346163485698e-02
3.123369617375768126e+00 7.155752115074660857e-02
3.142726015750278989e+00 7.204309755252957803e-02
3.167214508198803014e+00 2.425983366067449565e-05
3.227163492999513217e+00 3.323205989572251969e-05
3.206071659206679580e+00 3.078889313192755006e-05
3.255667377027831044e+00 3.663025102661034632e-05
3.249131508311039696e+00 3.547502217779357954e-05
3.190261914573533364e+00 3.361233361478346588e-05
3.186006106223634227e+00 2.788757413939437507e-05
3.239988930109426235e+00 7.451056408150920352e-02
3.220479632838079365e+00 7.401511765696373868e-02
3.162118017419763838e+00 7.253207818263066042e-02
3.135597921665060461e+00 1.406526621210178591e-05
3.200996953025128100e+00 7.351931512084304565e-02
3.181542869313680022e+00 7.302484947667590987e-02
3.150158756038795360e+00 1.900830305700903461e-05
3.126543309770693835e+00 3.789978740368196762e-05
3.153694215496869013e+00 -2.207305652138122050e-05
3.126315405278531134e+00 3.253958798884252606e-05
3.139738761325741478e+00 -6.919354392548170845e-06
