3.039230405598896141e+02 -7.856006868135807508e+00
3.034680055114325228e+02 8.059725976879464682e+00
2.833601087412931747e+02 4.188877941436457419e+00
2.832860369873868081e+02 -1.909453189135843054e+00
2.787600833365517587e+02 7.848616136803892473e+00
2.787723080995043006e+02 -5.892803247547316658e+00
2.727406999775422491e+02 -4.777530872438783049e+00
2.724083121367496005e+02 6.858547355453999295e+00
2.693155570880573464e+02 -6.132797804218856896e+00
2.696908727120724052e+02 1.154029774793540630e+00
2.687912738441103784e+02 6.410439615510358458e+00
2.456571565836736681e+02 1.001452935563685287e+01
2.452906210483162113e+02 1.503087469408903809e+00
2.405815831434009908e+02 -5.767218521819928334e+00
2.415220643697739717e+02 6.766261477861075513e-02
2.401065138380983228e+02 6.078658573719954106e+00
2.386547977272702781e+02 2.199141327906694310e-01
2.363342998604854586e+02 8.748779313115521816e+00
2.184078832200515023e+02 8.378122074742655911e+00
2.168459853462608748e+02 -5.396430217288179954e+00
2.164406328555836581e+02 5.716968438434183675e+00
2.135150729249057804e+02 1.179686412835283388e-01
2.127112059970962150e+02 -1.186891731516249271e+00
2.076253072862152180e+02 8.182623885786219020e+00
1.969859127988411558e+02 -4.983802844269305865e+00
1.966481766622445377e+02 5.324381394132044143e+00
1.947111556003873147e+02 7.541777707150107979e+00
1.901664905486123871e+02 8.405298518981975386e-02
1.894520811079326279e+02 -1.265753206417621124e+00
1.845128086626291974e+02 -4.108321015296938043e-03
1.847449109238321512e+02 7.342230790348814651e+00
1.801999390179114755e+02 -4.482518366892837669e+00
1.799420951990695414e+02 4.837696772815406554e+00
1.776030988777717141e+02 1.524730163895632491e-02
1.750084580674466679e+02 6.821845291655330712e+00
1.707854406628063089e+02 6.390128379720760865e-02
1.701395595757263948e+02 -1.312054770503937817e+00
1.658783673484431063e+02 -3.810816814978714717e+00
-1.288784270193682744e+02 6.752767857404813612e-02
-1.273385465356117123e+02 6.776853587046849370e-02
-1.258102477262904273e+02 6.801084002038716714e-02
-1.242934577726783516e+02 6.825455115061958289e-02
-1.227881043155663150e+02 6.849962699096723284e-02
-1.212941154616359540e+02 6.874602279618025058e-02
-1.198114197901981584e+02 6.899369126527958584e-02
-1.183399463602290069e+02 6.924258246092152014e-02
-1.168796247177602510e+02 6.949264373064556466e-02
1.657625598868198722e+02 6.633877519178193793e+00
1.657219225422057036e+02 4.174755915209651391e+00
-1.154303849036311647e+02 6.974381962573084071e-02
-1.139921574615514288e+02 6.999605182044951746e-02
-1.125648734465598437e+02 7.024927903266324491e-02
-1.111484644338046479e+02 7.050343694469600464e-02
-1.097428625277075867e+02 7.075845812395231693e-02
1.575170515240733380e+02 -4.785298803904098008e+00
1.584221320975884169e+02 6.204392031954919950e+00
1.578905539786073291e+02 4.999530694473036441e+00
-1.083480003714659716e+02 7.101427194572902668e-02
-1.069638111569385757e+02 7.127080451651082726e-02
1.535381199917781601e+02 3.142461244550567745e+00
1.544855800324199038e+02 5.115023854443548346e-02
-1.055902286348701580e+02 7.152797859823034621e-02
-1.042271871254911986e+02 7.178571353615846584e-02
1.535342750896675739e+02 -2.780891249652061692e+00
1.538925936634318532e+02 -1.334001846513388712e+00
-1.028746215294761868e+02 7.204392518549380953e-02
-1.015324673392432118e+02 7.230252584388818793e-02
-1.002006606506181612e+02 7.256142418356205381e-02
1.498088750735650194e+02 6.026893055822559297e+00
1.506315269957503062e+02 7.201680844855438968e-02
-9.887913817484569279e+01 7.282052518719599188e-02
-9.756783725092448378e+01 7.307973008694612638e-02
-9.626669585829718301e+01 7.333893630767837624e-02
1.491972412315626286e+02 7.251117351696144409e-02
1.443046288656885565e+02 5.670420578727441985e+00
1.477765787351551694e+02 7.302120010108339998e-02
-9.497565262984717549e+01 7.359803741199634486e-02
1.463695354473577481e+02 7.354777229134287775e-02
-9.369464686521244801e+01 7.385692305117094736e-02
1.438642863582706752e+02 6.007482160915651459e-01
-9.242361854440916602e+01 7.411547891895638174e-02
1.449761121237860095e+02 7.409185209548899143e-02
1.397214401891418447e+02 -4.509593996504394298e+00
1.400540932925507320e+02 4.746319690944362790e+00
1.435963147627562932e+02 7.465448891727037573e-02
1.418379179152430538e+02 -3.044229790939988467e-01
1.400705501203546248e+02 -1.334005649839163476e+00
1.406221671644422315e+02 4.236499176595642097e-02
1.422301550891064039e+02 7.523683056891582177e-02
1.362458846854099193e+02 5.500725470214957724e+00
1.408776511031838368e+02 7.584013607513498401e-02
1.395388277062800171e+02 7.646579066777581257e-02
1.375091913543429314e+02 4.775527503865857892e-01
1.382137174160845063e+02 7.711532342879758029e-02
1.369023611889108167e+02 7.779042816934982063e-02
1.321728137093963369e+02 5.203865059598772547e+00
1.356048093691632914e+02 7.849298828797114658e-02
1.343211227914990786e+02 7.922510659085993390e-02
1.306693445778415423e+02 -1.402983400901258948e+00
1.330513740675184522e+02 7.998914127577666511e-02
1.305175721523808363e+02 1.767222591790514219e+00
1.317956490971004939e+02 8.078774974137756248e-02
1.305540488554748038e+02 8.162394235566949874e-02
1.281963482606446973e+02 -1.319726858463662111e+00
1.287133787039453523e+02 3.659230342017370102e-02
1.245956597760763174e+02 5.041703885835206123e+00
1.248788523998136526e+02 -4.193222507328983717e+00
1.293266915218285646e+02 8.250114906532983461e-02
1.251633485757681257e+02 4.449817649399597563e+00
1.216629149787366799e+02 4.793527850744655261e+00
1.281137150349933052e+02 8.342330276469819839e-02
1.124979929178208522e+02 4.426989101857555120e+00
1.269152801890273139e+02 8.439494480966118484e-02
1.144871769827661723e+02 4.638764442182172765e+00
1.257315744192950859e+02 8.542136022585368471e-02
1.241703219461926437e+02 4.263221090373876532e-01
1.179063503842646128e+02 -1.292707020056578893e+00
1.152865955909742723e+02 4.023461304909696779e-01
1.245628164835460581e+02 8.650875338175190166e-02
1.201768016811641075e+02 5.774477476398983677e-01
1.214944411812810614e+02 -2.641175092452194839e-01
1.183943721792460337e+02 3.220768407673973988e-02
1.234092623198622931e+02 8.766447979263468360e-02
1.222712124780496055e+02 8.889735733509478155e-02
1.211490216941304681e+02 9.021809249318406276e-02
1.168286797406706086e+02 9.670195761578437299e-02
1.200431114467110518e+02 9.163987749714730402e-02
1.178822592793480197e+02 9.485736371275528545e-02
1.189539867653864746e+02 9.317924926044802991e-02
-9.116250834173274598e+01 7.437358671078961314e-02
-8.991125763994796216e+01 7.463112408826930166e-02
-8.866980854471529483e+01 7.488796464816366294e-02
-8.743810389928877669e+01 7.514397789732270294e-02
-8.621608729941145555e+01 7.539902923402008739e-02
-8.500370310842518506e+01 7.565297993455966097e-02
-8.380089647255998386e+01 7.590568714703729847e-02
-8.260761333637522341e+01 7.615700389216421839e-02
-8.142380045834144653e+01 7.640677907090479004e-02
-8.024940542651688702e+01 7.665485747910517900e-02
-7.908437667430874285e+01 7.690107983031324590e-02
-7.792866349628100409e+01 7.714528278669853523e-02
-7.678221606397374899e+01 7.738729899712433469e-02
-7.564498544171418359e+01 7.762695714470493891e-02
-7.451692360237227319e+01 7.786408200170361060e-02
-7.339798344303015654e+01 7.809849449405607824e-02
1.157941855372597217e+02 9.875050767292163634e-02
1.123205674922229207e+02 -3.827563853295504526e+00
1.125510177275189818e+02 4.105768559744374713e+00
1.147799731546237041e+02 1.010556115401203825e-01
1.133517799555448846e+02 -3.296537109435286328e-01
1.137876149406310304e+02 1.036948436767970438e-01
1.126648869107526991e+02 6.141357440419495939e-01
1.128192615791776774e+02 1.067906973462976888e-01
1.118780321668780715e+02 1.105572749904498858e-01
1.109689094370808817e+02 1.154451465739861765e-01
1.101018483536879558e+02 1.234845047628334441e-01
1.056197488036845300e+02 4.288788608638059330e+00
1.089199049653445712e+02 -1.256816436683481086e+00
1.097685761474483144e+02 3.192217203358131417e-01
1.093827607935366188e+02 2.922596430079131558e-02
1.092878856909821792e+02 1.369173298461187349e-01
1.085978916086851029e+02 1.694165391567507561e-01
1.080766800598794930e+02 1.968106085058650978e-01
1.044833795166781556e+02 4.099464507636903399e+00
1.074873717319686079e+02 1.784958332664431935e-01
1.062200721318766909e+02 -4.015853529176919845e-01
1.067746176455880516e+02 1.884464413973979957e-01
1.061893533157953158e+02 5.042584749434851910e-01
1.056924372912223760e+02 2.040087626398885967e-01
1.049006543545066421e+02 1.694704728443607589e-01
9.402341473475796363e+01 -1.167444769540229466e+00
1.015677213438566753e+02 -3.373161931554293780e+00
9.769132281535516427e+01 4.144316900814438043e+00
1.041428169386069982e+02 1.611963755790067343e-01
1.017288030024947432e+02 3.666695332222718040e+00
1.033804612813382278e+02 1.566646792345363637e-01
9.752119021658275244e+01 3.638689544535631981e+00
9.444434852372570788e+01 2.465137289543547008e-02
1.026066437777335807e+02 1.533465254091584684e-01
1.010170750404427054e+02 -1.214418682800274762e+00
9.526404157370011205e+01 1.389983425695646146e-01
1.018163385308224349e+02 1.505319646639283193e-01
1.014576589418265655e+02 2.668682469051325556e-02
1.010053062941611017e+02 1.503113584904660904e-01
9.699207193886353195e+01 1.407788489371520346e-01
9.785275319932534899e+01 1.459390395753146497e-01
9.613499777332775409e+01 1.376314015029607429e-01
9.963590939999568263e+01 -3.031502100476313188e-01
9.872250591468750258e+01 1.583184340290861580e-01
9.955184502514930500e+01 4.139609489771282069e-01
1.001066345688802102e+02 1.749145781438656011e-01
-7.228811880053810057e+01 7.833001177421534955e-02
-7.118728446690118972e+01 7.855844730239333606e-02
-7.009543620447760759e+01 7.878361093825562989e-02
-6.901253076092787353e+01 7.900530903970505447e-02
-6.793852588389994196e+01 7.922334457231244853e-02
-6.687338033538658522e+01 7.943751722682268479e-02
-6.581705390571882219e+01 7.964762354613783013e-02
-6.476950742715941090e+01 7.985345706110162645e-02
-6.373070278704804537e+01 8.005480843475230868e-02
-6.270060294045202198e+01 8.025146561589883987e-02
-6.167917192228556900e+01 8.044321400079791629e-02
-6.066637485884297831e+01 8.062983660335894254e-02
-5.966217797871447459e+01 8.081111423339787381e-02
-5.866654862302836193e+01 8.098682568256510006e-02
-5.767945525498502235e+01 8.115674791852789394e-02
9.433283669878346700e+01 1.427380913366420034e-01
9.100275479836511749e+01 4.124875970036992356e+00
9.233619414625984234e+01 3.072585258887532422e+00
9.370761861541409132e+01 -2.483671682778552658e-01
9.364520279352556997e+01 3.724440810856019524e-01
9.226569944856608174e+01 -2.762514016256436555e+00
9.278255812650407108e+01 1.431040408876043668e-01
9.099796553170456548e+01 3.117233758846876146e+00
9.186096575798511310e+01 1.337907562760158875e-01
9.096440224936495156e+01 1.292910767608671796e-01
9.005841987471285393e+01 1.282021398236537213e-01
8.912132768132271110e+01 1.304386866956891711e-01
7.979120059571521040e+01 3.780428199995539806e+00
8.508688328288641856e+01 3.969908188603674670e+00
8.779877367647500819e+01 -1.118125447991809907e+00
7.985331614495478902e+01 2.537302266128440120e+00
8.835921928037166140e+01 -2.202609050168543303e-01
8.512644468215265192e+01 2.785349086802878293e+00
8.745912399615571076e+01 1.338223194622137624e-01
8.832020590318404629e+01 3.414808172326860847e-01
8.651967019178933072e+01 1.241987458355657270e-01
8.820181631296500768e+01 2.373285213911916283e-02
8.559527213070745688e+01 1.211170279672734718e-01
8.223036257908658797e+01 -1.067685624661381949e+00
8.466172315107195345e+01 1.201532408119814904e-01
8.103917170634831280e+01 1.145117388330142844e-01
8.197802644795847016e+01 1.189960609637183281e-01
8.261714230770255085e+01 2.254027521385407878e-02
8.365404635952425849e+01 2.386381533668170685e-01
8.356406647134384968e+01 -1.320322303495392313e-01
8.294908812272802834e+01 1.374238124269178962e-01
8.415999006784335279e+01 -1.806083021432725921e+00
8.405881820314313302e+01 2.140538807413675748e+00
-5.670086746863387361e+01 8.132065628541401692e-02
-5.573075599684764825e+01 8.147832471233741602e-02
-5.476909271845877925e+01 8.162952592798487783e-02
-5.381585066451079769e+01 8.177403168126667898e-02
-5.287100402358191076e+01 8.191161296821578008e-02
-5.193452814614281721e+01 8.204204026445334474e-02
-5.100639954790840136e+01 8.216508376253126023e-02
-5.008659591214212270e+01 8.228051361378563300e-02
-4.917509609087834832e+01 8.238810017471517866e-02
-4.827188010501851778e+01 8.248761425721506946e-02
-4.737692914327509186e+01 8.257882738182832638e-02
-4.649022555991964367e+01 8.266151203440126605e-02
-4.561175287130220113e+01 8.273544192471118941e-02
-4.474149575111346877e+01 8.280039224788041108e-02
-4.387944002435128255e+01 8.285613994671393867e-02
8.009263889258185998e+01 1.136806141654593816e-01
7.913455170641111636e+01 2.590208761956500627e-01
7.910742531233340458e+01 -1.461582262785173225e-01
7.832017277286792023e+01 1.204724560151619883e-01
7.760309040539031855e+01 1.316450632155416987e-02
7.502499763025065249e+01 3.584420380927042071e+00
7.722490571858709529e+01 -1.016239672525229398e+00
7.736891900241782594e+01 1.181655491269703179e-01
7.831327634538591553e+01 -8.291659385164701357e-02
7.642483812040168800e+01 1.080977451433553505e-01
7.509951673743169920e+01 2.336963718083307828e+00
7.544826989967485531e+01 1.157442983632205602e-01
7.515739867958288301e+01 6.548986731402185457e-01
7.466708373114806818e+01 1.397845717866355031e-01
7.497569817268473003e+01 -3.430958443780322137e-02
7.367546738625236458e+01 1.064953219684264263e-01
7.071525013356209399e+01 3.391147771064912941e+00
7.270718745408223072e+01 -9.666016655867673002e-01
7.306410400529593119e+01 2.039715817868767087e-02
7.382594108539583999e+01 -2.735426204624691326e-01
6.680370547866283459e+01 3.206018718204011630e+00
7.273045182144524290e+01 1.039852377340548389e-01
7.079931007596512416e+01 2.170812787339333916e+00
6.532896000618904964e+01 9.490329207787395749e-02
6.689198004042297896e+01 2.029469564659923897e+00
7.176365313475108110e+01 1.078220840088577881e-01
6.627315909286839712e+01 9.622077596575845382e-02
6.997203697093181063e+01 1.016654385314366277e-01
6.861247683858395874e+01 -9.168287589419391592e-01
6.902868286723698077e+01 9.787707177596412234e-02
6.722157153566223542e+01 1.033508014435984695e-01
7.124461940721359099e+01 -2.621501117166770423e-02
7.095456899596581479e+01 1.311386068286939932e-01
6.895481410739893136e+01 2.096906581431223077e-02
6.803467821226783485e+01 1.393215928833837769e-01
6.823361304749472822e+01 1.412331022909619982e+00
6.789754389255152489e+01 -3.855065959256777364e-02
6.818425831274501547e+01 -1.074599369865011145e+00
-4.302557265996159686e+01 8.290246397629354169e-02
-4.217988176213250284e+01 8.293914556806167293e-02
-4.134235656019383498e+01 8.296596849622353553e-02
-4.051298739710906460e+01 8.298271934277492989e-02
-3.969176571652995023e+01 8.298918776325113489e-02
-3.887868404837495717e+01 8.298516675180001023e-02
-3.807373599292255051e+01 8.297045290549577568e-02
-3.727691620337665057e+01 8.294484668748673684e-02
-3.648822036689067261e+01 8.290815268913999392e-02
-3.570764518401642817e+01 8.286017989054339505e-02
-3.493518834656367744e+01 8.280074191978289977e-02
-3.417084851382997357e+01 8.272965730895542880e-02
-3.341462528719019076e+01 8.264674975029825954e-02
-3.266651918301939617e+01 8.255184834835985197e-02
6.488645564630954254e+01 -8.693321893270394840e-01
6.521698427047464008e+01 2.010557972829503035e-02
6.323922138785485458e+01 3.030869562185106059e+00
6.463449277521891645e+01 -4.126191147120551045e-02
6.449414365959738404e+01 1.413968100250938276e-01
6.333112032364068256e+01 1.905696756335723219e+00
6.352458096297178258e+01 9.385581080395268005e-02
6.343212753703255657e+01 -8.812222778557450564e-02
6.259111103243137819e+01 9.145361761013648394e-02
5.998148343024595164e+01 2.866209645396605499e+00
6.148484940529758092e+01 -8.229951494505821641e-01
6.174031526029625638e+01 -7.972167193033137533e-02
6.180380592211022162e+01 1.909236567310190064e-02
6.170841342283697628e+01 1.758217303843034318e-01
6.185480389559165815e+01 4.898073265360656237e-01
6.007399894524278494e+01 1.797922010083213396e+00
6.078960734040686731e+01 9.082584644198403445e-02
5.699323882209252190e+01 2.712429106765330999e+00
5.986366229681659235e+01 8.851296061355552747e-02
6.008307381788346646e+01 -8.152710682631296446e-02
5.837110459768440052e+01 -7.791637555065282772e-01
5.902607063346641070e+01 -6.824567939888846746e-02
5.898944788147324658e+01 1.610037638305539809e-01
5.867743894560029361e+01 1.885581464493064213e-02
5.424594862342382129e+01 2.568807653630550636e+00
5.708688036131512433e+01 1.700677726237938447e+00
5.807210446796396752e+01 8.750896835744195745e-02
5.287611076738266291e+01 -6.971240107262912655e-01
5.433826885514413618e+01 1.614687247859856178e+00
5.316060179218246873e+01 1.790069608568439080e-02
5.361527380431375178e+01 8.320789288570303033e-02
5.715476184080240785e+01 8.591645843824190221e-02
5.550983802285336566e+01 -7.375556292047907858e-01
5.446241498663623304e+01 8.779346889157561840e-02
5.580581202508754046e+01 1.825314214267919483e-02
5.420050288971320640e+01 -1.525059415086966151e-03
5.630750190318810411e+01 1.026804617663628488e-01
5.537954075700312728e+01 8.385738116718320645e-02
5.649994875262099470e+01 -1.300888425154445027e-02
5.605505642781475473e+01 9.239150294143517739e-01
5.611358017884204230e+01 -5.818353997764621477e-01
-3.192653160391490985e+01 8.244478787110422202e-02
-3.119466480820181431e+01 8.232540899761904563e-02
-3.047092187769852245e+01 8.219355856454937936e-02
-2.975530668370938159e+01 8.204908980927284878e-02
-2.904782385122465627e+01 8.189186261066278005e-02
-2.834847872130808000e+01 8.172174372767038175e-02
-2.765727731163393344e+01 8.153860703480798888e-02
-2.697422627515933868e+01 8.134233375519116238e-02
-2.629933285690499289e+01 8.113281269102312621e-02
-2.563260484881383050e+01 8.090994045119399847e-02
-2.497405054266991442e+01 8.067362167615600710e-02
-2.432367868104987707e+01 8.042376925963987122e-02
-2.368149840628148795e+01 8.016030456824421724e-02
5.171142718043015662e+01 2.435046651752067248e+00
5.271620036763044226e+01 8.075511897275870765e-02
5.303131119726211296e+01 -2.030165324759280326e-02
5.180366537097719259e+01 1.535555152762555053e+00
5.197172933637607173e+01 -2.481490897467394929e-02
5.187586934409593198e+01 1.096089181044189453e-01
4.936940749862509392e+01 2.310696775779556678e+00
5.097141937422860281e+01 7.766508560454649102e-02
5.071798758482144365e+01 1.779737929170801397e-02
5.044126267696437083e+01 -6.582571869699319622e-01
5.049864836128694634e+01 7.131517393229669377e-01
4.945906119981632543e+01 1.464789632614349690e+00
5.030458852233396527e+01 -3.740590323640138326e-01
5.006909496182856856e+01 1.011414318222005060e-01
4.998832989318934494e+01 -1.894224558341565945e-02
4.924219110877714911e+01 7.725145808307579132e-02
4.719795273585953055e+01 2.194321822616073447e+00
4.819158914298495944e+01 -6.233179679996605493e-01
4.845695732649655696e+01 1.626267782891395453e-02
4.836288873911573205e+01 7.841652151349022548e-02
4.728705721310047494e+01 1.398816337497469586e+00
4.805686381750499692e+01 1.498548115354236517e-03
4.518200927976904779e+01 2.087051226595789899e+00
4.330554080578242804e+01 1.985459981354104952e+00
4.752962418608370143e+01 7.634228837864696915e-02
4.250808705502694096e+01 7.117421876473319087e-02
4.526784909397022716e+01 1.338870672682850760e+00
4.339035471266242894e+01 1.283331872804945206e+00
4.258948378386087086e+01 1.510708170360532294e-02
4.610163801358219615e+01 -5.880215077103198018e-01
4.666479385181936834e+01 7.359848245807260048e-02
4.415991877670219878e+01 -5.576763974031702098e-01
4.739252792053331831e+01 -2.021881718228298735e-02
4.635762312019035392e+01 1.710974681350092494e-02
4.332027397150638137e+01 7.115206008653895964e-02
4.626130760044284784e+01 2.015727044028954237e-03
4.416190477364600753e+01 7.305984206204102493e-02
4.498268337547861506e+01 7.219429405188909632e-02
4.440615544064467457e+01 1.638744873904239910e-02
4.583518073651926272e+01 7.390681095016277125e-02
4.300732629515923833e+01 2.108245328937084512e-03
4.458196599336818622e+01 2.086690932595651297e-03
4.567663726369362109e+01 4.937576854833227169e-01
4.521123390141935516e+01 -1.515798502372422696e-01
-2.304751920739735738e+01 7.988315765661715973e-02
-2.242175086504395054e+01 7.959226748041677013e-02
-2.180420339434528998e+01 7.928758210593915556e-02
-2.119488698569449525e+01 7.896905891532532418e-02
-2.059381194345544586e+01 7.863666480684010363e-02
-2.000098862257235055e+01 7.829037639438284069e-02
-1.941642736306418016e+01 7.793018019798236828e-02
-1.884013842241632375e+01 7.755607283098263360e-02
-1.827213190585064240e+01 7.716806118209432186e-02
-1.771241769449711967e+01 7.676616258873852905e-02
-1.716100537146477478e+01 7.635040500452544565e-02
-1.661790414583901665e+01 7.592082715898416934e-02
-1.608312277462782092e+01 7.547747870525790825e-02
4.155488677964595468e+01 1.892089580071802057e+00
4.235065466453674787e+01 -5.260961382805479092e-01
4.273634384456884305e+01 -1.611813142837159596e-02
4.163789324279576931e+01 1.230866645035729068e+00
4.167604540075184616e+01 7.253552026595135038e-02
4.153012614736449848e+01 -1.230465992633034394e-03
3.992116995585167416e+01 1.804130227653834906e+00
4.127575728062857507e+01 4.539964266588947805e-01
4.066025960592292421e+01 -4.998858091828794481e-01
4.087705629818821507e+01 6.639342240979631549e-02
4.089619033837841755e+01 1.633137661483460498e-02
4.086769132752876033e+01 -1.162082300660022410e-01
4.000110550045262414e+01 1.184249864011616138e+00
4.008510057995408715e+01 8.991794790153229133e-02
4.011203512219969980e+01 -1.968031016245273823e-02
3.839039186848599172e+01 1.721335165392480215e+00
3.908276991941562528e+01 -4.717977699277945969e-01
3.930689793326315851e+01 1.542809747967246840e-02
3.927593011253583910e+01 6.650596489573232240e-02
3.846949064469499291e+01 1.139052960147377114e+00
3.434303512519895918e+01 1.504765666142949820e+00
3.695599734601260167e+01 1.645894015337927563e+00
3.849646956433765865e+01 6.656436777415657147e-02
3.879575489916783226e+01 1.662133182280627541e-03
3.561039365378105259e+01 1.572965115028016836e+00
3.881706499926375642e+01 -7.918796491800748211e-03
3.703173462236794222e+01 1.097395842774623542e+00
3.760242033575579512e+01 -4.443353496355601506e-01
3.465040748745035870e+01 6.163332267964582306e-02
3.568413494433747957e+01 1.058997411295200086e+00
3.781791929906237471e+01 1.429681451049931093e-02
3.491264830724200152e+01 -4.002216021874002716e-01
3.769802087275488844e+01 6.799509940311014577e-02
3.621526895441373739e+01 -4.238430907804317527e-01
3.724699586642229576e+01 4.817581386426338375e-01
3.755942357360810036e+01 -2.669480459340123238e-04
3.693429954514809310e+01 6.334728182533651275e-02
3.511042385871509452e+01 1.581593387590377042e-02
3.617092777243689738e+01 6.540712822956762373e-02
3.642123384482031412e+01 1.561245032485109908e-02
3.713274740080277780e+01 -1.595868315829505613e-01
3.539811571822789205e+01 6.357151532388412296e-02
3.636774453776826022e+01 4.606279473127458993e-04
3.526254785438135286e+01 1.917519784593942241e-04
3.546372993413834962e+01 -4.774285870843632956e-03
-1.555666948269356986e+01 7.502042036014355819e-02
-1.503855188071500493e+01 7.454972403161570782e-02
-1.452877688124354449e+01 7.406547293122986431e-02
-1.402735061291016372e+01 7.356776167387744925e-02
-1.353427833287913806e+01 7.305669635854139532e-02
-1.304956433764736445e+01 7.253239463132320208e-02
-1.257321187229560344e+01 7.199498572586403300e-02
-1.210522303834905422e+01 7.144461047888919780e-02
-1.164559870039376577e+01 7.088142131865933504e-02
-9.472876166751877491e+00 6.787940430784181189e-02
-9.063375713006065482e+00 6.724317100069107656e-02
-8.662203173437648118e+00 6.659550606797991212e-02
-6.774402169901357074e-02 6.558598915558751241e-02
3.441625606217136379e+01 1.021709427636793288e+00
3.419725164925160499e+01 1.617205825663351739e-03
3.315082221947643859e+01 1.443186460541164839e+00
3.368261453722798393e+01 -3.773155647460690321e-01
3.390600351661283440e+01 5.616246819998753359e-02
3.387928299934351628e+01 1.990182687317938737e-02
3.387583674660635324e+01 -6.902313203149111620e-02
3.322058840664529811e+01 9.877233320447215137e-01
3.357196705329207731e+01 3.885471122363590157e-01
3.319303933771350756e+01 -9.984911753529890355e-03
3.317377961872652747e+01 7.079789608819544999e-02
3.202802907203510330e+01 1.382490826271486339e+00
3.271460011280183977e+01 1.544632072994331015e-02
3.252914625729126641e+01 -3.611456108704892420e-01
3.209566996852763054e+01 9.558826888465385974e-01
3.243640853338318664e+01 6.014550057701163743e-02
3.256847373917393185e+01 -1.126760422624731132e-02
3.096574635561998790e+01 1.325247560535937064e+00
3.224683335048953836e+01 1.334487507278811491e-03
2.901465118067390137e+01 1.224368236738136551e+00
2.851409548699822238e+01 -2.919794949701141618e-01
2.996150675038771638e+01 1.274302450593675973e+00
3.103301973540254011e+01 9.248203995983309555e-01
3.171853362244579344e+01 5.611545438100355027e-02
3.144000866993262022e+01 -3.407470861540797258e-01
3.161797311605142369e+01 1.698415410091843117e-02
2.907673511050322901e+01 8.697789554691021108e-01
3.002675675760301743e+01 8.956161513249770723e-01
3.133947640830562165e+01 1.602718318822129442e-03
2.891813131655002422e+01 6.003074514681255858e-02
3.100669892494644131e+01 5.766086103958515535e-02
3.040862830289842123e+01 -3.205040253868988720e-01
2.943378008107740484e+01 -3.085224801421714291e-01
2.888654021512293113e+01 -3.640925400633360405e-03
3.120688345284218101e+01 -4.247514066558194697e-03
3.058296726670374710e+01 1.429179125257690718e-02
3.005951695795504719e+01 3.893378828150561022e-01
2.960945694375674719e+01 5.688547748892573003e-02
2.960562307743634136e+01 1.994609671339923548e-02
3.030204538927096536e+01 5.665806619628001306e-02
3.047770202946436058e+01 7.958244760817804325e-04
2.965790683672535621e+01 -4.335694954065960963e-03
3.000509275841788437e+01 -8.091385066986730989e-02
-1.119433839164187638e+01 7.030558222028158999e-02
-1.075144021867003907e+01 6.971726862623249532e-02
-1.031690076559097591e+01 6.911666731848735423e-02
-9.890714997952210652e+00 6.850397625065661467e-02
-8.269346088005669060e+00 6.593664895443678009e-02
-7.884789910262513857e+00 6.526684813506035410e-02
-7.526655840220906057e-01 6.468809551099868882e-02
-4.111174435363076363e-01 6.517603985913768272e-02
2.811539742679631004e+01 1.175571296427366574e+00
2.867436125524060131e+01 1.500435350316877900e-02
2.885287085548930008e+01 -2.852390763542734901e-03
2.817659247375327070e+01 8.437599368407222578e-01
2.824056637793348301e+01 5.638201814547808000e-02
2.814291983321134083e+01 2.285256193646716767e-04
2.726058259126626382e+01 1.130749522074480096e+00
2.732237606158550136e+01 8.185665910460107053e-01
2.764048751042543728e+01 -2.747710747664767750e-01
2.779606546837806036e+01 1.358619424300786492e-02
2.774747825557266623e+01 -3.987746818580291570e-03
2.757178512347435984e+01 5.495989448912707437e-02
2.743367444081674122e+01 8.526273989462513671e-04
2.425470679308801891e+01 9.744199115732034011e-01
2.645194499731288218e+01 1.091655929526716529e+00
2.651031140961098842e+01 7.966183956010226552e-01
2.495333855429732850e+01 1.010818502077969194e+00
2.568502744800038329e+01 1.050466212595606352e+00
2.437289653396999967e+01 5.269356997196805725e-02
2.500889652202861413e+01 7.540337944420428817e-01
2.685554037453952603e+01 3.524033979803736782e-01
2.680578770424107304e+01 -2.610182719485957814e-01
2.696658818636712596e+01 1.275578590107093527e-02
2.690948771508690740e+01 5.117167427221144815e-02
2.574102170069174278e+01 7.750933688189345361e-01
2.456400336538201756e+01 -2.236353434028247322e-01
2.675733730704449087e+01 9.500725732823814664e-04
2.469989898811176232e+01 1.362000198525696419e-02
2.602251698835876681e+01 -2.514825966425491832e-01
2.626926000919018733e+01 5.097884635379620194e-02
2.527594200297322047e+01 -2.376472582196150485e-01
2.676304278156624861e+01 -4.959866036069694728e-02
2.499566407466854301e+01 5.260328591210207405e-02
2.616809296133100915e+01 1.640265145318696785e-02
2.562756353151273103e+01 5.240765248864649728e-02
2.541561225529286716e+01 1.443602276362525305e-02
2.611169153351292138e+01 9.193156664917725551e-04
2.549494446196432662e+01 7.888316281569520555e-04
2.490532326825500320e+01 3.610538389306079936e-04
2.579890381332139881e+01 -1.993489630546330191e-03
2.488345658642062475e+01 -1.365565866491159647e-03
-7.508517921872873480e+00 6.458636021176666908e-02
-7.140511153258353616e+00 6.389544868728871951e-02
-6.780748313381979919e+00 6.319438223563185464e-02
-6.429205733223956720e+00 6.248343223793699497e-02
-6.085857328111511144e+00 6.176286979269379057e-02
-5.750674562783375521e+00 6.103296867642520052e-02
-5.423626179877517828e+00 6.029407325515417915e-02
-5.104675806431145269e+00 5.954713480548535359e-02
2.431160321135737234e+01 7.335602636995858239e-01
2.434097054637315338e+01 -1.256978894851230617e-03
2.359178760261942998e+01 9.442008958133799590e-01
2.364606902523874510e+01 7.157413657115254679e-01
2.390526384124942894e+01 3.252902765066561508e-01
2.388095605881699868e+01 -2.128551432462930659e-01
2.401758882679161644e+01 1.414919880797492133e-02
2.402714522154122179e+01 -2.935522810875690683e-02
2.070505640173481154e+01 7.972739589647823699e-01
2.296248366270133801e+01 9.108567118620213288e-01
2.377232917773523369e+01 4.824632567238493902e-02
2.379730409594042229e+01 -1.773771638957460234e-03
2.301388476174181719e+01 6.984964695714694916e-01
2.235957533356531712e+01 8.780107638723164687e-01
2.178217002287068027e+01 8.469106761761738822e-01
2.128219159399006344e+01 6.489336970893789802e-01
2.336715377965905560e+01 1.393420893124047190e-02
2.323819661534418302e+01 -2.061898782733913027e-01
2.115188399944412012e+01 3.068627818445138766e-01
2.241026966534515097e+01 6.814167313513538327e-01
2.183380462941311251e+01 6.649735001347492069e-01
2.316927293985507319e+01 5.091461705732535509e-02
2.327983783038430232e+01 3.769366886644928607e-04
2.147334882649348131e+01 -1.726066261579582428e-01
2.324588266986287621e+01 -3.963311555947843061e-03
2.262408415562376618e+01 -1.949954119921568640e-01
2.278397011783500758e+01 6.962694071001724857e-04
2.203666543077601858e+01 -1.839269105711678065e-01
2.141269070450186618e+01 -1.166060413092223419e-03
2.142121928618871962e+01 4.706000776608722930e-02
2.274759531401934254e+01 1.299547754470984327e-02
2.159169652296152009e+01 1.245473641525054673e-02
2.257675031705047175e+01 5.048574698019662327e-02
2.215620072016287878e+01 1.256342271928906525e-02
2.199437050554020345e+01 4.974487036158174030e-02
2.185157230422215591e+01 6.388810077447703174e-04
2.230818459764541828e+01 7.622648523475070463e-04
2.247432304942659798e+01 -4.726012546357205872e-05
2.174512386205683256e+01 -2.674297678994239699e-03
-4.793766037940022429e+00 5.879684695970742447e-02
-4.490736829225030924e+00 5.806533875839039321e-02
-4.195017474671386637e+00 5.743187292957116497e-02
-3.904879344000549146e+00 5.708296614959074144e-02
-3.616655921689411635e+00 5.724549593329007063e-02
-3.325449614034129198e+00 5.794960957279291641e-02
-2.086133562587662471e+00 6.196717286979063627e-02
-1.759249717874801000e+00 6.277423094284503846e-02
2.122820925757877930e+01 8.204673732287834920e-01
2.075505773329447479e+01 6.357317315535658819e-01
2.093340979107325595e+01 -1.684797835316472203e-01
2.105023333678777320e+01 1.357036762905479248e-02
2.107462178342838399e+01 -1.845332319538543417e-02
2.098987892291041035e+01 4.217792705505226335e-04
2.087346987110771579e+01 4.539797121364223115e-02
2.020377566050492035e+01 7.699029176853483536e-01
1.881196913175423546e+01 6.954894793306107825e-01
2.025179442069784486e+01 6.220551290401474809e-01
1.886560709808380665e+01 5.837166132301808696e-01
1.972180909695546092e+01 7.434808931244751840e-01
1.925872324934566748e+01 7.182149023533426213e-01
2.042357249403064401e+01 -1.614247022056299885e-01
1.867574039292716037e+01 1.454078869943856676e-02
2.058489981268378699e+01 5.959255641252622073e-04
2.053300852340377602e+01 1.327224851918878436e-02
1.976979115358604133e+01 6.088204363255385054e-01
1.930811433796352716e+01 5.961487294555337657e-01
1.873312437060096158e+01 3.783944669146452333e-02
2.032080767814225197e+01 4.800459272629577223e-02
1.877364672107798427e+01 -1.367453956134018396e-04
2.019531326778160718e+01 4.997226596104489132e-04
1.993379037507593310e+01 -1.527929946824550522e-01
1.901236092958536616e+01 -1.361256057665438113e-01
2.003848611574551697e+01 1.280335737671809727e-02
1.946390987164144448e+01 -1.444671424382968083e-01
2.042381632248105205e+01 -1.214042203040539922e-03
1.956491282671854037e+01 1.265146254742243251e-02
1.981897772258593804e+01 -2.780782701066748363e-04
1.925103262945122040e+01 4.642930145837953493e-02
1.911008385588908354e+01 4.819592023983192532e-04
1.978151183768315491e+01 4.852407140440564981e-02
1.945795751330534529e+01 4.921799605241807332e-04
1.911126272322247743e+01 1.275589587604020365e-02
1.980080400724053291e+01 1.044072575024272638e-04
1.920850388633561323e+01 -1.281860835656354562e-03
-3.027455062509311290e+00 5.896770520685207240e-02
-2.721254277290911183e+00 6.004744231969651180e-02
-2.407156223611499168e+00 6.105892363137519624e-02
1.838750507458949102e+01 6.799207162010850736e-01
1.844017568999887402e+01 5.724589012387160114e-01
1.861536580656064999e+01 2.952438931558909463e-01
1.857624809516429210e+01 -1.312149736090732766e-01
1.865207131813059505e+01 -1.207205754995054926e-02
1.685221270052078424e+01 5.959284977609883294e-01
1.798364256594653199e+01 6.583523288473779322e-01
1.803338512359502488e+01 5.623371836826539516e-01
1.845039556813008730e+01 4.309763165062614277e-04
1.690863711232614719e+01 5.329354377282544686e-01
1.759266728803176960e+01 6.364552299451584627e-01
1.721573511184626426e+01 6.157206096013307928e-01
1.816344150046296946e+01 -1.278525464189237959e-01
1.764307041160994771e+01 5.522126552872301808e-01
1.726837328447873077e+01 5.424448728527829777e-01
1.826163031152107052e+01 1.555046218072967876e-02
1.677367677311514882e+01 4.257191007467524269e-02
1.823275124123285806e+01 4.180478544852729572e-02
1.674586849002209021e+01 1.413410720546373969e-02
1.672957055183836417e+01 7.427063652906799884e-05
1.813844520981227149e+01 3.272623242087138425e-04
1.701956834777639216e+01 -1.088803228371988258e-01
1.776695438503640645e+01 -1.208057825191944240e-01
1.738615488345917015e+01 -1.142984048805154446e-01
1.773627977383670995e+01 4.598651031380589227e-02
1.785870252886738285e+01 1.257584272390591291e-02
1.747332561244375526e+01 1.217070605697366699e-02
1.699220534857979459e+01 3.374486658561459489e-04
1.812294651397623113e+01 -1.411289283615243086e-03
1.754553286815810154e+01 3.746044116558001121e-04
1.726401651782690294e+01 -2.517388877173085647e-04
1.724923411119244676e+01 4.626930860407869883e-02
1.710302386042128120e+01 1.201080783831505981e-02
1.783641287843213874e+01 2.655697539110121286e-04
1.760989021304095914e+01 2.213017503769343364e-04
1.712094069280612985e+01 1.317499786900517590e-04
-1.427482254823790653e+00 6.349104276870025376e-02
-1.091694261785584485e+00 6.412727380382765574e-02
2.767443551985506178e-01 6.590955219493109529e-02
1.656321862626881725e+01 5.232057535530019177e-01
1.649996742075412470e+01 5.779234179369278079e-01
1.501942498290255124e+01 4.789846158119261954e-01
1.666568022479707523e+01 -1.036405730367505607e-01
1.616272925839957608e+01 5.681910433001780003e-01
1.622957537306878351e+01 5.127431448521573287e-01
1.523367242476177985e+01 5.205478962919904973e-01
1.530512603255800386e+01 4.879047902546129190e-01
1.584474684304483638e+01 5.524563569910128091e-01
1.665327907269635688e+01 -1.630913513178826584e-03
1.553411700563480125e+01 5.356304754725332851e-01
1.590885775252095513e+01 5.052061878329868749e-01
1.509016357090090921e+01 -8.126326250862669909e-02
1.560139804113654449e+01 4.967571730494106941e-01
1.647486066823685746e+01 2.875313265874119488e-04
1.626542583971143330e+01 2.862948372698559396e-01
1.640869412656674342e+01 1.249602833255171984e-02
1.632319300921739824e+01 -9.773293096654499246e-02
1.510924531779107127e+01 1.982960019044888145e-04
1.516122269052231708e+01 1.164483394403035763e-02
1.630853793922333850e+01 3.133350884772986150e-02
1.622899400400116576e+01 2.241165668287122838e-04
1.599812167751817427e+01 -9.455096593095992097e-02
1.607751650610125438e+01 1.314175340078527730e-02
1.538091242618681598e+01 -8.738806554063967280e-02
1.568513511231476976e+01 -9.147392345829608029e-02
1.599035568951138053e+01 2.376454344705633461e-04
1.531951509731217698e+01 2.161128981883329208e-04
1.541926301328647853e+01 4.262298614350251702e-02
1.545649157393585504e+01 1.438790603460332433e-02
1.586635195999017434e+01 4.174644196478690533e-02
1.621377692004885773e+01 -6.447204708117041348e-03
1.553598670765345702e+01 2.036276366559769142e-04
1.575981059431478037e+01 2.435650386093555976e-04
1.575914404680830216e+01 1.227421410913118877e-02
1.537803861799238803e+01 2.310690721526196059e-04
1.578783935018860696e+01 -4.918708130907063552e-04
6.216095403797868846e-01 6.612749946716449390e-02
9.659976763129294319e-01 6.620558407614608731e-02
1.308901876153702126e+00 6.609130779207335327e-02
1.264619482465612776e+01 3.996614034752293265e-01
1.350043894910033160e+01 4.286420310741755890e-01
1.373220293988229024e+01 4.365190393757705234e-01
1.494375758054236947e+01 5.066767450373407256e-01
1.388426376816077834e+01 4.661594106535953963e-01
1.474378407712529615e+01 4.700916228256852292e-01
1.466387917453504031e+01 4.936616498535222330e-01
1.397182124987408969e+01 4.443412576339377251e-01
1.412962320095522273e+01 4.737591050909454871e-01
1.439293660290988797e+01 4.814264902524455492e-01
1.447774187114336009e+01 4.612638815771596401e-01
1.422067921755416542e+01 4.523792120340017764e-01
1.410240991945452826e+01 2.776694554134836457e-01
1.397391170889933321e+01 1.807384690020108421e-04
1.402495580179606804e+01 -6.832042691186424044e-02
1.498647471946813248e+01 4.428444058883233836e-02
1.480982964778754862e+01 -7.904910071621616685e-02
1.490573715643185260e+01 1.864733526836610182e-04
1.470793777155206072e+01 1.949397039420144731e-04
1.498570609512345442e+01 1.920961697408490605e-04
1.453562881954989550e+01 -7.604652735829789401e-02
1.487636753150616542e+01 1.076903194712826653e-02
1.415347070197453583e+01 2.993981585558794581e-02
1.414943525108012246e+01 -1.440437574273798523e-04
1.408611948633350863e+01 1.004001233362138840e-02
1.456200497222568302e+01 3.998035745304783645e-02
1.451638685294567921e+01 1.031997894687838158e-04
1.427611677182485650e+01 -6.973124022392668264e-02
1.460511260148303947e+01 1.418426768166685704e-02
1.433010064840229347e+01 1.969901791229875703e-04
1.434098448407176107e+01 1.052615122856578184e-02
1.424877363751626014e+01 -2.323025393012618806e-03
1.460946675757787183e+01 -1.382245088912408297e-04
1.364356145522566166e+01 4.539639363284074802e-01
1.275263615085759206e+01 4.153165250318994195e-01
1.340964096725639898e+01 4.432476464348624745e-01
1.390714934998971231e+01 -1.899414078280413712e-03
1.284941041670117912e+01 4.064392964101236072e-01
1.383975645516369468e+01 1.318473601753684422e-02
1.377715014138544092e+01 -6.393752773647631837e-02
1.296446287962929667e+01 4.241869321906452384e-01
1.327624303020514596e+01 4.209813156230864384e-01
1.318338850192043488e+01 4.334592380387250476e-01
1.267320856117917494e+01 -4.801051466961815672e-02
1.305931799382225478e+01 4.135621343977387565e-01
1.380331034451721983e+01 3.374899907080924612e-05
1.376650005496402684e+01 3.860312541021543309e-02
1.272573522537273938e+01 1.072845305294833906e-02
1.273519506253441591e+01 1.012824046968156203e-04
1.363780021856852009e+01 1.600411477024514875e-04
1.354400573544677044e+01 -6.031059652720689029e-02
1.347666538692088523e+01 1.300653819374339188e-04
1.360077333932580146e+01 1.111881670664796075e-02
1.288203181008199927e+01 -5.489712304539941939e-02
1.337777183989428664e+01 4.117162642377580895e-02
1.309478779348365585e+01 -5.350829560535662333e-02
1.331382882361555176e+01 -5.980924763866140442e-02
1.336644772078619248e+01 1.346477802798122167e-02
1.287559285445826163e+01 1.321379863574729922e-04
1.299377317371889262e+01 4.390406109579416544e-02
1.301968220798963927e+01 2.242951020218826206e-05
1.314873602312293244e+01 1.069616784246594371e-02
1.332025393361575283e+01 9.995771967029299602e-05
1.357425182798067631e+01 -6.810483982836600017e-05
1.316787603079875524e+01 1.377396614782165792e-04
1.293078471300865750e+01 8.610224617251223747e-03
1.325444455450426773e+01 2.318247208195592282e-04
1.294705371134247152e+01 1.655434498825926156e-04
1.649008989400870817e+00 6.567746662408130431e-02
1.984442237507325402e+00 6.478761167400583221e-02
1.254728893215274610e+01 4.067787014466476281e-01
1.161899364135573443e+01 3.723115399246900159e-01
1.244952271331628957e+01 3.933813202001408826e-01
1.172236584998592335e+01 3.652304113561562482e-01
1.179415281182265396e+01 3.801476391974725755e-01
1.234749788489203581e+01 3.986836941483707930e-01
1.189670021700150571e+01 3.706825508806719793e-01
1.225989200553109271e+01 3.881633444986555825e-01
1.197389236627811471e+01 3.899477938466887061e-01
1.262214502536775207e+01 4.023078793872542774e-02
1.207954926130031481e+01 3.781468721255563104e-01
1.215188448779644581e+01 3.961367503441404758e-01
1.259858235159116724e+01 3.371885225385195454e-05
1.265134277929548468e+01 6.156929294968315402e-05
1.174264050203891330e+01 -3.332486485805618431e-02
1.252242160442303032e+01 6.695778588499271336e-03
1.247874752952570354e+01 -5.016363521483497429e-02
1.173248578582458457e+01 9.767941062686719622e-05
1.212010658261955598e+01 2.676979459787361959e-01
1.246535344186957062e+01 1.257717271581256229e-04
1.177787232848547383e+01 8.468720754467433734e-03
1.184747161128754378e+01 8.894408873087630537e-05
1.191603925604611725e+01 -3.902542008315684763e-02
1.193041173804121335e+01 3.219846209052349556e-02
1.227952163433273114e+01 -4.767103736008873605e-02
1.220906133636551516e+01 8.880685256617526740e-05
1.233556328773895316e+01 9.209815405476940049e-05
1.236676994429998189e+01 -6.254203572884544770e-04
1.226440666633954457e+01 2.937615869739821847e-02
1.195452342439222626e+01 1.271695291811662104e-02
1.210347474171908466e+01 -4.028257015190053053e-02
1.183183909088746155e+01 -2.485580811076366263e-04
1.196504456497603286e+01 6.985644564813997602e-05
1.208554269800974978e+01 1.075913800706880774e-04
1.232884078926307048e+01 1.135575751264621472e-02
1.214195780443562001e+01 6.633314526928530720e-03
1.209455189719452939e+01 -1.660248056098490022e-03
2.312356931099750490e+00 6.305463777382319668e-02
2.627856617395027961e+00 5.978203511471491538e-02
1.155386781191702639e+01 3.597838194844968918e-01
1.144921647665041142e+01 3.652265329840412855e-01
1.078588048019139478e+01 3.353127463979860279e-01
1.081644504166587417e+01 3.396157344677253054e-01
1.139050171940263390e+01 3.543293936066031491e-01
1.128433198755975120e+01 3.585192822793029643e-01
1.092969707917811206e+01 3.393474144879522481e-01
1.096856074197786413e+01 3.458180766510237092e-01
1.123217171604773235e+01 3.491505318699684723e-01
1.107857465689900955e+01 3.440648815874128852e-01
1.112427958531996808e+01 3.521103183844367934e-01
1.162014004209558848e+01 4.317275110133684700e-05
1.160263911308010876e+01 1.183506300256834294e-02
1.156667566502580335e+01 -3.261789690662061231e-02
1.158286959536885696e+01 3.775226059682750684e-02
1.079469404358591511e+01 -3.045376633750181833e-02
1.157751608918229991e+01 6.929681208737004225e-05
1.151029825555183983e+01 8.307686998198257448e-05
1.080008918619469860e+01 7.685757975885562827e-05
1.143649340656796376e+01 6.046599249013131019e-03
1.140716096703875415e+01 -2.950802792269927380e-02
1.140270507593907290e+01 8.991231202711387959e-05
1.086967646432114520e+01 4.328660478709896869e-02
1.094048124765454943e+01 -1.816989644343024179e-02
1.096156607172351372e+01 4.806845944962650358e-03
1.119420245859748064e+01 4.669930982151552395e-05
1.129736863606195563e+01 5.137228933967980812e-05
1.124044320222087023e+01 -2.485947403725994806e-02
1.099355860182672373e+01 6.743215947347758286e-05
1.109308313200947715e+01 -2.740922020010256102e-02
1.089594973011545065e+01 4.826626241368712898e-05
1.123151585041005518e+01 3.825753807082685198e-02
1.133243873460622453e+01 1.636091241464290836e-04
1.111377067862258805e+01 2.936772605124125975e-03
1.127314141796239788e+01 9.513271255435730087e-03
1.109292688334759447e+01 8.585682873263629348e-05
1.109621665521790668e+01 1.749849130477813060e-04
2.923449082255686449e+00 5.593189530162723244e-02
2.977006040471150250e+00 -3.019023741667256275e-03
3.028381828302227241e+00 3.031014877274577357e-05
3.067854888971418781e+00 2.230253404527947131e-04
3.100943709872749476e+00 -1.152656757684573886e-04
3.129219757087791987e+00 -4.278285528267188617e-05
3.155718688330014565e+00 -1.805401180994658581e-05
3.191174976437467503e+00 4.875990314847628709e-02
3.181282017238432847e+00 -1.509443256367179784e-06
3.398084728915772068e+00 -3.775532141159946202e-06
3.206293988766196978e+00 4.282891753309172265e-06
3.279494509711293304e+00 -5.058467905635379613e-06
3.255316937348791573e+00 -3.022438456206138400e-06
3.230937526402346549e+00 7.908113379578877006e-07
1.066752949434514619e+01 3.324895473136163515e-01
1.064710245484042872e+01 3.327408988521159960e-01
1.051212271754640248e+01 3.392194240455300158e-01
1.038509039730531036e+01 3.525117797270906350e-01
1.027287212776361969e+01 3.347427673158710482e-01
1.052264525799040840e+01 3.188034287218994844e-01
1.086829425663212412e+01 7.672004203882379467e-05
1.024158487708405119e+01 2.999763976869753712e-01
1.038635058740562123e+01 3.030771018159114649e-01
1.080650204876473630e+01 1.088300343625245824e-03
1.032382658707254031e+01 2.526805026395684273e-01
1.070570947682573326e+01 7.664804600351474747e-05
1.016697513237947348e+01 4.365128871584396310e-05
1.066572944479954721e+01 -1.890220821892910422e-02
1.061279701658600949e+01 8.669775572840707277e-05
1.024620192967167931e+01 1.047181931919623048e-02
1.027302020299692131e+01 -1.352822060825291384e-02
1.034194618779212327e+01 8.294108445313506841e-05
1.050988262258360884e+01 3.172721727646969636e-02
1.066003961848809212e+01 9.977271073184714757e-05
1.041232077200521644e+01 -2.561817177615062502e-02
1.050449623180769798e+01 -1.261658196655664026e-02
1.064855134020506355e+01 -5.008430707517383190e-05
1.051690230011317162e+01 -4.506511195986796607e-03
1.025394670882305093e+01 7.190875812293041696e-05
1.038044925264612317e+01 4.761870349041878378e-03
1.052126475533768435e+01 -5.013231647271612304e-05
1.043104367789605469e+01 7.349849645249694374e-05
1.043631844444556478e+01 -1.468727645602085213e-03
3.303504032902774057e+00 -5.998784483772609875e-06
3.327362960061602148e+00 -6.207564167833277776e-06
3.351078921826075252e+00 -5.883486438864991541e-06
3.374653576369548436e+00 -5.167586726039247061e-06
3.421368288524246015e+00 -1.699589489670072187e-06
3.444498805622105309e+00 1.599937930829987336e-06
3.488871047173322193e+00 5.651650924746492999e-02
3.467471392619146275e+00 5.223371767349228730e-06
3.490279514571982933e+00 6.706185188918095948e-06
3.512913085986091755e+00 4.004022452656677364e-06
3.535363314828706471e+00 2.537873160006471889e-07
1.013556010439268462e+01 3.219688714546857788e-01
1.011704442820111893e+01 2.994372385966131977e-01
1.000586088425461639e+01 3.176405708093679725e-01
9.995481963693297445e+00 2.946393456515635223e-01
1.023236420600205143e+01 -4.364795677039537587e-04
9.881438018900549736e+00 3.147260568404294245e-01
1.013749563532175380e+01 -1.687573663489356363e-02
1.013434265555760305e+01 3.952241134077980750e-02
1.008101179086080812e+01 4.607819310567729714e-05
1.011166396672591716e+01 9.616566979487140704e-03
9.876270812024266377e+00 2.888910309880672322e-01
9.761458592452767036e+00 3.118896394836393471e-01
1.001960716489721470e+01 -1.909941218886560335e-02
9.759449909203015139e+00 2.832417959516084771e-01
9.995793254037131703e+00 7.368193488925348382e-05
9.645524740926589402e+00 3.092286040982625273e-01
1.003470012182127391e+01 -9.233332669794620069e-05
9.988784785538630473e+00 1.470398392343144622e-02
9.532863308971949223e+00 3.060541694285909831e-01
9.911384680008801240e+00 6.386724424341011421e-05
9.645195294156568622e+00 2.778090812567324819e-01
9.898641854294291775e+00 -1.772249257503964379e-02
9.533770983298131441e+00 2.728537187325711932e-01
9.866454881573391233e+00 1.826006443608656216e-02
9.777554753309564362e+00 -1.662074626364129157e-02
9.827702118652057450e+00 5.727486254672754513e-05
9.744687462562151126e+00 3.425256274751985137e-05
9.733353948721955362e+00 3.238965225393965891e-02
9.843198476870425040e+00 6.336284711029236110e-05
8.151155478152968925e+00 2.548841964922817227e-01
8.153717752298716093e+00 2.210676723250908915e-01
8.231336447118239974e+00 2.236989964223960736e-01
9.745793406109825696e+00 3.220926427003639736e-02
8.391897024640227798e+00 2.634329184446813077e-01
8.391720188750259268e+00 2.292538056005369307e-01
9.662588381087450884e+00 -2.555747785420895216e-02
9.422810290299704405e+00 3.027462665824052768e-01
9.662288032148515171e+00 6.676563638306535987e-05
9.629552090562546240e+00 1.985308427807435869e-02
9.425247267652895999e+00 2.682401458913746262e-01
9.658248939807199562e+00 1.022509981809826044e-04
9.556189769794386280e+00 -2.454183182096558724e-02
9.580367613314665576e+00 6.990243656332168940e-05
9.315848152166998020e+00 2.999275705436313944e-01
9.319423137174627669e+00 2.637140959203265189e-01
9.518270359922016866e+00 2.317461090002633992e-02
9.498953550710229621e+00 6.651129219756447125e-05
9.211687135261811932e+00 2.969874365925102011e-01
9.447550509213209935e+00 -2.148191749103695383e-02
9.216154011790777645e+00 2.594023765144813920e-01
9.417969823391239004e+00 5.858373675813794194e-05
9.109933238261151089e+00 2.941369157533894052e-01
8.656712317097708720e+00 2.678707905031682546e-01
8.644878861650346025e+00 2.389465603550965378e-01
9.479433347349653260e+00 1.059576350732455402e-04
8.800610023655528025e+00 3.094010060658834993e-01
9.009713676586260434e+00 2.914798088536496024e-01
9.409720887161432401e+00 2.703797389739542867e-02
8.780864692762296642e+00 3.017152913895937427e-01
8.909923128722420316e+00 2.905399174515727045e-01
9.115522086456689266e+00 2.553497523089162113e-01
9.333863065248182878e+00 -2.099144520755101204e-02
9.337422676636649044e+00 -7.241768729159257675e-06
9.332706759887782866e+00 4.544487693121498917e-02
9.017550791274734578e+00 2.514779581505077188e-01
8.723104146190324926e+00 2.376619145105897390e-01
8.922148351104437936e+00 2.475786434404947389e-01
9.294313099273988854e+00 2.481306920918406253e-02
8.829439738313835662e+00 2.432589059837452494e-01
9.233664441708082649e+00 -3.392344093991044029e-02
9.257205515791524064e+00 7.046989732862277568e-05
8.773201510941683878e+00 -2.689818734091505362e-02
9.306455261400474299e+00 5.928906985437760698e-05
9.140673073269388382e+00 -3.181159934661987460e-02
9.197009706115181871e+00 2.698915744757732216e-02
8.857218393651075772e+00 -4.665332159212508961e-02
8.781568748828265214e+00 7.950292847710395611e-05
9.177277528388275485e+00 7.328762577419752045e-05
9.042783423426026701e+00 -2.686765799926056630e-02
8.811237494931846825e+00 3.181252988760604333e-02
8.937854418111150778e+00 -2.579312570283959910e-02
9.097292667001765309e+00 2.965031074185128096e-02
8.921254044289772978e+00 4.427476296968289177e-02
8.892666692188312183e+00 2.568820156488090325e-02
8.999940948059915513e+00 3.292785516708396365e-02
8.939143648231896222e+00 -7.368800752018875119e-06
9.097652782083212486e+00 7.142085450539885729e-05
8.820460057394170050e+00 -3.030239585360526978e-04
8.860301052062927951e+00 6.895547890556776949e-05
9.139059880864927266e+00 5.158492114677438290e-05
9.018274494606739466e+00 6.954645097062958821e-05
8.977018411551636490e+00 -7.782674440310082995e-05
3.557626067877420972e+00 -2.423949749999535445e-06
3.579697917823877695e+00 -3.989846067513018034e-06
3.601575559457632192e+00 -4.833126959616528608e-06
8.229678831930877791e+00 2.576861945357520889e-01
8.476226413039015029e+00 2.652656685562235217e-01
8.474591327607916114e+00 2.323512681192393126e-01
8.496798825069207695e+00 -2.303347014601163020e-02
8.563700844614862362e+00 2.676228770137026314e-01
8.746274297517611984e+00 2.349837282084525913e-01
8.624683655730146725e+00 7.146121667686030450e-05
8.678481236856196546e+00 -2.246554366031502936e-02
8.703036938104387943e+00 7.984957625313467448e-05
8.720825634715483332e+00 3.602775355056062057e-02
3.623256283344208573e+00 -5.382587902322949402e-06
3.644738801545496454e+00 -5.436591101611721665e-06
3.666022389158940520e+00 -5.736314491425295009e-06
3.687108563813161322e+00 -5.495862618942395199e-06
8.309793682813634064e+00 2.606198495238793988e-01
8.310674167216321351e+00 2.264138262118715605e-01
8.559231871215072118e+00 2.355497996801950711e-01
8.468629114499357513e+00 2.831365395828543710e-05
8.587281940550161252e+00 -2.109731863876665447e-02
8.502142501712830480e+00 3.931115462257283449e-02
8.544190321449908865e+00 4.193083745131829382e-02
8.546504695791501405e+00 2.969020920150055302e-05
8.631300186222285120e+00 3.915195146589559028e-02
8.668615485855232450e+00 -2.745208517636468044e-04
8.521560279545273175e+00 -1.014820620246275826e-04
3.807994573321364928e+00 -1.006463269252433762e-01
3.707999001764401115e+00 -5.661703108106983000e-06
3.782520080716766042e+00 1.184736489585035274e-01
3.728698092020137800e+00 -5.721842004384820951e-06
3.752607648169056009e+00 1.390434340436118386e-03
3.749209507694848842e+00 -1.102634248650160778e-05
3.769542549156304823e+00 -2.915468140073773945e-06
3.789703373421127175e+00 -2.790615760938742060e-06
3.876726366028689696e+00 1.844175531893907372e-01
3.809701715653919685e+00 -2.449298243812590551e-06
3.829549035182421957e+00 -1.408205036482996160e-06
7.999364552664824934e+00 2.497778222716952878e-01
8.255602531039398784e+00 -2.484669197627551937e-02
8.415234722454492555e+00 -2.648381534714382146e-02
8.457314680055377565e+00 4.022343027406467819e-02
8.335015037920108227e+00 -2.599463096893539493e-02
8.293564262615817029e+00 4.346616918666237894e-02
8.235661524896890739e+00 7.588405197477323392e-05
8.374639273183612787e+00 4.223347134607329662e-02
8.313122456318849274e+00 8.134776789639136334e-05
8.390776247473135996e+00 8.183563519876284255e-05
8.378754294268430769e+00 4.252840489595036903e-05
3.919884411480943243e+00 -1.337082712286748187e-01
3.849257693336584296e+00 -2.207213666409168887e-07
3.868842302419492896e+00 1.371661040932976142e-06
3.884935886504562674e+00 3.904881573917680371e-02
3.902994358587064561e+00 7.693674323566089546e-02
3.888318628951365596e+00 1.840769700006338991e-06
3.917531820253661756e+00 9.733934200645152912e-02
3.986718752408711541e+00 1.498826078063960898e-01
3.907702110837192322e+00 9.273747199198286436e-07
3.918894851372102917e+00 3.351343211989578352e-02
3.918105086679698257e+00 7.353325404275477643e-04
3.939769995309730710e+00 1.081707090469105070e-01
3.946560482883422871e+00 9.754373897904294877e-02
3.927008387515360965e+00 -9.606767496627905853e-08
4.027465573324570336e+00 -7.721032449370947293e-02
3.954553817295977325e+00 4.507889453732659424e-02
3.970261769262207974e+00 1.102733053983411121e-01
3.947975057412079547e+00 -2.645943538087252591e-04
3.946263550524638841e+00 2.264017820384141829e-06
3.977931650614393355e+00 9.163982004816963178e-02
3.985309133676074200e+00 9.864703413656722431e-02
8.074292344759088635e+00 2.522987461136346754e-01
8.077758441861508487e+00 2.185063424514884500e-01
8.214354563120464192e+00 4.456020645055021323e-02
7.925879367882235904e+00 2.471506995465286571e-01
8.177192604487215633e+00 -2.309083440945787838e-02
7.783100453124075280e+00 2.415153589679810975e-01
7.853948487991713634e+00 2.445579828127790178e-01
8.240341153751291614e+00 5.010201587912191303e-05
8.003342162058466158e+00 2.159979811139187966e-01
8.158394038261608472e+00 5.971127756073860539e-05
7.930387305166567202e+00 2.135762346577487758e-01
7.946837654463129397e+00 -2.906411613527567703e-02
8.137179407218779303e+00 4.585323543181762246e-02
8.097589671418257140e+00 -2.036246329223939666e-02
8.017716825509763723e+00 -2.507555436072243793e-02
8.057137703834193587e+00 4.058914880277141035e-02
8.072738417105671971e+00 4.530256682901191018e-02
7.985842749911932437e+00 4.558361950528787981e-02
8.081375353652154203e+00 -2.234760465954504388e-05
8.004625795019341794e+00 7.560608211360238359e-05
8.106099305936089294e+00 5.763819997619062875e-05
4.007750491958552708e+00 1.120639146110070233e-01
3.965476157397507695e+00 -3.131930028603122302e-06
3.990844084186051077e+00 4.408029975917240190e-02
4.009811942701524856e+00 1.092563585209088972e-01
3.980470329294005349e+00 -4.033969304408648016e-04
4.040498842828087689e+00 1.074796700230984947e-01
4.039444492798527797e+00 1.162942694966974388e-01
3.984678811193965497e+00 -4.883192992425634150e-06
4.013283540238342439e+00 -9.247042712878686226e-04
4.022078936600585131e+00 3.489422072322373447e-02
4.023148513113182112e+00 -4.311043983953847069e-06
4.003896791483464668e+00 -3.931089834785474521e-06
7.417921712859777195e+00 3.550825047888466202e-01
7.858892298603379345e+00 2.112639330418270567e-01
7.713232003911899781e+00 2.391394377221749135e-01
7.788787045878587278e+00 2.090385723083132419e-01
7.644391843403210984e+00 2.355544383081853432e-01
7.975849795397702557e+00 6.195603440372543437e-05
7.928014820093943982e+00 9.030270441051414809e-05
7.913297730961491361e+00 4.660424128262226351e-02
7.720079438945599115e+00 2.068742312451636034e-01
7.575484011762868342e+00 2.333481296509165026e-01
7.507792726876225231e+00 2.286847876666113499e-01
7.440265306596434591e+00 2.200202039143330512e-01
7.877584120816846891e+00 -2.944729988965322579e-02
7.652660252486418457e+00 2.047491572172903118e-01
7.457886217387354577e+00 1.985474962651555542e-01
7.586470056313635801e+00 2.026248962513780560e-01
7.491437778161023076e+00 -4.687839352286646277e-02
7.808846303915959020e+00 -2.840182848516561651e-02
7.521531933640007495e+00 2.005554809311240749e-01
7.842114046838665864e+00 4.734151971158519212e-02
7.521826743933349491e+00 -4.601746661740409305e-02
7.740375487501584217e+00 -2.609930438191077409e-02
7.851681230373211307e+00 8.663412000222885459e-05
7.772339505611618904e+00 4.803627061009858173e-02
7.669907922808821610e+00 -2.161525392651873767e-02
7.775632471922553357e+00 7.539793615202319355e-05
7.590979658199653812e+00 -2.424643646376332257e-02
7.704059215663936477e+00 4.894771174660397101e-02
7.640053271896197096e+00 5.051572423710311982e-02
7.506333203354238037e+00 4.832878665297082876e-02
7.474807622640566862e+00 9.900049019277942807e-05
7.849426374952114926e+00 5.726662085033462028e-05
7.699883528120551546e+00 4.294087140112910972e-05
7.571154436068562532e+00 4.711567492344186786e-02
7.623301430596327144e+00 3.246911230723979053e-02
7.549520545292192963e+00 8.611207038783331644e-05
7.624574202219765340e+00 -4.107659413019499754e-05
7.726680370527733821e+00 4.283514360800978732e-05
7.607480509369456634e+00 1.181995595107658480e-05
4.071526708145793982e+00 1.169567619104295020e-01
4.072289377782442266e+00 1.083752744652082267e-01
4.046356485470328224e+00 -2.005437926346648365e-03
4.054257357826518415e+00 3.264876074985054166e-02
4.042464100652721548e+00 -4.150756638746025717e-06
4.066687548486787485e+00 3.851140700728659938e-02
7.273955818715143629e+00 2.172509830487410198e-01
7.385817201388729991e+00 2.061458011485596542e-01
7.396384478260942252e+00 1.980684766354238180e-01
7.426186132832893527e+00 -3.010844287501857758e-02
7.442787700697082620e+00 4.927143284102373372e-02
7.491698437435069913e+00 -4.851681172954302594e-05
4.103800743588206679e+00 1.179734213622267575e-01
4.104665100557986612e+00 1.093818357937617475e-01
4.061869017736870369e+00 -3.948370190374104634e-06
4.079589087019735771e+00 -3.436679238645492466e-03
4.136471084722742830e+00 1.189146926533397736e-01
4.096478630900653783e+00 3.713702242786906527e-02
4.081394249289898468e+00 -4.914683128409168931e-06
7.336789565991463924e+00 2.125289526192052636e-01
7.270216626321523101e+00 1.937620225082106740e-01
7.330934432761027075e+00 1.962740860350641880e-01
7.360569243241414483e+00 -2.499447483315842336e-02
7.379978822999627042e+00 5.029299341714892069e-02
7.326662912738209243e+00 9.096930743693797063e-05
7.400517581522602306e+00 1.011432233377899161e-04
7.379263156910962351e+00 -6.040712437306398479e-05
4.137358099107479426e+00 1.104073545487682245e-01
4.101062954188697596e+00 -4.577482528889779255e-06
4.169692546752027162e+00 1.198955258260900464e-01
4.112327520848964468e+00 -3.993506657096342581e-03
4.170426141308568369e+00 1.113859877690199507e-01
4.128461609817405176e+00 3.644871180537581634e-02
4.120912514666419391e+00 -4.213170402835061568e-06
4.203375501106419776e+00 1.209507872270427914e-01
4.203914263962716724e+00 1.123283562647459377e-01
4.161435802004227469e+00 3.628267968251116388e-02
4.145491778682997897e+00 -4.352599012924150863e-03
4.140970855823002950e+00 -5.867210838692294483e-06
4.179079965057874269e+00 -4.674755092800173852e-03
4.161273264931749871e+00 -4.466371652426405916e-06
7.211995581306891445e+00 2.169482531785766333e-01
6.975998599643419951e+00 2.112616418135219720e-01
7.033398156314960126e+00 2.131094950915191910e-01
7.210244822244377794e+00 1.918132572252309043e-01
7.151206967390069558e+00 2.161802408438166234e-01
7.091976846128543066e+00 2.146859760477765333e-01
7.296436494453705457e+00 -2.220316291236760706e-02
7.111600000812039468e+00 -2.410363002234415866e-02
7.317806653991908661e+00 5.111402411304567101e-02
7.092599500480934793e+00 1.882582975128352376e-01
7.232794216237453888e+00 -2.038116836237656784e-02
7.151025718595096947e+00 1.899981822232028883e-01
7.034893907896888621e+00 1.865676851300424877e-01
7.169200041341147411e+00 -2.199906573257155717e-02
7.256524657298269787e+00 5.164770455317183040e-02
7.253258998494847454e+00 3.345582505112101418e-05
7.197201318926889080e+00 5.202253096095064977e-02
7.269926422075674743e+00 -2.473036936636138877e-05
4.237533902381712458e+00 1.221080271677381368e-01
4.307117305601572355e+00 1.244637654899249102e-01
4.237816839647917888e+00 1.132526481241793448e-01
4.194787709420620736e+00 3.618715872771317843e-02
4.272098890003862337e+00 1.232651422556864801e-01
4.306852700575427129e+00 1.151275801498422013e-01
4.181852710788749761e+00 -4.900946168121934341e-06
4.272129597215398533e+00 1.141847900394014487e-01
4.213089052159374681e+00 -5.021977524994680059e-03
4.228596926866489802e+00 3.619040132848869162e-02
4.202741214811029025e+00 -5.185870190200409103e-06
4.282379297199243595e+00 -5.821316297856821663e-03
4.262816257145156662e+00 3.623654224322696293e-02
4.247520499502115854e+00 -5.397047943015691879e-03
4.223977933374260196e+00 -4.481709747468511396e-06
4.267636102166004086e+00 -4.896078153551503432e-06
4.245597465585733588e+00 -5.447878679010842256e-06
6.807313692178699860e+00 2.053753884195751167e-01
6.919019503342417998e+00 2.093894171501893831e-01
6.977900009459170327e+00 1.849373692548205161e-01
6.863056156640121586e+00 2.076451828452630655e-01
7.187459757159889051e+00 3.373727286885362664e-02
6.810908819446153117e+00 1.802682874642090038e-01
7.180587795697650932e+00 -1.088054343874777287e-04
6.921577999321371522e+00 1.833518461653154685e-01
6.865936759737606643e+00 1.818086935111305757e-01
7.136875745669152060e+00 5.107154308427759581e-02
7.054492912586746378e+00 -2.364375422613373273e-02
6.997386525273353364e+00 -2.284825578361468837e-02
7.078220366475760805e+00 5.123743333548192586e-02
7.108206490256738341e+00 8.937266121310789130e-05
7.163581026403953445e+00 2.198859436644641426e-05
7.020466372970034286e+00 5.124761692685653180e-02
6.829424317479948492e+00 -1.977188473581029809e-02
6.940782895606221636e+00 -2.209015070861046481e-02
6.884803647503884960e+00 -2.121023041884395610e-02
6.963487998754068542e+00 5.119386960882377907e-02
7.036360183237357901e+00 1.044383556750293782e-04
6.907229735805140436e+00 5.112153105847067752e-02
7.060193961187293255e+00 1.535805073610452428e-05
6.851664475383957509e+00 5.106340050630484712e-02
6.965120820315693351e+00 9.929620275451277026e-05
6.861780586352679734e+00 3.334316844847442341e-05
6.894489273699783816e+00 9.027052258763726845e-05
6.959622456641620936e+00 2.937419283777158610e-05
4.342630238463187631e+00 1.256447505517302443e-01
4.341963270310742473e+00 1.160827635621036608e-01
4.297456529737530673e+00 3.632265633031257768e-02
4.290133479687071372e+00 -4.449903881206648457e-06
6.643566846813522275e+00 2.001995427286520635e-01
6.697299736008749171e+00 2.021726786634592266e-01
6.752208290244251288e+00 2.039639734875219601e-01
6.756493579599346155e+00 1.787684657349643824e-01
6.824494601608484423e+00 8.207589232369005220e-05
4.495045740584591165e+00 1.645209899504689599e-01
4.378723383433360539e+00 1.267390595997198444e-01
4.377442330293209949e+00 1.170696591472327186e-01
6.484379559291187256e+00 1.948155941569669203e-01
4.313126634707718843e+00 -5.462366623902339270e-06
4.317680322194143550e+00 -6.315883701318920039e-03
4.332525525239677933e+00 3.644798018040155962e-02
6.702681523552268317e+00 1.772979347329676769e-01
6.649301089752196248e+00 1.758417869935718636e-01
4.385474955944734354e+00 -5.063566917907714657e-06
4.368037374112364368e+00 3.660609593334222117e-02
4.353423276858959134e+00 -6.928629688906214577e-03
6.713448358257711135e+00 -1.503389965496723830e-02
6.773897850910855389e+00 -1.710140942279098075e-02
4.360757209516937571e+00 -4.616843923713610624e-06
6.796801551166845812e+00 5.111511696656099307e-02
4.336654493640526020e+00 -4.811835578202277741e-06
6.755186105150066567e+00 -1.654302566844734201e-05
6.267281319965903208e+00 3.569131279903316467e-01
4.415639274059039110e+00 1.276419913781470517e-01
4.454396975395578551e+00 1.273924880032254181e-01
4.413246378558692840e+00 1.181003453321592539e-01
4.449133632726304910e+00 1.192443843997135489e-01
4.482879283582223984e+00 1.205944723967631582e-01
4.491297077531695159e+00 -6.543239865602240815e-06
4.389592603188886777e+00 -7.736214452624148169e-03
4.477445507148853032e+00 3.687522742788969243e-02
4.463717010141356134e+00 -5.103969159010431425e-06
4.404017687183904961e+00 3.678212933436354748e-02
6.590166828342378658e+00 1.987199218846759652e-01
6.536937514569328478e+00 1.969258006222315838e-01
6.596368738658597408e+00 1.743573204894498241e-01
6.543967079325168079e+00 1.729263023279687950e-01
4.426090260098725970e+00 -8.871497969144558765e-03
6.552207731905162369e+00 -2.535375698299998162e-02
6.604223225131119257e+00 -2.313234260362370676e-02
6.743474894167440503e+00 5.148037734642432056e-02
6.657094975231391487e+00 -2.018354178406909366e-02
6.722446024959988442e+00 3.097554359672591989e-02
6.766591568297893211e+00 3.310033230577775527e-05
6.686832371846071155e+00 3.419128276842142185e-05
6.688861080645643220e+00 4.903197413885396205e-02
6.618869968119550862e+00 1.060356479479079172e-04
6.635141359730567956e+00 4.925918577468860887e-02
6.673961992698609791e+00 3.286974062002526203e-05
4.410846042062556371e+00 -5.563893827481457709e-06
4.440499182325702066e+00 3.691401719135793680e-02
4.491173581955648864e+00 1.195924395165759158e-01
4.515525362909452944e+00 1.306714378176885016e-01
4.556862379577986566e+00 1.340016610301440758e-01
4.462610803252408331e+00 -1.043023707621730176e-02
4.524935322954676487e+00 1.203496719153839684e-01
4.562029195265580483e+00 1.215595939364237238e-01
4.436912982727928778e+00 -4.948654760245423509e-06
4.534048315565019749e+00 -1.282791620584311336e-02
4.498581658233820058e+00 -1.211878141507607455e-02
4.514616762270248884e+00 3.662587539454307400e-02
6.432058083792188796e+00 1.924017497888454997e-01
6.492032591606298197e+00 1.715456402938192182e-01
6.440539214996327644e+00 1.701579443184360330e-01
6.379867221360396634e+00 1.887823842848509737e-01
6.582328994906035291e+00 4.912055722252545165e-02
6.583822439384704239e+00 3.290966155339531616e-05
6.328576053376399280e+00 1.842975239434716250e-01
6.280823374497549239e+00 1.778950014630311383e-01
6.500979097491068615e+00 -2.735361219079198228e-02
6.389491776560585201e+00 1.688171671888932246e-01
6.551702548435425655e+00 1.158520749854649552e-04
6.289081034311859497e+00 1.667126718131507757e-01
6.338951584986045162e+00 1.675810414635341972e-01
6.530042758919647028e+00 4.889182239998286772e-02
6.451217154534621301e+00 -2.929537632524509966e-02
6.403165519819642881e+00 -2.964992625589620012e-02
6.478249773418818691e+00 4.862237821922591602e-02
6.354470621797284835e+00 -2.730995784872094004e-02
6.496087554873896330e+00 3.303581263135834778e-05
6.485328779386428266e+00 1.135826593119262056e-04
6.301171417915327311e+00 -2.404187217356685766e-02
6.426924126753455369e+00 4.836745866070878835e-02
6.376047006310713527e+00 4.822236472712365662e-02
6.325524919092025300e+00 4.837378312312248796e-02
6.419733987847062728e+00 1.021352391766369212e-04
6.327599514482692200e+00 1.428888917418937752e-05
6.354912949522225851e+00 1.011582304373366212e-04
6.410698843616745357e+00 2.327358221072902165e-05
4.596097710952646409e+00 1.354977857534057639e-01
4.519693881659686774e+00 -6.255685301535268101e-06
4.635074424558713879e+00 1.368275684390470315e-01
4.599797917887281429e+00 1.226480348678200410e-01
4.638030005195294514e+00 1.237099461792239286e-01
4.551902936787615594e+00 3.642976306084850374e-02
6.190839720307753424e+00 1.792739213428471701e-01
6.237895621097229615e+00 1.758820521559514016e-01
6.245529386222678170e+00 -4.117814709887804986e-02
6.238156410540693919e+00 1.664851312832111574e-01
6.290804158909358179e+00 5.685103818188451363e-06
6.275773699835313302e+00 4.919831161324075830e-02
4.674171824690670718e+00 1.381734693030656214e-01
4.548951128035689351e+00 -5.314022707896837386e-06
4.570331267447424572e+00 -1.223444923227767767e-02
4.713538243235477765e+00 1.394963499442616051e-01
4.676673423348531422e+00 1.247640356296730452e-01
4.753222612151835058e+00 1.408274405738466351e-01
4.589488509507571479e+00 3.643523818765042471e-02
4.579109979947932452e+00 -4.922704121198961602e-06
4.607988348107832977e+00 -1.137408900143605482e-02
4.646577171705373210e+00 -1.079899839303921812e-02
6.187925015951798891e+00 1.644537127451627112e-01
6.140855542340485584e+00 1.807843036922034130e-01
6.090799752858194083e+00 1.808768738110110574e-01
6.041344356943942451e+00 1.802287947941926816e-01
4.627501404279250607e+00 3.657540667898040443e-02
6.138601966320631043e+00 1.628621183785625981e-01
6.219378506660331318e+00 -2.879319385523924912e-02
5.992105397992107285e+00 1.792700972990418362e-01
4.685737389787933083e+00 -1.053249511674810533e-02
6.226332221822439728e+00 4.812634007504801303e-02
6.261816873384697502e+00 1.996644602915220723e-02
4.610209235411223183e+00 -6.147579133869824725e-06
6.228336847441466873e+00 -3.916300937724083659e-05
6.246703511450774293e+00 3.337140805248546034e-05
6.089595815057455397e+00 1.614703080691662906e-01
4.642287436543698576e+00 -6.492769684816254784e-06
4.715709106086012348e+00 1.258195054070826990e-01
5.294725066808867453e+00 2.767307840274657038e-01
4.665953499130812254e+00 3.677757973512146839e-02
4.675389208463518464e+00 -4.965111252320441733e-06
4.755124093598964485e+00 1.268813439916490204e-01
4.793225348647840001e+00 1.421509339267210403e-01
4.874355780013502226e+00 1.448129318563095846e-01
4.725317491806896086e+00 -1.046544517317460864e-02
4.709554497186687172e+00 -3.717197129582184195e-06
4.833626517941490341e+00 1.434910556738454024e-01
4.704831602738538621e+00 3.700894865933512801e-02
4.794918966173870700e+00 1.279499812167942674e-01
4.744115195208569169e+00 3.725470983073120995e-02
5.657490826504032455e+00 1.701886316690724987e-01
6.176004452147124901e+00 4.786284933472709918e-02
6.163339784929972254e+00 -2.160127883698260629e-02
6.040877394532820688e+00 1.601408692899276842e-01
5.943474864112669565e+00 1.781292176873692512e-01
5.894975438356645725e+00 1.766813317582589249e-01
5.751496712142224688e+00 1.726623299671576350e-01
5.846914936013644315e+00 1.754001591522952597e-01
5.992448322392754712e+00 1.588539600872211077e-01
5.799014836205725665e+00 1.739998856417184492e-01
6.126275636428964333e+00 4.760513959207338802e-02
6.111568643702089076e+00 -1.964464608474461929e-02
6.166004966929180320e+00 1.063380591792945459e-04
6.167994531451856055e+00 1.408240899136648675e-05
5.754693649519503573e+00 1.527118654952458188e-01
5.896487246116453917e+00 1.563697639947499718e-01
5.801681810662832284e+00 1.539413715054780141e-01
5.944327708797517040e+00 1.576055188265122198e-01
5.848929675042756848e+00 1.551579012393645152e-01
5.816995611092569796e+00 -1.358710760313173310e-02
6.061067227328408080e+00 -1.857333694965185300e-02
6.104659439487874373e+00 1.159357498697958356e-04
6.091372642262339987e+00 1.546225381847053627e-05
6.076995715121441322e+00 4.725261024764724344e-02
6.011410408359752822e+00 -1.780131350992502498e-02
5.962296861514282398e+00 -1.713564966735406023e-02
5.865409302461698893e+00 -1.539883181166293129e-02
5.913677057307947571e+00 -1.637158845272350741e-02
6.028116850449751318e+00 4.685945696082195050e-02
6.044243368643543057e+00 1.147009241149870575e-04
5.979591495427865055e+00 4.645737220469495915e-02
6.016827903156787727e+00 9.683057015196893779e-06
5.926169493214286099e+00 8.602680490152762372e-05
5.984748520631468338e+00 1.045844918939225262e-04
5.944280856071052277e+00 1.350324049053302330e-05
5.931407427173543745e+00 4.606653378738010535e-02
4.744821711103313078e+00 -2.947715517379836280e-06
4.835078411062092130e+00 1.290221182133588496e-01
4.765264421137609396e+00 -1.052523462267429023e-02
4.805642392957246933e+00 -1.044310219676537060e-02
4.875602336909408585e+00 1.301043735151511671e-01
5.704268240487072816e+00 1.714734011909830325e-01
5.707969797220305175e+00 1.514769403705410189e-01
5.883547751241324342e+00 4.570340719500182863e-02
5.836063428425700472e+00 4.544669453236693107e-02
5.873714480633206669e+00 1.042307362306931601e-05
5.868496829369282075e+00 6.004363512702267145e-05
4.783794004765919539e+00 3.751593214809205434e-02
4.781229967061144670e+00 -2.469298437766869283e-06
4.915472259120208243e+00 1.461192354319515718e-01
4.916482912680363526e+00 1.311934988352629061e-01
4.956969675944463916e+00 1.474028227722955220e-01
4.998848089450032006e+00 1.486701694865510126e-01
4.957712596049046461e+00 1.322957638575511241e-01
5.041163627502911027e+00 1.498284847846565737e-01
4.999287316621125576e+00 1.334019418573759719e-01
5.083900428783782566e+00 1.509119763361574662e-01
5.127122722626317852e+00 1.517758896061485729e-01
5.426633508952551921e+00 1.618821096939647708e-01
5.472580628058681285e+00 1.639686456811616788e-01
5.518526507093625355e+00 1.657536499979376521e-01
5.610919347402526292e+00 1.687804610590263599e-01
5.564647713555960884e+00 1.673139226207376040e-01
5.661517008418706531e+00 1.502555712094571783e-01
5.615334434797881968e+00 1.490536336059068157e-01
5.569432465114013020e+00 1.478672685677935861e-01
5.717057053232773356e+00 -1.638697897046394181e-02
5.811710119304227540e+00 -4.547130367466383741e-05
5.789588373709277036e+00 4.530174027692212418e-02
5.765074835847415535e+00 -1.249830744967161435e-02
5.772461341391938561e+00 2.353891555774446573e-02
5.805066176735380168e+00 1.633195631448769214e-05
5.738300531220569489e+00 1.520055359766570343e-05
5.742155650410986745e+00 4.340137923941920356e-02
5.756553813361101390e+00 -2.442707076178756353e-04
4.803591699111512625e+00 5.697272649370552878e-05
4.823844511837621418e+00 3.779001190383755177e-02
5.671260815937422706e+00 -1.760713030244598701e-02
5.701616771532667549e+00 1.005888373319936517e-04
5.041193914616453498e+00 1.345281970724646892e-01
5.673386892527102709e+00 6.582339830135988940e-06
5.523826853935863923e+00 1.466847498599202770e-01
4.818818368004754049e+00 -2.536603002259846494e-06
5.083430798538159046e+00 1.356775496209103871e-01
5.170875542076989184e+00 1.521689675008365272e-01
5.478526635984771964e+00 1.455109600221314581e-01
5.125980693663398036e+00 1.368547634609192654e-01
5.380940288109086644e+00 1.589829148460362163e-01
5.168827517621279455e+00 1.380908876727792445e-01
5.215043235414180245e+00 1.515853650125851826e-01
5.433550252801294889e+00 1.443478283122273387e-01
5.625309949080657290e+00 -1.793439280017960699e-02
5.211945996862207942e+00 1.394676995361493477e-01
4.864272104715203326e+00 3.806434491825114869e-02
5.258204793039120695e+00 1.485826645887888819e-01
4.846434410031306150e+00 -1.084753063088643270e-02
5.335892382167065406e+00 1.543542928817588367e-01
5.388938647567510287e+00 1.432050435883851502e-01
5.255454525305757407e+00 1.414572199621413062e-01
5.294856669626549106e+00 1.484058643631947505e-01
4.887536595749378598e+00 -1.117148549715956708e-02
4.928978174823532399e+00 -1.147689319975146553e-02
4.884194891595561749e+00 7.452327915964309247e-05
5.301377976595063934e+00 1.418487729574876011e-01
5.344810376384536710e+00 1.421295633506637901e-01
4.905079994934081533e+00 3.835305977904285984e-02
4.897685879570428114e+00 -1.911064885996491275e-06
5.579275413740932166e+00 -1.815114265001058561e-02
4.857624409140816724e+00 -1.958069374786891929e-06
4.835030196994606122e+00 2.404167054070030228e-05
4.856169258850350445e+00 5.189061611945172155e-05
5.695101607794841314e+00 4.328206358833565359e-02
5.647717096557177463e+00 1.171220537120786973e-04
5.610283712588230998e+00 1.067991754541953502e-05
5.602509061914249244e+00 4.259288649737577592e-02
5.594806029183910567e+00 1.156572189801461980e-04
4.918548120744649310e+00 7.501198390200654385e-05
5.556701622457542733e+00 4.219591258478749829e-02
4.946253137695717506e+00 3.865272298811750495e-02
4.939040439591314779e+00 -1.433781895702071527e-06
4.970842853787684312e+00 -1.182885043199679437e-02
5.533404476634459002e+00 -1.851803411173068292e-02
4.955524086319602617e+00 8.151088138817885590e-05
4.981723967108574236e+00 -7.093211118697492674e-07
5.013125656413001785e+00 -1.225423018680811028e-02
4.987791841408638405e+00 3.896955112405756788e-02
5.487877189065280881e+00 -1.916071058796144783e-02
5.548958741332000066e+00 8.934832121726446306e-06
5.542854871827586294e+00 1.156520622190957304e-04
4.994281750996685254e+00 8.914477042721742346e-05
5.511210162032178950e+00 4.179412015165706595e-02
5.029698031360186228e+00 3.930171979415387346e-02
5.025773319887639978e+00 3.435684610210125857e-07
5.443027810549486922e+00 -2.008934887154696300e-02
5.055843914466214173e+00 -1.277365771574765115e-02
5.466053325671491159e+00 4.141754364767648994e-02
5.491855488570880794e+00 1.211411973491370976e-04
5.399237872473834798e+00 -2.092200292255476726e-02
5.071972815707928461e+00 3.964739951101085846e-02
5.489367750515255828e+00 7.336340134647525841e-06
5.034427645866794698e+00 9.661943594442559615e-05
5.099047047497809793e+00 -1.344814524476854387e-02
5.356359956664946687e+00 -2.046477656895104302e-02
5.263731463326938531e+00 -2.796579445805394068e-02
5.071222089964365409e+00 1.280448725876592797e-06
5.421234014876130658e+00 4.109169225108558893e-02
5.142823796387926194e+00 -1.440019282675019871e-02
5.233805192745492718e+00 -2.073937970669193984e-02
5.431483309633649448e+00 9.685094001310663283e-06
5.187426919742008202e+00 -1.600503064557144695e-02
5.075760412669004573e+00 1.035781356266616383e-04
5.311618573424168765e+00 -1.810835770604733372e-02
5.441801486846643776e+00 1.310453105586620824e-04
5.114625674973305891e+00 4.000024979775894385e-02
5.376747180873191923e+00 4.090721418939085446e-02
5.375272268151323196e+00 9.477841896256254209e-06
5.201172604865264226e+00 4.069271540542242216e-02
5.157679455229156495e+00 4.035491207186241852e-02
5.392676361450908118e+00 1.412107668334243536e-04
5.245101600792915875e+00 4.110904100100527814e-02
5.166461987450012394e+00 3.001101589188538198e-06
5.320697564016341197e+00 6.653803654313412836e-06
5.288520706177959774e+00 4.147765174520554043e-02
5.206080899138409102e+00 1.002508406043398222e-04
5.118107585063981446e+00 2.216913965984969775e-06
5.296812734756032093e+00 4.096892596834400487e-05
5.267717755332298246e+00 4.324693293967699133e-06
5.251860675413379198e+00 -1.067574520263170470e-04
5.161612711900281703e+00 1.120742782145298084e-04
5.274476831402860277e+00 9.722784904530662117e-03
5.118173026408481263e+00 1.095226493029760227e-04
5.648636813064761064e+00 4.296886806696021549e-02
5.344438888981911440e+00 1.451650254300075702e-04
5.332478423547752477e+00 4.097880458803540571e-02
5.216321119570515918e+00 3.126002351431503959e-06
