-1.568992698773428458e+02 6.740038822869667823e-02
-1.553497505779573089e+02 6.761118824330124288e-02
1.785775145084575968e+02 7.103879642907076630e-02
-1.538101111022371867e+02 6.782335431665839631e-02
1.771150940350922838e+02 7.141964128775604714e-02
-1.522802986831711962e+02 6.803687156313595330e-02
1.756639027923894218e+02 7.180956359015870649e-02
-1.507602607940381745e+02 6.825172402710512343e-02
1.742239215741550140e+02 7.220893510704295970e-02
-1.492499451505624677e+02 6.846789464450217522e-02
1.727951329142343297e+02 7.261815104850502522e-02
-1.477492997131857919e+02 6.868536520647437749e-02
1.713775211904203104e+02 7.303763207666331969e-02
-1.462582726894694645e+02 6.890411631958599792e-02
-1.447768125366654601e+02 6.912412736814099734e-02
1.699710727379414834e+02 7.346782653002457975e-02
-1.433048679644032859e+02 6.934537647542468597e-02
1.685757759735664081e+02 7.390921290772145547e-02
-1.418423879375358467e+02 6.956784046151351375e-02
1.671916215316524017e+02 7.436230263571598498e-02
-1.403893216791404370e+02 6.979149480621843482e-02
1.658186024135245873e+02 7.482764316052319120e-02
-1.389456186736580321e+02 7.001631360673095383e-02
-1.375112286702245399e+02 7.024226953675104246e-02
-1.360861016861124426e+02 7.046933380689215931e-02
-1.346701880103986184e+02 7.069747612138567450e-02
-1.332634382077379200e+02 7.092666463879968020e-02
-1.318658031223666853e+02 7.115686592869790994e-02
-1.304772338822379254e+02 7.138804493157127617e-02
-1.290976819033585343e+02 7.162016491709438659e-02
-1.277270988943073746e+02 7.185318744209981401e-02
-1.263654368609121548e+02 7.208707231145711214e-02
1.644567141518807318e+02 7.530582141784261663e-02
1.631059549920289840e+02 7.579746773570956997e-02
1.617663260922108179e+02 7.630326022993672019e-02
1.604378317455054912e+02 7.682392977927535171e-02
1.591204796262647108e+02 7.736026566851732233e-02
1.578142810644941392e+02 7.791312201119987568e-02
1.565192513521894284e+02 7.848342509427123914e-02
1.552354100863655617e+02 7.907218178481506543e-02
1.539627815543559279e+02 7.968048922794011835e-02
1.527013951679737147e+02 8.030954604121175178e-02
1.514512859544570063e+02 8.096066532142034977e-02
1.502124951136450193e+02 8.163528981384302052e-02
1.489850706528114301e+02 8.233500970122387130e-02
1.477690681129298582e+02 8.306158356393862630e-02
1.465645514032742085e+02 8.381696322465742588e-02
1.453715937649942305e+02 8.460332337155404558e-02
1.441902788892537330e+02 8.542309710083169361e-02
1.430207022216517032e+02 8.627901886036058732e-02
1.418629724928186988e+02 8.717417670219824999e-02
1.407172135254168666e+02 8.811207636055527759e-02
1.395835663813536200e+02 8.909672043749654324e-02
1.384621919296918691e+02 9.013270688748524495e-02
1.373532739308091948e+02 9.122535127404213240e-02
-1.250126481111553005e+02 7.232177753572927026e-02
-1.236686852602456383e+02 7.255725929241703398e-02
-1.223335012358685105e+02 7.279347188581024308e-02
1.362570227140324164e+02 9.238083249925906071e-02
-1.210070492836704403e+02 7.303036770828492952e-02
1.351736793155762371e+02 9.360633134373042008e-02
-1.196892829729179795e+02 7.326789720301050968e-02
-1.183801562023537031e+02 7.350600882636237898e-02
1.341035188597134891e+02 9.490999083990507568e-02
1.330468475064751317e+02 9.629999205044237343e-02
1.320039719276285268e+02 9.778036636864351205e-02
1.309750777243417303e+02 9.933731336275171409e-02
-1.170796232062758548e+02 7.374464901211662260e-02
1.299598711372076707e+02 1.009056884406020344e-01
1.289567908093387700e+02 1.023164054230989578e-01
-1.157876385608102510e+02 7.398376213720510297e-02
-1.145041571903948778e+02 7.422329048823048114e-02
1.279618897578950083e+02 1.032794527513434257e-01
1.269683614420653726e+02 1.035058853225150899e-01
1.259680309849154725e+02 1.029296455596753479e-01
-1.132291343744804522e+02 7.446317423078306630e-02
1.249542371667420895e+02 1.017657960403930556e-01
-1.119625257544428649e+02 7.470335137849069829e-02
1.239236111385247909e+02 1.003280560303966146e-01
-1.107042873407175705e+02 7.494375776612541284e-02
1.228757180579664947e+02 9.884953311780494967e-02
-1.094543755201509470e+02 7.518432702425473235e-02
1.218117574831213830e+02 9.744570564260016110e-02
1.207335136094807382e+02 9.615417745642011738e-02
1.196428165738786475e+02 9.497618864367357583e-02
-1.082127470635812045e+02 7.542499055541934672e-02
-1.069793591336493392e+02 7.566567751502020767e-02
-1.057541692928428745e+02 7.590631479276707672e-02
1.185413416838855198e+02 9.390011253295957316e-02
1.174305646459878005e+02 9.291167703101912978e-02
1.163117737829057603e+02 9.199762890728846454e-02
-1.045371355117785725e+02 7.614682699996985771e-02
1.151860974182684885e+02 9.114670272683018937e-02
-1.033282161777401882e+02 7.638713645826343546e-02
-1.021273701034582047e+02 7.662716319405862841e-02
1.140545314933561798e+02 9.034962235660642937e-02
-1.009345565361702484e+02 7.686682493652657877e-02
1.129179631430056929e+02 8.959881839095351630e-02
1.117771897079062455e+02 8.888810708520959725e-02
-9.974973516694174691e+01 7.710603712087625572e-02
1.106329337791046470e+02 8.821240736049401621e-02
-9.857286614028895144e+01 7.734471289734028143e-02
-9.740391006410177965e+01 7.758276314638393178e-02
1.094858550706042308e+02 8.756751149420119451e-02
-9.624282801989895120e+01 7.782009649998729295e-02
1.083365598334305702e+02 8.694990524363523099e-02
1.071856083817745429e+02 8.635662836462815184e-02
-9.508958157343272433e+01 7.805661937248550841e-02
1.060335211681628493e+02 8.578516656707906030e-02
-9.394413278568838166e+01 7.829223599877169204e-02
-9.280644422428801477e+01 7.852684848366682513e-02
1.048807837371143563e+02 8.523336751185160709e-02
-9.167647897538829227e+01 7.876035686223105403e-02
1.037278508049190293e+02 8.469937508382974212e-02
1.025751496522312891e+02 8.418157756818209214e-02
-9.055420065609365565e+01 7.899265917458654640e-02
1.014230829712347202e+02 8.367856646379713548e-02
-8.943957342747873440e+01 7.922365155636065803e-02
1.002720312757396357e+02 8.318910347933608507e-02
-8.833256200829691807e+01 7.945322834635558384e-02
9.912235495797749252e+01 8.271209387614483766e-02
-8.723313168950693353e+01 7.968128221901658870e-02
-8.614124834972120937e+01 7.990770433929184069e-02
9.797439605719993949e+01 8.224656476669232885e-02
-8.505687847172630711e+01 8.013238454499886643e-02
9.682847979133676120e+01 8.179164732213162203e-02
9.568491589232111494e+01 8.134656207646571990e-02
-8.397998916020398497e+01 8.035521155232998314e-02
-8.291054816059597954e+01 8.057607316136516928e-02
-8.184852387866516210e+01 8.079485639350038328e-02
9.454399977748414585e+01 8.091060671136904303e-02
9.340601358324478554e+01 8.048314583891844065e-02
-8.079388539907475320e+01 8.101144737366958171e-02
-7.974660249843482518e+01 8.122573050117172511e-02
9.227122708223782865e+01 8.006360239254005362e-02
9.113989850136911741e+01 7.965145036246888688e-02
-7.870664564157067389e+01 8.143758585713292697e-02
9.001227525498539705e+01 7.924620858947713231e-02
-7.767398593544257324e+01 8.164688257307413377e-02
8.888859460513987187e+01 7.884743547967222599e-02
-7.664859498581203923e+01 8.185346351208364069e-02
-7.563044454568695585e+01 8.205711234088335082e-02
8.776908425879463493e+01 7.845472445068631118e-02
8.665396291033464138e+01 7.806770000490682870e-02
-7.461950574397225466e+01 8.225748701179592948e-02
8.554344073639641977e+01 7.768601433249158750e-02
-7.361574751662483607e+01 8.245399330353123113e-02
8.443771984906632611e+01 7.730934434651855203e-02
-7.261913361456348071e+01 8.264555937572017064e-02
8.333699471250508850e+01 7.693738909851334518e-02
-7.162961724401938568e+01 8.283026202970132645e-02
-7.064713208610497475e+01 8.300475919236037503e-02
8.224145252747166523e+01 7.656986751425076676e-02
-6.967157835123479970e+01 8.316352197085007114e-02
8.115127358754902787e+01 7.620651639688053036e-02
-6.870280303227207241e+01 8.329796006091427785e-02
-6.774057513016842336e+01 8.339570961692339968e-02
8.006663161045376853e+01 7.584708867733085114e-02
7.898769404730012411e+01 7.549135184969604784e-02
-6.678455966716423120e+01 8.344056161998826548e-02
7.791462237246176414e+01 7.513908660064291811e-02
-6.583429831384364661e+01 8.341360947618130239e-02
7.684757235637222550e+01 7.479008557788835443e-02
-6.488920752387775792e+01 8.329596498531829929e-02
7.578669432324583966e+01 7.444415230435699748e-02
-6.394860404804268939e+01 8.307270705040439851e-02
7.473213339572022562e+01 7.410110020100765804e-02
-6.301176030547154738e+01 8.273683813983520596e-02
-6.207798008933088596e+01 8.229158841101710808e-02
7.368402972802765305e+01 7.376075172082299791e-02
7.264251872938352506e+01 7.342293757735696147e-02
7.160773127891538081e+01 7.308749604514887255e-02
-6.114667502594111426e+01 8.174997167915977470e-02
7.057979393363653742e+01 7.275427235848359875e-02
-6.021742100162308731e+01 8.113181895012723521e-02
-5.928998245043036519e+01 8.045964881388097123e-02
6.955882913059376449e+01 7.242311817125313134e-02
-5.836430505616313269e+01 7.975493814941810033e-02
6.854495538444946590e+01 7.209389107659956719e-02
-5.744048667683648546e+01 7.903573222479046145e-02
6.753828748150536398e+01 7.176645422571555077e-02
6.653893667107288934e+01 7.144067597181191775e-02
-5.651873890379057741e+01 7.831571605544444814e-02
6.554701085502433955e+01 7.111642964872116890e-02
-5.559934914505942061e+01 7.760435618445564454e-02
-5.468264877874270269e+01 7.690760170890965919e-02
-5.376898918368733149e+01 7.622874623917309800e-02
6.456261477595013787e+01 7.079359337825893994e-02
6.358585020399242893e+01 7.047205003702979031e-02
-5.285872518045518831e+01 7.556922348764938402e-02
-5.195220444283634720e+01 7.492924526275031305e-02
6.261681612207416237e+01 7.015168728324439051e-02
-5.104976127850350309e+01 7.430827056930970620e-02
-5.015171339459069344e+01 7.370533021571401555e-02
6.165560890800178839e+01 6.983239784843506270e-02
6.070232251116249245e+01 6.951407994449657068e-02
-4.925836059190689298e+01 7.311924103634097338e-02
-4.836998464094591554e+01 7.254874140158912299e-02
5.975704861907541954e+01 6.919663805945810986e-02
5.881987680647867478e+01 6.887998418785626353e-02
-4.748684983888722400e+01 7.199257318053153831e-02
5.789089465535329282e+01 6.856403968185276199e-02
-4.660920392520784361e+01 7.144952853716943220e-02
5.697018782708529727e+01 6.824873813643775322e-02
-4.573727915586782444e+01 7.091847430671957553e-02
5.605784005818644289e+01 6.793402979163573607e-02
-4.487129341662961934e+01 7.039836249195818851e-02
-4.401145130755041635e+01 6.988823244690789416e-02
5.515393303452727025e+01 6.761988852581019005e-02
5.425854607316641420e+01 6.730632286329774061e-02
-4.315794516285855309e+01 6.938720830442197951e-02
-4.231095598983847594e+01 6.889449387706426953e-02
-4.147065432188962575e+01 6.840936639518910289e-02
-4.063720098731135977e+01 6.793116989821641749e-02
5.337175550071783192e+01 6.699339438434781524e-02
-3.981074779884781378e+01 6.745930874491412599e-02
5.249363354226253620e+01 6.668124872483396914e-02
5.162424641616561161e+01 6.637017105509107617e-02
-3.899143817052981120e+01 6.699324149524366057e-02
-3.817940766889753945e+01 6.653247528606955064e-02
5.076365108499203416e+01 6.606068876982032489e-02
4.991188964196946642e+01 6.575377281011414443e-02
-3.737478450551525100e+01 6.607656073999479407e-02
-3.657768997732826222e+01 6.562508740444927824e-02
4.906897923823949270e+01 6.545125913624019742e-02
4.823489285401984006e+01 6.515680967320618133e-02
-3.578823886080427030e+01 6.517767969529567051e-02
-3.500653976518983512e+01 6.473399330207588176e-02
4.740951884227219182e+01 6.487834881181785140e-02
-3.423269544961174660e+01 6.429371201114802981e-02
-3.346680310820234894e+01 6.385654490295156194e-02
4.659256321698091341e+01 6.463527973120072878e-02
4.578326047890934802e+01 6.448523730547001120e-02
4.497919702362913341e+01 6.466894394411645819e-02
-3.270895462687214206e+01 6.342222387967684505e-02
-3.195923681493164281e+01 6.299050148224281942e-02
-3.121773161435184818e+01 6.256114896553914562e-02
-3.048451628907617206e+01 6.213395459560126788e-02
4.416716306948171678e+01 6.746711644920649897e-02
4.344390112278205152e+01 -1.784690909084963029e-01
4.344354273764908925e+01 2.385932865478265497e-01
-2.975966359653393667e+01 6.170872214241521908e-02
-2.904324194318678209e+01 6.128526954672711829e-02
4.271311514699837630e+01 6.574391335911614065e-02
4.192642547022745703e+01 6.308074236482826003e-02
-2.833531552576497248e+01 6.086342773254684035e-02
-2.763594445961219392e+01 6.044303955480861273e-02
4.153170175200998671e+01 1.385370667575559420e-03
4.117516125592468512e+01 6.326831603697148643e-02
-2.694518489540104511e+01 6.002395885985731261e-02
4.042420417484016326e+01 6.149496572320937299e-02
4.016328688206095165e+01 3.011490619971092172e-03
-2.626308912536163120e+01 5.960604964711702786e-02
3.968610223806116011e+01 6.197595829674105994e-02
-2.558970567995923773e+01 5.918918531896912028e-02
3.895469762836732741e+01 7.904129972855282460e-02
-2.492507941597713739e+01 5.877324800818690270e-02
-2.426925159672343568e+01 5.835812797403371055e-02
3.894382792716172048e+01 -1.560963882484685608e-02
3.823707004815595667e+01 6.105915300451864036e-02
-2.362225996511646997e+01 5.794372305776983312e-02
3.752744285743852970e+01 6.106807803359751152e-02
3.782929522148571522e+01 1.379976432718740820e-03
-2.298413881025638261e+01 5.752993819021963440e-02
3.681513892778509245e+01 7.065048886674461792e-02
-2.235491902807597242e+01 5.711668494750358344e-02
3.679651871232250215e+01 -8.571559883036435068e-03
3.611951786439599488e+01 5.997688987685480255e-02
-2.173462817658244006e+01 5.670388114433430604e-02
-2.112329052618770930e+01 5.629145046764405524e-02
3.581246222090317133e+01 1.493523312336838323e-03
3.543017902266734609e+01 5.960070511541871313e-02
3.480090923974061212e+01 1.285433603627522126e-01
-2.052092710552910759e+01 5.587932213570203505e-02
3.455422228618965619e+01 7.157276636497668099e-01
3.454038890706909370e+01 -4.680715232568072870e-01
3.473673788389943695e+01 6.687447376177439728e-02
3.487823431338885882e+01 -5.914277433266465603e-05
-1.992755574323817314e+01 5.546743059074410453e-02
3.401766323184701690e+01 9.293997182312103700e-01
3.393620401998905578e+01 -6.708649666212448404e-01
3.351679402233818195e+01 1.380700681996170021e+00
3.406130095582045669e+01 6.043848382849852791e-02
3.399963242416642117e+01 -1.902537668855795771e-03
3.336128900882127368e+01 8.395678744466958943e-01
3.339323880690916724e+01 -3.702707959714993668e-01
3.339529512425823299e+01 5.790543801904878690e-02
3.259159608413909837e+01 1.084285600842734620e+00
3.258611765604833721e+01 7.834319679978232198e-01
3.320206980890406356e+01 8.315186783068147236e-02
3.308704754639158097e+01 4.807346286331849738e-02
3.272950825137580466e+01 5.808078548755919723e-02
3.315045176104033686e+01 1.308885859309904783e-03
3.206993436700733469e+01 5.851754315998456552e-02
3.215599243395788420e+01 -1.260430904706558719e-01
3.231328466788953335e+01 3.070189214951574500e-02
3.234118426061797891e+01 1.105029546147973845e-03
-1.934319110598141478e+01 5.505571521007527475e-02
-1.876784473316978819e+01 5.464412004293501407e-02
-1.820152506862437747e+01 5.423259355990680403e-02
-1.764423748955650240e+01 5.382108842438475260e-02
-1.709598433311066401e+01 5.340956126984336416e-02
-1.655676492078945472e+01 5.299797249404239463e-02
-1.602657558101867608e+01 5.258628605910592446e-02
-1.550540967011533233e+01 5.217446929608147294e-02
-1.499325759191585661e+01 5.176249272500856036e-02
-1.449010681632809394e+01 5.135032986337793176e-02
-1.399594189703265990e+01 5.093795704605771218e-02
-1.351074448863269239e+01 5.052535324765114466e-02
-1.303449336343564191e+01 5.011249988935832789e-02
3.168285026441692764e+01 1.102792738505517400e+00
3.178311932105458126e+01 8.758588546546147713e-01
-1.256716442820708224e+01 4.969938065512640585e-02
-1.210873074111315262e+01 4.928598129747816664e-02
3.156733334165624072e+01 5.369034142841400126e-04
3.146768939891975236e+01 2.285656860703982537e-02
3.141617436660836304e+01 6.714093798019253601e-02
3.127391092192175037e+01 -8.572009085760451397e-02
3.091780591282672219e+01 8.726280468074242291e-01
3.081218383321116505e+01 1.081063959563560273e+00
-1.165916252918935569e+01 4.887228941848063141e-02
3.077712196441812509e+01 5.211122611109003655e-02
3.082691509554705434e+01 -2.106253490969735558e-03
3.061453982646027683e+01 4.668333476322938935e-02
-1.121842720664788295e+01 4.845829426113507782e-02
3.041852551650887548e+01 -6.135138133628167956e-02
2.996010513062318736e+01 1.048473962766891088e+00
3.006522221853009924e+01 8.526761553561066354e-01
3.013084612572887977e+01 6.062460830446510934e-02
3.012242654376682793e+01 -3.039366898230307350e-03
-1.078648939440195242e+01 4.804398645725749956e-02
2.982969882119231286e+01 7.702728587096450974e-02
2.910643982556846865e+01 1.044988325523688699e+00
2.961340437740576093e+01 3.370369834076283964e-03
2.924905139549023403e+01 8.681402400817552767e-01
2.952074079748476620e+01 1.340205800576467765e-01
2.929916014315551109e+01 1.771951206808607040e-03
2.944311305694357372e+01 2.312820747875210916e-04
2.893680101558370765e+01 6.747775595696443862e-02
2.834007597760082930e+01 1.093676597338320011e+00
2.891490954134735247e+01 2.606306621987230718e-02
2.850265519264858227e+01 8.651772220068620900e-01
2.860259938817764791e+01 -1.800765208937741002e-01
2.879135183957256316e+01 6.940937723976582131e-04
2.765571496070722901e+01 1.101665340553481531e+00
2.830768163101830481e+01 5.381461385075495679e-02
2.778067344144838202e+01 8.472369282028748838e-01
2.793648015608934898e+01 -2.390455983847744881e-01
2.819227796075280423e+01 2.671079465794229738e-02
2.816533124426878842e+01 7.291881914682535500e-04
2.770051995528697475e+01 5.259219621103219250e-02
2.699325704397872272e+01 1.069594435228876650e+00
2.708376285267559069e+01 8.272444295974494821e-01
2.756422816236790752e+01 7.304899460089123381e-04
2.748006124557138108e+01 2.452251915200156021e-02
2.727669597676920432e+01 -2.364081440577563142e-01
2.710310526581683632e+01 5.206024277770249231e-02
2.633981771100074809e+01 1.028414176012838244e+00
2.698667326852341120e+01 6.036647448788140784e-04
2.641367461090577606e+01 8.079152211937919992e-01
2.570363889333157914e+01 9.896999149115794925e-01
2.679424690875721282e+01 2.321035602584790858e-02
2.661771597914179921e+01 -2.195363963496957116e-01
2.480132642232039331e+01 5.100024390859286827e-02
2.651450640732046438e+01 5.187074333080340938e-02
2.577016102677435683e+01 7.895229698602845847e-01
2.508907772698811200e+01 9.545401792839962596e-01
2.597329049847562743e+01 -2.038627763928226588e-01
2.536472201678050098e+01 5.280905056584803137e-02
2.593449163024640214e+01 5.245128779494698246e-02
2.643146681613167814e+01 2.883793102750812471e-04
2.613558201273096770e+01 2.235423144843916299e-02
2.534999947484495664e+01 -1.904832973825521802e-01
2.550343886493327261e+01 2.171974825885343574e-02
2.589725351936532860e+01 -6.839533442938366611e-04
2.538108149069860886e+01 -1.359704240492752439e-03
-1.036331094133938358e+01 4.762935775522765536e-02
-9.948850947824182001e+00 4.721440070275510076e-02
-9.543065792375070799e+00 4.679910826898364684e-02
-9.145909162556417726e+00 4.638347337174253404e-02
-8.757332091837861654e+00 4.596748824932868349e-02
-8.377283005126388460e+00 4.555114361258555400e-02
-8.005707777032174732e+00 4.513442742476734409e-02
-7.642549808513938281e+00 4.471732333653790498e-02
-7.287750106853672527e+00 4.429981165953620487e-02
-6.941247157752366448e+00 4.388189963706441710e-02
-6.602974790526968007e+00 4.346387403930018767e-02
-6.020539743702836566e-02 4.765615292632062461e-02
2.515237816455700681e+01 7.720360859322286107e-01
2.474918588272308284e+01 -1.777805832894188143e-01
2.489682386607206865e+01 2.132102544639487285e-02
2.488559082721977944e+01 1.050242655266071334e-04
2.449734509880528321e+01 9.227093078024460882e-01
2.455920671290975932e+01 7.554276409990500207e-01
2.436581754727241744e+01 5.242231229157181052e-03
2.416723512041389199e+01 -1.730713388880551207e-01
2.440879751566812317e+01 5.865530656503463447e-04
2.424921969455204263e+01 5.068187917307051538e-02
2.431022470671364033e+01 2.075421366756265498e-02
2.392908824571167870e+01 8.932578297706180726e-01
2.398962710578997104e+01 7.397456068973374821e-01
2.338288683820317715e+01 8.647373677549760052e-01
2.394922139563944441e+01 6.585671612189640534e-04
2.379033944557955849e+01 -3.262077341921351095e-04
2.375460314061826494e+01 2.114191308435870928e-02
2.369985920528874956e+01 4.915427775018157974e-02
2.361573421140120388e+01 -1.633323678851398286e-01
2.344259017887396368e+01 7.247701488674836989e-01
2.350604390510601149e+01 6.321594978645491509e-04
2.285720614126256933e+01 8.373831527659318930e-01
2.336492205217708928e+01 1.002795830534698642e-03
2.291693177480269483e+01 7.104387862692695954e-01
2.308196019461380999e+01 -1.553421626009522105e-01
2.321587476586962495e+01 2.099232763104924571e-02
2.316233986787573684e+01 4.899815448068690210e-02
2.235114035357830886e+01 8.112907009519214618e-01
2.307866289446622332e+01 3.675032214864833776e-04
2.241161418304973196e+01 6.967281164904828294e-01
2.288266909295990104e+01 3.474443076476877367e-04
2.094226086981052504e+01 7.401499425313869951e-01
2.186386961549138874e+01 7.864479956669154781e-01
2.256869866786725609e+01 -1.469656072544421876e-01
2.263455039728204810e+01 4.940736965090970073e-02
2.269803023137995979e+01 2.070338938473561055e-02
2.266475254414224239e+01 -3.719056359715133646e-04
2.192567404061813363e+01 6.836039308120546165e-01
2.139453659104832894e+01 7.627573036452975908e-01
2.145821493857700801e+01 6.709964098854680481e-01
2.207452883287306733e+01 -1.396721322104488294e-01
2.211450097482421739e+01 4.818433363694396565e-02
2.114107842846809149e+01 -1.265378723514199444e-01
2.110083545319488252e+01 4.750631818858857408e-02
2.232204889112859192e+01 8.727100559935626082e-04
2.226626087454775416e+01 4.544499777210673553e-04
2.159893240250654145e+01 -1.329034688370648309e-01
2.160283670782055054e+01 4.772989059303901077e-02
2.219972706448873723e+01 2.058011154680150501e-02
2.125846241375516499e+01 2.057127074463796501e-02
2.188150956008245984e+01 5.283006150000122813e-04
2.172017057987725508e+01 2.056950609662587179e-02
2.114926272908250837e+01 -1.059252753293701256e-05
2.121140335593819515e+01 1.156477107992468422e-03
2.150977979963165865e+01 3.767609523785255617e-04
2.176152676632398553e+01 1.032743829099567459e-03
-6.272847020810057295e+00 4.304781987483947969e-02
-5.950677759455309079e+00 4.264444983714973936e-02
-5.635871024506793781e+00 4.229353477518208587e-02
-5.326647326727641740e+00 4.209165580589054045e-02
-5.019184747244048950e+00 4.216168204846996309e-02
-4.708259440560444986e+00 4.252762105388705610e-02
-4.389681437278043497e+00 4.307264218535011846e-02
-4.061781919863866719e+00 4.365989999086280354e-02
-1.193704912732179713e+00 4.695039230006715220e-02
-8.173326378102342415e-01 4.721925260991188811e-02
2.100838856840399416e+01 6.588268533538099714e-01
2.050623914018146010e+01 7.186031543806669086e-01
2.057535196616014161e+01 6.469980932008998487e-01
2.070013738494184707e+01 -1.205789030371482301e-01
2.081399346536410633e+01 2.063023509774316797e-02
2.080176727545684656e+01 4.313189815109428130e-04
2.060612126704691960e+01 4.654768881560480270e-02
2.067604379743380605e+01 1.200634931836020575e-03
2.015830233598792987e+01 6.354038107684120140e-01
2.008570362371322204e+01 6.981316434011803906e-01
2.038571969036199150e+01 2.071085994455912002e-02
2.046548583900582585e+01 4.154422389009390410e-04
2.027528439905451663e+01 -1.150170635405725755e-01
1.975643714219933855e+01 6.239537777082821979e-01
1.967997225908951364e+01 6.787380790307112610e-01
2.012084912016360860e+01 4.673037753858077376e-02
2.013939878240115533e+01 -2.539270926722116844e-04
2.015763594657653357e+01 1.152762953499283536e-03
1.997275980552391417e+01 2.086004051887684410e-02
1.828571227432840729e+01 5.789791392506736800e-01
1.986567766911338140e+01 -1.098322504842004221e-01
1.928843815598330025e+01 6.604032907565714483e-01
1.936896587000978087e+01 6.125851458559797846e-01
1.854566934442142312e+01 6.266258573532096365e-01
1.982415968732437861e+01 3.775219666814699174e-04
1.891051994651650858e+01 6.430660703479286200e-01
1.863426623188642139e+01 5.900769677702764060e-01
1.899514493233391477e+01 6.012834555724371199e-01
1.826268712260301896e+01 4.474412159487896334e-02
1.964425089031597338e+01 4.534640061321307258e-02
1.947050986919926530e+01 -1.049557119322301890e-01
1.965687239964420741e+01 1.071387052355659121e-03
1.836612826806446463e+01 -9.033753274920879039e-02
1.951896793122895701e+01 3.519819747704603838e-04
1.957405065567256841e+01 2.147502903229301513e-02
1.846389071318821706e+01 2.044873652685894744e-02
1.908902335388437166e+01 -1.002155224474608197e-01
1.872084802512776847e+01 -9.515524204480504955e-02
1.838799923729017394e+01 2.707100809008739601e-04
1.917135120013686489e+01 4.355943726139505784e-02
1.871350380508583910e+01 4.539411137706946681e-02
1.882230482224875701e+01 2.059209188401266502e-02
1.922262864220006762e+01 1.655107182549172930e-05
1.893600179385397198e+01 3.415274622194419186e-04
1.919505010947130685e+01 2.332305712319153110e-02
1.865814367229281601e+01 1.763924068504154870e-04
1.917379624212342648e+01 1.012075670933494176e-03
1.870804009401001622e+01 9.454619257462947056e-04
-3.724792904693265072e+00 4.421706504643888036e-02
-3.379700669134984459e+00 4.472409126985957967e-02
-3.027611266081217334e+00 4.518254927324247966e-02
-2.669534310550365941e+00 4.559909096476458257e-02
-2.306358786403117200e+00 4.598027423723523993e-02
-1.938864584857836970e+00 4.633085668192975237e-02
-1.567761351177561879e+00 4.665382972559859592e-02
-4.392787295698175054e-01 4.745726671805869379e-02
3.191591574699667033e-01 4.780366458621748693e-02
1.536748759083208427e+01 4.823639444565324119e-01
1.550848448040958338e+01 5.072912036937599067e-01
1.561881807525263177e+01 4.911083780052628578e-01
1.576885092145662703e+01 5.188959875602749960e-01
1.819328983988985371e+01 6.109829806749398351e-01
1.630835992024032421e+01 5.443331942609795915e-01
1.659070092695582943e+01 5.460290124536107959e-01
1.794888797192582786e+01 5.680244818906025062e-01
1.785281111772871654e+01 5.960007830343646562e-01
1.825907974372452713e+01 8.929651183979612616e-04
1.811779844166570186e+01 2.038861498050421189e-02
1.670752782723645424e+01 5.251542656404755149e-01
1.762326039003080425e+01 5.572018801003117972e-01
1.752357160879315501e+01 5.815476138214827895e-01
1.802343316338801671e+01 -8.637626828643581167e-02
1.812644954276169074e+01 2.974134220444198183e-04
1.689452358201780413e+01 5.539295478906361980e-01
1.720470372205205223e+01 5.674664421380676282e-01
1.730831272103311846e+01 5.464955720223797497e-01
1.700343564474819047e+01 5.358221267583566094e-01
1.787212917297289394e+01 9.853882557943213988e-05
1.684985176739320423e+01 1.925294412232844699e-02
1.769174216655969190e+01 -8.267076283961145855e-02
1.782154029961062847e+01 4.386552251103880556e-02
1.694929583401657069e+01 3.829609737890874582e-02
1.762564646118956091e+01 2.768393342054999953e-04
1.782622884389609652e+01 8.370383771874969660e-04
1.778190042534456694e+01 2.125193426636022564e-02
1.706142042403577008e+01 -7.267056015873320229e-02
1.737046519439990178e+01 -7.804643053763568594e-02
1.746336472115936189e+01 2.109509600357022813e-02
1.738194605369195855e+01 4.279930729784041377e-02
1.692728821572633180e+01 2.183437320640452950e-05
1.715080810900969510e+01 2.019172485421871777e-02
1.700511060164411958e+01 1.988496161642262696e-04
1.715330540489344813e+01 2.442589990809566013e-04
1.738605985340110394e+01 -8.159465831980365050e-05
1.740874978332062639e+01 6.893207422978490494e-04
6.979866612398410997e-01 4.787534555587163315e-02
1.292369712508984847e+01 4.041881184722827536e-01
1.348812807032321714e+01 4.263434112764208361e-01
1.361672032631198981e+01 -3.850619326941624038e-02
1.368700919716524211e+01 4.340833928132792341e-01
1.454299498598578211e+01 4.676420203058743175e-01
1.465787550443518406e+01 4.577685306456510395e-01
1.642014363810232425e+01 5.170618616904091303e-01
1.603644113952143258e+01 5.317955364222478609e-01
1.676081739592870079e+01 -6.746736184230281430e-02
1.587792746269638755e+01 5.001328323381225571e-01
1.614487099836449957e+01 5.092399754024066194e-01
1.654179752254246338e+01 2.516341472435060234e-01
1.565384364737408340e+01 -6.258414214741649106e-02
1.670720250659364581e+01 2.390233347436684583e-04
1.661130582934817923e+01 -1.103776565715588499e-02
1.646348495382102683e+01 -6.993361910441843465e-02
1.575694502708052092e+01 4.180527356579972348e-02
1.572988984620953978e+01 2.212294072025293434e-02
1.649361629191490763e+01 1.909218272101535492e-04
1.591675414622691598e+01 -6.491116411848975309e-02
1.656176703935220118e+01 1.719428598679062503e-02
1.618575652350965655e+01 -6.873382107233901028e-02
1.616050346265646454e+01 3.720571644811652284e-02
1.599756449986859330e+01 2.229480161677305922e-02
1.655210004389886080e+01 1.003972502566166831e-02
1.569466095245192427e+01 1.298267308528148047e-04
1.627258582445158197e+01 2.466318453901634664e-02
1.608325151212078552e+01 1.658840954996088307e-04
1.625768155239273227e+01 -4.555015625839735002e-03
1.628540422783455099e+01 2.038700986012082915e-04
1.589428395076315326e+01 -2.592743978912939533e-04
1.588617786996884540e+01 1.798278179482660827e-04
1.190646744638102028e+01 3.510439551220336796e-01
1.190122216578891390e+01 -1.692433199535431712e-02
1.360755469299499687e+01 4.216873436566763722e-01
1.443523644558554508e+01 4.500693108928031094e-01
1.477340028110263326e+01 4.768507186342273441e-01
1.525588773719179869e+01 4.965646299173374079e-01
1.512372948209327461e+01 4.738990175789336567e-01
1.501094656848221831e+01 4.864601878710290150e-01
1.488728279477827598e+01 4.656968596377363823e-01
1.460547770926845601e+01 4.272674354700846389e-02
1.467973973115122988e+01 -4.984009441164621856e-02
1.464452197368849440e+01 5.952464118436448124e-05
1.547633151046339428e+01 2.203303293905433530e-02
1.539819338702100815e+01 -5.826050856670792616e-02
1.550789119436474550e+01 1.677524650391137601e-04
1.475137827820505443e+01 2.155637518694415028e-02
1.554517453161964369e+01 2.779402721973180828e-04
1.536181419772184320e+01 4.202322231427407101e-02
1.491174011455224502e+01 -5.444802802950490794e-02
1.515248778003593344e+01 -5.597286839458715663e-02
1.532628029922900126e+01 7.233922210018034211e-05
1.522651389045351067e+01 2.115710208575475107e-02
1.480848572463724189e+01 1.558727151492332228e-04
1.514909817534942427e+01 1.618061856421761265e-04
1.498082610973792583e+01 2.673785986397355166e-02
1.498336962695328012e+01 3.799741288333798039e-02
1.497661586351650875e+01 1.132067814803893114e-05
1.488448174906394073e+01 4.757368436622108252e-04
1.520891337077057770e+01 4.091911772761447656e-04
1.075238878620756067e+00 4.783204619355780479e-02
1.449578689652985197e+00 4.760043212302175059e-02
1.304666069366818171e+01 4.029159419647812546e-01
1.341521631987343532e+01 4.151668955887914958e-01
1.431940874232073035e+01 4.588036524848363995e-01
1.380550718832033574e+01 4.284267308089771409e-01
1.389168465304094546e+01 4.420487530607679627e-01
1.421912931388981249e+01 4.426323154788336378e-01
1.410240461796288969e+01 4.502791670955509362e-01
1.400929055987647942e+01 4.354124093045521615e-01
1.374289973745068671e+01 1.210066322628002071e-04
1.452287428015481119e+01 2.016270300714103833e-02
1.445501080468897648e+01 -4.914940701823625191e-02
1.381598911629832749e+01 -4.370824849522337435e-02
1.448484463728913596e+01 1.423016040370554864e-04
1.457120130414759984e+01 4.613746811495405436e-04
1.389040992966249988e+01 4.283421470747936222e-02
1.387402926317523644e+01 2.097326055566492084e-02
1.423364386229020262e+01 -4.630144447000372060e-02
1.432896750147279974e+01 1.122480299918282484e-04
1.430389160225616507e+01 2.300434011999480735e-02
1.402395883091784512e+01 -4.366706770745461264e-02
1.408904538232739689e+01 2.056717493991256848e-02
1.424063317753951985e+01 4.092004798193964177e-02
1.388409354909375892e+01 3.944311619843175797e-05
1.402874205722400269e+01 1.240714439090480955e-04
1.417708780521657275e+01 1.093093777416839269e-04
1.426849429871581521e+01 4.455404155277056886e-04
1.397593965150771034e+01 4.379257847465031100e-04
1.207616628393068936e+01 3.978329439294284731e-01
1.210799506360327626e+01 2.349802363272693873e-01
1.221855828896062590e+01 3.925142620393964887e-01
1.223055370120340690e+01 3.649431833445150319e-01
1.237182270576535537e+01 3.856232075582533558e-01
1.287012776522233004e+01 3.972750210413691363e-01
1.310673394248870416e+01 4.114562342632080427e-01
1.292628339118184222e+01 2.238736163362877937e-02
1.329478903684399604e+01 4.188147073327867509e-01
1.322831065883735135e+01 4.089093904391648548e-01
1.305007049213499748e+01 -3.620117822403932234e-02
1.367941000018763553e+01 2.101791985116003084e-02
1.360501285798435234e+01 8.839393398290737707e-05
1.310585071046580374e+01 1.756494208751294139e-02
1.308529688687746528e+01 1.001261008339104317e-04
1.323128650866864753e+01 -3.411717339630680051e-02
1.342226177360643646e+01 -3.987554405931151985e-02
1.329242764608953919e+01 2.167236689721812812e-02
1.353541142101796524e+01 4.359933182435256349e-02
1.348082531832772268e+01 1.786027179360996989e-02
1.319074097938090873e+01 4.082779236016691182e-02
1.321065835793056387e+01 2.553087900838088179e-05
1.347052561151681971e+01 9.735474181344082366e-05
1.369306944981450513e+01 4.059634654594515427e-04
1.333905572951247720e+01 1.045691848294605418e-04
1.341944468514541811e+01 3.687142433785472627e-04
1.315462700915714755e+01 3.289383198214407885e-04
1.089930737294610985e+01 5.940489606287856260e-05
1.134864910960023821e+01 3.602740184712354132e-01
1.134228268930007921e+01 3.305659751575512617e-01
1.148820167612077014e+01 3.640370266309921332e-01
1.147837411904314564e+01 3.367599608698654823e-01
1.193127822981512232e+01 3.848770343900226321e-01
1.194162316573793525e+01 2.487690637322696394e-02
1.239973820740722488e+01 3.805960247779082706e-01
1.274532712992573735e+01 3.969320224149794352e-01
1.269862318059798234e+01 3.920825599526683858e-01
1.253222718066732710e+01 3.878105173962528851e-01
1.257110108405365345e+01 3.893472811774510989e-01
1.236944922329318963e+01 -3.660717909507783807e-02
1.252139016671463523e+01 -2.686556902995640428e-02
1.249918599364272609e+01 -6.056247782136230464e-07
1.249270387199252852e+01 3.444388181171648827e-02
1.269816593766066148e+01 -3.388968451337990434e-02
1.286648505513393737e+01 -3.080183283658395610e-02
1.296270975597063924e+01 9.200027093956372629e-05
1.258006484384626056e+01 2.203371909650400987e-02
1.284294065945423924e+01 6.670899107715055250e-06
1.284741194153955490e+01 3.842133023455131247e-02
1.275072274209461298e+01 1.620119350890285997e-02
1.272581737741966457e+01 9.316782038334918263e-05
1.265009299439574697e+01 2.868224114094818325e-05
1.289837330821556804e+01 2.785276552190182409e-04
1.261126443963455124e+01 8.625815065086904455e-05
1.819052527929696517e+00 4.704412166592256139e-02
9.729883326665778043e+00 3.115104269957749139e-01
1.121311502813596661e+01 3.565570247358238465e-01
1.163214937883457623e+01 3.686478160197142473e-01
1.161736813342312225e+01 3.426310313444632105e-01
1.175970107956638699e+01 3.476476066785691432e-01
1.206217709134323002e+01 3.513996353659293304e-01
1.195474981509680568e+01 -6.539711819327882151e-04
1.197353745322650909e+01 7.852163794884350727e-05
1.205987225038670374e+01 -1.837542278533368587e-02
1.210376081502112200e+01 3.201012115182111373e-02
1.241662608624781861e+01 1.169439142481239896e-02
1.238961175505194312e+01 8.643650570680284668e-05
1.228230285532487542e+01 9.622904317847762862e-05
1.240861856300349864e+01 -1.880928285976917087e-03
1.219950462253351908e+01 -2.855954620462820837e-02
1.225466881121433538e+01 1.986000150072366605e-02
1.216232501630082119e+01 -1.889663291936933415e-02
1.207437890613207365e+01 6.901363107130291928e-05
1.217205325754581580e+01 1.735117898190286195e-04
1.217724456133676725e+01 -1.817984998219405126e-05
2.180654149276353593e+00 4.589573700547971979e-02
1.024525317181926631e+01 3.551974793673232794e-02
1.095287157198738548e+01 3.494780950847084511e-01
1.095196922118675253e+01 3.133283232716880806e-01
1.108119321543953184e+01 3.530181366285924938e-01
1.178040576698025710e+01 3.749516256288364380e-01
1.133086323048990529e+01 -1.362867376979209726e-02
1.141692602813480839e+01 4.336409253848754614e-02
1.140821823167701687e+01 1.438967880043716707e-05
1.146721461317946655e+01 -1.176158604754972553e-02
1.150097266800448281e+01 2.134464501963658639e-02
1.180424914584429352e+01 3.840664275063655764e-02
1.164392910706097162e+01 2.056775500754247019e-02
1.168287813303012435e+01 7.002575851020497106e-05
1.149808472233884515e+01 5.472644090970379130e-05
1.160884458390040130e+01 -1.494449998176992402e-02
1.175285880812045569e+01 -1.756247896883957743e-02
1.158962107111780426e+01 6.854961194756259370e-05
1.177792132521149959e+01 9.120262742081822009e-06
1.178938440578116342e+01 1.813564804222524834e-02
1.187470006624458385e+01 5.919346056136094741e-05
1.152357487892837362e+01 9.790523437240583344e-05
1.173540660328615282e+01 -6.428134676146439463e-05
2.529199285857608892e+00 4.359543006758892503e-02
9.735485136381806015e+00 2.665403955207598097e-01
9.828584632037772550e+00 3.144829450154521533e-01
1.024656264374106662e+01 3.278722659507252724e-01
1.024977575169717348e+01 2.853891206721508311e-01
1.025776484460755178e+01 -6.248754812915211301e-03
1.035995930232824769e+01 2.896009772623417966e-01
1.107908939024157569e+01 3.188371763531278047e-01
1.120914701846602313e+01 3.245990229049426357e-01
1.094295299677689925e+01 -8.030172833878641836e-03
1.096101529993998724e+01 9.600439251986694206e-03
1.098084839905178534e+01 4.792009518229336411e-05
1.102399719219696372e+01 4.454592642041015071e-02
1.119946890317524790e+01 -1.002169034947580917e-02
1.106958873289394418e+01 -5.406797961359943554e-03
1.109307687662709263e+01 1.974103445298355797e-02
1.114762562791122669e+01 5.533445459140105095e-05
1.136062171857331826e+01 1.510620074679546246e-02
1.123304550785918643e+01 6.188761829251890768e-05
1.106353371058787083e+01 4.871635333005436838e-05
1.122676673209429410e+01 1.690205170240150628e-02
1.131989565697912603e+01 6.358376010012507101e-05
1.111871662470521471e+01 1.802854027529926040e-04
1.131795512623492250e+01 1.332017625986489705e-04
2.856218296442911253e+00 3.972867476746927418e-02
1.003304108786644910e+01 3.209651824095767769e-01
1.003686548087650365e+01 2.774850911041067958e-01
1.047074907968894131e+01 3.350140903190163555e-01
1.048269372890530882e+01 -8.148430951890385868e-03
1.058676564527192454e+01 3.386480565233371820e-01
1.058837573300912638e+01 2.984382364227761153e-01
1.070570719551944094e+01 3.421438863950578835e-01
1.082781315062415572e+01 3.458015162734361381e-01
1.070670900080671117e+01 3.032220486684542027e-01
1.082784478359311287e+01 3.081614041914251811e-01
1.058977417628880247e+01 -6.220743422711652072e-03
1.062930659912813525e+01 4.954463714946929359e-02
1.066145574482061242e+01 4.295192461578359143e-05
1.070641115834718704e+01 -4.930650515648782317e-04
1.071103752372238915e+01 1.586749498475384726e-02
1.083691433963430129e+01 1.161919449889515198e-02
1.082362329432649162e+01 -3.770288152805402124e-03
1.081893275523514397e+01 6.280219853044325090e-05
1.073967835593130005e+01 4.500430388917192186e-05
1.092538793156382404e+01 1.983360041556582866e-04
1.073781740225648917e+01 1.810667462067305929e-04
2.962791301740288485e+00 -1.294960271226503878e-03
3.015426065803642697e+00 2.229780938610609442e-05
3.055330711183310566e+00 1.995606407209147399e-04
9.639452670494065956e+00 2.631550477037013502e-01
9.794557897433643134e+00 3.991741179452163585e-02
1.013848408861153061e+01 3.245969784582632411e-01
1.012603058754421781e+01 2.046793581158578429e-02
1.035733473931961512e+01 3.313390333541435528e-01
1.047278301304884351e+01 2.939108968508075126e-01
1.028406967865085875e+01 3.319643490242035630e-05
1.035283338145839238e+01 1.989169232401559809e-02
1.037141201089154663e+01 -6.574437258424530722e-03
1.043250928829940882e+01 5.439706571766585484e-05
1.046541741648257329e+01 1.461170262150243010e-02
1.050794070286695359e+01 5.403620848105706632e-05
1.058425207740401852e+01 3.884777037408998246e-05
1.057664133578379406e+01 1.022186726357592577e-02
1.055579020461494011e+01 1.757988142473623653e-04
3.087388821881683842e+00 -1.574747913372688286e-04
3.113176353794354423e+00 -8.005492391172951464e-05
3.148411939217112376e+00 3.348868711958827293e-02
9.351314197616778401e+00 -8.396885062654324550e-02
9.445022028294781435e+00 3.033876433840466680e-01
9.833674056904651906e+00 2.701014308960806853e-01
9.929679876127082139e+00 3.175225616662503136e-01
9.950792199219899103e+00 -1.294637848940048686e-02
1.014210066984045611e+01 2.813235784534457440e-01
1.006665147283766792e+01 4.773628765628035175e-05
1.014994806943392724e+01 -1.733851795392565842e-02
1.021258679382336965e+01 3.909832732690631668e-02
1.013849263023201885e+01 4.948310061683750075e-05
1.035789065646380713e+01 5.095526859379863999e-05
1.021094178748830039e+01 4.363141107166512711e-05
1.037900921526642684e+01 1.494983670946550727e-04
1.020736498168957596e+01 1.391298766193967173e-04
3.136753303926470338e+00 -4.908252427658222602e-05
3.159155465154384501e+00 -1.839990565913705511e-05
3.180863391832503773e+00 -7.190010677430540349e-06
3.202111646500617859e+00 -6.049040201892522483e-06
3.223044227907259973e+00 -6.340790577622677998e-06
3.243747398512821789e+00 -6.574485773554075872e-06
3.264273110447333703e+00 -6.683214556024267167e-06
9.352489925097170698e+00 3.032814062569604840e-01
9.633367811102681699e+00 3.085236778044005979e-01
9.934078576671867111e+00 2.737580981380096645e-01
9.784711314351444145e+00 4.680748945592693431e-05
9.829190230495527203e+00 4.317093128869451540e-02
9.845347780289110062e+00 -1.092057962885849449e-02
1.005327898866240055e+01 -1.620685568121837603e-02
9.995400867353964713e+00 4.813523160806310378e-05
1.002331006013651482e+01 2.425091149782186012e-02
9.924677565694391745e+00 4.635480132008943581e-05
9.854475416298026147e+00 6.316298056347123977e-06
9.921917072344045962e+00 2.854775798090450692e-02
1.004066053295558625e+01 1.486111005397833577e-04
9.878676570266557988e+00 1.311757123936167844e-04
3.284653162797643855e+00 -6.579196291204316877e-06
3.304906865954253981e+00 -6.395411466990878288e-06
3.325045501410925031e+00 -6.058187602935491559e-06
3.345075042372679608e+00 -5.596067969807887154e-06
3.364997853305616182e+00 -4.846518343346668815e-06
3.384814016127653424e+00 -3.760140860836956427e-06
3.404521758724925906e+00 -1.911820570503826558e-06
3.462134236607476989e+00 3.576091831038723245e-02
3.424119068505382835e+00 1.374671772963992139e-06
3.443604301271753432e+00 6.477722478506144803e-06
9.538552754258546429e+00 3.057191344818973588e-01
9.453922642719344793e+00 2.566681573659773674e-01
9.545627984036139324e+00 2.598891238660706593e-01
9.441333813455992541e+00 3.954454514336734616e-02
9.471797843870003675e+00 -1.813304973455455785e-02
9.740018684604446975e+00 -2.471355438136134744e-02
9.658919625880402648e+00 -3.102289443372879471e-02
9.509515956966037464e+00 4.460063741766061204e-05
9.529740182018759498e+00 3.367325360757455338e-02
9.569105324502086063e+00 -2.345457115680076726e-02
9.646388080646326912e+00 5.155687130720891086e-05
9.714446801768483297e+00 2.774253807868920854e-02
9.621884201548095206e+00 3.064227031848771460e-02
9.715357780553636857e+00 5.434520492015958550e-05
9.577779163695678832e+00 3.298794867321686795e-05
9.721218851902115432e+00 8.780752797658621946e-05
9.568235260554954991e+00 1.124389397491327151e-04
3.462976405414646131e+00 9.389587660678207827e-06
3.482225339684724918e+00 4.918663877145896510e-06
3.501342334909808951e+00 3.118498799696306045e-07
3.520327277916132758e+00 -2.411177460286882297e-06
3.539178177112911605e+00 -3.748331663488597349e-06
3.557892009408962330e+00 -4.355855152333055928e-06
3.576465831754778613e+00 -4.696311957196755909e-06
3.594897092327249410e+00 -4.843152410783874373e-06
3.613183915389634127e+00 -4.892560282050457000e-06
3.631324800643271900e+00 -4.886226091536972938e-06
3.649319060701812223e+00 -4.845821465389494215e-06
3.667166519916308154e+00 -4.748955235579295264e-06
9.364250401179804228e+00 2.533766442562038201e-01
9.259601522167073995e+00 3.103630792657537940e-01
9.205327240484850293e+00 3.268855717456801147e-01
9.276586197144828461e+00 2.499406267012067306e-01
9.441519345360397608e+00 5.446023112242746108e-05
9.419390726780715539e+00 5.977503676248374604e-05
9.383976279852019431e+00 4.865763423792976439e-02
9.129857682403901720e+00 2.871288304670917002e-01
9.190811453119199115e+00 2.458369713583669625e-01
9.373815064167786204e+00 2.147776455210381464e-05
9.355673383949604016e+00 -1.329321702186235001e-02
9.033301787521640591e+00 2.776950940985645766e-01
9.102100261429658445e+00 2.424695053159836022e-01
9.330469128806333501e+00 2.669096660769908549e-02
9.126963370359922223e+00 2.090555531645002796e-01
9.021091404149771620e+00 2.426600275309577504e-01
9.306333637702671524e+00 5.273864121889084615e-05
9.260986060462638392e+00 2.816028970155401434e-02
9.231707137683013542e+00 -6.044446249260438005e-03
9.239075468374753797e+00 8.261697874490552592e-05
9.274989542883844251e+00 -5.019989644737632515e-04
9.179660125206090981e+00 3.521164262781641824e-02
9.095750772135691165e+00 4.225209363627124154e-02
9.172008477318561503e+00 6.840437193492321280e-05
9.136710774829165160e+00 -7.006469494916653211e-03
9.105131246603535899e+00 5.907094529630429542e-05
9.134227091980957169e+00 -1.659849567560426307e-03
7.962506228338490644e+00 2.419178415301932450e-01
8.947312573759795384e+00 2.756001802919326171e-01
9.048170715982756462e+00 -1.115200911139682324e-02
8.941239671697774227e+00 2.402062836903428866e-01
9.038420366139227724e+00 3.227982335989947299e-05
8.151208990110751174e+00 2.485912355180397992e-01
8.865926881772475454e+00 2.735239235597077823e-01
9.011487050073279548e+00 4.726885411961548322e-02
8.862563001190270739e+00 2.376125903424042285e-01
8.787240151087781115e+00 2.710835686534653344e-01
8.966323238829779996e+00 -1.519914129350384904e-02
8.980554633844041845e+00 3.336233142341388236e-02
8.998294695251660258e+00 -3.271684467610386140e-04
8.216629457962309147e+00 2.509338034388051142e-01
8.971931394897360690e+00 -3.876458828352360844e-06
8.929361364083243657e+00 4.614722041826462701e-02
8.785332287621477221e+00 2.350775379684539035e-01
8.710345198117005694e+00 2.686574862229174632e-01
8.283322158843835936e+00 2.535561327317817915e-01
8.886905630174435800e+00 -1.508707512786254361e-02
8.709606270676285789e+00 2.326349312564613414e-01
8.285040379518067155e+00 2.192341973225112040e-01
8.635452347369312776e+00 2.659770292901037503e-01
8.905544806701385596e+00 4.769821780606347129e-05
8.270371545855162765e+00 5.364819711963399185e-02
8.849107738650948463e+00 4.777103715981607240e-02
8.304476596639188912e+00 -2.007483713850984758e-02
8.635365853048787343e+00 2.302534507952650467e-01
8.561813080048406022e+00 2.636224902833314010e-01
8.350752302652743708e+00 2.560314362400760713e-01
8.808387844107080866e+00 -1.583552572669448544e-02
8.864648106658725268e+00 -1.049263864151073547e-05
8.490248365731497771e+00 2.611412992309297687e-01
8.839265331372009982e+00 5.472498722142645362e-05
8.419802789365025575e+00 2.587407284185198608e-01
8.562565711368730348e+00 2.279294030379626079e-01
8.352456919891270815e+00 2.213121675178902070e-01
8.771248113290345927e+00 4.884431874161816040e-02
8.313337698597837999e+00 5.454721354587421214e-05
8.491192257615981731e+00 2.256493602848836655e-01
8.421175537581586212e+00 2.234304566699522321e-01
8.731874506810116898e+00 -1.620350922671747948e-02
8.773117568199076288e+00 5.334857634085573495e-05
8.695284536624839689e+00 4.981295655684379181e-02
8.734996739455416659e+00 1.661725804320751256e-05
8.656835411306181172e+00 -1.607284475775661720e-02
8.378690534151798985e+00 5.763120636706314511e-05
8.439020255870067544e+00 -2.072366929166044591e-02
8.707091607165830638e+00 4.963673805060103938e-05
8.621262122760098734e+00 5.084373289239307175e-02
8.405979014544689321e+00 5.215143909497234331e-02
8.582015629721100325e+00 -1.515182174141735567e-02
8.507627109293675716e+00 -1.838523662938040815e-02
8.538114682316468418e+00 4.363788629326138813e-02
8.475576885187477316e+00 5.102177373860688342e-02
8.553354801182070588e+00 5.120219734215604446e-02
8.641177058865020300e+00 4.192172387439786286e-05
8.575378983621384066e+00 4.217320190951149412e-06
8.444164797992433691e+00 5.679634072913584053e-05
8.608698364011754478e+00 5.323093496813520459e-05
8.509761911015900182e+00 3.151998264845177214e-05
8.485709365036424146e+00 7.231745237668201832e-05
3.684867711831797177e+00 -4.689266885211785538e-06
3.702423896841501971e+00 -4.561288518643719543e-06
3.719836987758998514e+00 -4.482515231534984049e-06
8.024163088947091182e+00 2.442166838766584303e-01
8.218888570094783574e+00 2.171984199829253004e-01
8.248107110441345924e+00 4.675082977293507324e-05
8.371582577957392246e+00 -2.068076125763843032e-02
8.337520450297535746e+00 5.294552323935602239e-02
8.365939103693536438e+00 6.078634226460544161e-05
3.779242531635551128e+00 2.946306048426925936e-02
3.802233032690529591e+00 -6.490380186334203383e-02
3.737109497721598839e+00 -4.276894401375460054e-06
3.754245174481779745e+00 -4.279136561475599888e-06
3.826091584475517227e+00 1.170077840981738893e-01
3.771247484398822625e+00 -4.041776161930524372e-06
3.788121915438160237e+00 -3.965264823028540720e-06
7.965870063367166409e+00 2.095169263259513415e-01
8.027470062474550971e+00 2.113761164314288954e-01
8.087139571561049678e+00 2.462689537016542751e-01
8.172774528057303201e+00 -1.715331749775390532e-02
8.183004579629225006e+00 2.796248659119090482e-05
8.204561354435515597e+00 5.437950818140538378e-02
8.238473678605922501e+00 -1.907863069459669533e-02
8.249247139301061793e+00 6.510288511850465475e-05
3.804873354085871906e+00 -3.646185759584754313e-06
3.821509035646073915e+00 -3.667136248231676424e-06
3.887463122942906413e+00 -1.160706014107878992e-01
3.887377450867058215e+00 1.097560472473994297e-01
3.838035217398906518e+00 -3.011362898775755936e-06
3.854459867261041062e+00 -2.829216006408696139e-06
7.725077246667332531e+00 2.327374992515278684e-01
7.845762775545594536e+00 2.059645993371050643e-01
8.090149723313313501e+00 2.132832965101315870e-01
8.153935566169138838e+00 2.152319014897192129e-01
8.053298125604319679e+00 4.884063140951912479e-05
8.104733212885367521e+00 -1.571334229058769794e-02
8.074814012757840942e+00 5.290783796502855629e-02
8.118084204125468162e+00 -1.550684728551286217e-05
8.103114217399644659e+00 4.320707222374561840e-02
8.140763886298975294e+00 5.527674335381782544e-02
8.135524564240066425e+00 6.480998505978170516e-05
3.921990365007586465e+00 1.568171304795006327e-01
3.870791935142617213e+00 -2.229502809118891581e-06
3.913352712837688596e+00 9.970830094318451631e-02
3.899783782678075017e+00 4.323478085692598200e-02
3.887040434223928642e+00 -1.824550093254558371e-06
3.903215594649249720e+00 -1.621762539392622254e-06
3.918590138621374397e+00 5.764078627703878022e-02
3.916485357835188807e+00 -8.187750217082058100e-05
3.936177061596297211e+00 1.072401922086628906e-01
3.938414869827358000e+00 1.011467636910625550e-01
3.929405853825987727e+00 4.371985804657397418e-02
3.919327485398316657e+00 -1.719289451751145806e-06
7.842035162955418137e+00 2.373038528237214062e-01
7.901793539953125389e+00 2.397042683048177247e-01
7.905309807098257480e+00 2.077143692258869578e-01
7.920340898866301771e+00 -2.275044494705607059e-02
8.039529830832757185e+00 -2.001426555253891029e-02
7.979458978371225975e+00 -2.234768106629379802e-02
7.951370321698096433e+00 5.543034215938457548e-02
8.012671340340691728e+00 5.476384722020956330e-02
7.924105983193361347e+00 6.409147740103949718e-05
7.988613834394054258e+00 6.252839757830485430e-05
8.024672741237802498e+00 6.445558271834686103e-05
3.985491306603988981e+00 -9.230873534289905924e-02
3.935387681463926146e+00 -2.753014212752751019e-06
3.962112372440313557e+00 1.078203226173234802e-01
3.943429994585264886e+00 -2.195536054498104753e-04
3.964736456919118357e+00 1.024055785713286898e-01
3.954589713841329068e+00 3.991858616640502760e-02
3.951407431279923888e+00 -3.365881897342546173e-06
3.990970251815478598e+00 1.042813619567038441e-01
3.987393528019209654e+00 1.074519124146064847e-01
4.028166587068842119e+00 1.227983631883679816e-01
3.987735016074645866e+00 4.094277239245772138e-02
3.970123836337027257e+00 -6.741985568646316485e-04
4.010524198100464233e+00 1.104889950315905423e-01
3.967400172787611368e+00 -4.636572720230102363e-06
4.018569843546032416e+00 1.048475617426672252e-01
3.983378788109815272e+00 -4.866331554234510606e-06
3.997576640652643842e+00 4.002444160393583039e-04
7.783068889145844160e+00 2.348647558331653229e-01
7.787169174724075660e+00 2.042563105501563614e-01
7.891046816911287287e+00 5.591810418776994168e-02
7.861874935274423493e+00 -2.221895723667951725e-02
7.729542064539386637e+00 2.025819873795995651e-01
7.667288758836576790e+00 2.307541033126701280e-01
7.859780684764454683e+00 6.345538994613544859e-05
7.611778092802120810e+00 2.282100173262949505e-01
7.672803937990118506e+00 2.009769820985430056e-01
7.803969674826872982e+00 -2.095495624292094058e-02
7.831718213697031139e+00 5.633963383797465502e-02
7.916591445659413750e+00 6.274914737976956705e-05
7.746295602873354724e+00 -1.884059162207680008e-02
7.773405726171366936e+00 5.675569756454024173e-02
7.795648089747583498e+00 6.078077270616434380e-05
7.716301450232532666e+00 5.728602922848390760e-02
7.731720258134209267e+00 4.932230318253146858e-05
4.043927704907181564e+00 1.165915256589308141e-01
4.015712161621930676e+00 3.772776256747992218e-02
4.045370575135869728e+00 1.055293130827585357e-01
3.999356362495336548e+00 -3.803449775913702605e-06
4.037414382729360263e+00 -1.940830931117983396e-02
4.071741198857598221e+00 1.158484234560840376e-01
4.072119549217936729e+00 1.060984739503380153e-01
4.024034413720534609e+00 3.220107669376786469e-03
4.015352657550566917e+00 -6.709516568845680078e-06
4.050907499616829277e+00 3.961385386206688758e-02
4.079796266159201323e+00 -3.900475582416319987e-06
4.068495543164361017e+00 4.025510612923738352e-02
4.031379028925649699e+00 -4.917015496404886817e-06
4.063582425396370823e+00 -3.130154513430062946e-06
4.047413255884846350e+00 -5.906921909627492065e-06
4.047025462302412890e+00 -3.125834936856452194e-04
7.152021084654730743e+00 3.920878706663515345e-01
7.811190644043772835e+00 5.819626892846099895e-05
7.616944103840708635e+00 1.993045115092417219e-01
7.555526474772376488e+00 2.268681639398665295e-01
7.687435351528218774e+00 -1.509219289399986626e-02
7.561844606632584842e+00 1.976576257681135207e-01
7.668034768332326223e+00 7.072931133651618886e-06
7.287918433693078235e+00 2.150934339517396876e-01
7.500867364378511759e+00 2.251565429566977361e-01
7.708380824397703002e+00 5.290154324344151698e-05
7.662294309245896606e+00 5.644131536968487878e-02
7.650937442733700244e+00 3.884938271949542332e-02
7.624913879148746965e+00 -1.581884604347096046e-02
7.507636733085584879e+00 1.961210344099937608e-01
7.298023925337136397e+00 1.901763617555289609e-01
7.447152427270940400e+00 2.225650686043828264e-01
7.355545929854326204e+00 -3.138064558916735941e-02
7.603140300251983952e+00 5.554018294955338081e-02
7.566915587409314803e+00 -1.954921338846399292e-02
7.454149180550897924e+00 1.945743526477327623e-01
7.340392225382128544e+00 2.180358785003226330e-01
7.393442833068558429e+00 2.206583458872422854e-01
7.548311422198318077e+00 5.629282069748508394e-02
7.511953828351561668e+00 -2.299306949299773778e-02
7.349347504536875242e+00 1.916122422216486321e-01
7.604617017482643959e+00 5.473099308584818086e-05
7.458528920274100749e+00 -2.567758110409975453e-02
7.608081438061475410e+00 4.670413436952846920e-05
7.405863920052066618e+00 -2.854660170284090831e-02
7.401374589727898190e+00 1.930691803475506063e-01
7.494275159581389900e+00 5.658759339292050022e-02
7.541374543852929158e+00 6.886001553629578914e-05
7.440999997009972056e+00 5.673138813849275264e-02
7.388498043374651658e+00 5.683577040710066641e-02
7.478408133699010030e+00 6.977987616079269146e-05
7.415729896529310139e+00 7.304657318583750300e-05
7.510199214702371506e+00 4.446309950183053293e-05
7.414661224063028300e+00 3.376107849572923504e-05
4.098863673531312202e+00 1.164366049158511995e-01
4.099288092654208349e+00 1.068539755479904069e-01
4.077364881171466671e+00 -2.322697903502247280e-03
4.092620940821146469e+00 3.926557185005665612e-02
7.221410738702617849e+00 -1.200858527263114206e-01
7.307156127282350866e+00 -3.071124917445528998e-02
7.336741889338021849e+00 5.696075117709654967e-02
7.353358221779478399e+00 7.901412970705740417e-05
4.126281704040930087e+00 1.170571188302505228e-01
4.126740974295233677e+00 1.076539718387785616e-01
4.154102840642003969e+00 1.177847182714939211e-01
4.096107132213629320e+00 -3.225545915193426835e-06
4.105473376591201706e+00 -2.894567159885173910e-03
4.119727271974953808e+00 3.906865805128188068e-02
4.112535168171683964e+00 -3.309548065731591258e-06
7.055818700698142543e+00 2.001773241464714359e-01
7.130520693966495571e+00 -1.511376795035526341e-02
7.136741434745367485e+00 1.932298837573562245e-01
7.148827018119899179e+00 1.860755366623659535e-01
7.235337218971784168e+00 2.107065352415757042e-01
7.183417315478017429e+00 2.046264419823949354e-01
7.247364766525903335e+00 1.887326356304550312e-01
7.255043400175519963e+00 -2.355675245945912030e-02
7.285755465447734558e+00 5.726095576617899058e-02
7.291303773028896984e+00 7.533190398741964353e-05
7.321395110577320509e+00 1.459032884625363440e-05
4.154488954068577655e+00 1.084324831838608394e-01
4.182297225420998465e+00 1.186223060411573937e-01
4.182538426028261647e+00 1.091943205423586971e-01
4.210732285788535201e+00 1.195073071895336736e-01
4.147328895524683645e+00 3.907256045017847707e-02
4.210886834292836056e+00 1.099525774402678319e-01
4.239495307193097418e+00 1.204522191369343659e-01
4.133384117076058573e+00 -3.206622003522299324e-03
4.129096500851836993e+00 -3.692607990661550934e-06
4.175247375223598567e+00 3.903364154999545282e-02
4.145813293989369264e+00 -3.257437017492748139e-06
4.189915370714277998e+00 -3.649521382690095947e-03
4.203463676753086631e+00 3.904236674176127936e-02
4.161509209110807461e+00 -3.431486714069711865e-03
4.162703902075582718e+00 -3.982792314005667578e-06
7.197469123486674114e+00 1.873424125687643826e-01
7.097305197898363005e+00 1.860202652761641373e-01
7.049532125510313385e+00 1.838096856444076943e-01
7.235873772557270378e+00 5.820930941636117545e-02
7.104136154272365999e+00 1.930108085192356049e-01
7.190797951622720063e+00 -1.271073790764309930e-02
7.203897723526439201e+00 1.866465945732081327e-02
7.187994508037292007e+00 5.798122581263714242e-02
7.138051841909295092e+00 5.774377739035405077e-02
7.168343792356299815e+00 2.633667213795187680e-05
7.229552709804663024e+00 1.425685503619577195e-05
7.230330040393083912e+00 -3.287415166308704784e-05
4.239536203170178652e+00 1.107136491919304827e-01
4.179787199345102344e+00 -3.379793624748856722e-06
4.268524132935719528e+00 1.214196709315246009e-01
4.327475970771169855e+00 1.233939041487630145e-01
4.268476743029239628e+00 1.114799114891505266e-01
4.297858174998946623e+00 1.224033886471726090e-01
4.231986837679708735e+00 3.907818460193725196e-02
4.218601477568559410e+00 -3.869019674533335455e-03
4.197086745130604868e+00 -3.193884521957473866e-06
4.297705817491288549e+00 1.122505472311589592e-01
4.260816443262307018e+00 3.915772339039402805e-02
4.247570217359669442e+00 -4.087685332230838950e-03
4.214621234733655797e+00 -3.783279312012634104e-06
4.232413947198956805e+00 -3.154275066639768638e-06
4.250486662494287415e+00 -3.399986741560774064e-06
6.678139762239821309e+00 1.961380574856255721e-01
7.006377025943166359e+00 2.019554615051881163e-01
7.001780930234384748e+00 1.823389868540830627e-01
6.957554897617225897e+00 2.021760292213790611e-01
6.954421101676032890e+00 1.809901076383543250e-01
6.909594518191380708e+00 2.015717856143096620e-01
7.077490961663662539e+00 -1.562839295387191338e-02
7.141530180184764376e+00 -1.726599425885365217e-05
7.088508376780482401e+00 5.831024095707616067e-02
7.107312342423925955e+00 6.862922053366164114e-05
6.862261690798216129e+00 2.006737871236294324e-01
6.815502527283185508e+00 1.995873043241040423e-01
6.907489349141060053e+00 1.796954720100052971e-01
7.039492053589903264e+00 5.858927057726809329e-02
7.026638150584331832e+00 -1.560545725929248471e-02
6.860998140975006265e+00 1.784290351908950634e-01
6.814929789153667983e+00 1.771843817966331502e-01
6.991116180381603762e+00 5.857403608751859253e-02
7.046694372953870911e+00 7.468970023419650294e-05
6.977175418062668832e+00 -1.544676733263118662e-02
6.943389283766707720e+00 5.841345997420492597e-02
6.928679393901691519e+00 -1.528736775725193266e-02
7.054666705358100920e+00 -9.269055487801592917e-06
6.880942210616456833e+00 -1.498346956577296593e-02
6.833814860008735614e+00 -1.445260433244186134e-02
6.896250345197631582e+00 5.820186985661306850e-02
6.986494418128420314e+00 7.438237859605727577e-05
6.849653650424366802e+00 5.799497506350961840e-02
6.969846841191640330e+00 -1.624303664279883836e-05
6.926719896208765270e+00 6.887610364608720559e-05
6.867390656009245475e+00 5.959776377782094930e-05
6.886993973891735621e+00 -3.341879945640060788e-07
4.327221076776762487e+00 1.130303203198252393e-01
4.276836240278478307e+00 -4.311526524524760852e-03
4.289940157156404865e+00 3.925773835125476174e-02
4.268860077121455099e+00 -3.303215421003984358e-06
6.723394501210324670e+00 1.972981046233312497e-01
6.769121926691082258e+00 1.984524435040975476e-01
6.769261077580638108e+00 1.759641671067202762e-01
6.803586582536499172e+00 5.781713616027023273e-02
6.808517890454707455e+00 2.001329370114741360e-05
4.418173841428606252e+00 1.264319997657572248e-01
4.357400881439296825e+00 1.244158265101316663e-01
4.319351135457238477e+00 3.937549101779184296e-02
4.357019825485786590e+00 1.138170537414573968e-01
4.387634062730334961e+00 1.254088195778346460e-01
4.306401902983608920e+00 -4.538365240032469529e-03
4.387101414574073210e+00 1.146133635959444702e-01
4.287558979409785920e+00 -3.115403358620599404e-06
4.306605280808439851e+00 -3.656105058036374089e-06
6.723975180879850022e+00 1.747586190937895079e-01
6.679053924753514337e+00 1.735543871833571117e-01
6.786588051857095572e+00 -1.350362910093777166e-02
6.738333502698287347e+00 -1.388821015618510110e-02
6.758350176852673918e+00 5.747617241215708522e-02
6.750241879342419260e+00 -9.675580814470098438e-05
6.745627769908736582e+00 3.389629012771657596e-02
6.806017944717964063e+00 1.487955066398496388e-05
4.512026106537679659e+00 1.294360539720833259e-01
4.417462062141180645e+00 1.154174393477955529e-01
4.449062349097410163e+00 1.274292779040082091e-01
4.349058027829575401e+00 3.951663193194471235e-02
4.326022288987545039e+00 -3.234629894271209931e-06
4.336273853443796789e+00 -4.777428678975631157e-03
4.451647860812570912e+00 -3.161920342096117543e-06
4.379052334341201558e+00 3.967488570971611228e-02
4.345834117125698448e+00 -3.065347083383206086e-06
4.407874506839026374e+00 -2.903008351007620650e-06
4.396962100242127747e+00 -5.297831683327351542e-03
4.366456677034472378e+00 -5.028931371692711705e-03
4.386735949834580595e+00 -3.101062488019434882e-06
6.500847500705742021e+00 1.909779205449692596e-01
6.633211599087288413e+00 1.949041094105672667e-01
6.502689233747188879e+00 1.689088009761222919e-01
4.366064122140695503e+00 -3.365629110629875242e-06
6.634473839515474758e+00 1.723713477059344301e-01
6.588810069696537930e+00 1.936485909569152231e-01
6.544657384127332556e+00 1.923301432137668465e-01
6.604726270391926946e+00 -1.653712492197379272e-02
6.648795837266008313e+00 -1.661942767551575356e-02
6.692865619671999333e+00 -1.605645407341736719e-02
6.590231819973916494e+00 1.712067604795585174e-01
6.546306601091402833e+00 1.700485598502758378e-01
6.712558142230609093e+00 5.661711602687501121e-02
6.692410757249848352e+00 5.308843131056701834e-05
6.667478079114564693e+00 5.650959354427909087e-02
6.726876061964968123e+00 3.165925327606374662e-05
4.448101646034624324e+00 1.162283422786825893e-01
4.480333787311494120e+00 1.284323655976273848e-01
4.409338791037601624e+00 3.985433261465180094e-02
4.479011255340517472e+00 1.170521349428479824e-01
4.544386703640515002e+00 1.303147836873624621e-01
4.510187171960668984e+00 1.178784361516021090e-01
4.439920831960163738e+00 4.005713989442676037e-02
4.427808211936103078e+00 -5.595218698514497872e-03
4.459009524271290381e+00 -5.936693492364312347e-03
4.470802951609158526e+00 4.029060640130006227e-02
4.490600260163414958e+00 -6.355669527972753613e-03
4.502000382328871453e+00 4.055131330311040339e-02
4.429503808611264581e+00 -2.867716444687889456e-06
6.457290620567145645e+00 1.897246230203538941e-01
6.622888713692513640e+00 5.628708468270815501e-02
6.634995941722205082e+00 7.890288320275483890e-05
6.414074488602995672e+00 1.882542089256672158e-01
6.370969712656268769e+00 1.868846583113370485e-01
6.459369895761832403e+00 1.677908641242150944e-01
6.649560141798781743e+00 1.280624689400232887e-05
6.560785168310798277e+00 -1.632469367158566331e-02
6.578659732532045723e+00 5.602081008751615826e-02
6.373575906063321028e+00 1.655836729715090827e-01
6.416343026423080076e+00 1.666844723873549816e-01
6.534761823732766928e+00 5.573409862158931749e-02
6.517075692374283413e+00 -1.605745564244110898e-02
6.578133420400298803e+00 7.996430671103492882e-05
6.387663030787280150e+00 -1.451411844358934528e-02
6.473653926972239070e+00 -1.573251573398937522e-02
6.491185671967824256e+00 5.544565166554325103e-02
6.430518447128222626e+00 -1.522359094354059500e-02
6.447905337409489235e+00 5.515453962283957401e-02
6.573996007789391527e+00 1.945642924222667423e-05
6.521818042819612415e+00 7.865316304614995300e-05
6.466066787943402616e+00 7.734466882406631713e-05
6.500137009826182144e+00 1.910313519906328564e-05
4.541613960279419437e+00 1.187129292386658597e-01
4.577896262205684685e+00 1.311978736499353482e-01
4.522623689077331477e+00 -6.914639653447124737e-03
4.533540066955616510e+00 4.084950116804331177e-02
4.474331966909362635e+00 -2.881713975802321738e-06
6.285475927986866829e+00 1.842752077073987471e-01
6.328205913790223569e+00 1.855723383249048286e-01
6.331082410396850157e+00 1.644943682921313488e-01
6.410883125620495449e+00 6.391516041515965822e-05
6.404926123321899034e+00 5.487180451099983591e-02
6.427952848780867257e+00 1.558637847320909486e-05
4.640191928428956558e+00 1.637778414451590836e-01
4.573247957983591405e+00 1.195399292635428573e-01
4.497580225241464724e+00 -2.741561803060394901e-06
4.555145406000431940e+00 -7.726683374499555314e-03
4.615444188879573417e+00 1.323156761551224081e-01
4.604969294992532269e+00 1.201764570234681306e-01
4.565487908990225385e+00 4.115906197277584971e-02
4.588254620581986742e+00 -9.095048205969563995e-03
4.521417279612845341e+00 -2.854537697976593201e-06
4.597933537804131277e+00 4.134710162843262260e-02
4.545867590276453818e+00 -2.933678365969600462e-06
6.243110077185427542e+00 1.831153589799333903e-01
6.288844273470274082e+00 1.634045348666195996e-01
6.201021933528899410e+00 1.820547314929014393e-01
6.246848254539634659e+00 1.623179798590548006e-01
6.205080327713388577e+00 1.612309908736674069e-01
6.344958152053618683e+00 -1.335903681121553346e-02
6.301724040488319467e+00 -1.126580538211210264e-02
6.255447621711937245e+00 -1.031402566763943950e-02
6.362252837969963437e+00 5.460938797003527662e-02
6.302217466151538439e+00 -2.627900755755644186e-05
6.319995124586788471e+00 5.442221868554782127e-02
6.356265937480344519e+00 3.860979664709799606e-05
6.278742490488621542e+00 5.381431536102865981e-02
6.357399893625609977e+00 1.814169339904001359e-05
4.637924792048105260e+00 1.201774070905788916e-01
4.660786667596728883e+00 1.366491111051761631e-01
4.570955639018052352e+00 -2.917460013987544828e-06
4.630047875704212501e+00 1.067527240424236690e-01
4.621991478662341279e+00 -1.173540336753592372e-02
4.670789352854774812e+00 1.216468902724913148e-01
4.655458341773839770e+00 -1.886794354547083330e-02
4.697965659766094149e+00 1.373189163022882631e-01
4.630726624267869518e+00 4.106522521098821682e-02
4.703576001196536183e+00 1.226800191337616280e-01
5.707699211759489799e+00 3.341085872651688438e-01
4.596705988498137607e+00 -3.057025430988186585e-06
4.663227782524169918e+00 4.044485538856656959e-02
4.623143035618305419e+00 -2.814842056610755454e-06
6.159217896190367192e+00 1.808338634951928425e-01
5.953324027627066251e+00 1.743749393749578491e-01
6.163524580296613209e+00 1.601513644030720940e-01
6.117682380649849705e+00 1.797576822277630881e-01
6.266343196513895819e+00 3.008299386411431367e-02
6.076340051072906867e+00 1.785063356438311155e-01
6.122185104350456264e+00 1.590889050359684531e-01
6.288438759221042673e+00 2.013292062843698583e-05
6.235767631719589588e+00 5.235292617541020821e-02
6.249044899644633944e+00 -5.041932926862311565e-05
5.999458285554992720e+00 1.559523317371207252e-01
6.035195519592883251e+00 1.772194983979676064e-01
6.211711198724588101e+00 -1.321126205729878864e-02
6.081067441626461623e+00 1.580324201326289424e-01
6.170206989822037968e+00 -1.488907533647326926e-02
6.193714606221544017e+00 5.233492214199138293e-02
6.046957921952467174e+00 -1.631882293692971456e-02
6.129045908414100019e+00 -1.564062541794877456e-02
6.040160327454327849e+00 1.569879508122846434e-01
6.196242017477310959e+00 7.545781380412182110e-05
6.152158182124046526e+00 5.210074277845456320e-02
6.221035439512387910e+00 1.602363753573192846e-05
6.041681345560639294e+00 8.752795700153572010e-05
6.087973326732096346e+00 -1.606428959979296078e-02
6.069793552573830908e+00 5.142361307292606099e-02
6.110858208404875036e+00 5.177630433886763750e-02
6.144069023450805744e+00 8.366220780559812753e-05
6.155160286667005209e+00 1.683064570172239282e-05
4.674207981793725430e+00 -2.280323418754337528e-02
4.650291465409910785e+00 -2.765062840565488398e-06
4.732559553310465184e+00 1.381474501546736955e-01
4.695529288256827805e+00 4.019452557594022091e-02
4.736644034297665229e+00 1.236128696172957425e-01
4.769989721850868669e+00 1.245184374500764024e-01
4.766700268090636072e+00 1.390933396494417329e-01
5.994192259972707326e+00 1.758372488094483432e-01
5.958963693501551084e+00 1.549231574799850852e-01
6.092546726379642230e+00 8.620155272747054710e-05
6.090779063114042380e+00 1.547127453266522150e-05
4.800800510674985588e+00 1.401080393282823078e-01
5.743821324139069873e+00 -1.400561663534285739e-01
4.705463722135400317e+00 -1.388063628373395995e-02
4.803604392143586921e+00 1.254168702318707862e-01
4.835009994576274117e+00 1.411457305125677908e-01
4.678174592102964269e+00 -3.384451077657842041e-06
4.869396737576741963e+00 1.422224268462028429e-01
4.728136958119285360e+00 4.032196869098150782e-02
4.837483408107523530e+00 1.263116964923379770e-01
4.706815701749572867e+00 -4.096115078250108825e-06
4.740134393785067957e+00 -1.124411356608252983e-02
4.761161559031642732e+00 4.059646930682793420e-02
5.912579453629909665e+00 1.726805544958412153e-01
5.918670900994648321e+00 1.538979951551530945e-01
5.871841836978712870e+00 1.708420441338168172e-01
4.774709059766461650e+00 -1.013394662379520604e-02
5.878592076687747081e+00 1.528835950157106938e-01
5.831241803343373498e+00 1.684022086306619370e-01
6.028947583896457907e+00 5.104568151968642831e-02
6.006055680688318077e+00 -1.652421754694910136e-02
4.766468420109081450e+00 -2.940696827134390346e-06
4.736238794194514767e+00 -4.032578124444454274e-06
5.790702852873056194e+00 1.652124288275310104e-01
5.988322158145089169e+00 5.065726436497924173e-02
5.965347416923163948e+00 -1.670808525919003154e-02
5.838739429650324553e+00 1.518654907061512960e-01
5.991466923564886748e+00 8.067780243198130832e-05
6.027863777613809759e+00 1.536058362980801751e-05
5.947923232820995665e+00 5.027718696586361974e-02
4.794553065871636655e+00 4.090273092229038815e-02
4.871619645105793595e+00 1.272107382778293605e-01
4.903971791104752675e+00 1.432946963174966948e-01
4.809211669169765280e+00 -9.554952387707203385e-03
4.828260910796377203e+00 4.121607261721164234e-02
4.906008506475359354e+00 1.281122081108260202e-01
4.797528216571993909e+00 -2.079876787748214224e-06
4.938754742060391223e+00 1.443914330960017200e-01
4.973787846619928565e+00 1.454559371582178073e-01
4.940648934840785600e+00 1.290145384853613464e-01
5.009020890978344021e+00 1.465907472888091645e-01
5.080202953945300415e+00 1.487514597160430607e-01
4.975538041340903384e+00 1.299267159319885401e-01
5.152291167498213476e+00 1.508949110168697205e-01
5.225375275034967792e+00 1.529393803027793430e-01
5.188717751063105510e+00 1.519263557703302292e-01
5.299530455666248585e+00 1.549514702828367341e-01
5.374725976020302554e+00 1.569967212545722579e-01
5.924953274252096058e+00 -1.676664257382564499e-02
5.412649992486350925e+00 1.580035040312183503e-01
5.966381967503618711e+00 1.585878467563169101e-05
5.941898789263147407e+00 7.563291376318158582e-05
5.799130017778093560e+00 1.508437823274452472e-01
5.907752233248174001e+00 4.992708266605113548e-02
5.750850034496740371e+00 1.605189853651571297e-01
5.759872736760796030e+00 1.498200554935724405e-01
5.885027209062553943e+00 -1.635196889572265028e-02
5.528125414021668682e+00 1.603905866760799437e-01
5.567234912959515114e+00 1.607301152878503614e-01
5.721387936537944086e+00 1.492698870079118556e-01
5.715196832432701157e+00 1.543426407680016099e-01
5.646277802367833054e+00 1.590289215176166893e-01
5.684493755159365946e+00 1.552357070336021772e-01
5.606651453117115658e+00 1.605005032532827725e-01
5.680345800559010172e+00 1.490021632031208743e-01
5.564345219399363884e+00 1.451750621289025767e-01
5.641543126329045421e+00 1.473778564693184190e-01
5.892977317377575908e+00 8.669325897730018114e-05
5.867836857899709990e+00 4.969373182787557852e-02
5.845414576844849108e+00 -1.432270062176270627e-02
5.906312098041904157e+00 1.445897732291845527e-05
5.602869662283755936e+00 1.462264147481283638e-01
5.828277236502022340e+00 4.976774344092239205e-02
5.804815532865897687e+00 -7.991957990186477137e-03
5.844704134878548452e+00 1.381444139484957719e-04
5.847621629304481594e+00 1.582689080701937698e-05
5.748783168436525592e+00 -7.380840817179773125e-03
5.789716148898395254e+00 5.009710497141002528e-02
5.751148488175697793e+00 4.934340617130177076e-02
5.796969557957443620e+00 3.562372351185033592e-04
5.780894238542751751e+00 7.492946701322249735e-03
5.750700287186955251e+00 8.573015318279699382e-06
5.790303443233557168e+00 1.973206998999153488e-06
4.822905221946226284e+00 9.759546491287821805e-05
5.010668021640474201e+00 1.308395104086688965e-01
5.044502190546187315e+00 1.476538406527680980e-01
5.046039365876877625e+00 1.317563223112157289e-01
5.116149174085595774e+00 1.498321683386185099e-01
5.262329834490724778e+00 1.539273990919858004e-01
5.450862224028285574e+00 1.589219512552930980e-01
5.489303548543847278e+00 1.597500011287306954e-01
5.525998826907946970e+00 1.441618591400584126e-01
5.487835132612840283e+00 1.431668137416700348e-01
5.449863697923566619e+00 1.421860454572048404e-01
5.711568897206998230e+00 4.910883415188033868e-02
4.844081453021990669e+00 -9.316401889116180182e-03
4.862259189828860961e+00 4.152107481672373535e-02
4.850897718316407037e+00 9.762149687009887016e-06
4.896538089377688863e+00 4.181968964663175525e-02
5.081645752858827692e+00 1.326812521099933473e-01
5.117485596010452831e+00 1.336126748629399008e-01
5.153552833678515910e+00 1.345451408319656705e-01
5.189849143783550112e+00 1.354855882432220437e-01
5.337004315819013023e+00 1.559678445518809797e-01
5.412091525111117463e+00 1.412150760000654148e-01
5.226358563322169637e+00 1.364376127760682511e-01
5.706034576974444938e+00 -1.071947641769849073e-02
5.664194135836565280e+00 -1.160748452409617916e-02
5.374524744870368131e+00 1.402529014679811115e-01
5.263084122434715795e+00 1.373923323204795932e-01
5.300017125256505146e+00 1.383458279209174302e-01
5.337163845580414012e+00 1.392965264053555308e-01
5.671965310320896236e+00 4.910809308911631699e-02
5.734291984197608549e+00 1.229198994081304717e-05
5.704330224279205552e+00 7.126660456155171788e-05
4.829439881800739798e+00 -1.463000607159810966e-06
4.878808422038469317e+00 -9.384945704232566799e-03
4.870246842220148586e+00 4.978761665339986832e-05
4.840318738357312078e+00 6.516071594343649148e-06
4.931083623757975154e+00 4.211408276082190955e-02
4.913708868037049093e+00 -9.390975906921608315e-03
5.582927323445955103e+00 -1.170053870586742518e-02
4.965882474159498017e+00 4.240806082582575937e-02
4.948810953374720434e+00 -9.472308304069183491e-03
5.623194869094884751e+00 -1.177622735529777406e-02
5.632542256510755685e+00 4.892536872013040355e-02
5.679606824572368318e+00 1.138008192313862824e-05
4.925969732710601789e+00 5.386777058794657927e-05
4.984121084317005845e+00 -9.583264431798252728e-03
5.019630402300097494e+00 -9.731420276226596458e-03
5.593426148674022436e+00 4.859971027240175823e-02
5.658777166424908245e+00 8.275408731316424079e-05
4.896641165260629869e+00 4.398409788865231400e-05
4.957123917913737188e+00 6.260669697540660497e-05
5.626218102306737912e+00 7.978477640402932859e-06
5.613921037879280540e+00 8.387395804229412575e-05
4.862226561241640432e+00 -1.334289773034932634e-06
5.554614401289004633e+00 4.820436517097242968e-02
4.895910397540965242e+00 -9.062137225788372376e-07
5.569751556465345033e+00 8.236504726778534993e-05
5.574090476591817556e+00 4.974340073065254524e-06
5.543234300705430329e+00 -1.154581881476661638e-02
4.930512765008879583e+00 -6.516804812756127360e-07
5.516086112066784786e+00 4.779158984827792944e-02
4.989594916904509070e+00 6.876923197776259301e-05
5.504012954232584853e+00 -1.134693176508783444e-02
5.000936327760029165e+00 4.270798865029890035e-02
4.966056590297116990e+00 -4.105779765408951541e-07
5.526264139761265959e+00 7.845611823248160779e-05
5.036237004508856252e+00 4.301000626982828118e-02
5.023115530295148012e+00 7.258505085014105730e-05
5.055350801264948402e+00 -9.891298097031949940e-03
5.002562671696999530e+00 -5.106299646306349970e-08
5.465181422214735463e+00 -1.112621470944127888e-02
5.477815706481615088e+00 4.738825968807575117e-02
5.523213477900903001e+00 6.017011569797762826e-06
5.483455070255693009e+00 7.268350125114913032e-05
5.071778743292064462e+00 4.331384413792517540e-02
5.439783853542015102e+00 4.699185167624702480e-02
5.057534940000786960e+00 7.493001462410061198e-05
5.426713451566567592e+00 -1.086795746176709085e-02
5.091276999551051397e+00 -1.007034098333338575e-02
5.473563419720576917e+00 4.428195192792325355e-06
5.040052426349181935e+00 2.918147999531155603e-08
5.441319912222070343e+00 6.435325763890903915e-05
5.388562077005031092e+00 -1.054659802773430348e-02
5.401986685484641448e+00 4.662016513587960431e-02
5.107559291800254364e+00 4.361574469479310295e-02
5.399853489899570924e+00 5.122563869341702068e-05
5.127389923109724634e+00 -1.026469388063707029e-02
5.092764587165291346e+00 7.682134241854458412e-05
5.350699514880835395e+00 -1.007563511463212443e-02
5.364422629964574973e+00 4.627202831336737349e-02
5.163658340739280206e+00 -1.046364807749625148e-02
5.312934927906180604e+00 -9.184785935069146243e-03
5.327126082198403445e+00 4.597183584661302530e-02
5.143583513143967778e+00 4.392470818753752698e-02
5.273430520141643818e+00 -8.309858202384362569e-03
5.199980608244708868e+00 -1.062393485333224148e-02
5.179842550653558142e+00 4.421921605594140298e-02
5.216369127377738835e+00 4.450419541586649735e-02
5.236135029313815359e+00 -1.041235651555398600e-02
5.359046244864762443e+00 2.630095688561971348e-05
5.318875676169255939e+00 -5.338518702974081367e-05
5.290259427732720177e+00 4.562700905811088031e-02
5.279675639170940293e+00 -4.646278068430594412e-04
5.425115577337076722e+00 1.557123999474290604e-06
5.128751864708152475e+00 7.835576538871710458e-05
5.274334900686915795e+00 1.776330984468605517e-02
5.253290052747787264e+00 4.480650340038136448e-02
5.165467250315263215e+00 7.917505871455547510e-05
5.078546624322925140e+00 3.914396575305821691e-07
5.202902074996234028e+00 7.547678145038062174e-05
5.241093089207404354e+00 2.811089384616746221e-05
5.377853378226731706e+00 2.974426946954223669e-06
5.118066355243440668e+00 5.313608068412307983e-09
5.158631911231734257e+00 -8.835155067597737469e-07
5.331759556023979663e+00 3.420802832788333599e-06
5.200265168246700931e+00 -1.366524519711716540e-06
5.242984128255829823e+00 8.220655968930469146e-07
5.286811083605361894e+00 4.919090599790860620e-06
