-1.460144829293332123e+02 6.749515458493871023e-02
1.677380580932816372e+02 7.144183225527396541e-02
-1.444722639281826559e+02 6.771647227445129480e-02
-1.429404654352336195e+02 6.793919611298269989e-02
-1.414190284164891978e+02 6.816330424263454535e-02
-1.399078941380084302e+02 6.838877336404096396e-02
1.662892506664989583e+02 7.186028009199300903e-02
1.648524285384156371e+02 7.228976569640942207e-02
1.634275760512425677e+02 7.273079657703965251e-02
1.620146800483086622e+02 7.318391636273463563e-02
1.606137300475534175e+02 7.364970832732489758e-02
-1.384070041690878554e+02 6.861557868709371177e-02
-1.369163003855871921e+02 6.884369388147364155e-02
1.592247184331361893e+02 7.412879934408202198e-02
-1.354357249734738105e+02 6.907309102641284726e-02
1.578476406676220734e+02 7.462186436610088180e-02
-1.339652204325353182e+02 6.930374055745017192e-02
1.564824955274862646e+02 7.512963149749229963e-02
-1.325047295802891369e+02 6.953561121722094673e-02
1.551292853651959547e+02 7.565288775036474456e-02
-1.310541955560989038e+02 6.976867000176534273e-02
1.537880164017283278e+02 7.619248563279100439e-02
-1.296135618254755286e+02 7.000288210799136823e-02
1.524586990538933833e+02 7.674935067194285643e-02
-1.281827721846122756e+02 7.023821088083757880e-02
1.511413483018622514e+02 7.732449008200992235e-02
1.498359841031358997e+02 7.791900275512450569e-02
-1.267617707650825736e+02 7.047461776084815166e-02
1.485426318604566802e+02 7.853409086833577912e-02
-1.253505020387916034e+02 7.071206223018747239e-02
1.472613229526665179e+02 7.917107339031073665e-02
-1.239489108231180268e+02 7.095050175989776886e-02
1.459920953394352523e+02 7.983140191397569696e-02
-1.225569422862754294e+02 7.118989175554386872e-02
-1.211745419529037235e+02 7.143018550606491934e-02
1.447349942529967279e+02 8.051667929850186978e-02
1.434900729930921841e+02 8.122868175006475733e-02
-1.198016557098648036e+02 7.167133412901732781e-02
1.422573938450065896e+02 8.196938514080988336e-02
-1.184382298122664849e+02 7.191328651951420237e-02
-1.170842108897182499e+02 7.215598929805745743e-02
-1.157395459528058268e+02 7.239938675802515267e-02
1.410370291453834284e+02 8.274099659934006090e-02
1.398290625267070197e+02 8.354599269087609192e-02
1.386335903794353328e+02 8.438716594294561057e-02
-1.144041823997755642e+02 7.264342081694483144e-02
1.374507235815489423e+02 8.526768201831842753e-02
-1.130780680234743869e+02 7.288803096582971430e-02
-1.117611510184884622e+02 7.313315422050951919e-02
1.362805895594561036e+02 8.619115064785586033e-02
-1.104533799885128786e+02 7.337872507495252217e-02
1.351233347637783879e+02 8.716171453173469919e-02
1.339791276700428000e+02 8.818416204601108033e-02
-1.091547039539513833e+02 7.362467545471716723e-02
1.328481624515944191e+02 8.926407191615151615e-02
-1.078650723597260850e+02 7.387093467211133802e-02
1.317306635248878308e+02 9.040800156845266167e-02
-1.065844350833054364e+02 7.411742938407946124e-02
-1.053127424429519863e+02 7.436408355093350464e-02
1.306268912437451490e+02 9.162373617414287796e-02
1.295371491324508497e+02 9.292062386611894820e-02
1.284617932190815566e+02 9.431003607059530724e-02
1.274012442980355644e+02 9.580601443515505966e-02
-1.040499452061791033e+02 7.461081839626140799e-02
1.263560043813155431e+02 9.742620473363737543e-02
1.253266793175520775e+02 9.919324827305238401e-02
-1.027959945984037944e+02 7.485755237248722938e-02
1.243140108138324962e+02 1.011369347332690821e-01
1.233189234077915586e+02 1.032976903175919781e-01
1.223425964809874671e+02 1.057325654439066620e-01
1.213865810987178406e+02 1.085263113967909615e-01
-1.015508423118202046e+02 7.510420112331860076e-02
1.204530044679000582e+02 1.118140396136337728e-01
1.195449673231386072e+02 1.158344246215361611e-01
-1.003144405144458489e+02 7.535067745468189415e-02
1.186674369580603354e+02 1.210784494052986882e-01
1.178296143052741343e+02 1.287674183437552689e-01
1.170512280610599731e+02 1.419714466175585332e-01
1.163630085736418636e+02 1.605455742755401982e-01
1.157255499443976987e+02 1.623465290338688138e-01
1.150275757042131204e+02 1.505381544898012069e-01
1.142642527483134529e+02 1.427206143845668185e-01
1.134619294706625539e+02 1.379578147399400934e-01
1.126320691445700533e+02 1.344089995352992783e-01
1.117800087010736831e+02 1.314908122693193016e-01
1.100223422803040876e+02 1.268112759323770655e-01
1.109092247986774282e+02 1.289948714845466915e-01
-9.908674185937576340e+01 7.559689130340671581e-02
-9.786769949419863224e+01 7.584274971189350345e-02
-9.665726707060478873e+01 7.608815680468436482e-02
-9.545539875413793141e+01 7.633301376802817395e-02
-9.426204923412875303e+01 7.657721883426193976e-02
1.091214478998069950e+02 1.248686874906969058e-01
-9.307717373374184433e+01 7.682066726760401754e-02
1.082082524901420300e+02 1.231173794131749238e-01
-9.190072802017473919e+01 7.706325135640715307e-02
-9.073266841497328983e+01 7.730486040662860880e-02
1.072841936826263520e+02 1.215213662528431410e-01
1.063505043166981920e+02 1.200538120581780277e-01
1.054082594198947760e+02 1.186941807199500820e-01
1.044584094686131408e+02 1.174264072037796425e-01
-8.957295180445966309e+01 7.754538074190443775e-02
1.035018046113647756e+02 1.162376857762389415e-01
-8.842153565024000272e+01 7.778469570626388163e-02
1.025392127538255949e+02 1.151176419886834612e-01
-8.727837799980713385e+01 7.802268567166187330e-02
-8.614343749720462995e+01 7.825922805074020383e-02
1.015713333548849846e+02 1.140577516294626614e-01
1.005988081502689653e+02 1.130509227141107548e-01
9.962222962524580794e+01 1.120911887231086507e-01
9.864214780848929820e+01 1.111734792215531842e-01
-8.501667339372922072e+01 7.849419731344482731e-02
-8.389804555867989677e+01 7.872746500987315432e-02
9.765907578981408221e+01 1.102934451282459594e-01
9.667349425575015687e+01 1.094473242137630337e-01
-8.278751449011038233e+01 7.895889979613815446e-02
-8.168504132558193476e+01 7.918836746673203753e-02
9.568585525669780623e+01 1.086318357265911444e-01
9.469658536745711785e+01 1.078440967127894667e-01
9.370608836122185892e+01 1.070815554035524780e-01
-8.059058785288677029e+01 7.941573099268345315e-02
9.271474749194619847e+01 1.063419367664945742e-01
-7.950411652073975688e+01 7.964085056280964525e-02
9.172292745500263322e+01 1.056231981971279404e-01
-7.842559044939420687e+01 7.986358363281258199e-02
-7.735497344117985108e+01 8.008378497832098486e-02
9.073097608399427827e+01 1.049234931052523551e-01
8.973922582597101893e+01 1.042411397998968259e-01
8.874799502879997704e+01 1.035745961742252780e-01
8.775758906824788141e+01 1.029224377782120697e-01
-7.629222999093050817e+01 8.030130675383878591e-02
-7.523732529628902910e+01 8.051599855741171929e-02
8.676830132864665757e+01 1.022833389776413027e-01
-7.419022526785316529e+01 8.072770750079667768e-02
8.578041405393041430e+01 1.016560570617427994e-01
-7.315089653914975543e+01 8.093627828496881282e-02
-7.211930647641415248e+01 8.114155328154090685e-02
8.479419906900868398e+01 1.010394193390896783e-01
8.380991836880795631e+01 1.004323110132688962e-01
8.282782455865635995e+01 9.983366697924890565e-02
-7.109542318814408191e+01 8.134337261922089390e-02
8.184816111685009332e+01 9.924246657228344426e-02
-7.007921553440321816e+01 8.154157427692011739e-02
8.087116242540868427e+01 9.865773077013141601e-02
7.989705347973543326e+01 9.807852854567114531e-02
-6.907065313586087996e+01 8.173599418048545229e-02
-6.806970638253181960e+01 8.192646630694554177e-02
-6.707634644219301379e+01 8.211282279223534875e-02
7.892604914111048231e+01 9.750398955050257332e-02
7.795835269401635514e+01 9.693333738588179316e-02
-6.609054526846016131e+01 8.229489404475204273e-02
7.699415333053487132e+01 9.636595190243378573e-02
-6.511227560848753626e+01 8.247250886501149292e-02
7.603362189329547505e+01 9.580148120983443538e-02
-6.414151101027081836e+01 8.264549456830538876e-02
7.507690369872416625e+01 9.524006645409971439e-02
7.412410625503041217e+01 9.468276189851601576e-02
-6.317822582954060806e+01 8.281367711383492980e-02
-6.222239523619364121e+01 8.297688123782785696e-02
7.317527740546539405e+01 9.413239527902340920e-02
-6.127399522026468759e+01 8.313493059094809179e-02
-6.033300259739867499e+01 8.328764788032860800e-02
-5.939939501380739273e+01 8.343485501587089015e-02
-5.847315095067985169e+01 8.357637326003673761e-02
-5.755424972803099593e+01 8.371202338165664725e-02
-5.664267150795617312e+01 8.384162581292840810e-02
7.223036439235545458e+01 9.359540202782000440e-02
-5.573839729728031500e+01 8.396500081046429087e-02
7.128913111043522122e+01 9.308612699314926242e-02
-5.484140894956701118e+01 8.408196861822923862e-02
7.035097240439083066e+01 9.263820037693577814e-02
-5.395168916648396618e+01 8.419234963453370302e-02
6.941443179071671921e+01 9.233998018797058560e-02
-5.306922149848066539e+01 8.429596458104095247e-02
6.847564704478904218e+01 9.247817749307123136e-02
-5.219399034477843458e+01 8.439263467387216056e-02
6.752114985085582077e+01 9.445428635685310104e-02
-5.132598095264877713e+01 8.448218179790868698e-02
6.644829168685843968e+01 1.202540787615436618e-01
-5.046517941594676415e+01 8.456442868236963006e-02
6.600028890325677366e+01 5.965178766234904284e-01
6.601639905973506472e+01 -5.381185546726191538e-01
-4.961157267290266049e+01 8.463919907785208419e-02
6.505927702164764526e+01 9.654386500791195536e-02
-4.876514850314565308e+01 8.470631793666374976e-02
6.409350524171158270e+01 8.933803568365025760e-02
-4.792589552393128827e+01 8.476561159205804608e-02
-4.709380318557538203e+01 8.481690794129297106e-02
-4.626886176606661394e+01 8.486003662791033464e-02
6.317094398222199914e+01 8.777429421860977188e-02
-4.545106236484755868e+01 8.489482922532338993e-02
6.232114352042348315e+01 1.477306780867985725e-01
6.238063599321981911e+01 -5.582748067408899867e-02
-4.464039689574494219e+01 8.492111942174497552e-02
-4.383685807903141551e+01 8.493874320271685430e-02
-4.304043943260766980e+01 8.494753903395109440e-02
6.140947613140222927e+01 8.682638919629713514e-02
6.051620077684840737e+01 8.541600952668297608e-02
5.968555480312653572e+01 1.050632374137825259e-01
5.984585894924826732e+01 -1.528071634724195889e-02
-4.225113526226589045e+01 8.494734803871788198e-02
-4.146894065099993298e+01 8.493801416637609958e-02
5.878639473528418335e+01 8.406785348102335798e-02
-4.069385144730637194e+01 8.491938434276571912e-02
5.790357043053607100e+01 8.508580068306417776e-02
-3.992586425235430170e+01 8.489130858636934063e-02
5.752854968291145354e+01 -1.557207551528593859e-04
5.707620108306674211e+01 8.548597214584927051e-02
-3.916497640584945827e+01 8.485364006143955584e-02
5.620432551971808977e+01 8.140008064306211710e-02
-3.841118597028295056e+01 8.480623502055666119e-02
-3.766449171304125798e+01 8.474895255577606645e-02
5.534939654475242321e+01 1.315438270513268615e-01
5.535021301278860051e+01 -4.637521630873318174e-02
5.418652948704928463e+01 7.569556927985270356e-01
5.451362685371278616e+01 8.266156668904367510e-02
5.417746090481369237e+01 -3.728275138894684426e-01
-3.692489308553098937e+01 8.468165402926108865e-02
5.340854931218518686e+01 1.444691952830779780e+00
-3.619239019796973622e+01 8.460420198374705991e-02
5.335536276366464392e+01 -1.129247128877736817e+00
5.365518587328495670e+01 8.715695717149408994e-02
5.236695371319618886e+01 1.562260150688031368e+00
5.330845575057610120e+01 1.284682402283800554e-03
5.283257457089933951e+01 7.859872305296229655e-02
-3.546698378775257510e+01 8.451645823021758375e-02
5.223194876900147676e+01 -1.017516158281463579e+00
5.154040533137931845e+01 2.339413105959334160e+00
5.198470640465989590e+01 7.716372489849045169e-02
5.129942110886327100e+01 7.807632296366018299e-01
5.139779597854083448e+01 -2.387534975679287685e-01
5.137668353247123321e+01 -3.631441135047112391e-03
5.117601126779167942e+01 8.568756098057343784e-02
4.953190584381341210e+01 1.890408725114343769e+00
5.085582994840753202e+01 3.142893550891692755e-02
5.033016844271963919e+01 7.741867225035729827e-02
4.967546544328587288e+01 9.995063704750358768e-01
4.952212639395168736e+01 1.043408465559519105e-01
4.957466067914202057e+01 -2.423536905597630658e-02
4.886838396662814432e+01 -2.594246651494252487e-01
4.868504897604478288e+01 7.709336221843443582e-02
4.888122130302379986e+01 -4.348212085219832490e-02
-3.474867517824016261e+01 8.441828066861953306e-02
-3.403746622336995387e+01 8.430951822948287711e-02
-3.333335923165679304e+01 8.419000310924659725e-02
-3.263635686077423514e+01 8.405953924011483336e-02
-3.194646197138116506e+01 8.391788574832292902e-02
-3.126367742616315226e+01 8.376473401882822412e-02
-3.058800581788910122e+01 8.359967706731749604e-02
-2.991944910937733582e+01 8.342217028913349874e-02
-2.925800816971428375e+01 8.323148352349914181e-02
-2.860368219625207686e+01 8.302664583312263646e-02
-2.795646802229200389e+01 8.280638659959643766e-02
-2.731635932720661586e+01 8.256907940692588543e-02
-2.668334578937836099e+01 8.231269844717331585e-02
-2.605741225173489894e+01 8.203480023845194369e-02
-2.543853800140739807e+01 8.173254528533481500e-02
4.754679958167511700e+01 1.981046483476349040e+00
-2.482669629286503366e+01 8.140277365638795559e-02
4.778028009730454784e+01 1.244357857880862062e+00
4.787066429286345226e+01 1.029456401727944226e-01
4.788959437811102049e+01 -2.814004375819131529e-02
-2.422185425915882107e+01 8.104214408546041304e-02
4.755351087126341270e+01 2.014205112379939266e-01
4.708486837699791039e+01 7.739849070168990097e-02
4.696451776403020517e+01 5.925399544116178446e-02
-2.362397334878217592e+01 8.064733746337107712e-02
4.644818537867451624e+01 -4.157362693334819004e-01
-2.303301038822284852e+01 8.021531305287379898e-02
-2.244891930039972294e+01 7.974359175264462973e-02
4.577180015770338173e+01 2.056911847271214011e+00
4.627799120859626214e+01 1.013693110999490804e-01
4.629152639764186716e+01 -2.692388618328574526e-02
4.594278651781490908e+01 1.340282159676706275e+00
4.547574295753739904e+01 7.008823338558305138e-02
-2.187165341382229045e+01 7.923052902303008571e-02
4.414274937626544926e+01 1.986644570648926855e+00
4.520442021699603430e+01 2.924056521364347752e-02
4.486938103131301148e+01 -5.207679253050957469e-01
4.469677365406349168e+01 8.482841773752711201e-02
4.476955290770151663e+01 -1.210465507347963272e-02
-2.161262131577244561e-01 5.702892152107685159e-02
1.431753194835745924e-01 5.717213995963741496e-02
4.424963005964881546e+01 1.310558829911198764e+00
4.389443408820892500e+01 6.829728194481916870e-02
4.255129333999723684e+01 1.885624741278241201e+00
4.326178848358568274e+01 -4.885066570724150847e-01
4.353081915135332736e+01 2.358524120614565595e-02
4.334839208741801997e+01 3.596337017949753677e-04
4.312199531720029455e+01 7.062663822908478439e-02
4.263773714479744825e+01 1.265049784582112702e+00
4.233555185021636191e+01 6.695647811572967567e-02
4.103389754671793099e+01 1.796836496783031034e+00
4.170976806680918259e+01 -4.566391897763212304e-01
4.157246041656375013e+01 6.692427803775675976e-02
4.195468610843939672e+01 2.176218103740879331e-02
4.111487304785311636e+01 1.220553032534515747e+00
4.200252782943906027e+01 1.958660364099645921e-03
4.079522155430579033e+01 7.417333590706685909e-02
3.959922761490093279e+01 1.718210655185275382e+00
4.073042776364714967e+01 -6.585055729799092934e-03
4.023851905054264932e+01 -4.289752976700031972e-01
4.047019732005961146e+01 2.091727228228693058e-02
4.004908159453496097e+01 6.493652033433761073e-02
3.967811567033128028e+01 1.178450470198373790e+00
3.824634101426475752e+01 1.647253709357355156e+00
3.883958417495789917e+01 -4.037636524334745625e-01
3.930456192103219593e+01 6.523678810221468505e-02
3.949801438484014682e+01 3.672769825465304499e-04
3.880672931530894942e+01 1.254546601459519128e-02
3.832182809611402519e+01 1.139796699452137352e+00
3.721206199782377411e+01 -1.594060934337322146e-03
3.855176513727801080e+01 6.454533032984342833e-02
3.781868563369000924e+01 5.985135813656085324e-02
3.907269046878399621e+01 2.002312297198081611e-02
3.753421290754174322e+01 -3.905503129634831927e-01
3.774860286909648011e+01 2.281699765717904588e-02
3.835156173654697653e+01 1.306114504185200247e-03
-2.130116819370435621e+01 7.867553497258458761e-02
-2.073742413845945620e+01 7.807920358488694423e-02
-2.018038953707218752e+01 7.744332727733116428e-02
-1.963004278967772720e+01 7.677079361539287938e-02
-1.908637405553339406e+01 7.606538225163225753e-02
-1.854938609370163505e+01 7.533149618092752076e-02
-1.801909427709848543e+01 7.457386836354584769e-02
-1.749552586405371812e+01 7.379728225351267490e-02
-1.697871868421658448e+01 7.300633518566897184e-02
-1.646871943048302001e+01 7.220526087475380439e-02
-1.596558174817999110e+01 7.139781505297961017e-02
-1.546936428716766265e+01 7.058721897896721997e-02
-1.498012884339678052e+01 6.977615007092477506e-02
-1.449793867417868931e+01 6.896676684821689829e-02
-1.402285703337277667e+01 6.816075587860814800e-02
3.696934868904412497e+01 1.579159640106823526e+00
3.704204636074292978e+01 1.103346550511938640e+00
3.724494878691349697e+01 -2.639403109457613239e-04
3.709117185796293370e+01 6.378870869068395399e-02
3.576078208107462331e+01 1.514942501464361158e+00
3.629506135896258456e+01 -3.681930331721769978e-01
3.650214955311372478e+01 1.881898943138998748e-02
3.635648960984852351e+01 6.316063442340930090e-02
3.620982467109600123e+01 6.343428249664348787e-04
3.583174840270962136e+01 1.068451534980018103e+00
3.577236651393246802e+01 2.535553533695888550e-03
3.564487355639380439e+01 5.980060466761803056e-02
3.512165274116318869e+01 -3.490984772814471060e-01
3.532083352472463389e+01 1.954946195642453394e-02
3.461657485650763988e+01 1.454760486682808107e+00
3.468605809473412904e+01 1.035525513135493458e+00
3.493664174149721191e+01 6.041251182841336775e-02
3.520987672351065356e+01 1.438941595709799853e-03
3.353234400170872931e+01 1.398070938826121212e+00
3.443338395222777848e+01 3.416662877987688626e-03
3.401020914407310869e+01 -3.311240566768428595e-01
3.423388699889367359e+01 6.470642097952530869e-02
3.426079204681394685e+01 -7.952879781542718934e-03
3.420404997330464170e+01 2.293486333956560805e-02
3.360046508615814531e+01 1.004392118156886227e+00
3.353363694908184556e+01 5.868070055282972181e-02
3.250388346601091882e+01 1.344495287520667270e+00
3.336280571981551901e+01 1.130781789694138614e-03
3.257077742293007105e+01 9.749045191719197812e-01
3.295680995024557092e+01 -3.143539411065801037e-01
3.314339508879411511e+01 1.899603810884683761e-02
3.314622082387821678e+01 3.623495508429832104e-03
3.284705997687628809e+01 5.802806723215223755e-02
3.152724348066186622e+01 1.293706303731144258e+00
3.249811024878867727e+01 1.451436647859279203e-03
3.059866851198902893e+01 1.245426377517186989e+00
3.159316604294598108e+01 9.469177750205683974e-01
2.978028825458987683e+01 8.946523441303427804e-01
3.195691235264258268e+01 -2.982714309356704341e-01
3.216630834996618660e+01 5.226498043973510504e-02
3.213932103951498220e+01 2.334334970831330666e-02
3.066409877402074358e+01 9.202584907199733433e-01
3.149644061919630644e+01 5.673220639531805637e-02
3.167324894668829671e+01 8.279799543233805825e-04
3.193255607992693612e+01 3.704462299629038974e-03
3.100754474742306854e+01 -2.829671574964541247e-01
3.010476004014202545e+01 -2.674104176445309400e-01
3.016663688073557736e+01 6.055763406373516206e-02
3.118228420714217819e+01 1.859329359674475463e-02
3.027547877267238974e+01 1.694614888592815838e-02
3.013917151622517920e+01 -3.133569166472355543e-03
3.083167101378166564e+01 5.982631385628769255e-02
3.088522364673183773e+01 -2.358959796386163495e-03
3.078501344729145117e+01 2.864592958821073759e-03
-1.355494594222784599e+01 6.735939037946345187e-02
-1.309426519020227886e+01 6.656359261749628109e-02
-1.264087154652232670e+01 6.577399469070405180e-02
-1.219481815629858090e+01 6.499099443085511185e-02
-1.175615409262430866e+01 6.421480467286903859e-02
-1.132492403689357374e+01 6.344549536096363851e-02
-1.090116806194384935e+01 6.268302860768310003e-02
-1.048492149616371805e+01 6.192728727694051666e-02
-1.007621485005999240e+01 6.117809787753248491e-02
-9.675073790482725755e+00 6.043524855390674383e-02
-9.281519150682841612e+00 5.969850298782476694e-02
-5.744885180824206294e-01 5.682583687715208470e-02
2.971418033291253735e+01 1.199670723941296036e+00
2.969066289588653618e+01 -1.462245083200403853e-03
2.886992658790023469e+01 1.159346732565792015e+00
2.893767349655161070e+01 8.696934096732925612e-01
2.951815104098405840e+01 5.257791092599477939e-02
2.924429177478796049e+01 -2.500017786642103057e-01
2.941051059956664915e+01 1.939399673315672645e-02
2.941896613861872112e+01 6.577910519984633874e-04
2.887581098441004102e+01 5.148099026866271438e-02
2.864879914596760102e+01 3.453957573809118275e-01
2.868623767026696569e+01 -1.234285552068249553e-01
2.807250074548737473e+01 1.124385611271230712e+00
2.858460321105507518e+01 2.100997089127894582e-02
2.872899143464059790e+01 9.176451142080130829e-04
2.813467828112338509e+01 8.494274753981709836e-01
2.841280474981687831e+01 -2.468848684569850405e-01
2.825453443323344160e+01 5.129515084172048267e-02
2.731256201896731284e+01 1.084431642076023827e+00
2.806853385808826218e+01 1.004529711180463360e-03
2.737121776359300895e+01 8.282848202643333657e-01
2.780196041690938102e+01 2.034426345362631838e-02
2.764250723607585414e+01 -2.370225543041500904e-01
2.778964048003711795e+01 -8.647509272728080842e-03
2.762552498167560699e+01 5.311567317377675207e-02
2.658469878896957539e+01 1.045990065071180419e+00
2.743573104953928521e+01 9.778902553274732793e-04
2.664192312435897136e+01 8.076496767456833314e-01
2.458624441930472315e+01 9.422592125626390036e-01
2.705493824970616856e+01 1.765270378280634975e-02
2.464221792577975023e+01 7.513724925513541875e-01
2.588874341320757466e+01 1.009718241575169984e+00
2.689994983811550711e+01 -2.243683581472517841e-01
2.700646225868896622e+01 5.303326403353440799e-02
2.522318949923143805e+01 9.752437374123784641e-01
2.594518478000014738e+01 7.879879412654073878e-01
2.527920068757067895e+01 7.692505878589241952e-01
2.682900196564509443e+01 9.125600907545352658e-04
2.500052185226698498e+01 1.816523304061268274e-02
2.640210037107434715e+01 4.927436766238611071e-02
2.685832596695025387e+01 7.607620625231352202e-04
2.619011144557294557e+01 -2.128467310406497726e-01
2.551171121413717557e+01 -2.020899827652797021e-01
2.521072622125843665e+01 5.138610285356227936e-02
2.633619241018264034e+01 2.078250501465429834e-02
2.580221576169100928e+01 5.068634918437874698e-02
2.565332789043374007e+01 1.881587428175303736e-02
2.515176015405795695e+01 -7.084519284383587431e-05
2.624692603324576368e+01 8.111631680946954429e-04
2.598852656963254404e+01 1.698047113130838302e-03
2.568827584861718449e+01 6.507232764572663374e-04
-8.895566967305150285e+00 5.896761092569644674e-02
-8.517228537814853340e+00 5.824231589737796644e-02
-8.146510494209646680e+00 5.752236064599738907e-02
-7.783414891043817896e+00 5.680749058120306699e-02
-7.427939308248665107e+00 5.609745546834686569e-02
-7.080076971091950000e+00 5.539200969234689409e-02
-6.739816878131254185e+00 5.469091435496694492e-02
-6.407143793446725688e+00 5.399397021413505221e-02
-6.082036931924896805e+00 5.330128253454103487e-02
-5.764460066698053886e+00 5.261485336540430713e-02
2.486297279235597912e+01 -1.917827630365567526e-01
2.516604452001388026e+01 1.748001158371077215e-03
2.462981449239374854e+01 5.258868497172523165e-02
2.463430570082583770e+01 -1.643940971707877991e-03
2.424218805048644043e+01 -1.816109972802266992e-01
2.397591623458022880e+01 9.105234497573138075e-01
2.403259336850265981e+01 7.342536878698663338e-01
2.437592306363037054e+01 1.776369317239426954e-02
2.438509078488683812e+01 1.338311629788057223e-03
2.405692014176383253e+01 5.027594037521482956e-02
2.413717652303059680e+01 1.334754946412308393e-04
2.338958682331222860e+01 8.802496865367801515e-01
2.344871674927362903e+01 7.176938292633628924e-01
2.377798941410940614e+01 1.742961164814997924e-02
2.364768290007967977e+01 -1.709975219447860406e-01
2.128866009449195218e+01 7.820385053554665955e-01
2.366038743048524395e+01 6.113330606024075693e-04
2.364008545991431021e+01 -4.418087542197637061e-04
2.349010820118339637e+01 4.853279958908988251e-02
2.282514047904384569e+01 8.558929664330101605e-01
2.288829420735337905e+01 7.016272147921240876e-01
2.134360699654912352e+01 6.614196608911262487e-01
2.229275332192846548e+01 8.353541786549932846e-01
2.178188876564674459e+01 8.084442742026274331e-01
2.307534515377108164e+01 -1.580808496650040196e-01
2.320589444707656668e+01 1.738660714028062923e-02
2.320133506275466573e+01 6.740125763611913958e-04
2.235121393874786477e+01 6.883270862974331106e-01
2.183719598768822223e+01 6.747265216633360208e-01
2.150309183741585528e+01 -1.471589202823078701e-01
2.276952527121312286e+01 2.642922077166373618e-01
2.291779123138298857e+01 -3.347077590103879341e-02
2.162048261782337732e+01 1.786369980248369432e-02
2.200372451982667243e+01 -1.553282628002644328e-01
2.251988403769644265e+01 -1.606265001880010646e-01
2.186190892421019072e+01 4.800830109871804391e-02
2.293709468631876547e+01 4.118099111695881775e-02
2.275921876264389354e+01 6.449167411132698639e-04
2.265380679975399403e+01 2.213709323886196498e-02
2.212601940935855538e+01 1.834512157766727061e-02
2.152557163932187123e+01 5.259993825674716015e-04
2.240234992487299337e+01 4.297736420931554113e-02
2.192122973085355753e+01 -2.666479931736440037e-06
2.233358089742615959e+01 2.383079200276131153e-04
2.229899480573456216e+01 -5.866858125898996926e-03
-5.454308102308681683e+00 5.194588794166487417e-02
-5.151191407159391389e+00 5.133822024984171367e-02
-4.853843790382038392e+00 5.090800067405490403e-02
-4.559276739165216696e+00 5.083040350316823247e-02
-4.262885369462977359e+00 5.118679707959604419e-02
-3.960375941300668057e+00 5.184990291696571496e-02
-3.649571755846551913e+00 5.261328838514090639e-02
-1.285862059740431551e+00 5.627243661486605597e-02
5.027229788413397626e-01 5.724029356149173964e-02
2.164955890646986703e+01 9.431280791504482943e-05
2.133216428676589160e+01 4.747067047212217422e-02
2.081384973426771978e+01 7.570298996587226936e-01
2.086956499128271147e+01 6.486727998175358945e-01
2.113449669610628945e+01 1.776454297038711910e-02
2.114370143296339677e+01 5.383714662287927138e-04
2.102115612606192130e+01 -1.396905679892097574e-01
2.035696521579086848e+01 7.331701674680212166e-01
2.103689411015688293e+01 9.183457894190024881e-04
1.868625334686943518e+01 6.485772747281923767e-01
2.041415762706887449e+01 6.364821790149165492e-01
2.081251982529410682e+01 4.758178178849584855e-02
2.077528684028127515e+01 -6.982019258241275051e-05
2.066755261966996216e+01 1.783420194588497196e-02
1.991707213269489785e+01 7.102677470155560613e-01
1.908363954022886233e+01 6.670408840660002614e-01
2.055777790348594536e+01 -1.327380223888489363e-01
1.949311103185550209e+01 6.882069170198752417e-01
1.997655462143830007e+01 6.247868081714839095e-01
1.887277384884391651e+01 -1.051146904074870408e-01
1.915149693100329742e+01 6.022375014226141188e-01
1.955592507264852031e+01 6.134510361330617334e-01
1.897435067485350757e+01 1.683737150639378136e-02
2.030395514574062332e+01 4.627462815375147503e-02
2.041818879062153513e+01 3.566506117342049809e-04
2.011214632897902277e+01 -1.261497143619590422e-01
2.021839073374183471e+01 1.828593587038779278e-02
2.045307818374424969e+01 1.044233726244504518e-03
1.927048988651041839e+01 -1.129474071056624090e-01
1.968333497245549069e+01 -1.197137628550899308e-01
2.007443809949577584e+01 4.637825314828624801e-04
1.930780529584624006e+01 4.569203889878892255e-02
1.980209209731012976e+01 4.182478119485133483e-02
1.978747526686429836e+01 2.233965201288256458e-02
1.910950929909066431e+01 3.959287735046521290e-04
1.937494191309988167e+01 1.724620998415567555e-02
1.974230077034725284e+01 1.927502391943781675e-04
1.989537833711659687e+01 9.054370254591328875e-04
1.942016910005950336e+01 2.805958308655336748e-04
1.936154616886642543e+01 3.738248858321149403e-04
-3.330292360932825879e+00 5.334580067363939304e-02
-3.003315922968005314e+00 5.400251721714066644e-02
-2.669653393159028720e+00 5.457997602686311817e-02
-2.330269568041355210e+00 5.508697039781811078e-02
-1.986018576189070073e+00 5.553341322897107496e-02
1.876224308372750471e+01 5.905360138855862973e-01
1.882296063465914671e+01 4.097679875944632705e-02
1.884741018542818836e+01 -1.375424818637698953e-03
1.880885469653492237e+01 -2.523371493385759496e-04
1.830670144741702643e+01 6.389363077462605345e-01
1.838530396656997468e+01 5.789288909517656956e-01
1.693126129445585093e+01 5.726037242066698285e-01
1.859033821652748841e+01 1.824076469401761033e-02
1.701590277886151981e+01 5.403660151888692864e-01
1.685816235973590693e+01 1.712943964988936085e-02
1.794822613951547652e+01 6.229637224691446651e-01
1.802316505070244190e+01 5.702629919643357193e-01
1.848418918358504115e+01 -9.894102837442028675e-02
1.844272999664170953e+01 2.534655128716063466e-01
1.725903424528723207e+01 5.879325801996794221e-01
1.759827147441630757e+01 6.046314238081098580e-01
1.851723942619928565e+01 3.550083507509352678e-04
1.733988174190443843e+01 5.505336340944051443e-01
1.767541077840783359e+01 5.606361962212378369e-01
1.700391252673733433e+01 4.453570002361682822e-02
1.836517762381006946e+01 3.190603729913130127e-02
1.821481289860292563e+01 1.924798258729623276e-02
1.823547412626367503e+01 3.332826245841170225e-04
1.709212836213760056e+01 -8.772187248176400998e-02
1.837609083639070917e+01 -2.115488885920414203e-02
1.811718477037729613e+01 -1.024923537537051621e-01
1.776447730011484794e+01 -9.833869922228329064e-02
1.718027138706980139e+01 1.739597614870409814e-02
1.742190389793115557e+01 -9.320324948548697197e-02
1.751427739225547597e+01 1.824211812189135626e-02
1.785579879125960545e+01 1.884177025542931386e-02
1.790708625515542707e+01 4.216776147821549303e-02
1.796186606471326286e+01 9.956964244496358278e-05
1.744813816682529506e+01 4.455167001567130608e-02
1.769739312036279699e+01 3.152103499928161543e-04
1.719177526302124548e+01 2.673277954787837930e-04
1.790656937782231140e+01 -4.045463598780585997e-04
1.744084476970354913e+01 -1.402135670796025488e-04
1.745473050031423412e+01 4.381412978746266219e-04
-1.637655752796522535e+00 5.592676303817355199e-02
-9.312688342308425016e-01 5.657217324560111921e-02
8.617065485500871036e-01 5.720278621583298195e-02
1.670295591268652657e+01 5.302766921453663240e-01
1.702266351301147651e+01 5.826959356104870246e-04
1.661472448490525267e+01 5.582889383115534621e-01
1.695055476449633858e+01 1.499017453774872987e-04
1.677384193672393664e+01 -8.401436792326583136e-02
1.640055793818420682e+01 5.203410709449916016e-01
1.630899489355511278e+01 5.447569521898737444e-01
1.671595652215332706e+01 2.434574877166011651e-04
1.528728163058832479e+01 4.824030249030653583e-01
1.545072208569125394e+01 5.074117382537099985e-01
1.610824555831652916e+01 5.105840422203116180e-01
1.555208164192372955e+01 4.916335394561515693e-01
1.601353871998521683e+01 5.318548390619258770e-01
1.572776192135827245e+01 5.194235611870507974e-01
1.582556075680830077e+01 5.010261118077373732e-01
1.657135561270500901e+01 4.324465069438798714e-02
1.646518834791391583e+01 -8.082912894081861754e-02
1.654514493571079115e+01 1.898307720202881479e-02
1.660811174107150023e+01 6.028904376618607688e-04
1.533049945940430447e+01 -6.505103452928918950e-02
1.531122844079701650e+01 3.554487000422437010e-02
1.648869038431277190e+01 2.035453480022902234e-04
1.616653919723210819e+01 -7.572093179625037640e-02
1.540952537272121070e+01 1.783756270258046381e-02
1.626760878212214934e+01 1.960885867160701746e-04
1.624952267044743692e+01 1.756071254936254072e-02
1.614188622722560496e+01 4.345489098738462147e-02
1.560212498555545224e+01 -6.994674955403704097e-02
1.588047494688815853e+01 -7.195594183250486608e-02
1.595891527622224970e+01 1.667168322912622458e-02
1.605323398495530185e+01 2.026337148832578928e-04
1.572560224810400697e+01 4.396941933786018691e-02
1.567639956476177332e+01 1.599400325904077810e-02
1.544505752089406947e+01 1.810068011664576603e-04
1.620983883756189670e+01 5.518027782601698508e-04
1.584459939685246077e+01 1.939008203525830073e-04
1.564216202699250147e+01 1.793210714807590286e-04
1.545760719364772484e+01 -5.222343906876287340e-04
1.582674213747981895e+01 3.410401273669418369e-04
1.219124867768742071e+00 5.701412946189705899e-02
1.268497438380038744e+01 3.948708710010669365e-01
1.365422387040799457e+01 4.271713521734523678e-01
1.375763271666482801e+01 4.438576705305899983e-01
1.518047287263317280e+01 4.971423626025432974e-01
1.503038042035658250e+01 4.738432167499184722e-01
1.386624873893203258e+01 4.344923244612234337e-01
1.492259268720619048e+01 4.938211920202105754e-01
1.397742797694178307e+01 4.528605306568080913e-01
1.408487633652931770e+01 4.420438561789327703e-01
1.478269047019467486e+01 4.662008865702984561e-01
1.420411836261246030e+01 4.623688365301345526e-01
1.467813274083158426e+01 4.838396019255098435e-01
1.525368611954267273e+01 1.399079707706695668e-04
1.502999123265199266e+01 2.457730113929790516e-01
1.431034212136425587e+01 4.498636219447177953e-01
1.443783954064874919e+01 4.725996507986936490e-01
1.454291012594116772e+01 4.579493881065563876e-01
1.514811104155416466e+01 1.660113223138609539e-02
1.411079415941831527e+01 -5.360558885754578701e-02
1.507175014722453454e+01 -6.103195245232609367e-02
1.510414018644241274e+01 -5.526205676437349022e-03
1.506722284254740174e+01 1.848326091314358109e-04
1.416884460342814123e+01 3.780577446480275217e-02
1.417431527723464235e+01 2.260325313522876939e-02
1.493725240139704269e+01 2.351615341199629269e-02
1.482043789066591977e+01 -6.118703638417181262e-02
1.434113421235009156e+01 -5.483595186922276404e-02
1.420791442165344343e+01 5.522220544044606857e-05
1.488616896298509573e+01 9.847416319466937283e-05
1.457505335846592409e+01 -5.735813472023976872e-02
1.489180625692121218e+01 1.801459910380100171e-02
1.464617607532735910e+01 1.896704394045696171e-02
1.470961408794926584e+01 1.657871259156491403e-04
1.454828848994726798e+01 3.980427174216013414e-02
1.440746428708853166e+01 1.745510922030742151e-02
1.437077671451444871e+01 1.600018773725464158e-04
1.453801230294166480e+01 -4.793836054941493679e-05
1.476829526825705585e+01 -1.565932560135891360e-03
1.443815092389835719e+01 9.247968873793789080e-05
1.573670840862456677e+00 5.658277439370109491e-02
1.200716656090979306e+01 3.651311751516022053e-01
1.205088011498097167e+01 3.862325826536004425e-01
1.275239116162211417e+01 4.034418561226564837e-01
1.286736783119780370e+01 4.006194278182235169e-01
1.294197070940133898e+01 4.111038905753939265e-01
1.412060731399245306e+01 3.273691052697163813e-04
1.354446429019209930e+01 4.352514399160177794e-01
1.404943550006064790e+01 1.428671535404583688e-04
1.344857052875911485e+01 4.201223838934874943e-01
1.305535941263565469e+01 4.068118548498725895e-01
1.313693164385192702e+01 4.189273349810072045e-01
1.395397520232457111e+01 1.731847997253488022e-02
1.333765936500034677e+01 4.269510337495044938e-01
1.324900778589517536e+01 4.133250519405552437e-01
1.389023557309895729e+01 -4.860112779824771884e-02
1.389486117153492728e+01 1.209301730394766642e-04
1.306511933552583216e+01 -4.167656569928253341e-02
1.367568043417954726e+01 -4.862483832900596492e-02
1.379550493881270867e+01 4.347410337031785282e-02
1.373523964678898146e+01 1.528528417325859291e-02
1.374441469747268485e+01 1.020862841444532173e-04
1.308127581987670318e+01 3.856554519838412826e-02
1.304616353407526930e+01 6.075810167978214438e-05
1.381462910123680743e+01 3.445383378741185762e-04
1.359758743033535922e+01 1.265544712115883254e-04
1.312495603732049076e+01 1.997759955409113275e-02
1.346512605809370022e+01 -4.370861988809193743e-02
1.326596507304325634e+01 -4.354580679018362627e-02
1.352744289783578502e+01 1.798308196276977508e-02
1.343342815215754982e+01 4.101966867677490219e-02
1.345447100119185535e+01 1.243137226810374363e-05
1.317885908853051902e+01 1.005880819305701501e-04
1.332248758438513647e+01 1.515167645404709440e-02
1.331500886220586288e+01 1.199668651262999401e-04
1.351953129664120112e+01 3.660583062602290345e-04
1.323474700548972649e+01 3.290376326051015093e-04
1.923423772351295913e+00 5.575028948652802074e-02
1.256753457500376570e+01 3.958359076278931132e-01
1.250827537779891863e+01 3.898693318265749608e-01
1.220986803039807889e+01 3.940320327494846175e-01
1.238518013396998363e+01 3.887949710514274071e-01
1.217552020126004564e+01 3.705580586332322679e-01
1.233961821813954529e+01 3.858998359236952003e-01
1.287987981314529584e+01 -3.889872025549045986e-02
1.293323311997744973e+01 1.477112829692370059e-02
1.295971675811712664e+01 2.194025678875219712e-04
1.291650694863109550e+01 1.098837997213605904e-04
1.201180560893996407e+01 -2.721052512097177356e-02
1.278997853057113332e+01 8.136680924515491591e-05
1.274335423236749421e+01 3.748694985725170570e-02
1.222783412760370325e+01 2.377118169947165238e-01
1.273563008796613971e+01 1.944622290169166143e-02
1.269021773585618362e+01 -4.177029227586531723e-02
1.205165474315081475e+01 1.221207649063678520e-02
1.206587124338324024e+01 3.364882693613529402e-02
1.266651414853227564e+01 9.598795941053239809e-05
1.269398601280381200e+01 -6.545298473653724978e-05
1.256659042205452437e+01 1.379905880951297348e-02
1.251673774096743230e+01 -3.538065124887684876e-02
1.254582072793270697e+01 1.009265979519906992e-04
1.208982009990020678e+01 3.530900009598585175e-05
1.217753635061293593e+01 -2.711976502978643080e-02
1.234656843726656739e+01 -4.497634464146135075e-02
1.222320095506347926e+01 1.672531048522523517e-02
1.239594137546085051e+01 3.909823016435610282e-02
1.237754540115900603e+01 5.169035542553436849e-03
1.231274471248416802e+01 9.114274464444968766e-05
1.242790520384150454e+01 9.623545663478932336e-05
1.220006172444249870e+01 9.975127922158984726e-05
1.219124965823459661e+01 -2.128614480014130467e-03
1.243691133579968344e+01 -5.108405251112550782e-04
2.265438941217229996e+00 5.419518400467440711e-02
2.594601732302835195e+00 5.127903103399279738e-02
1.188793824989953940e+01 3.769215099746874298e-01
1.184793080416003086e+01 3.607453215607606678e-01
1.172810649689860618e+01 3.697474830992061312e-01
1.169402171854495620e+01 3.558799489935370319e-01
1.112795859165023238e+01 3.510708911529193954e-01
1.112205418388977485e+01 3.318808620183115177e-01
1.198212559670892041e+01 7.837131364750905967e-05
1.157228546548550163e+01 3.635670505862466650e-01
1.195214436982503337e+01 -2.003766290518049970e-04
1.127173954647884635e+01 3.539078622953427122e-01
1.188963562553961317e+01 1.656294805726455516e-02
1.154472215638919508e+01 3.507550670212827293e-01
1.125953126402800031e+01 3.391852721320035013e-01
1.142019816749150607e+01 3.580355551675806214e-01
1.139994031245485928e+01 3.454553615368525232e-01
1.185003691976655027e+01 -2.253835804758139855e-02
1.187657144319680036e+01 8.208958968907174901e-05
1.114024465319207735e+01 1.053700898597860307e-02
1.177320915655822553e+01 5.490432425428853474e-05
1.169030468869171813e+01 -2.239907626673345864e-02
1.171059856074567662e+01 3.705263637043389180e-02
1.172769653799344525e+01 1.970216488290669685e-02
1.119425433413835691e+01 7.266302065142778469e-05
1.167205308001614128e+01 3.863377504664063691e-05
1.125120467077386621e+01 -1.910372878552556858e-02
1.133805636321271315e+01 4.405058223023675806e-02
1.154302669344805388e+01 -2.041476017655099312e-02
1.172016930795946088e+01 8.449333590799829475e-05
1.157753402764016748e+01 1.330856577104477974e-02
1.139446034340670622e+01 -1.510091154276812196e-02
1.157279178186876045e+01 7.799636297668250057e-05
1.142799466942910236e+01 1.533654582860267436e-02
1.127929187265974598e+01 8.942563847171285107e-03
1.137996736513832197e+01 4.778993325880736447e-05
1.147547327926098504e+01 7.001192443914826876e-05
1.128632668197327149e+01 6.038051974186454469e-05
1.149555805613300663e+01 1.685061353606853501e-04
1.127845170958296350e+01 1.894313668674810788e-04
2.903123926907958285e+00 4.755099778996441096e-02
2.966649623593483387e+00 -2.409110139801724348e-03
3.019125074107363638e+00 2.771687025334943847e-05
3.058685407096645381e+00 1.885933402634039889e-04
3.090760415393556837e+00 -1.139274020786494503e-04
3.117320151221570246e+00 -4.664235223617997330e-05
3.141822385648491256e+00 -2.538035744792126229e-05
1.098915391473577507e+01 3.487703336475128646e-01
1.098697451485827514e+01 3.244265284500102986e-01
1.085472095927388558e+01 3.462295257343566135e-01
1.111491344534584691e+01 -1.322444996299623581e-02
1.085462818849610755e+01 3.175558815572221971e-01
1.110377366599871785e+01 6.931313399667735249e-05
1.047243822161275695e+01 3.374553814571704669e-01
1.072395356005527844e+01 3.431888589963992264e-01
1.059646268468527275e+01 3.402617195379750714e-01
1.106823046517512488e+01 2.023181152101012213e-04
1.072545055937049518e+01 3.113862461292277173e-01
1.099821501231521914e+01 1.594482233013710948e-02
1.047648546910713740e+01 2.999407997708115059e-01
1.059948494062873792e+01 3.055136330794355204e-01
1.101484173873879335e+01 4.647365055239060377e-05
1.097527174277625939e+01 -6.313355031379579152e-03
1.095898064138389394e+01 3.760602753547334642e-02
1.092733703797677158e+01 4.389467821934558343e-05
1.084889436938970064e+01 -1.297876049772189386e-02
1.084114349969229352e+01 6.577649764527863843e-05
1.046777170190219053e+01 6.188635610312725327e-03
1.048127715273529148e+01 -2.009113783268420134e-02
1.075624583617296182e+01 5.474897804859430079e-05
1.086227221620843508e+01 3.897866041380388530e-03
1.073123544742239233e+01 3.232087216261714940e-03
1.056645605290979262e+01 3.359492232966527353e-02
1.072512051324327942e+01 -3.302922343474110935e-03
1.059382337769237203e+01 2.166838499461253356e-02
1.060121237791974025e+01 -3.003437827635262267e-03
1.050854336479442708e+01 5.795383223710565867e-05
1.086471243706168366e+01 6.937579801656704485e-05
1.067255102467343164e+01 6.172878166553168850e-05
1.058999854008454378e+01 8.914284189225551644e-05
1.047661010872810472e+01 1.082122493799587135e-04
1.066760612461234281e+01 1.598959840776598682e-04
3.180600603867855813e+00 4.054154392307547650e-02
3.165233030315509399e+00 -9.998266590534524151e-06
3.188005569491799029e+00 1.882769582726249844e-07
3.210362390216417783e+00 -1.811583023160125313e-07
3.232426313410619478e+00 -3.130071063001217253e-06
3.254275004124224324e+00 -4.967242529790712103e-06
3.275954557611846951e+00 -5.896813900176478513e-06
3.297491678510048985e+00 -6.255889766465409918e-06
3.318901707868348705e+00 -6.280614996398508071e-06
3.340192460201283797e+00 -6.092553871823556553e-06
3.361367175889376391e+00 -5.606904860388312832e-06
3.382425840527049754e+00 -4.931890745274174343e-06
3.403366521314698190e+00 -3.811859208120343610e-06
3.424185781477849577e+00 -2.030096364763946843e-06
1.035141194245876051e+01 3.346761376777896424e-01
1.035659066126781269e+01 2.947191506870007194e-01
1.023264952544182727e+01 3.326071966594723039e-01
1.023984527525079535e+01 2.896189568933486003e-01
1.042803453082525955e+01 6.573591037778957202e-05
1.011692834456775536e+01 3.329874846680045408e-01
1.037127878839959116e+01 -1.511458042899578580e-02
1.034810637904496211e+01 1.204089215635858502e-02
1.034848320273306577e+01 6.634414228060837024e-05
1.012594480113942375e+01 2.843425023940187035e-01
1.000963728606919290e+01 3.398052062670028906e-01
9.920147310983372435e+00 3.298056280079053049e-01
1.029144502419541674e+01 -2.476489274698654732e-05
1.025162666045579130e+01 -1.056795119951544314e-02
1.026982124579567213e+01 3.465000575234818473e-05
1.001477223654344506e+01 2.783168822511590257e-01
1.023048017640493690e+01 2.148942597893599427e-02
9.808302043136876591e+00 3.117474578700755727e-01
1.019194616402301534e+01 7.480917965591675207e-05
9.900429982314911115e+00 2.716468332244328376e-01
1.012605667953609334e+01 -4.858731085837065394e-02
1.016503922767369694e+01 4.535445144631013170e-02
9.794814055908005912e+00 2.730840501532517117e-01
9.916872953155477788e+00 2.253814934965792105e-01
1.005422914202084606e+01 -1.013752031360374770e-02
1.000561098920608316e+01 1.521786866235541776e-02
1.011270394698520292e+01 5.713791274235451370e-03
1.011338637646098704e+01 -1.791728259190454283e-03
1.011483041520823356e+01 5.807421635838805357e-05
1.003843677685490654e+01 5.049577096857209535e-05
9.896920441404546409e+00 2.338230251538758742e-02
9.929648090552117168e+00 -5.728652645861537739e-03
9.962664299864979256e+00 7.815365059260185470e-05
9.939437368325016564e+00 -1.526265232272365144e-03
9.698941081860008140e+00 3.073391361557187285e-01
9.887487114239300823e+00 7.408823539571385275e-05
8.695931468761335381e+00 2.735665680726000470e-01
9.692694002628345018e+00 2.697223241561673701e-01
9.817733895423856438e+00 -1.155489544578034919e-02
8.720533601767456844e+00 -2.560536874001904245e-02
8.699804928543725779e+00 2.344752388978962043e-01
9.595326479095993122e+00 3.040009141092475109e-01
9.792610952343810737e+00 3.919450507544092882e-02
9.812888243224163531e+00 3.417766073261745231e-06
9.775992006998006190e+00 2.076828478083011728e-02
9.592138660036583886e+00 2.659643180377455618e-01
9.771145827879704981e+00 1.425330800256822230e-05
9.494802281010537470e+00 3.010295145788395299e-01
9.717633308927011271e+00 -1.311452726736191295e-02
9.738832355836290589e+00 3.284306850795160770e-05
8.799269374758408091e+00 -2.656562257503044741e-02
8.780415076185581924e+00 2.371870751300643454e-01
9.682289443984499755e+00 2.856408295035667289e-02
9.493699258371831817e+00 2.623302104301026283e-01
9.665174213085739652e+00 5.822916868014615943e-05
8.859349011699389820e+00 2.794387979975951897e-01
9.397511928804485493e+00 2.977093939586941129e-01
9.614890775148392521e+00 -1.313235903647330671e-02
9.397378637064161211e+00 2.587800895224076081e-01
9.579639574649553069e+00 3.133767592052127265e-02
9.302309313830797066e+00 2.948872872269964196e-01
8.944113386028249124e+00 2.824086514151407101e-01
9.606628794776922220e+00 -8.747701846540722537e-05
9.591948977082118688e+00 5.767686481922301738e-05
8.947035361866470637e+00 2.428458259910385442e-01
9.515551487240310635e+00 -1.399614651479124013e-02
9.209944568017627731e+00 2.915934552549779291e-01
9.303190671838489578e+00 2.553304584328130455e-01
9.030683250517521188e+00 2.849713882892491168e-01
9.119249938463797278e+00 2.884831906824255610e-01
9.519110382069513321e+00 4.704435515010811262e-05
9.211093315646049717e+00 2.520462363234112768e-01
9.480355004010846187e+00 3.387398868042887368e-02
8.922471112363950851e+00 3.930026419307446756e-02
9.121102346222308199e+00 2.488973781603097957e-01
9.033084210463908192e+00 2.458650161896392128e-01
8.946822825941588064e+00 1.233895759430208420e-05
8.949177691529460077e+00 4.765975770620560492e-02
9.416302381950488964e+00 -1.406214198567301912e-02
9.387124213642435322e+00 4.013324419816437921e-02
9.360331966798101533e+00 4.150050845685787637e-02
9.319646950024596421e+00 -1.991052545830953105e-02
9.054323473103192299e+00 -1.839551272302886176e-02
9.374495449238965605e+00 2.040804135417645981e-05
9.231909311038265287e+00 -2.126040524068759791e-02
9.285712583245729235e+00 3.501309826268692721e-02
9.446638157831017679e+00 3.598748705025549987e-05
9.143012524547906139e+00 -2.024068294047530123e-02
9.017728966365320176e+00 4.116759919585651073e-02
9.194471760915554626e+00 3.714054802171620068e-02
9.104842472177057999e+00 3.902170070908576871e-02
9.447678510394641904e+00 6.144954478669570938e-05
9.231031222969912520e+00 5.818214760733297908e-05
9.088515324147751429e+00 4.668676718515285540e-05
9.302651128858265395e+00 5.273523334977676659e-05
9.159659602709826487e+00 5.384361892468218872e-05
9.293407874495219545e+00 1.052924729329494832e-04
9.143643637752015607e+00 9.251403021353622432e-05
3.487841347929904412e+00 4.597448299592754584e-02
3.444880045993546247e+00 7.792519482827835031e-07
3.465445913005690048e+00 4.539616699076799873e-06
3.485879886079739087e+00 6.781698198558416039e-06
3.506174095239937838e+00 4.545827526030570969e-06
8.776952578342458011e+00 2.762089886742746248e-01
8.862859825430689398e+00 2.399696800561277044e-01
8.876575532158021531e+00 -2.474595005212425550e-02
8.964257609799034299e+00 -1.687167638184285806e-02
9.017568013608558530e+00 3.928023576375608262e-05
8.998187353065725702e+00 9.463514294826367711e-05
3.526320126954841871e+00 7.189944214069811244e-07
3.546315538712481175e+00 -1.932029426795152714e-06
3.566158047850110258e+00 -3.443213681667594409e-06
3.585844893890512086e+00 -4.237203420436237190e-06
3.605373720876698052e+00 -4.681824389639410842e-06
3.624742719150194858e+00 -4.909131072422030133e-06
8.461473898990314879e+00 2.651513526324066339e-01
8.683052494028006052e+00 4.458753578798613920e-02
8.665359506965931047e+00 4.765642975330530858e-05
8.763046431897615562e+00 4.315353079115145929e-02
8.735504491500574176e+00 5.618510171478611456e-05
8.805800326229338282e+00 6.074242154795606307e-05
8.844611505424586184e+00 4.157703115728696858e-02
8.876251238206785743e+00 5.768091092569615775e-05
8.719547364884828511e+00 8.806596898969232257e-05
8.856883857754858980e+00 9.416207518192069067e-05
3.643950691355196447e+00 -4.965628760318759334e-06
3.662997442677163651e+00 -4.990047007662773239e-06
3.681883452993162109e+00 -4.986954436737351666e-06
3.700610114772649784e+00 -4.912447930909284556e-06
3.719179814696123465e+00 -4.820054418964389631e-06
3.794101113552196036e+00 5.501897602652090769e-02
3.737595606258468095e+00 -4.718356073769553793e-06
3.794148156847098274e+00 -3.271532517471696655e-02
3.755862032666014372e+00 -4.789831512179568691e-06
3.773983782609269255e+00 -4.728995786015871406e-06
8.116831191895554909e+00 3.347073019973532126e-01
8.616224746171754489e+00 2.702392900523672981e-01
8.538164113685837719e+00 2.676405062341264962e-01
8.393981389135356963e+00 2.244208773630806397e-01
8.620952199434242402e+00 2.318876262299493507e-01
8.468095406839223571e+00 2.268491805904039593e-01
8.543725145877695937e+00 2.293526981249710828e-01
8.642182844047324508e+00 -2.290714837038871146e-02
8.475349721689944715e+00 -2.276589894916030560e-02
8.561958385059439181e+00 -1.909372064707961364e-02
8.604886813370070442e+00 4.616025006037449696e-02
8.449884726069981866e+00 4.482285214125621142e-02
8.595356702538090587e+00 3.803585243870967806e-05
8.532569139516631651e+00 4.940796195348135661e-02
8.525505553263634795e+00 2.516572351853290089e-05
8.506865756287556479e+00 4.081030290082719725e-02
8.455786636090786956e+00 5.837858806554588711e-05
8.586053735657280583e+00 7.120730302171446205e-05
8.456251213140944856e+00 3.278795562363680510e-05
3.857064147035762502e+00 -9.495034079699324336e-02
3.791967464698686285e+00 -4.975293304909270273e-06
3.844176661565836817e+00 1.169475862782272529e-01
3.809819490005025067e+00 -4.467191752885690601e-06
3.827547536098453662e+00 -4.011508318327307447e-06
3.893761787255797913e+00 1.408007381793371648e-01
3.845160183546322941e+00 -3.731718093563084294e-06
3.947387945476815485e+00 -9.448892842046989482e-02
3.862668016172607910e+00 -3.433476656165884048e-06
3.899828105612337392e+00 4.249614600959574634e-02
3.913653971494094108e+00 9.730084716141701451e-02
3.880080896768034471e+00 -3.204799624193178692e-06
3.897411108334114971e+00 -3.262529488696516385e-06
3.916439836297384680e+00 -6.416803810598694724e-04
3.934554181674481566e+00 1.073032283540593657e-01
3.927644509498795955e+00 7.352257004823813114e-02
3.956783690177241741e+00 1.253784407921809674e-01
3.941504380790985529e+00 1.004287057009835005e-01
8.386514435111987353e+00 2.629015242085426807e-01
8.312403336546696053e+00 2.604531282091731015e-01
8.321361480123192322e+00 2.220616506970654325e-01
8.238400346123917473e+00 2.577814760447150744e-01
8.402150003434474712e+00 -3.564424963110077865e-02
8.250203831353314143e+00 2.197577314032541917e-01
8.161558496584500944e+00 2.546988662715122254e-01
8.341543758181963142e+00 -4.129650481670381346e-02
8.376925942663667968e+00 4.652424882980004534e-02
8.386167406823464177e+00 6.817501438735860421e-05
8.180653810247681790e+00 2.174619071884680566e-01
8.277875113173990940e+00 -3.464763340249543688e-02
8.305015662410555777e+00 4.750277203889682193e-02
8.316699425712871019e+00 6.978229650864281055e-05
8.113019462326885645e+00 2.148896062819971309e-01
8.079520001035051635e+00 2.339046728102921469e-01
8.208135609658233633e+00 -2.868310316942192240e-02
8.234647379746524720e+00 4.845237588738725287e-02
8.330018831883181818e+00 2.496565361226625546e-07
8.247375654778352327e+00 7.280148688728890554e-05
8.165829836828798705e+00 4.991954485781682077e-02
8.178195773393547086e+00 7.418592636276676424e-05
3.967757568853524486e+00 1.128274685410907696e-01
3.934858029164182369e+00 3.865870443192986200e-02
3.914670212291500029e+00 -3.332720395630023799e-06
3.968899798778167565e+00 1.024998322673144474e-01
3.968300332924984186e+00 3.858146790118906905e-02
3.931873068223463275e+00 -3.712860276842266650e-06
3.945937103096887277e+00 -1.510700282240322713e-03
3.974479236313614106e+00 -5.769223877778344774e-04
3.949033860621085523e+00 -4.252365384185922823e-06
3.966164289954450251e+00 -4.775628164404014975e-06
8.207187016571074523e+00 -8.057362609175462882e-05
8.134141343899866428e+00 -2.588161909527858864e-02
8.060597684836805499e+00 2.161878825258087278e-01
8.040345678859814882e+00 2.140025623628159235e-01
7.489684711326189515e+00 1.969650435156224677e-01
7.986142234336051082e+00 2.380486095082159359e-01
7.977344033220211905e+00 2.119030734470943311e-01
8.072972171303716138e+00 -3.411128156518700855e-02
8.109131295849110188e+00 3.483035095201143349e-05
8.099620865716671503e+00 5.294304962695696448e-02
7.545477499782436759e+00 2.277604639339393944e-01
7.547320855604217726e+00 1.986781990203740078e-01
7.917426532809829887e+00 2.383791505206485084e-01
8.081823160387383354e+00 2.648821187988161657e-02
8.087810459080714054e+00 -3.793050982477431943e-04
7.913015918441628216e+00 2.097679094153385715e-01
7.604262105214868228e+00 2.300520927350532541e-01
7.851749097056808679e+00 2.373728994817839999e-01
8.009206704335221971e+00 -2.270673429086432146e-02
8.032388523244494039e+00 5.151616279243714791e-02
8.040447187742488566e+00 3.652984150227126192e-05
7.621457062998684862e+00 -1.807732456012171515e-02
7.849560502213587476e+00 2.077682518046777282e-01
7.787983267016302058e+00 2.355073344530679291e-01
7.965221956002856096e+00 5.298858816201736099e-02
7.725623148941047624e+00 2.336920546522902320e-01
7.664432476480606660e+00 2.316123325073237427e-01
7.940275040126500983e+00 -2.039174039549982928e-02
7.787119079011546319e+00 2.058667551444651189e-01
7.631837571512584795e+00 -2.427996707977716898e-05
7.725704814965752121e+00 2.040132092657857832e-01
7.899848043172477574e+00 5.376405164555363853e-02
7.665296409889215568e+00 2.021845872785922871e-01
7.874509647061371354e+00 -1.958494958426047761e-02
7.971758114357567315e+00 7.110252001913435946e-05
7.903292808726765983e+00 7.188225056716455172e-05
7.810419051398266532e+00 -1.909113720356460375e-02
7.835912900617268306e+00 5.423267054840898854e-02
7.747762600677726041e+00 -1.826928315761672944e-02
7.971668745732388039e+00 -4.490957903255717195e-05
7.699227634054855329e+00 1.084587115804524636e-05
7.711964868039205889e+00 5.504655610207221522e-02
7.773297808783893537e+00 5.461677103892807750e-02
7.835040796533988328e+00 6.673799095755431749e-05
7.767012121550137316e+00 5.423550528787189211e-05
7.858393862939286656e+00 -2.342008863633254968e-05
7.748118048395007840e+00 1.421158153844021125e-09
3.999048387998705323e+00 1.139233844496879977e-01
4.011221116510794715e+00 -3.739137040500484233e-02
3.996729443841081864e+00 1.034268552875190206e-01
3.996907159172124580e+00 7.660678667327987246e-02
3.983284886216038601e+00 -3.963471322200164247e-06
7.487664081499525892e+00 2.261986541905541825e-01
7.605854465292066102e+00 2.004201083903537073e-01
7.591765654521314133e+00 5.436497282665200131e-02
7.685277758999188080e+00 -1.673226198773105147e-02
7.653093479359101892e+00 5.505957491476855259e-02
4.025646981428230298e+00 1.159021261707663952e-01
3.998320586148420119e+00 3.741184491202372009e-02
4.025068488533006139e+00 1.047771902247496834e-01
4.052932641853766782e+00 1.162068582517025994e-01
4.001916832880690222e+00 -3.750661653683776456e-04
4.000411036390603137e+00 -7.986538309166644044e-06
4.023313319292899592e+00 3.705380963297213309e-02
4.017556631797798872e+00 -3.293847102534208956e-06
4.030106358238573883e+00 -2.095977179050595701e-03
7.563216409819015773e+00 -2.089555283103153652e-02
7.533284977937629634e+00 5.485717262567702673e-02
7.641544863435412616e+00 3.824007608007872622e-02
7.564577828418547867e+00 6.968898234890437079e-05
7.640684030673706495e+00 3.767246476758055588e-05
4.053305022982069517e+00 1.060208670212580001e-01
4.081227784282217996e+00 1.166829984581822244e-01
4.046702808381976268e+00 3.968841983138854390e-02
4.034745337115831276e+00 -3.164255718391924280e-06
4.081877042078345674e+00 1.070013236494910258e-01
4.110130882978467071e+00 1.172570115723991085e-01
4.059036330262701497e+00 -3.070624041852324220e-03
4.051992665532579529e+00 -3.701309243467749171e-06
4.074329637716123109e+00 3.851670403417390559e-02
4.110800546016153412e+00 1.079128053257330661e-01
4.139501663971390855e+00 1.180038579774087409e-01
4.088157659696204149e+00 -3.324475577306655084e-03
4.069322456230654694e+00 -3.217734224802185277e-06
4.103272467303989757e+00 3.843312415278390265e-02
7.430320714976446972e+00 2.239241159945727089e-01
7.263566644950966378e+00 2.177376343907833633e-01
7.374270899508376331e+00 2.219494149973400277e-01
7.432910036249113617e+00 1.953109562669956556e-01
7.318643116885674260e+00 2.199664311839943931e-01
7.376933735894661837e+00 1.937143435667720015e-01
7.321767910863949069e+00 1.921408844041376796e-01
7.394287504171103365e+00 -2.088156966101322246e-02
7.506252303022407091e+00 -2.153880427707825784e-02
7.450123698071729805e+00 -2.138260153171116229e-02
7.475768860168724217e+00 5.511350606971744670e-02
7.497617228593432159e+00 7.780235257804500495e-05
7.419092600504450630e+00 5.529970496745040959e-02
7.363262687514971816e+00 5.545106513180583091e-02
7.535987392374744687e+00 4.325490290022552907e-05
7.430989808510308769e+00 7.635884959558727190e-05
4.140077780111433015e+00 1.087643984560681815e-01
4.169259211917060171e+00 1.188624791862332164e-01
4.086751933858210784e+00 -5.166053760295538637e-06
4.169703663045722486e+00 1.095862340619163100e-01
4.132421269636566308e+00 3.813842620847264497e-02
4.104304735286474326e+00 -3.685794564470669220e-06
4.117574135428148985e+00 -3.494153980833028788e-03
4.199373098477533262e+00 1.198113115957750857e-01
4.177367392707814986e+00 -3.937430818897759074e-03
4.147320474910404009e+00 -3.706721251941531500e-03
4.161895907408855955e+00 3.806156921542758198e-02
4.122002935673943824e+00 -3.964916720004852252e-06
4.157922879818889861e+00 -3.866156118646057220e-06
4.139866661039730111e+00 -4.078338373038999677e-06
7.433973588515374153e+00 4.191378189391187030e-05
7.267335320199644677e+00 1.906136309300175691e-01
7.209600907674988512e+00 2.160441683134745328e-01
7.339323158079832154e+00 -2.001683180970648124e-02
7.213625028535322947e+00 1.891030511448214546e-01
7.364700885169290778e+00 6.709201095615063316e-05
7.155879508920517829e+00 2.142776763477699242e-01
6.999236412636379079e+00 2.091725866218136498e-01
7.103025323003069325e+00 2.126653401412946787e-01
7.051019880848770072e+00 2.108546496877668763e-01
7.160619100944763282e+00 1.875810095149351708e-01
7.005283971455632752e+00 1.832375139854852952e-01
7.108246237631103526e+00 1.861081547881928144e-01
7.284680288389568936e+00 -1.836633600313877443e-02
7.308241932117868878e+00 5.561106997402168878e-02
7.056478541267675375e+00 1.846495799316419384e-01
7.334540987103880028e+00 4.077968356346580375e-05
7.298761669244360206e+00 5.073877455641185528e-05
7.254128245695401489e+00 5.584390401503843554e-02
7.064349882413130111e+00 -2.163883762112351131e-02
7.229622498127310060e+00 -1.576759768669361989e-02
7.115933280881931999e+00 -1.902229078587662839e-02
7.170808492390231770e+00 -1.480073747295976468e-02
7.202135344386396909e+00 5.574031229928556180e-02
7.187460755405016499e+00 3.567951331727726993e-02
7.043189261392277523e+00 5.464450303273273024e-02
7.147341645800950438e+00 5.413370861307728599e-02
7.094864068676691282e+00 5.458809676853421111e-02
7.233190661904434826e+00 5.289103670390911501e-07
7.168212546821188802e+00 -1.705597162407522524e-05
7.237599889107093176e+00 4.045767098461966173e-05
7.039162772305365579e+00 8.421225272230597233e-05
7.103458472308960658e+00 8.068155594577267606e-05
7.143071677561143140e+00 3.974925597088980393e-05
4.199672693929397127e+00 1.103981222973044463e-01
4.191747936790623186e+00 3.804397956808223957e-02
4.176193436579722196e+00 -4.606977259185827051e-06
6.948466738639108797e+00 2.070864639181361488e-01
6.954666642606174065e+00 1.818428150898696583e-01
7.013665705352317481e+00 -2.330085786477009355e-02
6.992136516199781049e+00 5.459018767374956144e-02
7.050878022109904997e+00 3.949859779443031746e-05
4.229817446911043888e+00 1.208072649608783605e-01
4.229975912744082578e+00 1.112126806053443662e-01
4.260574598965934712e+00 1.218443196108756205e-01
4.260616684325038150e+00 1.120284147868179370e-01
4.221931923493984939e+00 3.806387593333319941e-02
4.207729826367672565e+00 -4.180447432146323396e-03
4.194703591579848734e+00 -3.807486271594988800e-06
4.213479466170936050e+00 -3.768065768516848379e-06
6.652252064433361589e+00 3.723534979832186509e-01
6.847379546587818666e+00 2.028053051386859151e-01
6.897494993244285055e+00 2.052384080297204039e-01
6.904579273507843951e+00 1.804760758046115021e-01
6.855060351464345558e+00 1.791378340665053803e-01
6.963616515365085746e+00 -2.439019689313517633e-02
6.914479487391171908e+00 -2.541295776437518805e-02
6.941672580908170964e+00 5.447709131818120193e-02
6.975338272139169682e+00 8.564278424920524044e-05
4.291684451445693327e+00 1.228995991726588161e-01
4.291580325742309299e+00 1.128504608606512860e-01
4.323111054822104116e+00 1.239550481096783202e-01
4.238419015850978688e+00 -4.434349450502111066e-03
4.252451795145247182e+00 3.812294493795507361e-02
4.322868972474291027e+00 1.136831017561596852e-01
4.354904883156192064e+00 1.250378033463099003e-01
4.232544690736294690e+00 -3.988639139988787313e-06
4.354476785151199181e+00 1.145255853436114302e-01
4.283305789425423171e+00 3.821007232702600120e-02
4.251927600053712730e+00 -3.635287157584977523e-06
4.300802301480658230e+00 -4.983784718521498160e-03
4.269440063675383534e+00 -4.700719327767046915e-03
4.314491342520794248e+00 3.832068522556268675e-02
6.688181459891244351e+00 -1.039245803283390807e-01
6.797095537982605684e+00 1.998288887266918556e-01
6.806008989647136076e+00 1.778173087493747917e-01
4.271654566358964900e+00 -3.743821898401829967e-06
6.747417885401765680e+00 1.961642149288779780e-01
6.757484208847071905e+00 1.765229293510077180e-01
6.698230635556522650e+00 1.908382423423821417e-01
6.912009208630278678e+00 9.207242311897033025e-05
6.866227756443246122e+00 -2.520227665507886530e-02
6.817887688385472877e+00 -2.299871964053767578e-02
6.891767545487395452e+00 5.437184962569273361e-02
6.842417638382642053e+00 5.430832141349747205e-02
6.849189742589819829e+00 8.426831358398236243e-05
6.793658486125422336e+00 5.448114477806109690e-02
6.960945575430395493e+00 3.743261144102089886e-05
4.387050600703251924e+00 1.261130312273304188e-01
4.386399804263179547e+00 1.153770457093992868e-01
4.291751073614392453e+00 -3.946125365727662930e-06
4.452621017115691693e+00 1.281890442807613606e-01
4.419607120912621312e+00 1.271579828993861239e-01
4.451173432581465583e+00 1.171179833455336522e-01
4.418635843452984879e+00 1.162403095188496022e-01
4.346007493404990818e+00 3.845718967043884606e-02
4.312246994911301812e+00 -3.424459924919491417e-06
4.332515046548962800e+00 -5.286588026021468885e-03
4.377857678388632046e+00 3.861854778658102560e-02
4.333169256200453567e+00 -4.209483518033761702e-06
4.410047311645167056e+00 3.880908749413015252e-02
4.364588252551872216e+00 -5.628901710509700076e-03
4.397035153864834456e+00 -6.023115337245423320e-03
4.398777342720290306e+00 -3.579913637037617624e-06
4.354545615431266725e+00 -3.694248681328991848e-06
6.429028561730619096e+00 1.887514778801319681e-01
6.475950469426350331e+00 1.892708746007266685e-01
6.709565448404202215e+00 1.752374648539198609e-01
6.873206445420862565e+00 2.875520396400609691e-05
4.376405270168994832e+00 -3.487923462275333009e-06
6.662457860129902265e+00 1.743851188446090272e-01
6.654476308396540141e+00 1.830041736390381757e-01
6.766635235616474731e+00 -1.776483149326103447e-02
6.523403991469337804e+00 1.892604481042537978e-01
6.616471486633633603e+00 1.829157781821923456e-01
6.613569610454007375e+00 1.739614170704857354e-01
6.570745511088902369e+00 1.876939541022432656e-01
6.746261962409020541e+00 5.519456418698018979e-02
6.786857964810987021e+00 3.849467348831301896e-05
6.566551702428888859e+00 1.719802839861726551e-01
6.703059302552169640e+00 -1.446921174089423577e-02
6.728839908617855414e+00 1.911045039030687467e-02
6.699297598692865563e+00 5.386573329400241167e-02
6.645834441073541043e+00 -1.797353856032620281e-02
6.725327887058320186e+00 -1.950284296218528538e-04
6.593624823062326001e+00 -1.783784946359175116e-02
6.650998923633341775e+00 5.384608166684332065e-02
6.787604597002218298e+00 1.410950399712976647e-05
6.603229296525696235e+00 5.411920357544442589e-02
6.664106795011175421e+00 6.615980190423187510e-05
6.704119367621610870e+00 2.259302005899271082e-05
6.603470981274202067e+00 8.831402409876652933e-05
6.622574282035398774e+00 9.723980656064723179e-06
4.486264306211267261e+00 1.291198381914564486e-01
4.483994952934281741e+00 1.180096743729698028e-01
4.429875710578333958e+00 -6.508210577455337403e-03
4.442588619205708689e+00 3.902680183915141487e-02
6.519998944087029180e+00 1.705605640439996629e-01
6.473775310288549356e+00 1.692782754495811559e-01
6.543956811187094047e+00 -1.719844178439491889e-02
6.555825760676395220e+00 5.415898446544559902e-02
4.582098900857205059e+00 1.633583257038040970e-01
4.463125208093686069e+00 -7.152223537158333526e-03
4.421689921733351625e+00 -3.702711547775347061e-06
4.521070340116815522e+00 1.297739637359042741e-01
4.517036852753506082e+00 1.189196137358858874e-01
4.496776103041495887e+00 -8.085198362404318398e-03
4.475506270432545897e+00 3.927047903539219315e-02
4.445172566135244807e+00 -3.537093104750917955e-06
4.560504807378325864e+00 1.285032735904379220e-01
4.549974054763740838e+00 1.197297687241875713e-01
4.508842623568223296e+00 3.950786994011432768e-02
6.291104013853801469e+00 1.857159371016953442e-01
6.382798850542673819e+00 1.879280429272825181e-01
6.427836380522430559e+00 1.680322875109185876e-01
6.336608533520495357e+00 1.868637867245833417e-01
6.382227818105591588e+00 1.668270002446347322e-01
6.495540229545486710e+00 -1.658909879126906073e-02
6.448039682733694100e+00 -1.606515546818041568e-02
6.336916779041120051e+00 1.656403231591776493e-01
6.508855368665221519e+00 5.399114915713931762e-02
6.401198275834385498e+00 -1.554556798830392106e-02
6.484082294908798616e+00 8.786990210028872389e-05
6.543462865883193480e+00 9.013792267770830645e-05
6.462341894753747873e+00 5.371039887484506392e-02
6.416243725657088781e+00 5.338694483775086042e-02
6.425342696275098575e+00 7.889067775279634803e-05
6.543036190990176415e+00 -3.331030558874437907e-06
4.469255051076610918e+00 -3.386528656989979365e-06
4.493966579569205422e+00 -3.612965795993674340e-06
4.585707452841788268e+00 1.192788370213462151e-01
4.611277605065954965e+00 1.347456085980283935e-01
4.530728628750429365e+00 -9.561388613680140217e-03
4.574793284225879830e+00 1.170903791906784258e-01
4.653663952337702803e+00 1.221885283025365282e-01
4.648922438184191819e+00 1.361046846721374326e-01
4.619362970411603264e+00 1.211260898455954055e-01
4.542640824042092795e+00 3.962601422860195788e-02
4.519335828047866599e+00 -4.008121569834142377e-06
4.564466985162968449e+00 -1.195677288872615089e-02
4.596415525314420769e+00 -1.486948946881926775e-02
4.576742414613309329e+00 3.942577115696010992e-02
4.610776425726206718e+00 3.904830287315995407e-02
4.545392704870512723e+00 -4.085165874483246650e-06
4.572166804385160432e+00 -3.805919905302746889e-06
6.112245515760935000e+00 1.812926784912354261e-01
6.465391662795151539e+00 1.297191495016142634e-05
6.245854350997132265e+00 1.846831176152491649e-01
6.291889750751831656e+00 1.644757113566356344e-01
6.200919409944000371e+00 1.835979364401581215e-01
6.156470835694729082e+00 1.823474966239569950e-01
6.247146217440747940e+00 1.632963504321761350e-01
6.354804254612654191e+00 -1.473746238638624570e-02
6.158436401475157140e+00 1.609794137470228481e-01
6.202668974693623660e+00 1.621322640531562831e-01
6.370536717205408372e+00 5.306964219691552576e-02
6.367245613348490707e+00 5.248963339819782194e-05
6.389602484067218313e+00 9.596513698286869595e-06
6.308281114936950651e+00 -1.363692775449180071e-02
6.325222412090215407e+00 5.279170658110441533e-02
6.260238037932003508e+00 -1.345005936964818391e-02
6.280668930110230086e+00 5.248274013706421409e-02
6.309788382937842499e+00 -2.635186854571714107e-05
6.214812242468563674e+00 -1.615129504585363293e-02
6.235515309243163884e+00 5.121133668997888272e-02
6.263294140969580148e+00 3.031284799854306114e-02
6.253321863244601708e+00 -1.474497407182415350e-04
6.315636945864810947e+00 1.131006805800021800e-05
6.243428020545951362e+00 2.800812377350568304e-05
4.684838131724922583e+00 1.372324088470937009e-01
4.626763459664793743e+00 -1.495089702285917060e-02
4.688343259185471013e+00 1.231599246527755737e-01
4.644827221113604132e+00 3.891021417211315558e-02
6.068307240462301522e+00 1.798558977011877891e-01
6.114459266300853457e+00 1.598408301752485550e-01
6.070728335113898311e+00 1.587151055140368916e-01
6.190780278988365026e+00 5.106297203059373402e-02
6.197266543371764413e+00 7.722879971004685442e-05
4.599687963348563002e+00 -3.434557119497712427e-06
5.501729732017527574e+00 2.965506868428268161e-01
4.720525538249082942e+00 1.383208786181734651e-01
4.659658950863372340e+00 -1.274322626606372820e-02
4.723355499095401200e+00 1.241118866294217971e-01
4.679191719227856261e+00 3.901661363439393182e-02
4.756255176823879438e+00 1.394609501116568229e-01
4.627984546830534285e+00 -4.423068642110248555e-06
4.694562787296471917e+00 -1.116722064939472750e-02
4.758681571857103165e+00 1.250599686754342854e-01
4.792180058696835054e+00 1.406148798855720583e-01
6.024594648060534574e+00 1.786652835826934571e-01
5.981168267230645874e+00 1.773436932687364742e-01
6.027226997429473876e+00 1.576068109355565072e-01
5.937867794530029997e+00 1.758968144497152497e-01
5.894775903806431572e+00 1.744617817544452942e-01
6.171278702909352099e+00 -1.682355848680747515e-02
5.983984728120571361e+00 1.565029057045112526e-01
5.940969281615291031e+00 1.554084540960453675e-01
6.127537108023773271e+00 -1.676490160652636952e-02
6.146522007680992772e+00 5.076067167923872803e-02
6.141899165136202932e+00 9.359568698352930898e-05
6.172960838087899305e+00 1.021122050960981663e-05
4.657084519317643334e+00 -5.052680161027290826e-06
4.794308960807144082e+00 1.260083679979709936e-01
4.713948005362412097e+00 3.923635588667632318e-02
4.828325625431031831e+00 1.417674542553563066e-01
4.687017459180209400e+00 -4.406743130985300968e-06
4.730175497174220034e+00 -1.033647193566648165e-02
4.830234744877539121e+00 1.269577852786309413e-01
4.864733423166249793e+00 1.429523769733859195e-01
4.749073770400258354e+00 3.950084418190462354e-02
4.866450801379837543e+00 1.279110578499943196e-01
4.766121219803977738e+00 -9.934732701110433536e-03
4.717813997549446192e+00 -3.197447030240822274e-06
4.749501348461538264e+00 -2.416660722520506948e-06
6.102555593313647719e+00 5.041608884077540542e-02
5.851806225491403168e+00 1.730295433486334633e-01
5.898178769794278686e+00 1.543305757067562067e-01
5.681100007633563820e+00 1.671709072539326324e-01
5.809026449014027094e+00 1.715143749143710483e-01
5.766149895256019065e+00 1.701940650471170657e-01
5.723606584921292040e+00 1.686382998678768452e-01
5.855621850061316636e+00 1.532596226467876910e-01
6.083809785967615902e+00 -1.649469550817160568e-02
6.058845419852701752e+00 5.004710502500442360e-02
5.687700155802606794e+00 1.488892652692852536e-01
5.813306269316171004e+00 1.521790062375526775e-01
5.771226437399054277e+00 1.510909315230656580e-01
6.087272568415024843e+00 9.449959526527938779e-05
5.729365776949731703e+00 1.499855530655058444e-01
6.104189774699484872e+00 1.540439725275437690e-05
6.040167161920561689e+00 -1.623154336612616516e-02
5.996745302780865039e+00 -1.592512010874005263e-02
6.015390222378327323e+00 4.967904228561176999e-02
5.953597822901306458e+00 -1.551558297401323464e-02
6.033385250545777012e+00 9.402703349325652112e-05
5.825420374931104206e+00 -1.208282367525809371e-02
5.868044092215567886e+00 -1.398392618677709968e-02
5.910689563862741025e+00 -1.493773018189197173e-02
5.972176561935359729e+00 4.931150319031543661e-02
6.037072251603957440e+00 1.105231106630218933e-05
5.929203297291834041e+00 4.895355165246190882e-02
5.980235970126209111e+00 8.595046017600068713e-05
5.886484894353509745e+00 4.862846348382267314e-02
5.844075995243743549e+00 4.840212143051893234e-02
5.825161916783374139e+00 4.907836578229790385e-05
5.927820362796510700e+00 7.332525718147660211e-05
5.876133928364733805e+00 5.996508297345879150e-05
5.971582552948119904e+00 1.355625859649235766e-05
5.907681374764507609e+00 1.147757926272362911e-05
4.784547122040291534e+00 3.977605371823613595e-02
4.901399195095885730e+00 1.441176591772970750e-01
4.938332892606237756e+00 1.452850857010579422e-01
4.902951636835808813e+00 1.288711911095307416e-01
5.638717325138331127e+00 1.653886395003031362e-01
5.780347432919968220e+00 -7.728410179042151558e-03
5.802330361056675656e+00 4.835469085458200117e-02
5.845342774152587850e+00 1.251809497272214178e-05
4.802255821167198846e+00 -9.711448459757736351e-03
4.782107182671203383e+00 -2.069575441716166158e-06
4.975545327736893064e+00 1.464702607466045747e-01
4.820340758677314597e+00 4.006231361891728071e-02
4.939739871173370211e+00 1.298372979443136177e-01
5.013033057089215205e+00 1.476286344253225913e-01
4.976806681553839873e+00 1.308091087836897592e-01
5.566607668264422770e+00 -7.584292823512471526e-02
5.554410879490057518e+00 1.592710402408876735e-01
5.596379006529931921e+00 1.629129135374632609e-01
5.646274399618294026e+00 1.477967577799384480e-01
5.605100089157964760e+00 1.467096519784039377e-01
5.774908658985040688e+00 -2.671270137839185381e-04
5.768737165815394974e+00 2.007013952951094277e-02
5.761363780807404744e+00 4.656598892949788404e-02
5.014150357353259757e+00 1.317844582993040192e-01
5.050805836169934615e+00 1.487945606466308246e-01
5.051764305709590452e+00 1.327666774109693970e-01
5.088858599624551893e+00 1.499553819406837518e-01
5.089639694450662333e+00 1.337543085081829564e-01
5.127190323930730820e+00 1.510567186763736303e-01
5.204799563996493461e+00 1.531872399308266686e-01
5.165814147752202601e+00 1.521544171713382909e-01
5.244053200190176511e+00 1.541798211389608930e-01
5.127781108660599330e+00 1.347522283680314958e-01
5.283719777810944151e+00 1.550615397081007152e-01
5.323778827244963097e+00 1.557942182663246411e-01
5.364211205881272981e+00 1.562184576083641141e-01
5.731111548348483353e+00 -1.110823866828724790e-02
5.564243719418224821e+00 1.456050766862601598e-01
5.166184596927297257e+00 1.357573071898398598e-01
5.405092986454327786e+00 1.559483519481422720e-01
5.784532124951185850e+00 1.074708259904961672e-05
5.446048213481191169e+00 1.539465317139297740e-01
5.687807940603708090e+00 -1.455171020123238908e-02
5.514742092573925447e+00 1.528297148304051944e-01
5.718419204304720616e+00 4.579124029818136543e-02
5.523993135927058873e+00 1.445562154516550901e-01
5.401639411002196134e+00 1.420618900960844699e-01
5.441628770513612601e+00 1.433882329025993607e-01
5.483972679712596054e+00 1.466321491079778938e-01
5.481656713381403812e+00 1.475302786276957434e-01
5.204836172949903528e+00 1.367758226365704544e-01
5.243728967937262730e+00 1.378023214805826346e-01
5.282861232814077823e+00 1.388310286953906292e-01
5.361823542782382823e+00 1.409381391352403923e-01
4.856438370495492762e+00 4.034435662624966112e-02
4.814697824677467430e+00 1.331806650999775837e-04
5.322225045427445345e+00 1.398733455957369698e-01
4.838920209365010550e+00 -9.689804070793808094e-03
5.725969719550282555e+00 3.982951286912332417e-05
4.892842523166929247e+00 4.062807247894498902e-02
4.875630837690426489e+00 -9.854758225223770110e-03
4.837140924123690233e+00 1.546359202310887510e-05
4.873844264845993202e+00 7.261499635888822319e-05
4.815659965405147958e+00 -1.484746190427577574e-06
5.644475517728991143e+00 -1.704373038222050871e-02
4.929543315849632457e+00 4.091520125331042645e-02
4.912552365125083753e+00 -9.954639252440057942e-03
5.599700271206009106e+00 -1.950378527788691405e-02
5.676680806024467785e+00 4.554185241268415146e-02
5.677279583236264138e+00 8.949654712215258099e-05
4.902968889522177243e+00 5.861938306990983384e-05
4.851484574990750254e+00 4.005626727967810332e-05
4.949784123221547816e+00 -1.010421371944051142e-02
5.635420338486675895e+00 4.523249537871986553e-02
4.987289555847565836e+00 -1.029312605002073722e-02
5.594534057032588770e+00 4.498402917814069146e-02
4.934861718226544625e+00 6.102991215127987710e-05
5.667391454141063711e+00 1.124757156955585795e-05
5.629401018874704121e+00 9.487766682365143789e-05
5.552270283375740689e+00 -1.999764313542834807e-02
4.850184600542309710e+00 -1.742040966123589264e-06
5.506524793024988540e+00 -1.740088736575297682e-02
5.611002753472320137e+00 1.239928929440662784e-05
5.582293423878981642e+00 9.625990859851124939e-05
4.885710963897325065e+00 -1.639234516837758537e-06
5.553924303394355277e+00 4.493675999689523970e-02
4.966532866400962476e+00 4.121048971734624089e-02
5.463101083829169369e+00 -1.520154564620750104e-02
5.535948654630472809e+00 9.816107693041486255e-05
5.513368515816477355e+00 4.512776086830707495e-02
4.922264177326630907e+00 -1.317117333552997045e-06
4.968540078431597173e+00 6.675299719391563128e-05
5.003805468615339258e+00 4.151184360727247502e-02
5.472702298638662199e+00 4.534511510038757853e-02
5.420834885502590517e+00 -1.372269151698800316e-02
5.490365507939273471e+00 9.748630343150443164e-05
5.025071883652659110e+00 -1.050455382582290986e-02
5.432057021778156525e+00 4.534590374688517861e-02
4.959871135483728821e+00 -9.731474645431580389e-07
5.379308266280609097e+00 -1.267257307994597466e-02
5.003541609053911543e+00 7.258394348332493373e-05
5.445542142398033469e+00 9.146464625107028027e-05
5.041358750400161348e+00 4.182476902733995444e-02
5.063127649438505351e+00 -1.075341639727745748e-02
5.391652653679001261e+00 4.513327152875308557e-02
4.998557448998067088e+00 -4.086316582794530101e-07
5.338284353795189396e+00 -1.176951280286985500e-02
5.401472175495411143e+00 7.804723993903849315e-05
5.101459520384391766e+00 -1.102724753714820656e-02
5.351573205556336532e+00 4.483050925679372967e-02
5.079187644461395479e+00 4.213782248757176607e-02
5.358142502204385593e+00 4.935408389587497694e-05
5.297111576153728407e+00 -1.079972900861934752e-02
5.256193770298493995e+00 -1.231816578999180185e-02
5.140066165921414409e+00 -1.135013567725248577e-02
5.311854841635823554e+00 4.454223411816035649e-02
5.217838069464318274e+00 -1.227004133550301315e-02
5.178909510961311469e+00 -1.175266413794800839e-02
5.039624650944105611e+00 7.789049954520954773e-05
5.233347146377886894e+00 4.348331208561381778e-02
5.194347925240804464e+00 4.313046476591620576e-02
5.155678809114082384e+00 4.279318515736600659e-02
5.117294889036059224e+00 4.246273146170430335e-02
5.274080705487986798e+00 -5.867367730125129695e-04
5.272678678871682401e+00 4.409704171914915344e-02
5.315517509539946062e+00 -4.871725001134888470e-05
5.274024684668005669e+00 1.682283312055582111e-02
5.233204076109258196e+00 4.549027802632182697e-05
5.076654810214459523e+00 8.281085499436481904e-05
5.114554318408278455e+00 8.733938505051782252e-05
5.192817239524896600e+00 8.946590402342687574e-05
5.038348927391835375e+00 1.091464334883113036e-07
5.153280226172880951e+00 9.084920905036220952e-05
5.121347171007602839e+00 1.240305720795475963e-06
5.079270658225924606e+00 9.588140983327053668e-07
5.209064027727437818e+00 1.037633280324149816e-06
5.164603793596271863e+00 1.329203256026266568e-06
5.725221060247636551e+00 1.551674003623993139e-05
5.556041362552300633e+00 1.358249566799490079e-05
5.502476291320321344e+00 8.899378237199313222e-06
5.450281092322427412e+00 6.633360520807840549e-06
5.254754304562227141e+00 4.721309346571534455e-07
5.349921166677209960e+00 5.081250609476891236e-06
5.301704025527884667e+00 2.980163827979500891e-06
5.399438130724771412e+00 6.258096261936453525e-06
