-1.368545044674029327e+02 6.752386745305047344e-02
-1.353145773465989237e+02 6.775512520430795882e-02
-1.337856436497066284e+02 6.798781633103492816e-02
-1.322676376419744884e+02 6.822191070692569526e-02
-1.307604939617823447e+02 6.845737632734745504e-02
-1.292641476252410655e+02 6.869417924528765929e-02
1.585978223944860304e+02 7.174793395338241453e-02
-1.277785340310033888e+02 6.893228350704563856e-02
1.571574105624218873e+02 7.220383754525301623e-02
-1.263035889653455683e+02 6.917165108911493832e-02
1.557297855286955439e+02 7.267294762701452526e-02
-1.248392486075152874e+02 6.941224183110814017e-02
-1.233854495353090073e+02 6.965401337343402055e-02
1.543149364538049610e+02 7.315593865399036555e-02
-1.219421287309595812e+02 6.989692108778539081e-02
-1.205092235872566704e+02 7.014091801534691473e-02
1.529128559919864756e+02 7.365353862430885912e-02
-1.190866719139615384e+02 7.038595479772292995e-02
1.515235405666295492e+02 7.416653491508426455e-02
-1.176744119444931727e+02 7.063197961376613265e-02
1.501469906779948644e+02 7.469578097075618706e-02
-1.162723823428887471e+02 7.087893811267675925e-02
-1.148805222110609776e+02 7.112677335021361236e-02
1.487832112479404714e+02 7.524220394512844134e-02
-1.134987710963206382e+02 7.137542572237839944e-02
-1.121270689992089444e+02 7.162483290398320712e-02
1.474322120074106408e+02 7.580681350530556195e-02
-1.107653563815828619e+02 7.187492978479435857e-02
-1.094135741750210968e+02 7.212564840754819018e-02
-1.080716637894926748e+02 7.237691790820743876e-02
-1.067395671223248002e+02 7.262866445720993214e-02
-1.054172265674390019e+02 7.288081120121256418e-02
-1.041045850248816578e+02 7.313327820889699293e-02
1.460940079333996096e+02 7.639071202013698880e-02
1.447686197434353232e+02 7.699510636173154121e-02
1.434560744573515194e+02 7.762132170659312436e-02
1.421564060379730563e+02 7.827081768786658955e-02
1.408696561250737886e+02 7.894520746949718060e-02
1.395958748800769911e+02 7.964628035879789403e-02
1.383351219629770412e+02 8.037602879864207128e-02
1.370874676684627502e+02 8.113668082995328934e-02
1.358529942547512235e+02 8.193073938353856445e-02
1.314524586326000417e+02 4.293221724034667064e-01
1.346317975077809308e+02 8.276103026549939956e-02
1.334239885951784572e+02 8.363076124873533579e-02
1.322296962802569169e+02 8.454359555517020064e-02
1.310490695879553016e+02 8.550374420281559029e-02
1.298822810444212053e+02 8.651608340607105929e-02
1.287295306535345105e+02 8.758630578291529134e-02
1.275910508334743128e+02 8.872111790611832138e-02
1.264671126228522269e+02 8.992850259996726381e-02
1.241808272867662168e+02 4.265784808268021089e-01
1.253580335952072602e+02 9.121807364219212955e-02
1.242641881174084659e+02 9.260156545237298309e-02
1.188786923576231942e+02 -2.809690865113708913e+00
1.188884612899736481e+02 2.966055110160968677e+00
1.231860208970532113e+02 9.409352560420974898e-02
1.221240652663864097e+02 9.571232181183136900e-02
1.210789684986373231e+02 9.748165534739543225e-02
1.200515279525597521e+02 9.943292747416326849e-02
1.178378705166744709e+02 5.016192830363420674e-01
1.190427446443728314e+02 1.016091242189740979e-01
1.180539064613896869e+02 1.040715978818206183e-01
1.170867255228208137e+02 1.069129020214584225e-01
1.161435845860638807e+02 1.102840118313600515e-01
1.152280381336602630e+02 1.144641252470754572e-01
1.142006472998983924e+02 3.505544613559837264e-01
1.143460636804344830e+02 1.202662885531601833e-01
1.135091599596317735e+02 1.292293604365027659e-01
1.117979713245971709e+02 1.885560715961495104e-01
1.122764161631002509e+02 2.330278613919017638e-01
1.127585218863722076e+02 1.561972536926648780e-01
-1.028015859106197496e+02 7.338598241742859407e-02
-1.015081731666198408e+02 7.363883758116539224e-02
-1.002242912711798937e+02 7.389175422371090096e-02
-9.894988524953983244e+01 7.414463959235310930e-02
-9.768490068472799237e+01 7.439739761635300042e-02
-9.642928372866556685e+01 7.464992886571618358e-02
-9.518298111350112833e+01 7.490213051828047142e-02
-9.394594016317945773e+01 7.515389632519271779e-02
-9.271810880521340437e+01 7.540511658515393345e-02
-9.149943558267140986e+01 7.565567811913710694e-02
-9.028986966635012834e+01 7.590546425205522973e-02
-8.908936086711386793e+01 7.615435479860323265e-02
-8.789785964841468058e+01 7.640222605253053911e-02
-8.671531713893234894e+01 7.664895078359927616e-02
-8.554168514535128054e+01 7.689439823842093846e-02
-8.437691616524743665e+01 7.713843414655562059e-02
-8.322096340005420245e+01 7.738092073323203646e-02
-8.207378076808849698e+01 7.762171673891452017e-02
-8.093532291763847297e+01 7.786067744264696389e-02
-7.980554524004558914e+01 7.809765469393840920e-02
1.111064548911470808e+02 1.949523634357618884e-01
1.105842267811416377e+02 -4.121381686484502094e-01
1.105464536375894511e+02 5.091704496122101409e-01
-7.868440388280768616e+01 7.833249695045377270e-02
-7.757185576262192228e+01 7.856504932182621637e-02
1.100883714286103157e+02 2.149051356037227078e-01
1.093233811173549412e+02 1.769323509854335563e-01
1.085920261679723353e+02 1.678958825784448439e-01
-7.646785857840357892e+01 7.879515362143714452e-02
-7.537237082419188994e+01 7.902264842372716536e-02
1.078556059811645014e+02 1.628828070007161677e-01
1.071073535670154797e+02 1.592329432680631707e-01
1.063446494180649466e+02 1.563922056238188640e-01
-7.428535180195537180e+01 7.924736912954571944e-02
1.055632526437747742e+02 1.546586693704848081e-01
1.047436453367548097e+02 1.589590796445899124e-01
1.039147587834843733e+02 -3.094402978824972172e-01
1.039336836206900188e+02 4.141850882830109826e-01
1.033925876186224997e+02 1.913656017745459514e-01
1.025030335316524770e+02 1.534328111175713716e-01
-7.320676163426736593e+01 7.946914803796312210e-02
1.016646677931421152e+02 1.472140337062317061e-01
1.002000230100517086e+02 1.558533819087225991e+00
1.008280444392723609e+02 1.439706638319042109e-01
9.845023516885275683e+01 2.944171618354302300e+00
1.002028767349975169e+02 -7.603085208231730174e-01
9.848765162624228253e+01 -2.285182703757477896e+00
9.998397910885633166e+01 1.419759418713195109e-01
9.912158224523653871e+01 1.412023445205874694e-01
9.617861725535300366e+01 2.661518354337056191e+00
9.617831651800536008e+01 -1.945226505951185070e+00
9.816032057294852109e+01 2.004856432579796843e-01
9.785742909431287728e+01 -1.960932553230145814e-01
9.764054623401942479e+01 2.752247426882837300e-01
9.667973342581464635e+01 1.432572561199083050e-01
9.578956484882682787e+01 1.355973957321192358e-01
9.310222103177946451e+01 4.341272688937734436e+00
9.490790527193799164e+01 1.338413580134213132e-01
9.459598835163798469e+01 4.599429775448913293e-01
9.401789225068951339e+01 1.296076380243549320e-01
9.312553155074446920e+01 5.306345486123766886e-01
9.309622071871618232e+01 1.364834107012912467e-01
9.233140910316326710e+01 3.403441637430001387e-01
9.238675168807894522e+01 -2.159066346433479722e-01
9.054597581487186631e+01 1.291753294550519182e-01
8.891945456990728758e+01 -3.828330489550670346e-01
8.872702402900813468e+01 1.245187504558905589e-01
8.963901411780709338e+01 1.270841020056155402e-01
9.146822798048279424e+01 1.375630676596919788e-01
9.154340062763533581e+01 6.580677771541536270e-02
-7.213656127678142127e+01 7.968781442557766603e-02
-7.107471253053550697e+01 7.990319463231526642e-02
-7.002117805400264672e+01 8.011511215523912932e-02
-6.897592137488169328e+01 8.032338774835055817e-02
-6.793890690159724954e+01 8.052783953096497027e-02
-6.691009993446316173e+01 8.072828310123242312e-02
-6.588946667648389166e+01 8.092453165809034010e-02
-6.487697424376636945e+01 8.111639612934758159e-02
-6.387259067549197056e+01 8.130368530650307346e-02
-6.287628494343650232e+01 8.148620598628120160e-02
-6.188802696098589706e+01 8.166376311830442214e-02
-6.090778759162189004e+01 8.183615995896080519e-02
-5.993553865685252191e+01 8.200319823136932584e-02
-5.897125294353896408e+01 8.216467829107981791e-02
-5.801490421059237690e+01 8.232039929696588487e-02
-5.706646719501566878e+01 8.247015938751825481e-02
8.803397733210489662e+01 4.116566432679272580e+00
-5.612591761724124950e+01 8.261375586232863610e-02
-5.519323218575657819e+01 8.275098536776484548e-02
8.825548084886716538e+01 2.120550952698613933e+00
-5.426838860095917738e+01 8.288164408720528897e-02
8.773510859515390337e+01 1.609639556632788127e-01
8.743607882059288272e+01 -7.963570256460747454e-02
8.707021479631021066e+01 1.688109673015228962e-01
-5.335136555823925875e+01 8.300552793525309281e-02
8.608721229350177850e+01 1.213363068104095221e-01
8.560413655933120936e+01 -9.825599135157077058e-01
-5.244214275023000482e+01 8.312243275598751868e-02
8.315196548778446584e+01 3.935461557218071338e+00
8.603618755937137053e+01 3.829136480601876003e-02
8.516284564088759623e+01 1.183615634997365745e-01
8.423828685541175787e+01 1.166767332478663294e-01
-5.154070086822629548e+01 8.323215452413998405e-02
8.320169315938095167e+01 2.617327643142097759e+00
8.326246914300648427e+01 1.340024727255184067e-01
-5.064702160272168641e+01 8.333448954946849618e-02
8.286974805114724063e+01 -5.188926712090118770e-02
8.253835593733295184e+01 1.560087661153810035e-01
8.155692967184809561e+01 1.157426698261765363e-01
8.054939829007841468e+01 -1.002056739553931042e+00
8.062624091079695177e+01 1.117955782245134422e-01
8.093688999228405123e+01 2.463255400767506986e-02
7.831975207813950135e+01 3.708284034797657558e+00
7.969180597614968065e+01 1.115031454235124730e-01
7.839444923778542318e+01 2.428768371470340970e+00
7.875884618736994014e+01 2.471726219210725606e-01
7.874440966470089620e+01 -1.351522052189271517e-01
7.792869417459741044e+01 1.155145019945253843e-01
7.698947879608505218e+01 1.085928672776726167e-01
7.393030673212351189e+01 3.510159222706981552e+00
7.595851556284966932e+01 -9.565067449151553047e-01
7.605187042847634871e+01 1.051987689919153951e-01
7.632910397933372337e+01 2.222324190305859440e-02
7.506561606979691703e+01 1.622290987023825015e-01
7.401618121382895765e+01 2.261917500162405226e+00
7.494138309580631585e+01 -5.653155466117546629e-02
7.428353531689366207e+01 1.126432678865598169e-01
7.333897125936606187e+01 1.034177650250918401e-01
7.240756902710585052e+01 1.014830605962907112e-01
6.993688340335313569e+01 3.322870638228887952e+00
7.178249682073456484e+01 -9.086128570546856409e-01
7.049412356676897673e+01 2.206696052866391478e-02
7.062336833517721857e+01 1.049482786333678641e-01
7.144617571465113315e+01 1.901652492483717760e-01
7.139973060212351186e+01 -8.576715385713287731e-02
7.002633525601376618e+01 2.118500529013138234e+00
7.213695778658157565e+01 2.191435392125246767e-02
6.969175485153888872e+01 9.864786846351017435e-02
6.876032257875826303e+01 9.791002122698554133e-02
6.797421256035542569e+01 -8.659054635380107889e-01
6.793432372350680737e+01 1.577765706618144415e-01
6.831468796868058746e+01 2.171012395565225309e-02
-4.976108764304682808e+01 8.342923468420976318e-02
-4.888288267607821780e+01 8.351618753248381266e-02
-4.801239138399211726e+01 8.359514666221305734e-02
-4.714959944103899403e+01 8.366591181832913615e-02
-4.629449350931877660e+01 8.372828413795609104e-02
-4.544706123351850380e+01 8.378206636626267523e-02
-4.460729123460508561e+01 8.382706307336626472e-02
-4.377517310244802218e+01 8.386308087215806062e-02
-4.295069738733860731e+01 8.388992863548391798e-02
-4.213385559040285244e+01 8.390741771423931850e-02
-4.132464015286878833e+01 8.391536215463034354e-02
-4.052304444418881957e+01 8.391357891553107018e-02
-3.972906274897682266e+01 8.390188808430923406e-02
-3.894269025275627172e+01 8.388011309269961802e-02
-3.816392302650006485e+01 8.384808093055617917e-02
-3.739275800993217302e+01 8.380562235981116326e-02
-3.662919299358568281e+01 8.375257212512932092e-02
-3.587322659959643545e+01 8.368876916462343607e-02
-3.512485826121229593e+01 8.361405681836743542e-02
6.629033635594957730e+01 3.143961538504702613e+00
6.804423919400785792e+01 -5.557787338248506431e-02
6.697930992673214234e+01 9.601635247732617784e-02
6.687123405899811246e+01 -9.070900042966015958e-03
6.638294571797023025e+01 1.994610500109782247e+00
-3.438408820099929386e+01 8.352828303465735515e-02
6.605730082074606457e+01 9.404498769205996145e-02
-3.365091740773863194e+01 8.343130057538290789e-02
6.512538841700703074e+01 1.729793548407106418e-01
6.510000670258102673e+01 -7.532610842580092503e-02
6.481882863457553867e+01 2.113448846024352026e-02
6.449100016337561669e+01 -8.208736172213201288e-01
6.427745571486981646e+01 9.446646440481958062e-02
6.294887582383396563e+01 2.976404908271862659e+00
6.304357759715845333e+01 1.883906805022437014e+00
6.336131521784945875e+01 9.109965546604363584e-02
6.241445198803805994e+01 1.236123389802115669e-01
6.129424604715821800e+01 -7.781460298374400786e-01
6.226725720387637608e+01 1.310072192403887933e-02
6.230791766530141018e+01 -2.950468702943319713e-02
6.161207095700385850e+01 2.057337929823109882e-02
6.158873830103181035e+01 9.130802048470285093e-02
5.987861136956912844e+01 2.820005164741944181e+00
6.068137598442641689e+01 8.809817385130198908e-02
5.997428639609019285e+01 1.784872584588375277e+00
5.969373195118493669e+01 -4.291390164777132699e-02
5.975188054645920488e+01 1.346697869979853190e-01
5.892158020503367055e+01 8.695043424225289141e-02
5.705106960767293600e+01 2.674405592947027177e+00
5.865732231883550440e+01 2.034430616693019486e-02
5.835482654419956816e+01 -7.356608223167234728e-01
5.816972446368036742e+01 -6.682537029183623911e-01
5.805291916612915060e+01 9.479060191268809943e-01
5.714405578484762316e+01 1.696581027679831877e+00
5.802294990652728757e+01 8.508346653080318955e-02
5.716936799720782858e+01 1.427172187692481720e-01
5.443836850174882613e+01 2.536961573718591101e+00
5.720686936043190229e+01 -5.333355679881911227e-02
5.453155137089974858e+01 1.616112083561144441e+00
5.627849579145694747e+01 8.297210875070090697e-02
5.563779792958156634e+01 -6.990783113098457680e-01
5.593237875334577325e+01 2.031822935013360629e-02
5.454848438324910376e+01 8.518797285745494108e-02
5.366549240320232883e+01 7.941369018916040468e-02
5.341171452370854666e+01 1.978955530627027337e-02
5.538703717608461830e+01 8.340575549527222410e-02
5.568882479107713834e+01 -2.884360361249369009e-02
5.495284506177754480e+01 2.840919352019091195e-04
5.312770877942875103e+01 -6.614837505025484843e-01
5.281102422802417351e+01 1.300606768665147350e-01
5.282731939237234542e+01 -4.586441922050396580e-02
-3.292534761198164972e+01 8.332296721846900456e-02
-3.220738126025700865e+01 8.320314595946406988e-02
-3.149702148791125822e+01 8.307170520962717242e-02
-3.079427209055835135e+01 8.292851899368189339e-02
-3.009913749413351880e+01 8.277346714391950466e-02
-2.941162272352160301e+01 8.260643549339513614e-02
-2.873173336975219172e+01 8.242731606584015325e-02
-2.805947555573994734e+01 8.223600726450612519e-02
-2.739485590055172892e+01 8.203241405802486064e-02
-2.673788148219094651e+01 8.181644816452854352e-02
-2.608855979887288257e+01 8.158802823300219387e-02
-2.544689872878146986e+01 8.134708002286869521e-02
-2.481290648829191881e+01 8.109353658062123937e-02
-2.418659158863966496e+01 8.082733841489984916e-02
-2.356796279102573521e+01 8.054843366772092284e-02
-2.295702906014918554e+01 8.025677828380102519e-02
5.201833829306853119e+01 2.409601939981725227e+00
5.211112826860082237e+01 1.542072734083458796e+00
5.195236038634506315e+01 7.861373571807546423e-02
5.238475287918190304e+01 -2.864376651231780816e-03
5.080018758659198852e+01 -6.251453553937583729e-01
5.107745002970444403e+01 1.939573829807707955e-02
5.107461877860349375e+01 8.098297493475355158e-02
5.085688330577510641e+01 -8.085882350957696247e-04
4.977306992981993261e+01 2.292018249779002037e+00
4.986272494709444913e+01 1.474199172686389669e+00
5.025437414652722623e+01 7.758209275954641715e-02
4.983485171142528003e+01 -4.651048282624033470e-01
4.992616534410237961e+01 7.614908828129040019e-01
4.939720699652440317e+01 7.574366517468594795e-02
4.768538416238266819e+01 2.180457603297084379e+00
4.863708551286092785e+01 -5.938003075053949198e-01
4.897614426883337302e+01 1.559747526031706258e-03
4.890283399848892287e+01 1.891040850388947189e-02
4.857516381578373199e+01 7.707543009215654661e-02
4.777357974662718476e+01 1.412919484201577314e+00
4.772723714062043143e+01 7.395007498328040607e-02
4.573836556151391619e+01 2.076695239983203045e+00
4.662447032262826241e+01 -5.617455211861559494e-01
4.721829731581942724e+01 8.386300116602691439e-04
4.688230051166411272e+01 2.096397628426257403e-02
4.691139043309197376e+01 7.328549644742066160e-02
4.727958846263629056e+01 -5.601966902119424191e-03
4.582570751938511933e+01 1.354903681124254966e+00
4.607463147565722750e+01 7.234843185603789806e-02
4.392101045649889102e+01 1.981181992445772311e+00
4.556924222724192219e+01 1.084231478448309353e-03
4.526907068846072946e+01 7.288456503113899254e-02
4.499372671356967146e+01 1.862396476247668575e-02
4.474576724661631744e+01 -5.299894048501367916e-01
4.222185123616633717e+01 1.890101505972683338e+00
4.400521075056788334e+01 1.301343525748675845e+00
4.475884168734786073e+01 -1.161041580716814514e-01
4.230413605879283523e+01 1.252327512154868261e+00
4.444209528769792428e+01 6.946689086969724813e-02
4.429653063507372934e+01 4.448628487384101438e-01
4.364618218772813663e+01 7.003173506919870006e-02
4.299030676629408987e+01 -5.049031335905748152e-01
4.134823414076520010e+01 -4.772345096678377585e-01
4.157913581454591423e+01 1.773829033405753541e-02
4.123712088223271621e+01 8.085588385683822876e-02
4.204458175231457062e+01 6.793116716971239755e-02
4.401865753809912007e+01 1.960503557289222740e-03
4.323005205606802548e+01 1.865329102923853760e-02
4.282997974982692568e+01 6.973583636006908115e-02
4.255793146982774289e+01 1.853541358651652430e-03
4.292351714346332869e+01 -2.355226886646330856e-02
-2.235379951614323346e+01 7.995233617726088537e-02
-2.175828338491747971e+01 7.963507939439441741e-02
-2.117048994689372066e+01 7.930498827377331639e-02
-2.059042848412959259e+01 7.896205160234613663e-02
-2.001810822582892868e+01 7.860626676736058582e-02
-1.945353829223604691e+01 7.823763990574293670e-02
-1.889672763692231428e+01 7.785618604509599028e-02
-1.834768498747017063e+01 7.746192924316322448e-02
-1.780641878456945548e+01 7.705490271876160036e-02
-1.727293711954053279e+01 7.663514897732452702e-02
-1.674724767031371897e+01 7.620271992857832744e-02
-1.622935763588694869e+01 7.575767699571267499e-02
-1.571927366931088343e+01 7.530009121642398939e-02
-1.521700180923449963e+01 7.483004333192988522e-02
-1.472254741007675705e+01 7.434762386545579194e-02
4.062819023602553159e+01 1.805108371890827401e+00
4.070958681760787812e+01 1.205398551937790552e+00
4.118239366986957606e+01 -1.052256913323175273e-02
4.046800591146885751e+01 6.573816131534070129e-02
4.083795972722903400e+01 -1.025563153169369371e-02
3.913342219857584325e+01 1.727177134119899593e+00
3.980602710631210783e+01 -4.503488366146332633e-01
4.003120825239921743e+01 1.737718942834231076e-02
3.985195868887386439e+01 -1.298828684689766824e-03
3.969813117942830871e+01 6.878724676445892305e-02
3.921148131175240081e+01 1.162181484308061785e+00
3.944185910465120770e+01 4.519702745182250236e-01
3.891734706236218244e+01 6.429654950482023568e-02
3.917108624817011275e+01 -1.282666267499364965e-01
3.772928595677259267e+01 1.651957480987084281e+00
3.835945283495610880e+01 -4.297738165166591351e-01
3.857587113561480407e+01 1.800515223625440489e-02
3.862247120846249970e+01 1.954326711276206489e-03
3.815823044515197893e+01 6.436791721740249550e-02
3.780541212872341106e+01 1.122026729839363135e+00
3.640582015943733296e+01 1.581552605577187354e+00
3.699929174126442888e+01 -4.063955415725181708e-01
3.720775274062992111e+01 1.821235286490349020e-02
3.740628640754002987e+01 7.632259742114630430e-02
3.744004093535382083e+01 -1.196121934098906200e-02
3.648122763440709093e+01 1.083291127338416482e+00
3.664657188405370647e+01 6.265126631816224367e-02
3.739191114069624433e+01 -4.090373963042810007e-03
3.515920369292566505e+01 1.517465404971171550e+00
3.633375385056136508e+01 1.904483791596698564e-03
3.571477733734717930e+01 -3.830830459868840854e-01
3.523154818065172833e+01 1.047598464224711146e+00
3.398393425957180369e+01 1.454846049437916289e+00
3.592442462202071596e+01 1.687078544385337345e-02
3.590207449609060575e+01 6.123190327406891065e-02
3.575672768328002604e+01 -9.232947949747979943e-02
3.553514626560167500e+01 4.154899545357175761e-01
3.294100090656899482e+01 9.819230032542953790e-01
3.405415040464556142e+01 1.014318403104569999e+00
3.517913182728059240e+01 6.480872737126668059e-02
3.450716048554814819e+01 -3.670515534811155667e-01
3.300990828342354177e+01 5.916185143600775215e-02
3.336666897350612970e+01 -3.470383429595897407e-01
3.470348966357872911e+01 1.719647188769249033e-02
3.372190843054485043e+01 5.805881399229573248e-02
3.526917489021388263e+01 -2.759645572900581382e-03
3.355525678464194783e+01 1.795734254078470288e-02
3.443835033427680514e+01 6.104346757893070602e-02
3.331553157846693836e+01 1.568617143019854871e-03
3.427501489927869471e+01 9.952993674365181141e-04
3.439454728121091875e+01 -9.088395887472806162e-03
-1.423591507088127450e+01 7.385293318867336421e-02
-1.375710856293533624e+01 7.334608156963770553e-02
-1.328613075624115858e+01 7.282718921061227813e-02
-1.282298354493600456e+01 7.229638626123729983e-02
-1.236766777179215993e+01 7.175381281491283181e-02
-1.192018315191837274e+01 7.119961888043709053e-02
-1.148052819584039419e+01 7.063396432559988780e-02
-1.104870013212812196e+01 7.005701879187867243e-02
-1.062469482979815005e+01 6.946896157206905453e-02
-1.020850672074803889e+01 6.886998144427231017e-02
-9.800128722529306557e+00 6.826027645664663190e-02
3.287134721591867503e+01 1.395683026482745559e+00
3.298217387284054780e+01 -5.793121195810897912e-03
3.247109738642310361e+01 1.571033950199053272e-02
3.181860400203667183e+01 1.342404740362230120e+00
3.228594738862620517e+01 -3.269359952028789151e-01
3.240324162555355514e+01 -1.176215169732755614e-03
3.230566958790731746e+01 6.077173462188773662e-02
3.188636180031077672e+01 9.514151362337633921e-01
3.188753654572752794e+01 3.930089038673235113e-01
3.082441157325958869e+01 1.290512693807288613e+00
3.126335664165080175e+01 -3.144978865007328483e-01
3.160305977647553988e+01 5.948598340638564658e-02
3.175449270825291492e+01 -7.615396481485267599e-02
3.154690392550921274e+01 -2.319849526394952496e-03
3.144157374918447090e+01 1.823236158604808060e-02
3.088922875733952012e+01 9.240559757487061265e-01
3.091659087728548272e+01 5.682932661014186704e-02
2.987974362622525248e+01 1.240055687814748842e+00
3.071812448920551120e+01 1.287305667439812493e-03
3.029730366935596919e+01 -2.977364810726285671e-01
2.994367865192250733e+01 8.967829026921696478e-01
3.046871580588728889e+01 1.605208644037824442e-02
3.053615155850587826e+01 -2.628159372653185791e-03
3.023580636935389876e+01 5.656292124730625398e-02
2.992968164905535744e+01 1.391492159784648219e-03
2.898138466931052193e+01 1.193712700474616417e+00
2.956015588829866658e+01 5.023009611715636979e-02
2.655101577272975888e+01 1.068217855346813128e+00
2.904560350158156012e+01 8.704525407637966339e-01
2.937876735094591396e+01 -2.806732478143079690e-01
2.954885683744801028e+01 2.099426155113816306e-02
2.813080796402056194e+01 1.152212766601201643e+00
2.938378057312269931e+01 -7.022605806223290725e-03
2.917768662916355638e+01 1.247449193805096621e-03
2.660967404075280740e+01 8.022694392299299926e-01
2.889952168462239257e+01 5.202578438421428392e-02
2.819167741077509248e+01 8.473222999693732493e-01
2.732246868704462983e+01 1.109254633066122375e+00
2.688982330455853997e+01 -2.427074372335017438e-01
2.861056305054022530e+01 3.492965570870263381e-01
2.850219024420608349e+01 -2.677384420065576087e-01
2.738136194950735103e+01 8.244667368550331332e-01
2.866859806133818367e+01 1.792615481910458247e-02
2.704236755610216036e+01 1.473383623366889342e-02
2.767710463463052051e+01 -2.567229665858361543e-01
2.760048163046589309e+01 5.425698917938880789e-02
2.824799526419682039e+01 5.371427120138910077e-02
2.711746348660483363e+01 6.555627090370856050e-04
2.783350424235003828e+01 1.608970340181781547e-02
2.845961837012242057e+01 1.056743646295974816e-03
2.837416124688808594e+01 -3.785110423613509412e-02
2.777356086881051667e+01 8.015677677543567173e-04
-9.399552161849140219e+00 6.764005364725374225e-02
-9.006766699277356736e+00 6.700952868524256978e-02
-8.621760255806327322e+00 6.636892540577866983e-02
-8.244518942107825765e+00 6.571847520129510400e-02
-7.875026991713864000e+00 6.505841621245032902e-02
-7.513266699902165335e+00 6.438899221413571516e-02
-7.159218371031447425e+00 6.371045104305518569e-02
-6.812860278458337859e+00 6.302304236223488232e-02
-6.474168640787276274e+00 6.232701523098183038e-02
-6.143117591405194311e+00 6.162262345338408165e-02
-5.819678868298802321e+00 6.091020526685819031e-02
2.735418724798297774e+01 -1.441432830289566137e-03
2.696041756529751865e+01 5.450962630328477776e-02
2.581424626502804642e+01 1.031121268138655678e+00
2.587391840768516005e+01 7.807448026753945891e-01
2.613838769876152668e+01 -2.286012391775622266e-01
2.648987883522986664e+01 6.935680394033701991e-04
2.633258560668768666e+01 4.828661339089238003e-02
2.628564300164932632e+01 1.959355465724230139e-02
2.639774679739032592e+01 -3.116385143651500579e-03
2.588899411207864532e+01 7.982582515856190232e-04
2.571188648206775795e+01 4.650855977646090045e-02
2.511581911414166512e+01 9.983872759523715334e-01
2.541867860461692530e+01 -2.203347540365797608e-01
2.558658318086087746e+01 3.396534905945862715e-01
2.517217104605886391e+01 7.622384794744265779e-01
2.556600540493593954e+01 1.746849979117013479e-02
2.552700045955191044e+01 -3.469498984791968138e-02
2.531327153506362393e+01 8.465566051054005097e-04
2.510624073586643235e+01 5.007347161280626541e-02
2.444975114104845559e+01 9.629972972862191893e-01
2.487796970534667551e+01 1.642794974286486409e-02
2.450406614559292606e+01 7.435923434809967869e-01
2.474027303256388421e+01 -2.111091067331258841e-01
2.381170134656411719e+01 9.288913329661446783e-01
2.476136534518024135e+01 8.747177840991099754e-04
2.450278341392012393e+01 5.069094543121149821e-02
2.468677929498977619e+01 -1.945130049434378242e-03
2.386578961161042400e+01 7.254864979214736831e-01
2.261574601418200459e+01 8.714336484624372048e-01
2.320001171120173211e+01 8.970592571201305709e-01
2.409054649537666037e+01 -1.996479969089191564e-01
2.422326077626268415e+01 1.561577914082166833e-02
2.423194923333651829e+01 8.443924519491092292e-04
2.325570378460336229e+01 7.079592009306019396e-01
2.267117490126259582e+01 6.918594170176838309e-01
2.390924521847769313e+01 5.041540149831254258e-02
2.346870723725572816e+01 -1.882020934522724842e-01
2.287035122048113323e+01 -1.779898219556016181e-01
2.277418559266808629e+01 3.129640105553974649e-01
2.359797486933339172e+01 1.515482699609625901e-02
2.388084378963717569e+01 -5.059580107600373210e-04
2.275619912152631841e+01 4.326871556336134295e-02
2.332439470570649220e+01 4.941819622684621299e-02
2.372384957727352273e+01 7.839584799782382167e-04
2.300091291385270864e+01 1.575852991708210499e-02
2.276566589919348260e+01 -1.587063303460397971e-03
2.323615204451412808e+01 4.118336849403909298e-04
2.311589121220424303e+01 -9.434801866736624784e-03
-5.503819219663774298e+00 6.019076440340778711e-02
-5.195484083669509090e+00 5.946918251948472844e-02
-4.894517682039263740e+00 5.876760753610351523e-02
-4.600372854369383369e+00 5.816270823995894901e-02
-4.311426482500858803e+00 5.783111848046136594e-02
-4.024270138752687132e+00 5.798798500700678982e-02
-3.734322087683076496e+00 5.866974792347640077e-02
-3.437924050631004036e+00 5.966840901171917289e-02
-3.133606548978733031e+00 6.074050436124901059e-02
1.935302271707982913e-01 6.714263729670298664e-02
2.206162093427055382e+01 8.436690173658105696e-01
2.211364211761516430e+01 6.772790519348267368e-01
2.230284809155356385e+01 -1.742499500448894123e-01
2.242765122592942006e+01 1.600261349763231963e-02
2.242166177968438490e+01 -8.192205534248474599e-03
2.231453067814359059e+01 4.369743093590069114e-04
2.219532953159653488e+01 4.835323231871758304e-02
2.152853880160195743e+01 8.148796884941722496e-01
2.157977028928504737e+01 6.625431751510326706e-01
2.187921961198200904e+01 1.524934905394455600e-02
2.188126116594242987e+01 6.056882126305463679e-04
2.176093307863204984e+01 -1.654365001360450782e-01
2.163946364464717576e+01 4.845608747291167695e-02
2.173288648652743049e+01 -3.043820549792617173e-04
2.101631151341224779e+01 7.873444202761253896e-01
2.106824164831521173e+01 6.484073390670194170e-01
2.146418344505158515e+01 6.043671180252452530e-04
2.135489927625826212e+01 1.493648436311720805e-02
2.124062583694333739e+01 -1.564977155456826752e-01
2.052311461329908937e+01 7.615106585321052002e-01
1.916992454153263736e+01 6.970147303286020612e-01
2.057792236616890236e+01 6.347083656550328579e-01
2.109367065427093024e+01 4.873633864509655661e-02
2.005007252369593829e+01 7.424018374762493266e-01
2.085248479323403359e+01 1.485490946427098918e-02
2.106279476063554768e+01 -3.100230195085118675e-04
2.107972130757997320e+01 -3.082666567980933085e-04
1.960259468636279578e+01 7.207889953813236827e-01
2.074109018631300572e+01 -1.475570729948355586e-01
2.010674830403223012e+01 6.216578981104914359e-01
1.965556180613119608e+01 6.104026995362447083e-01
1.936089645878475096e+01 -1.313958275854568702e-01
2.067447752063794297e+01 3.916050331697795337e-04
2.055840502407781756e+01 4.559631649701682138e-02
2.015853348670760781e+01 3.008900183793823402e-01
1.946190235743591757e+01 1.652867070542237554e-02
2.025884239318138214e+01 -1.398426695170863487e-01
1.952892067387590913e+01 4.517603428780814223e-02
1.979985646019859402e+01 -1.377711313754334532e-01
2.037115317730831165e+01 1.576807485433533509e-02
2.004234881606299368e+01 3.821462980915945468e-02
2.045721795790792541e+01 -6.583178981123700806e-03
2.030175855120814887e+01 5.321804211405631140e-04
1.959448931476312339e+01 1.182065348830990480e-04
1.990694203898638293e+01 1.667235520928374293e-02
1.994242082750318446e+01 4.145003642422502859e-04
1.988301168723138801e+01 -5.922801010622079712e-03
-2.821561994706692111e+00 6.175417391457234395e-02
-2.502663218678310653e+00 6.267025156898785310e-02
-2.177900875382702051e+00 6.348934303659117817e-02
-1.848189086082031141e+00 6.422188343409164502e-02
-1.514338046156317619e+00 6.487809920425668953e-02
-1.177065410766956255e+00 6.546569239416781538e-02
-8.370272009807695479e-01 6.598770351777527576e-02
-4.948433471593426392e-01 6.644525702891512786e-02
-1.511154810795891645e-01 6.683331589194514699e-02
1.922278962424730153e+01 5.990214150370918311e-01
1.925995319587358523e+01 4.497178020592079804e-04
1.931745572465168337e+01 -1.883266540401995210e-04
1.904058427542889120e+01 1.720366383982608119e-02
1.875257729873492352e+01 6.743403119944324509e-01
1.880719223587935218e+01 5.880243378467410187e-01
1.901736104917655013e+01 4.433666845915271160e-02
1.893785258570046182e+01 -1.245685597273329254e-01
1.893690735976404937e+01 2.996359891614929763e-04
1.835006185864327932e+01 6.526258279871024470e-01
1.840804066142528583e+01 5.773757312745207981e-01
1.877852010413737460e+01 2.286637775552258971e-04
1.862878866683725931e+01 1.448922436116063979e-02
1.853082560779193955e+01 -1.174999357525724764e-01
1.862394957349489388e+01 2.336599530046502046e-04
1.852409139924504444e+01 4.582255796375127310e-02
1.796007364761647551e+01 6.330032074893343630e-01
1.802459441573478571e+01 5.665934454187643299e-01
1.832225235274362163e+01 3.904094390527745873e-04
1.823447054592791261e+01 1.433668764690903576e-02
1.826353051605452649e+01 -9.811044392322174415e-04
1.758756095938531416e+01 6.213026161770320854e-01
1.813937099234456340e+01 -1.103817562987665507e-01
1.662872354118559315e+01 5.283306795180087168e-01
1.765421179910710592e+01 5.556491777552415856e-01
1.723409190227765464e+01 6.034880188835086701e-01
1.688975167760007423e+01 5.850001868193387411e-01
1.695748861944704444e+01 5.378998970967128201e-01
1.729877752114543554e+01 5.471649737679273873e-01
1.803658772022910739e+01 4.212416735980816646e-02
1.803046555664352368e+01 -3.171145431186958639e-04
1.773458682079757764e+01 2.921506251422951173e-01
1.680045186794170675e+01 1.455651436149168858e-02
1.785560753081455587e+01 1.495433313143561607e-02
1.776049645783736608e+01 -1.056806677286491747e-01
1.705088741892514292e+01 -9.967432562311175082e-02
1.739910880495832401e+01 -1.042647691846581709e-01
1.774785081355134508e+01 3.393936324350011326e-04
1.757585962591111794e+01 3.711975047877610900e-02
1.710674724711612527e+01 4.265026456911780173e-02
1.748828378566474129e+01 1.589545753586825427e-02
1.777537382308369018e+01 -7.950046315166192298e-03
1.714038831844889188e+01 1.692604297625619272e-02
1.695423720652251021e+01 3.002825093681607918e-04
1.747492797934148712e+01 2.876919720462862572e-04
1.731098629116544174e+01 -1.431301333646131180e-03
1.721008997773516214e+01 2.275478453965308102e-04
5.384364398012748687e-01 6.735693483436384910e-02
8.828461441740422799e-01 6.744366211580350712e-02
1.225849900163924477e+00 6.735701610247450677e-02
1.566288034778241300e+00 6.700374719989747596e-02
1.685948183076277118e+01 1.507469924511827279e-04
1.655672624721363917e+01 5.681348254265993214e-01
1.671548149355492541e+01 -9.352641090784073741e-02
1.665228245232042781e+01 4.444642561266948233e-02
1.670584613077913971e+01 8.534134857745887090e-05
1.631178622628779351e+01 5.186471270351005192e-01
1.647363581012020717e+01 1.409185081910494658e-02
1.623517585903156046e+01 5.524764830538737570e-01
1.639294675066934559e+01 -8.918913034571278320e-02
1.646566246574452208e+01 2.799466287962441781e-04
1.642749987014632040e+01 2.727073660180075318e-04
1.600606623932472417e+01 5.088512828461331239e-01
1.592432004268233747e+01 5.377668212842312556e-01
1.620782051672786039e+01 4.437145951332541888e-02
1.623241879006957333e+01 -4.926928130128825807e-05
1.615724763404886133e+01 1.431918104666599426e-02
1.608045289592987004e+01 -8.581787064315669900e-02
1.571082019361734972e+01 4.987600099437113910e-01
1.601318798770788021e+01 -3.295468509255455804e-04
1.600653091176761222e+01 2.553599159763911774e-04
1.562212406698188261e+01 5.254372697914667656e-01
1.585789177872011635e+01 1.483226396499479766e-02
1.577717544071082933e+01 -8.052930832445820419e-02
1.576806611034599648e+01 3.885034296084782790e-02
1.578713934606858338e+01 -8.219127921694562532e-05
1.542419178960165915e+01 4.894482883286970232e-01
1.533597216683628517e+01 5.192021168948525167e-01
1.549024666694755226e+01 2.837457765336580118e-01
1.548739264532642679e+01 -7.614244908338002604e-02
1.561664425827898661e+01 -3.826285990491601514e-03
1.556499473025318281e+01 1.462124701411272355e-02
1.514919881415427838e+01 4.816171772763351289e-01
1.557450319021121743e+01 2.282812530046625409e-04
1.506141445121649625e+01 5.057865367420459890e-01
1.535797530914556219e+01 3.366839195794039258e-02
1.488358713418338120e+01 4.728406267825719378e-01
1.536784734409934039e+01 -1.623723960497448760e-04
1.479330126402249235e+01 4.930741509093742314e-01
1.528013487421344507e+01 1.465728817152382735e-02
1.520767723922043935e+01 -7.506026989059465249e-02
1.462656927655782368e+01 4.641430260180979817e-01
1.516744627349451946e+01 2.119136866794483446e-04
1.453374886430609969e+01 4.814870520835557444e-01
1.493507865878190444e+01 -7.133981866313610087e-02
1.500864494818216421e+01 1.585204224647208254e-02
1.524025571186352579e+01 -1.537695112733538814e-03
1.467554796104361792e+01 -6.689735598025360608e-02
1.494233820730000417e+01 4.141207985301200573e-02
1.474392861134035293e+01 1.411733688871128628e-02
1.497256452643259728e+01 1.605131087880834538e-05
1.487342059604855571e+01 3.905914912075208946e-05
1.478349199130992631e+01 1.935967729305483761e-04
1.061793477642193295e+01 -5.141512403567227371e-03
1.104107886328757004e+01 3.474126288728722756e-01
1.146091512164434967e+01 3.454592803982907134e-01
1.149733281465885959e+01 3.757505049282023890e-01
1.161860678746356790e+01 -3.797847629978570727e-02
1.437792933323712852e+01 4.556704031358745355e-01
1.459949273962778804e+01 1.086216758400266588e-04
1.453746339232590401e+01 4.405195748067811806e-02
1.161930901833783203e+01 3.660481785393461251e-01
1.165372553635057784e+01 3.664478263149490433e-01
1.428273186102774872e+01 4.706087873967575996e-01
1.448649154804719430e+01 1.333390250108950660e-02
1.442239780200005583e+01 -6.581547691729798533e-02
1.452103321551141235e+01 1.958469184283156939e-04
1.182585184608629447e+01 3.732722748454853079e-01
1.413733983385824722e+01 4.474677126371673919e-01
1.442092098469004924e+01 1.729170102643395608e-04
1.199901652264991370e+01 3.804173413580577701e-01
1.403983623741517306e+01 4.602199028511170242e-01
1.417584107058630494e+01 -6.035097391394836364e-02
1.424325645714917599e+01 1.458374873531425621e-02
1.424706355755616016e+01 1.352394925021388407e-04
1.228540274478867644e+01 3.834317041821144190e-01
1.390448570503317249e+01 4.395466055056603261e-01
1.413971759875330747e+01 4.152550379439663708e-02
1.235920017230440138e+01 3.950215816667101976e-01
1.380440221477585716e+01 4.501469427290301084e-01
1.418224306625185882e+01 1.975701986010261078e-04
1.248468713791714713e+01 -3.982822346137471214e-02
1.246658734380010891e+01 3.895096902425385643e-01
1.400376614210249571e+01 1.252035767269409766e-02
1.407819151605310637e+01 1.253930734593495079e-04
1.394240392520921112e+01 -5.874879062716862471e-02
1.367913190330034290e+01 4.320322581279684160e-01
1.253186139705492153e+01 1.168304505843219612e-02
1.357480705408003807e+01 4.409889213139302488e-01
1.265339661037990737e+01 3.958367551683514285e-01
1.391368455014780814e+01 1.562655373205528201e-04
1.274114958795950336e+01 4.106628289718933789e-01
1.346163185903486692e+01 4.248525925765591627e-01
1.385627406357744107e+01 -1.670259701735605010e-04
1.335499894236848206e+01 4.386922478518480162e-01
1.371077080279824933e+01 -5.899295500092759104e-02
1.377101932321084909e+01 1.967019596248885047e-02
1.375492497841442230e+01 3.402599582405952533e-02
1.325023798486364512e+01 4.162657198170489625e-01
1.314667957211156768e+01 4.288702748123518482e-01
1.294099347335880346e+01 4.192422901419283199e-01
1.284605119210000268e+01 4.023898399144142934e-01
1.304483111334936041e+01 4.091667290654768530e-01
1.375372127171363168e+01 -5.115881715724047432e-06
1.342155817809975460e+01 2.772757385413218145e-01
1.286890260971236088e+01 -4.464510720544560135e-02
1.349213174019073413e+01 -5.161233692791707822e-02
1.359807279818847903e+01 1.478266327596494635e-04
1.355133167547396766e+01 1.304512833853600784e-02
1.306783198121632239e+01 -4.542249632930190489e-02
1.354327297869046376e+01 -1.925717548377436743e-03
1.327943137178705513e+01 -5.066809594453318411e-02
1.338582259560715038e+01 2.901006033687565308e-02
1.291993483219074257e+01 1.261993351157059823e-02
1.333464400429159546e+01 1.192492243435317595e-02
1.312431077822866143e+01 1.504577213812611711e-02
1.302708745019556069e+01 3.834549532504596958e-02
1.344640648627219193e+01 1.107800806617016356e-04
1.329896692688017801e+01 1.253178094522411357e-04
1.301515359400007732e+01 -1.581976007951089582e-05
1.287860339212839200e+01 1.216125835426362097e-04
1.295264007516293780e+01 -1.067272535623328428e-05
1.315513493989964111e+01 1.199761998208989948e-04
1.324367965260573143e+01 -1.144801454312837329e-03
1.130887522449861748e+01 -2.011044559446676511e-02
1.178631058808813670e+01 -3.233883038706351909e-02
1.177428044262325280e+01 3.681256869262327647e-01
1.210964752268967892e+01 3.776934575437919106e-01
1.229604793381384731e+01 -3.941741220535684154e-02
1.254729357766707487e+01 4.026680317756617944e-01
1.248912761761729051e+01 1.102093290321751510e-04
1.266951652073739432e+01 -4.181318205452076719e-02
1.266979141033230150e+01 3.920745632283439974e-02
1.261579211998996541e+01 8.389466451338124472e-05
1.272345625228813759e+01 1.556398585617609423e-02
1.274548342914673960e+01 8.337103213397728096e-05
1.267193471028954654e+01 1.520918264470967705e-04
1.048110500939831624e+01 3.345284839109375907e-01
1.101442989019524887e+01 3.354780635993132032e-01
1.130521164463876360e+01 3.439223250251163821e-01
1.217655835248564422e+01 3.876494792307265680e-01
1.198449778334312121e+01 1.659145812136324921e-02
1.198175029329438246e+01 3.584143175427453865e-02
1.212387078757127234e+01 -3.558636354713151650e-02
1.212715365219845154e+01 9.644578085442513530e-05
1.232256224274670942e+01 3.713892980896592311e-02
1.216669933132861203e+01 1.046637883053806901e-02
1.224499854415362599e+01 9.324758165723445920e-05
1.234444568691217015e+01 1.739366945964258143e-02
1.236556724765601345e+01 5.665328433265089705e-05
1.214044559376171328e+01 1.312042137285897574e-04
1.240137244774416736e+01 1.971803371500908378e-04
1.902493571691816321e+00 6.622813847191180714e-02
9.880499536540444439e+00 2.772177761097530668e-01
1.048108951639896880e+01 3.091654314218154065e-01
1.061054714753354311e+01 3.166513781493912050e-01
1.074190047675003612e+01 3.242777803363167122e-01
1.119120741516688966e+01 3.537780675347779735e-01
1.134538586929291881e+01 3.619123453775792143e-01
1.193918423416820218e+01 3.724364333914237379e-01
1.163570940440869173e+01 2.638088309901335735e-02
1.168188157691232121e+01 7.534531486652618071e-05
1.194471789458732047e+01 -3.814482197379090445e-02
1.178953200128722045e+01 9.320842815721483443e-05
1.182318130796950406e+01 8.205203647973342840e-03
1.189959136928532679e+01 8.699241447552772104e-05
1.201206419466832820e+01 5.902879291624278744e-05
1.188859324912004034e+01 -2.338958204540514277e-04
2.231989318791124610e+00 6.472387811970950477e-02
1.011063532776603680e+01 -2.534936754109261281e-02
1.022687633536687102e+01 3.297552763024660938e-01
1.035232021087855081e+01 3.321216959537177105e-01
1.116429342146499515e+01 -1.930168319121805184e-02
1.127295678110030686e+01 -1.972398583620738017e-05
1.152958306279922063e+01 2.659968463393667659e-01
1.137209984969071108e+01 7.258860018562180013e-05
1.146961886242348072e+01 -2.335176596931995072e-02
1.150131817395346800e+01 8.725615881212013883e-03
1.141239943282499780e+01 -7.355282369370694066e-04
1.165188852786399032e+01 1.638954758490182920e-02
1.157654490423680649e+01 6.668014057297921989e-05
1.147328228586681043e+01 8.741734773898552204e-05
1.164516546293172716e+01 -1.042263351493339513e-03
2.550571037618825088e+00 6.187991133388856535e-02
1.062542863447134778e+01 -9.609751833860136506e-06
1.075195194986413760e+01 3.382681448404011859e-01
1.087607158055901913e+01 3.304791894223917947e-01
1.089465465228832208e+01 3.421007731044514166e-01
1.115742015223572103e+01 3.399660389434681074e-01
1.101867976669102411e+01 -1.378096246869363502e-02
1.098608330592060511e+01 6.287119685107713429e-05
1.108000775424109285e+01 7.392581138469103762e-05
1.128720624203221945e+01 3.436282765693617763e-02
1.134125049399954221e+01 1.266536203865372551e-02
1.117560024908075889e+01 7.874548573561228771e-05
1.118930432081620374e+01 6.774610662608902996e-03
1.118585673523753954e+01 2.062124037475980684e-04
9.553359544833524453e+00 3.035638927801722620e-01
9.663516911802386034e+00 3.065550649937056615e-01
9.876836156430641722e+00 3.401743411973248143e-01
9.984566787719741043e+00 3.291284880679677949e-01
9.993885418127495868e+00 2.847055075188236750e-01
1.061382685155096617e+01 3.362894862955472797e-01
1.061143852684663180e+01 5.391329553795151490e-03
1.074633071745099500e+01 -1.008413284364208240e-02
1.080297554339933441e+01 7.323845599405236489e-05
1.071352995124559904e+01 7.476678135593158448e-05
1.087409510211679908e+01 -1.714962461684997955e-02
1.104140431326206162e+01 8.237168707532884285e-03
1.089058063166736190e+01 4.618036516317819938e-03
1.091981335578146783e+01 4.491060785471552574e-02
1.089381482324667161e+01 7.369759019756003668e-05
1.096665668329971588e+01 7.099756583357679581e-05
2.851420832537591821e+00 5.720425831698600083e-02
9.549323242456745575e+00 2.688987792892084672e-01
1.010431754330482335e+01 3.283312482566264623e-01
1.011093432662398151e+01 2.905654399699666990e-01
1.014461388669201192e+01 4.582601301306534619e-02
1.023111216872618634e+01 2.965511753983214871e-01
1.035448065660942163e+01 3.026267825757917307e-01
1.036818224060643523e+01 6.375740660295191645e-05
1.045284574984408010e+01 6.372868102817098759e-05
1.048263712451079321e+01 -1.727731194935884160e-02
1.053856136985836400e+01 3.795899950248041291e-05
1.053553893660575724e+01 4.567197105914761607e-02
1.075323700987247832e+01 1.281248982392352602e-03
1.055004659368765552e+01 1.085812878914266770e-04
1.075486111564410585e+01 -1.397626081983393556e-04
2.973268024787382391e+00 -1.674207602364792850e-03
3.023571811207826698e+00 4.322107875525407978e-05
3.062822818134844916e+00 3.990827186744618318e-04
1.003896188306154791e+01 6.783091367262332407e-05
1.012004069626870795e+01 4.165219008802355553e-05
1.028455237172645909e+01 6.188923229641199485e-05
1.024498111258409949e+01 -1.343534565857145216e-02
1.020183308908583264e+01 7.961624811849794738e-05
1.047448325875225805e+01 3.006662076462100330e-03
1.022175929767999847e+01 1.546190624533001420e-02
1.016026682201420783e+01 6.546820360848388092e-06
1.036873632011908164e+01 -1.803773403191254177e-02
1.035199974782556431e+01 7.884188532700503861e-05
1.034683687327937918e+01 9.157008083833335574e-03
3.123259636871994704e+00 5.046428628706049746e-02
3.095597513278328439e+00 -2.637482707436345527e-04
3.122921984798742390e+00 -8.614307791048359821e-05
3.148413128142475870e+00 -2.613909486138149777e-05
3.172896726718926086e+00 -1.024736363112102346e-05
3.196774595674310326e+00 -7.127153322267435411e-06
3.220261859608940291e+00 -6.548645670273546050e-06
9.447678123556459084e+00 3.007231753231616733e-01
9.654286544995247965e+00 2.731450665184740889e-01
9.644165310935621349e+00 2.415531999256101750e-02
9.683820380593452626e+00 -1.930712568875080082e-02
9.759020399306519877e+00 2.751335632561222599e-01
9.815604966295447653e+00 2.523964422487056658e-01
9.762601035616263800e+00 3.891448462507985512e-02
9.867258928859579115e+00 1.989611700528615135e-02
9.878982466220513459e+00 6.824193222944438184e-05
9.903760883793138348e+00 -1.623421466781832176e-02
9.958635759808792898e+00 7.998615891309573879e-05
1.002168071188730814e+01 -2.726132631855928204e-02
9.981281756051274101e+00 1.407163947597227932e-02
1.009415309323253851e+01 5.641143418316196291e-03
9.975184168519744432e+00 -4.169665913914363700e-04
3.243476986692853448e+00 -6.333108663085436994e-06
3.266487158057109319e+00 -5.975994394971970978e-06
3.289330972137520792e+00 -5.246048079017779077e-06
3.312030279038055358e+00 -4.109693282570506968e-06
3.334596489784635409e+00 -2.220647135582175015e-06
3.357034952394265304e+00 6.422459072171387483e-07
9.149342169994017837e+00 2.914560760508563830e-01
9.245992054851397413e+00 2.947019202280580230e-01
9.785902763253760739e+00 3.166644881906017228e-01
9.536575982047379441e+00 2.765256566012835523e-02
9.566107198861125482e+00 6.268590595515494384e-05
9.643594513423455084e+00 6.572390149612831079e-05
9.721549571010980273e+00 1.124453738151301784e-05
9.743240805530712478e+00 1.535264134661330250e-02
9.784711417073527429e+00 -1.728756510058849019e-02
9.799986061404670323e+00 5.041176010936148901e-05
9.622267160109270634e+00 -1.239727215634869306e-05
9.795672283034246419e+00 -7.179315736872039647e-04
3.405414430439490214e+00 5.406990289966392277e-02
3.379347495552841085e+00 4.371849545955222619e-06
3.401532836266207838e+00 6.560428261706993659e-06
3.423584458153407617e+00 4.754496381655781661e-06
3.445493754444042267e+00 9.392956551553813797e-07
3.467256114767866215e+00 -1.991661911164411138e-06
3.488867340796927508e+00 -3.738212853748426017e-06
3.510322363746410712e+00 -4.641680446276152613e-06
3.531616077663618292e+00 -5.104563542877000444e-06
3.552743667730820842e+00 -5.316207119053734196e-06
9.345467450440386514e+00 2.977772159569918031e-01
9.247139078388890709e+00 2.569321346064978306e-01
9.446326940460950894e+00 2.647358406299888389e-01
9.345599384140857779e+00 2.607404352826149241e-01
9.229544544140342310e+00 3.181966326146952462e-02
9.266916405362808362e+00 -2.489150765377512106e-02
9.574805203398199183e+00 -1.680288113073348522e-02
9.489057773608445601e+00 5.371505977572265755e-05
9.350798312784494470e+00 4.501656899182136795e-02
9.363768471855705045e+00 -1.699033891943290894e-02
9.469527607202124386e+00 -1.646886021395587915e-02
9.412394299003571163e+00 4.491787012899957755e-05
9.322401760434079421e+00 2.993757226459594148e-02
9.432568080308461944e+00 3.073055917883458013e-02
9.336115606318122317e+00 1.672815961679333723e-05
9.260124428868124369e+00 6.371876346593469370e-05
9.453750981796641639e+00 -7.514356260963390440e-06
9.290508184682328974e+00 6.589827691555699783e-05
3.573700753903876759e+00 -5.340255714848682550e-06
3.594484111463259524e+00 -5.197591619251303869e-06
3.615090850154177637e+00 -5.033128321347060596e-06
3.635519463956622843e+00 -4.724898343808383563e-06
3.655769154895987860e+00 -4.342227463271189351e-06
3.675840070291740869e+00 -3.844208631144025294e-06
3.695734104560855826e+00 -3.297394481676609670e-06
3.766781739013559172e+00 5.972790769314248460e-02
3.715453321157064170e+00 -2.605449841567592470e-06
3.798843381024864740e+00 1.057871369448388221e-01
3.788383374746135512e+00 -3.333007976617438639e-02
3.735001745618512281e+00 -1.865246043240830944e-06
3.754384156354439561e+00 -1.711366409590106097e-06
3.773606238349728415e+00 -2.001832135773597138e-06
9.150950803417909896e+00 2.533160048629830574e-01
9.054561129712082490e+00 2.881900100598747683e-01
9.057098480779563587e+00 2.498515177160386957e-01
8.961977445270314035e+00 2.852021178736326434e-01
9.173942588948312604e+00 -2.372163703139899826e-02
8.965482054009275004e+00 2.465060557304899203e-01
9.184395306688594829e+00 6.347380573013732073e-05
8.871784831694263573e+00 2.822248181919931320e-01
9.133864575660568974e+00 3.399553714867085963e-02
8.875922975511803870e+00 2.432412170746145186e-01
8.783615808408290704e+00 2.793455427306347216e-01
9.132231541249064222e+00 8.760482343016209232e-05
9.108939186308901981e+00 5.722220061540376720e-05
9.080451505477892482e+00 -2.208209468941259301e-02
8.788356588153355631e+00 2.400985776337982158e-01
9.040476720862937299e+00 3.629565517643149053e-02
9.033721247489472361e+00 4.964802895601968684e-05
8.985956932378194040e+00 -1.937598661109622006e-02
8.697279433692903794e+00 2.763939997781487690e-01
8.952208927469621713e+00 4.179815534316765752e-02
8.958717751680758568e+00 3.139546193649116087e-05
8.888947535045026882e+00 -2.511359226765978031e-02
8.807237763833622779e+00 -3.187103982675190683e-02
8.923262597004681496e+00 4.144353692287201796e-02
8.978775334284510024e+00 8.266873756797047334e-05
8.855968392891496066e+00 3.661748126857471142e-02
8.883963496076541233e+00 4.984669290482628622e-05
3.855408787483312949e+00 -9.238179101097923618e-02
3.792675042042769284e+00 -2.612958609294091430e-06
3.811598660106547243e+00 -2.983344963636392829e-06
8.702817688075379365e+00 2.371141771155882427e-01
8.612334747150830694e+00 2.733548150837935009e-01
8.809315637342258754e+00 6.948822633325980153e-05
8.829943405939312484e+00 5.957589912547188888e-05
8.769901624875954482e+00 3.871871260259553832e-02
8.726261146415639658e+00 -3.004116275309535317e-02
8.619257613623506842e+00 2.342358750893898389e-01
8.527849608338652132e+00 2.707124339682185354e-01
8.734852851712162192e+00 6.547885413261962499e-05
8.364552803075889997e+00 3.315753538873202344e-01
8.685004708461352863e+00 4.032406665624092140e-02
8.537621499135175540e+00 2.313976620645278870e-01
8.010259011886301295e+00 2.466777977325934901e-01
8.442445387557551584e+00 2.687459783466166208e-01
8.643298637824189612e+00 -2.676011611931406950e-02
8.010551841122465433e+00 2.144451010181769590e-01
8.660562869638997796e+00 5.440756053042065222e-05
8.685542208909197370e+00 2.943933668253015306e-05
7.994929418365844143e+00 4.921514205288519961e-02
8.457881925186422123e+00 2.285506298869417752e-01
8.030010430399549648e+00 -2.399294581531951492e-02
8.082034967104689827e+00 2.486092725297686656e-01
8.602162937247642915e+00 4.209867048667065986e-02
8.348247546107335992e+00 2.534262237873898260e-01
8.380364453846970818e+00 2.256282797583509525e-01
8.081055860710886662e+00 2.167694940133085557e-01
8.557650967734591774e+00 -2.318388516369335184e-02
8.586438531347853953e+00 4.549116190835169764e-05
8.155906623072059602e+00 2.498660321267512918e-01
8.233618568581448471e+00 2.491833164778372023e-01
8.311586837981261411e+00 2.274525724720149189e-01
8.066443963778407777e+00 4.561219618568364970e-02
8.466200627332865380e+00 -3.586396253955140973e-02
8.295679103372206598e+00 2.272080527857828769e-01
8.072091508252595915e+00 -2.933457414159733315e-05
8.524221763368828420e+00 4.650239852377222732e-02
8.103026501178000274e+00 -1.974005418315648644e-02
8.225851388843889112e+00 2.219610444258560134e-01
8.412928754510183182e+00 -3.996963466495723899e-02
8.512479808694902061e+00 3.131703023898025679e-05
8.495260425683039074e+00 3.545461302111835994e-02
8.545384492600637927e+00 -3.091145220256315116e-05
8.152875763353900851e+00 2.192116183964865350e-01
8.440622388677644139e+00 3.999031959367196215e-02
8.334879336346393330e+00 -2.623572253156819523e-02
8.179314123154586724e+00 -2.068339240758608130e-02
8.438688798751160292e+00 6.482154552608145612e-05
8.363650466851892062e+00 4.334512102204238909e-02
8.255935376417440352e+00 -2.245874946850390935e-02
8.287368543899049200e+00 4.579464108311332576e-02
8.138418850991309128e+00 4.907615419037784921e-02
8.212062937397421436e+00 4.764033346064545926e-02
8.365007307266111525e+00 7.717313577904035612e-05
8.409373198659993776e+00 -1.689546381036497488e-04
8.218149330981011857e+00 7.071634714409716479e-05
8.291494312540180545e+00 7.742515340052098945e-05
8.277493725665824087e+00 -1.549102951071600011e-04
3.871515179815245400e+00 1.463639405428775742e-01
3.830386418791457359e+00 -2.966634755414379185e-06
3.881820812775522267e+00 3.657779489590455568e-02
3.849049368523657311e+00 -3.172400211614599407e-06
3.867598917406106729e+00 -3.048584586723830428e-06
3.909868078973316230e+00 9.916270614891338486e-02
7.940363662157841951e+00 2.442627977265324490e-01
7.999342350341308361e+00 7.246431681862453337e-05
8.076769598926176741e+00 4.174397636601013400e-02
8.144979643646159673e+00 4.305579177297148044e-05
8.149172739289022971e+00 -5.567628108178988990e-05
3.941548805674111033e+00 -8.943123856124836346e-02
3.886048724363974749e+00 -3.551233183784070628e-06
3.919446787024604806e+00 7.443996231903131366e-02
3.949262366972001281e+00 1.310826668002955664e-01
3.935827331548543917e+00 1.099568803769662428e-01
3.904412562913102125e+00 -4.115359203612395444e-06
3.914222000326289308e+00 1.376081225374326976e-03
3.945126568469996542e+00 1.003408629676094260e-01
3.937782828235119936e+00 3.204450158282437511e-02
3.922703814202597616e+00 -4.249418609599405810e-06
3.947764982458059180e+00 -5.744144070470036129e-04
3.972968808085666215e+00 1.096535343940946705e-01
3.972825432839836246e+00 1.043303966483737077e-01
3.940942532090471850e+00 -4.661696036714035434e-06
7.804558274145958485e+00 2.396420542352933059e-01
7.871693323695743594e+00 2.421963232418229972e-01
7.806742213673177666e+00 2.079867939691814882e-01
7.941321077206827894e+00 2.122014190052452787e-01
7.873399172825253700e+00 2.100434666144223306e-01
7.828189354391843935e+00 -2.322200745079130990e-02
7.894879658376387610e+00 -2.414971533724910580e-02
7.962440086526503258e+00 -2.471326180351839097e-02
7.926768778778381375e+00 7.988116790944099299e-05
7.857906782384977085e+00 5.061108034254000604e-02
7.854441695168843829e+00 7.507908300187196755e-05
7.925739515314100814e+00 5.000718501060581744e-02
8.024431099751078378e+00 1.395019314160864851e-05
7.903209437052225006e+00 2.973284597754799599e-05
4.007837157653261428e+00 -3.381422158502671999e-02
3.959144299326290639e+00 -4.466680117531181693e-06
4.005754888797293134e+00 1.133298446580806723e-01
3.989920942311230068e+00 7.746584054187918844e-02
4.002357151494505771e+00 1.045419537738419280e-01
3.978316341867811357e+00 3.541281060886346255e-02
3.976904512378196532e+00 1.725074332447046723e-03
4.034238023584844512e+00 1.160419088046796138e-01
3.977322940995275502e+00 -5.945923597544187381e-06
4.007011375606330361e+00 3.721048876112134640e-02
4.032219600514391544e+00 1.058224962725328594e-01
4.062954701400308899e+00 1.169648620522554944e-01
3.995511476016104790e+00 -3.852370631635857930e-06
4.006564552920237610e+00 -6.093845097086223470e-04
4.026949874126631634e+00 3.620598862229346820e-02
4.013717720356966723e+00 -3.580976990039966259e-06
7.738557619724051762e+00 2.369388551760587824e-01
7.741248633731587780e+00 2.059696117065684673e-01
7.673365139815748748e+00 2.349794954942484582e-01
7.609630080091835502e+00 2.325167627289533578e-01
7.546875509975393470e+00 2.307606196772414853e-01
7.676951804334747109e+00 2.039961082985577989e-01
7.762418487168876169e+00 -2.186345106136221988e-02
7.485332501016071838e+00 2.282001418057935105e-01
7.791369179103221576e+00 5.114575214155270971e-02
7.613768568122149638e+00 2.020590192570863863e-01
7.696885298601531922e+00 -1.954941014958515993e-02
7.782365998051657741e+00 6.361327450082514886e-05
7.710554142443809766e+00 3.221774816768186047e-05
7.785332775732388910e+00 4.486387163337661449e-05
7.726159426443774514e+00 5.172754335161044298e-02
7.628141179982141473e+00 -1.775700652493386947e-02
7.662976938663091708e+00 5.267877612977671375e-02
7.639132118558362272e+00 -6.942100755260853409e-05
4.062396234598590894e+00 1.070358650628597530e-01
4.092871891734678691e+00 1.175763456708954491e-01
4.038842155588285188e+00 -2.505475291145601614e-03
4.055899097240071249e+00 3.803596570304381558e-02
4.031967112263477482e+00 -4.115822427999044638e-06
4.123586160568054382e+00 1.182322730972266284e-01
4.092813910695554114e+00 1.081001002298577485e-01
4.050283058125843993e+00 -3.563977096487593268e-06
4.084743849215748845e+00 3.751543569161186475e-02
4.069810565077578879e+00 -3.265034795208744765e-03
4.100818913137673327e+00 -3.754722810260627090e-03
4.115467404078929192e+00 3.738075905830613721e-02
4.068689770496875191e+00 -4.940095389547306568e-06
4.087208857884848889e+00 -3.966681048190260896e-06
7.069659010871599314e+00 3.653597579976585186e-01
7.551614154827372971e+00 2.001612343445694497e-01
7.130344154507598731e+00 2.093431285254536145e-01
7.490445833949890719e+00 1.983099225039626490e-01
7.424493902927462585e+00 2.263240546883050208e-01
7.670696818418519136e+00 4.690721727826528882e-05
7.631679493061449548e+00 3.791143528070459179e-02
7.142605802358745315e+00 1.882045683427265304e-01
7.364816619640643047e+00 2.238744548155266190e-01
7.188346307376841438e+00 2.147218292709325294e-01
7.598523880556919963e+00 5.021947430612739433e-02
7.430222294317352372e+00 1.965290409613871248e-01
7.305462151248654834e+00 2.210738256801154933e-01
7.562737972763367011e+00 -2.305305435895154201e-02
7.246543890766780294e+00 2.184393250330873559e-01
7.503016204295633429e+00 -2.621750829111177405e-02
7.370973663638059392e+00 1.947929648740526209e-01
7.536417517680765066e+00 5.147016261288143296e-02
7.187053637627736080e+00 5.345944481640766549e-02
7.444388336021861008e+00 -2.743740637413459582e-02
7.567976034746806135e+00 7.047028383922654458e-05
7.312583621388878186e+00 1.930935708640712789e-01
7.210835123211543518e+00 -1.932100797954290974e-02
7.475441360188301410e+00 5.189203801612700395e-02
7.386627188070773009e+00 -2.745174554657739407e-02
7.497085415623333304e+00 8.812143673917624217e-05
7.329495881137477298e+00 -2.632367893231429487e-02
7.415455858438217973e+00 5.216482485769664140e-02
7.271909322252010810e+00 -2.376662033546568173e-02
7.255072601614119598e+00 1.914541023368548645e-01
7.356403678473564689e+00 5.238210516723042220e-02
7.559178275842591610e+00 5.318719204803208346e-05
7.426575879225954857e+00 8.730896079124450895e-05
7.298267962786147756e+00 5.263565738121626925e-02
7.286712534955715803e+00 5.981703727422147662e-05
7.356448144937400180e+00 7.803393627124349406e-05
7.450665934783946120e+00 4.442099979414376043e-05
7.345057145370353702e+00 3.179818704942368232e-05
4.123594562651224038e+00 1.090824149473616222e-01
4.154907737920550126e+00 1.190670776196665337e-01
4.132101058265360116e+00 -4.149628605957580811e-03
4.105869434770339055e+00 -3.579965565710963828e-06
7.198433207235338749e+00 1.898137246317810056e-01
7.217364297841222687e+00 -2.890330913460790050e-05
7.241166265309809447e+00 5.319415163968752719e-02
7.242249498039216249e+00 1.109936875955634124e-05
4.154744339380132878e+00 1.099975581311533057e-01
4.186751982101051262e+00 1.199935878884497431e-01
4.124695224190887188e+00 -4.331583980967295609e-06
4.146452360421853278e+00 3.729939200389759818e-02
4.186266525088415236e+00 1.108862802962543304e-01
4.163777351297168750e+00 -4.589312823589473435e-03
4.143714496171617689e+00 -4.037078149485971705e-06
4.177924322709960059e+00 3.727708749053881138e-02
7.104643231687023608e+00 -6.126711399255967833e-02
7.031913783232857540e+00 1.974696382976488251e-01
7.076234082698723782e+00 2.011278714192460404e-01
7.032346738630705474e+00 1.866732125555788102e-01
7.139934938929608954e+00 -2.547739085008492513e-02
7.087775684025448442e+00 1.869352837259556921e-01
7.129906953318657870e+00 5.179776040848337038e-02
7.180689515468269946e+00 2.784982417009094352e-02
7.148782548097043055e+00 1.512126949042565824e-05
4.219140330055256349e+00 1.209778901736092288e-01
4.162956083877371150e+00 -4.057710040721614601e-06
4.218144526941216554e+00 1.117710950255090679e-01
4.315303050811006180e+00 1.432119621729980585e-01
4.195843642021834796e+00 -5.118361894547387644e-03
4.182445784834540881e+00 -4.400060237016096260e-06
4.252307289454624772e+00 1.219337093324381061e-01
4.250338053880694744e+00 1.126650551571194286e-01
4.209791508667630744e+00 3.733690538041650048e-02
4.202215957104188604e+00 -3.730271946929046253e-06
4.287680463487255622e+00 1.223294887068952230e-01
4.228250798467452221e+00 -5.798642740838259348e-03
4.242088845155242538e+00 3.743373713195945890e-02
4.260899798495020541e+00 -6.698610856401894520e-03
4.282643238444499012e+00 1.135922407805300266e-01
6.873089371092095945e+00 2.038476984043673945e-01
6.981226435844958722e+00 2.022276391413732055e-01
6.926963749240984569e+00 2.039367498316119465e-01
6.977831572277840344e+00 1.842657670702053663e-01
7.065004336214665059e+00 -2.851023969073092010e-02
7.005631868118228134e+00 -2.360333478730728199e-02
6.924532010975791074e+00 1.825155897458596577e-01
7.074471970313667590e+00 5.251339073048493650e-02
4.222296019954869806e+00 -4.805895229831325111e-06
7.080370400983773571e+00 8.940257977614868951e-05
6.965533354453460113e+00 5.340949485641517669e-02
7.019752427896018609e+00 5.308777775201822119e-02
7.142189900947487402e+00 9.470014718877369634e-06
7.012508991731124297e+00 9.469385725686290441e-05
7.044692994586665868e+00 -6.201928464685432391e-06
4.311933554231338839e+00 1.143728164597632713e-01
4.319021701230010279e+00 1.135449189765229266e-01
4.242715563597389661e+00 -4.602471400670695082e-06
4.344741691414002460e+00 1.256725082419960227e-01
4.274850435802857618e+00 3.751491430491824680e-02
4.350400624918480119e+00 1.150000661048123790e-01
4.383914038230315668e+00 1.160019737215779445e-01
4.380837561490555920e+00 1.270581303492282210e-01
4.263508205348576219e+00 -3.982925486293701827e-06
4.293558760690638465e+00 -7.786727013776816725e-03
4.308031421739944022e+00 3.745841691166115761e-02
4.284703526658607764e+00 -5.734853663727819920e-06
4.326010282311294475e+00 -8.731720454372808582e-03
4.341436605643748337e+00 3.724907468253138565e-02
4.306335045600675038e+00 -5.153727613926248735e-06
4.328437582580919596e+00 -4.769962734668567965e-06
6.871814932894669603e+00 1.809509086500722397e-01
6.819802693844661867e+00 2.030521354996383809e-01
6.819658287869526880e+00 1.794838863962785469e-01
6.767331296999345547e+00 2.017454009431505491e-01
6.715415062416908221e+00 2.005532081655770349e-01
6.949376784887230762e+00 -2.123284425534859021e-02
6.664180157362565637e+00 1.992298151709939735e-01
6.768016848673209296e+00 1.780603410409970500e-01
6.716867250366182596e+00 1.766427554599542538e-01
6.911939135964095371e+00 5.348852252995624917e-02
6.894663184470586792e+00 -1.981736783492566226e-02
6.666189942265438262e+00 1.752433734272812182e-01
6.949765787413947571e+00 -1.640315162474578772e-05
6.945183115916718108e+00 9.246168268905294763e-05
6.840854746519538843e+00 -1.850473356040778852e-02
6.859015479989476916e+00 5.344584183762302043e-02
6.679479709984735614e+00 -1.941080750465569785e-02
6.878417725033321162e+00 8.599853532052992777e-05
6.787370668775400517e+00 -1.691480508032406835e-02
6.806751929962548076e+00 5.338065795949901993e-02
6.732140768841223810e+00 -1.594750344531859626e-02
6.812227098463260688e+00 4.968648140232873804e-05
6.755431282474186006e+00 5.343596602443281135e-02
6.704216041656418490e+00 5.193775347813549270e-02
6.857272002703789227e+00 7.845608121519102475e-06
6.728317802625674027e+00 3.223916943888554404e-02
6.746696807460031309e+00 -1.295936098475502032e-04
6.767137113712005103e+00 2.022274400606388419e-05
4.415713598044789912e+00 1.282375676504811934e-01
4.374999146152298124e+00 3.709398593250439607e-02
4.358535958346248407e+00 -9.021150085181547928e-03
4.351040717722035822e+00 -6.752234113240473386e-06
6.613394333960714633e+00 1.979220812285382991e-01
6.615944765204821110e+00 1.738844784241182218e-01
6.653102046293944305e+00 5.199805859093521027e-02
6.681939530819561490e+00 5.046320649105765909e-05
4.417949523467520123e+00 1.169482469668621655e-01
4.450601578549164827e+00 1.294420579761878520e-01
4.452388110976421842e+00 1.178824082894807668e-01
4.422209211793604489e+00 -6.966672180465622508e-06
4.391751849000484320e+00 -8.732807867092115539e-03
4.397893554069375988e+00 -4.873642520736705523e-06
4.408860293651088114e+00 3.708440410708908203e-02
6.415234842971028861e+00 1.917021439304426034e-01
6.464231057074490749e+00 1.932618917771203038e-01
6.467681613951417496e+00 1.699344952241113871e-01
6.513605215981652208e+00 1.949302808064232728e-01
6.563373818081867483e+00 1.963929179660817981e-01
6.630189470962953635e+00 -2.078956940638103032e-02
6.566126602076313823e+00 1.725500818137322423e-01
6.516709105196283325e+00 1.712266464155075552e-01
6.617579901741952320e+00 9.842634403363461129e-05
6.679284149263731152e+00 1.969279179547811509e-05
4.374180333803107779e+00 -5.406318511399100046e-06
4.485696321700893385e+00 1.306647411395146785e-01
4.487196378772314809e+00 1.188197931206740610e-01
4.521076781867276573e+00 1.318588204737247138e-01
4.522367692955830520e+00 1.197634819688533359e-01
4.425821467046478830e+00 -8.337302300912844549e-03
4.460538211240871576e+00 -8.087906137983635543e-03
4.443101482508487798e+00 3.717244977052978211e-02
4.477736005601919089e+00 3.731211771461090398e-02
6.366472893965848812e+00 1.899766245689427369e-01
6.482629022353231463e+00 -1.991821569608175427e-02
6.419029554140506910e+00 1.686632466248896289e-01
6.531646623464206769e+00 -2.036343887525871726e-02
6.580923441617454905e+00 -2.065479948605300833e-02
6.602814072643721666e+00 5.183751687676111525e-02
6.553938811515036988e+00 9.985202075699493754e-05
6.503622919898675470e+00 5.131462809050680446e-02
6.553003629237417194e+00 5.158840892056748562e-02
6.593694880277222836e+00 2.218083128587153017e-05
4.556783281353641968e+00 1.330911041552209628e-01
4.557893311592142283e+00 1.207154395347120601e-01
4.447164498469262206e+00 -5.166392774068738033e-06
4.495726732148783711e+00 -7.998854565402545649e-03
4.592796502701046890e+00 1.342986175034506235e-01
4.512752097753390146e+00 3.747602365057966373e-02
4.593773226905641494e+00 1.216759843120551188e-01
4.472796503280822122e+00 -4.256616418278643437e-06
4.531320326754510575e+00 -8.022120415698321891e-03
4.548141531903895363e+00 3.766015423159113640e-02
4.499137785101079423e+00 -5.267610890741414381e-06
4.526220583284298549e+00 -5.792426100793727505e-06
5.987488279435734917e+00 3.428959030703934707e-01
6.490996723158771076e+00 9.716817945832714764e-05
6.125903400814052269e+00 1.805940973205250322e-01
6.370747420211689160e+00 1.674103399561062688e-01
6.510265789339030107e+00 2.553013659954727734e-05
6.318031677962455461e+00 1.882341222963042071e-01
6.322823382165409178e+00 1.661647975348698181e-01
6.433897054836063667e+00 -1.935723846999994752e-02
6.454645858816759230e+00 5.102812752707305832e-02
6.269548768596547639e+00 1.864611061600102981e-01
6.173569293100658051e+00 1.828989273655142189e-01
6.221470647229939921e+00 1.847281828374514601e-01
6.275236072200758741e+00 1.649205599223839136e-01
6.385504153550344952e+00 -1.846937913828304578e-02
6.406063465059349760e+00 5.075262012236452652e-02
6.337233960662233656e+00 -1.681118710033289998e-02
6.227968459394041645e+00 1.636750438896059090e-01
6.357871814372043850e+00 5.052224677724505286e-02
6.287803158347190724e+00 -1.349329154580514514e-02
6.367287933180043602e+00 7.975465304853172378e-05
6.428776642272064024e+00 1.005852310813156087e-04
6.310183444373215877e+00 5.046530511820922216e-02
6.246828807058910193e+00 -1.636073516430977721e-04
6.428951410455399085e+00 2.136221089344738568e-05
6.306516880000296865e+00 -9.933713555237031591e-07
6.264172832919111755e+00 5.014664099938745401e-02
6.253030213597389420e+00 2.577699220317750464e-02
6.349702476892817415e+00 2.168649993418602092e-05
4.629177591545357018e+00 1.355415492896790142e-01
4.629995871957271802e+00 1.226414480869504331e-01
4.665890580541907084e+00 1.367456179706283137e-01
4.567275303186371538e+00 -8.134017623235609284e-03
4.583895462709119073e+00 3.785416038099265884e-02
4.554084527913824232e+00 -4.021530598212964185e-06
6.180994189692502694e+00 1.624133884175162912e-01
6.232414729032532463e+00 -1.306264354846605087e-02
6.215922497096511457e+00 4.796939427555123314e-02
6.272460743558508689e+00 2.386979471187615194e-05
4.666562824274485877e+00 1.236185543372600587e-01
4.603591513934371271e+00 -8.300569001626139157e-03
4.702957828073966340e+00 1.379716623419204313e-01
4.582762896525564678e+00 -3.664276667572837337e-06
4.620007246325397610e+00 3.806199993846429847e-02
4.640260523563558337e+00 -8.513521404398368547e-03
4.703471547546515197e+00 1.246039783962722414e-01
4.740401343651275745e+00 1.391633355243871439e-01
4.656475215555331282e+00 3.827928326960088751e-02
6.072494939901234901e+00 -5.556575304937151627e-02
6.134325723451848233e+00 1.611788896412899574e-01
4.740713269921236872e+00 1.255982184572311255e-01
6.078850706439764551e+00 1.776198620423319330e-01
4.612290620632953697e+00 -3.482633513711255507e-06
6.087978836068224986e+00 1.599654529957556526e-01
6.032707733658312144e+00 1.731045921070580862e-01
6.181814694229808005e+00 -1.858954011613081492e-02
6.042023838275546233e+00 1.588193884320992233e-01
6.187572098244831231e+00 7.688596780264437386e-05
6.132627991923606636e+00 -2.367418579978452370e-02
6.168669702319258263e+00 4.791431175650013446e-02
5.065982227687444883e+00 2.529940004349763294e-01
4.778189251078224231e+00 1.403445990561790480e-01
4.642700822692430229e+00 -4.657760621513284908e-06
4.677289017626108603e+00 -8.758493185434935643e-03
4.693292820264086451e+00 3.851066557295576565e-02
4.778287151407516475e+00 1.266034343232912418e-01
4.854944574017133085e+00 1.425435790509134992e-01
4.816386056944160110e+00 1.414851255801955199e-01
4.714682497170523234e+00 -9.043246729894252253e-03
4.816185563492136446e+00 1.276194328309102899e-01
4.674027327137245891e+00 -4.710027217007279990e-06
4.706306409806924052e+00 -3.522338668156593323e-06
4.730460170972621725e+00 3.875648049541325496e-02
4.752437246317146702e+00 -9.364805427524287157e-03
4.739571495191800210e+00 -2.893703358173113665e-06
4.767976235570078991e+00 3.901558153871615559e-02
6.197163041064671418e+00 2.238860110953477757e-05
5.990235004131696961e+00 1.683382734433458428e-01
5.725045538953271063e+00 1.699384351815945715e-01
5.996447331207247267e+00 1.581582586829622938e-01
6.122107855536214061e+00 4.770206343859054871e-02
5.950439914550933018e+00 1.679878620000385125e-01
6.078700145168945745e+00 -3.118011420901595915e-02
5.725398761143027926e+00 1.510219606134043380e-01
5.949972685400121364e+00 1.575354477601126346e-01
5.906463134493292522e+00 1.705335288217151024e-01
5.861033603239287793e+00 1.714254452804197526e-01
5.770017212928278738e+00 1.708015189333066952e-01
5.815332315499754934e+00 1.713755631935169055e-01
6.129128891849418892e+00 1.038602405240018233e-04
5.904293252350642618e+00 1.559551262595805787e-01
6.021971969331609387e+00 -2.482334681894165021e-02
6.075947247616603875e+00 4.751961385618549277e-02
5.859168936904653791e+00 1.546244039385467617e-01
5.814334045438642740e+00 1.533883926638765494e-01
5.769748876530337078e+00 1.522000235709566052e-01
6.123789730392539710e+00 2.352475777227557219e-05
6.071520997523895069e+00 1.071989219251949575e-04
5.973195713364109594e+00 -2.064690931395331275e-02
6.030049128604878739e+00 4.747716633559385946e-02
5.878652153329255725e+00 -1.646135423296871819e-02
5.925638190393324400e+00 -1.819677314613168256e-02
6.014726770639578390e+00 1.068406453408710604e-04
5.984259508204541333e+00 4.754056046357479914e-02
6.052274098828906546e+00 1.850727564014409933e-05
5.938524512366197605e+00 4.757028836715693904e-02
5.892937138433684829e+00 4.746687921031088331e-02
5.903621115440542688e+00 9.476790817127513024e-05
5.958757550066077435e+00 1.072328085064446477e-04
5.982599492588069445e+00 1.603876200843631165e-05
5.914703546839110260e+00 1.067962794447176425e-05
4.790546182335199354e+00 -9.732095949227265869e-03
4.854404682796679360e+00 1.286510938276646254e-01
4.893987320587525502e+00 1.434762808112988175e-01
5.636242609664773973e+00 1.678735956078782898e-01
5.680472489691059224e+00 1.690059109931559000e-01
5.831819725927871012e+00 -1.500846470131716494e-02
5.847619676421548895e+00 4.726364854007861216e-02
4.773855915520628379e+00 -2.151011566450667326e-06
4.892937074472486714e+00 1.297028836819479614e-01
4.933444340136323270e+00 1.441437966665457537e-01
4.931774014850953236e+00 1.307903480148496778e-01
5.548655608894081048e+00 1.654617047972910260e-01
5.592281512017947875e+00 1.666575566548996190e-01
5.637420511555176539e+00 1.487206107838119074e-01
5.681286134275168820e+00 1.498636645617665852e-01
5.593792620570283702e+00 1.475916674298987097e-01
5.783733993866631451e+00 -1.471529621129172120e-02
5.802799278715822240e+00 4.713363081305334268e-02
5.795857235417217090e+00 -2.889781137310220064e-04
5.849297485486701476e+00 4.153739925108581091e-05
5.848574975192329717e+00 1.143859594974274336e-05
4.805838282370227255e+00 3.929290426032313460e-02
4.973426185263869925e+00 1.442177653071880783e-01
4.970892947743352330e+00 1.319512935807020115e-01
5.013441137307761863e+00 1.427218887092797095e-01
5.010291706767119102e+00 1.333687186339452269e-01
5.049106408823064385e+00 1.392119273235170596e-01
5.051631128094460799e+00 1.354736925569361983e-01
5.083802252009397726e+00 1.436404098283332598e-01
5.123734840973725113e+00 1.486834864280976998e-01
5.165428860184785087e+00 1.517891816291019325e-01
5.207443516526838678e+00 1.537472357823983782e-01
5.249485915876542563e+00 1.554237178562986599e-01
5.291771695130719877e+00 1.570161102019352606e-01
5.334054264888075991e+00 1.584172487021217601e-01
5.376631812635472407e+00 1.600204913345054936e-01
5.505256797841759031e+00 1.641240507170317608e-01
5.419228724317310508e+00 1.614008833768642015e-01
5.550417692956635562e+00 1.464764229807898055e-01
5.462151778067669383e+00 1.627977236152183260e-01
5.739424484888346001e+00 -1.731590790562800505e-02
5.507299260754733083e+00 1.453712912720643013e-01
5.696017898740076468e+00 -1.678467023556872231e-02
5.464434566409517302e+00 1.442712635339181426e-01
5.421831957086547860e+00 1.431854534830728498e-01
5.758422272210404813e+00 4.609517048421993279e-02
5.778506230325827886e+00 2.272639162272280244e-02
5.743733098451811792e+00 5.729815437921114882e-08
4.808581589642705545e+00 1.812502644565244293e-04
4.809193458756946704e+00 -9.632937829716292172e-07
4.844045885629407522e+00 3.958025779142144290e-02
5.091698621396187008e+00 1.346991031379749237e-01
5.131639896221453334e+00 1.355869098598375677e-01
5.172138115085054721e+00 1.366635078024315830e-01
5.213024335357062888e+00 1.377680684670546940e-01
5.379502946930957208e+00 1.421063659958100855e-01
5.254216691836198549e+00 1.388691267531633189e-01
4.829137989716737245e+00 -1.010627147756704494e-02
5.337450983879189259e+00 1.410317438933027523e-01
5.295684012019295395e+00 1.399638945729677619e-01
5.784144171360471098e+00 1.426232419066724479e-05
4.882611480513030955e+00 3.987540297054976285e-02
4.835606075502512979e+00 1.401469967540021336e-05
4.868086513542486671e+00 -1.064175262619179718e-02
5.713645558660421564e+00 4.566243229660984365e-02
4.921548264777564796e+00 4.017571782231194044e-02
4.845613142572725351e+00 -1.236541257110718417e-06
4.907447991729739556e+00 -1.132898292345620693e-02
5.651941059303964288e+00 -1.605207591236852346e-02
5.721397520855376229e+00 1.339180026203238095e-05
5.607881648125768059e+00 -1.551390846061438851e-02
5.669417938389862854e+00 4.529696250233204019e-02
4.853447808813981190e+00 4.289953172301422149e-05
4.947263806705531231e+00 -1.225746534946127800e-02
4.878648495646600303e+00 4.255374083710706444e-05
5.691871601748173859e+00 9.622907744023165278e-05
5.625507725561736727e+00 4.491154396361083517e-02
4.910406222185017100e+00 6.401736505715017924e-05
5.660313779022222214e+00 6.788192117366577822e-06
5.581878358713735722e+00 4.451729749873484937e-02
5.640956360654114654e+00 1.051960088812962794e-04
4.883150660914072461e+00 -8.034706531883738480e-07
5.600837165314709765e+00 5.437927753576623018e-06
5.564034323835517881e+00 -1.511278398878432988e-02
5.590922775176283999e+00 1.034627334894721288e-04
4.960867330786151719e+00 4.045162385300675456e-02
4.921836734193258067e+00 -2.228356954288818745e-07
4.944853982250761781e+00 7.725350232917540800e-05
5.520467144369392898e+00 -1.475987559179108358e-02
4.987530037103305780e+00 -1.362396059253446860e-02
5.538522812333548373e+00 4.412796835001416007e-02
5.000564365934000222e+00 4.064239923303946539e-02
4.961702684529429419e+00 5.556268992713830901e-07
4.981072596189433987e+00 8.610373038377975490e-05
5.477189105712583661e+00 -1.443040159996195060e-02
5.495435204672649121e+00 4.374475737608077980e-02
5.028175984550209421e+00 -1.581436114572143739e-02
5.452618404979821420e+00 4.337388936829980612e-02
5.068751012116968546e+00 -1.972250601184432142e-02
5.105408745718333918e+00 -2.689023344915407107e-02
5.493432457115011935e+00 9.111826484938094245e-05
5.040578539249986001e+00 4.067341357077613323e-02
5.002778785134449180e+00 1.199332528096475509e-06
5.018638059101725446e+00 9.295829373793742948e-05
5.434237212564000608e+00 -1.408551126154880193e-02
5.486632862773968888e+00 5.263972193679505236e-06
5.135056303677886014e+00 -2.542333100354663908e-02
5.080750279872296993e+00 4.054814057516662601e-02
5.410075253106226612e+00 4.302502662883235518e-02
5.445959969935961098e+00 8.376153019285050613e-05
5.391618674007835565e+00 -1.364825449727587875e-02
5.173557582887699624e+00 -1.890467178094485182e-02
5.057331046424901722e+00 9.773318929493708695e-05
5.045096583678604141e+00 2.154096441167599821e-06
5.120997138253370551e+00 4.043359394037521204e-02
5.431834721060689652e+00 2.979098771163245143e-06
5.367820353054423066e+00 4.272167633778816559e-02
5.161440747648960325e+00 4.046716889803675388e-02
5.349373416434543671e+00 -1.283581304580945839e-02
5.399325529698289827e+00 7.632755499624708270e-05
5.214477360922153970e+00 -1.444792512932420100e-02
5.202272019190361085e+00 4.063427934528619778e-02
5.307257121464078686e+00 -1.087857953652834886e-02
5.243804023394252667e+00 4.107757288026583214e-02
5.088684928670194729e+00 2.331494206792215501e-06
5.325902606896149472e+00 4.252515652614288766e-02
5.284763088293835231e+00 4.247357758027563851e-02
5.257953610952368351e+00 -7.101991649569053267e-03
5.353510914777699803e+00 6.543272075765866821e-05
5.308434469062841998e+00 1.694945710862551090e-05
5.097030919603182220e+00 9.957997892398107783e-05
5.378539182269175711e+00 4.686164701570870436e-06
5.265957398989785432e+00 1.177359010717992857e-02
5.265425781926497351e+00 -9.791082382611595181e-04
5.221708262697333680e+00 6.453925827732223154e-05
5.133574681996385003e+00 1.897022524253630437e-06
5.326717795452840853e+00 5.270463638324168193e-06
5.137670054285709220e+00 9.764607242516163202e-05
5.227372707908529037e+00 1.307442041965820324e-06
5.541751353818564318e+00 9.807848214504097893e-05
5.542955273140224293e+00 7.222776560177186802e-06
5.179218517397227828e+00 9.081236508833168814e-05
5.179794274357689687e+00 1.257379959463652981e-06
5.276339612773988996e+00 5.778614921517694948e-06
